4.017439855003595017e-01
4.486455815302743955e-01
4.907477735100090332e-01
5.292375267198772271e-01
5.649503678701066622e-01
5.984461188920914276e-01
6.302645697701040328e-01
6.605522614299985662e-01
6.895527288019236423e-01
7.174587005061286993e-01
7.444257493988249985e-01
7.705815926880931199e-01
7.960326146854326268e-01
8.208685576016045982e-01
8.451659691413239139e-01
8.689907851093330304e-01
8.924002967990761759e-01
9.154446722625239063e-01
9.381681485053738889e-01
9.606099772006227999e-01
9.828051831867375965e-01
1.004785178919406219e+00
1.026578266769671677e+00
1.048210053058494351e+00
1.069703791956723826e+00
1.091080673166548776e+00
1.112383984140901783e+00
1.133631711664631725e+00
1.154835510012718336e+00
1.176006554723795672e+00
1.197158723236416478e+00
1.218304848188965339e+00
1.239472864637266358e+00
1.260688309115891581e+00
1.281942252706297802e+00
1.303258025065385572e+00
1.324630065931682976e+00
1.346079684498133533e+00
1.367625429847441954e+00
1.389275699418096810e+00
1.411048691949648104e+00
1.432919935318301974e+00
1.454894996802462259e+00
1.476983605718219295e+00
1.499199371072010623e+00
1.521553670721512708e+00
1.544073774667753751e+00
1.566731456957245694e+00
1.589527340775153119e+00
1.612473506215230445e+00
1.635565316783409218e+00
1.658802959755352857e+00
1.682188598165208715e+00
1.705724133697375855e+00
1.729429954212470921e+00
1.753309215378114461e+00
1.777352795090736626e+00
1.801564291632900883e+00
1.825946007695979478e+00
1.850494554136461023e+00
1.875201828550081995e+00
1.900067835267136740e+00
1.925095335549354303e+00
1.950287704759230634e+00
1.975667783468894934e+00
2.001224290070443335e+00
2.026936992139867222e+00
2.052804821518091405e+00
2.078826550149200258e+00
2.105027910526288348e+00
2.131401810122158125e+00
2.157942242610954686e+00
2.184652521460590968e+00
2.211519960026500975e+00
2.238539738257755651e+00
2.265745432134234516e+00
2.293128977487850939e+00
2.320663187775679148e+00
2.348347745361505812e+00
2.376177622325398975e+00
2.404143463205994813e+00
2.432259708985218705e+00
2.460512985940388031e+00
2.488917817313526903e+00
2.517459981105437450e+00
2.546127128014979757e+00
2.574915612826236266e+00
2.603821393015775421e+00
2.632840192727751827e+00
2.661968126669443269e+00
2.691212727135389393e+00
2.720570327271968125e+00
2.750065814101247508e+00
2.779674753872830806e+00
2.809378986867889338e+00
2.839193212716314196e+00
2.869094854774017378e+00
2.899078491404606162e+00
2.929141194537210779e+00
2.959276940164698555e+00
2.989495063726780977e+00
3.019790739846122118e+00
3.050158859679166223e+00
3.080583154068159857e+00
3.111059758213883253e+00
3.141593260769982354e+00
3.172197142188054375e+00
3.202845245708356270e+00
3.233531231949374529e+00
3.264254703385432332e+00
3.295019345573104275e+00
3.325820429613439710e+00
3.356654648217523906e+00
3.387522388694705455e+00
3.418366954011015313e+00
3.449193913558990410e+00
3.479949453422336081e+00
3.510672898290519761e+00
3.541392031794076356e+00
3.572085093942137135e+00
3.602763088840541528e+00
3.633348752945125604e+00
3.663840374076484441e+00
3.694298270396986883e+00
3.724724055067590633e+00
3.755043744214147328e+00
3.785259466503759551e+00
3.815338972212275692e+00
3.845319956336561873e+00
3.875224437099145991e+00
3.905103208946444582e+00
3.934804608913117896e+00
3.964355424618897228e+00
3.993750615499329637e+00
4.022961238553008023e+00
4.052027017306433443e+00
4.080934017379494350e+00
4.109735622055789683e+00
4.138426607456278994e+00
4.166926490493901625e+00
4.195288624527729660e+00
4.223541479627387574e+00
4.251661787911769963e+00
4.279592173633682606e+00
4.307395863822758741e+00
4.334982169210037206e+00
4.362273244226297919e+00
4.389382865208753870e+00
4.416335522793269242e+00
4.443170077817489627e+00
4.469866806108148793e+00
4.496317327833199151e+00
4.522564657805951072e+00
4.548604008922930042e+00
4.574422598326855827e+00
4.600100186711935990e+00
4.625612638292132317e+00
4.650941230499505252e+00
4.676082996783543777e+00
4.700984364469976917e+00
4.725671715415369789e+00
4.750124518945109564e+00
4.774407175800887693e+00
4.798519631440719024e+00
4.822484794630083726e+00
4.846271995610638150e+00
4.869892280389201744e+00
4.893395499891870060e+00
4.916729942402563225e+00
4.939902891647022010e+00
4.962865214247886847e+00
4.985635318964923179e+00
5.008272149855483413e+00
5.030738757608143708e+00
5.053075708869547711e+00
5.075277231887520557e+00
5.097338175293969265e+00
5.119226236975509714e+00
5.140992327738568513e+00
5.162621864115612524e+00
5.184128783118937100e+00
5.205507445858004623e+00
5.226738824386081284e+00
5.247815059740577048e+00
5.268724823833975890e+00
5.289520961310041791e+00
5.310184347899078894e+00
5.330700674906438508e+00
5.351069016517878474e+00
5.371312908979519740e+00
5.391415653492138027e+00
5.411400962736380826e+00
5.431227957337977585e+00
5.450941460197352484e+00
5.470504517703124847e+00
5.489956474546784371e+00
5.509302907513124126e+00
5.528544535532917692e+00
5.547643475801761426e+00
5.566604891517117792e+00
5.585443654062665075e+00
5.604171493141658189e+00
5.622773336237467667e+00
5.641228954470872026e+00
5.659578431322929148e+00
5.677820646652197212e+00
5.695902925343131251e+00
5.713802734493498292e+00
5.731573129993050131e+00
5.749207860474595755e+00
5.766733478155249060e+00
5.784143850257256858e+00
5.801438938293220104e+00
5.818654140742235192e+00
5.835758623509305743e+00
5.852766267696383196e+00
5.869673943658791693e+00
5.886415146262225839e+00
5.903037559341631102e+00
5.919535017701468504e+00
5.935883154302819875e+00
5.952118243518411234e+00
5.968230062008069048e+00
5.984240295987108382e+00
6.000164880690789460e+00
6.015955298098131898e+00
6.031626921824950749e+00
6.047202916330192579e+00
6.062686001842306105e+00
6.078085028260165501e+00
6.093357626380144332e+00
6.108524772398784997e+00
6.123584398073124824e+00
6.138519193558429343e+00
6.153354397092633654e+00
6.168092221406475062e+00
6.182748664199079869e+00
6.197332723561668644e+00
6.211828475985801568e+00
6.226230816462828166e+00
6.240552537880399875e+00
6.254767246489965515e+00
6.268892800159949985e+00
6.282934590203826275e+00
6.296898665802117101e+00
6.310782335237104412e+00
6.324592750745809511e+00
6.338323146219202897e+00
6.351962924737802219e+00
6.365500820254961667e+00
6.378962658665151331e+00
6.392350441901105462e+00
6.405647686861040135e+00
6.418879598530325303e+00
6.432033540740419220e+00
6.445094959921322975e+00
6.458073452865203734e+00
6.470973716883657190e+00
6.483808394661022767e+00
6.496585234380951590e+00
6.509291999820934649e+00
6.521933747350639798e+00
6.534497226840882966e+00
6.546995536234036628e+00
6.559414945832684474e+00
6.571750539597837282e+00
6.584017822522827856e+00
6.596214231618611201e+00
6.608316529971255626e+00
6.620337183312155815e+00
6.632289471945727932e+00
6.644186311307961113e+00
6.656026687346225046e+00
6.667808168520937606e+00
6.679513591530697347e+00
6.691142351569994595e+00
6.702677377955638782e+00
6.714149437681111721e+00
6.725536454076490145e+00
6.736844062402203903e+00
6.748089760863183351e+00
6.759265046200846783e+00
6.770379329678445579e+00
6.781431562978743166e+00
6.792401226875667497e+00
6.803291098314973695e+00
6.814116677125951149e+00
6.824881365218166351e+00
6.835597802649474808e+00
6.846254521608958754e+00
6.856853440016238643e+00
6.867394463179426367e+00
6.877871596429060652e+00
6.888295544315608865e+00
6.898655837418570691e+00
6.908959326291808090e+00
6.919227137751241763e+00
6.929431925704195194e+00
6.939583847874915001e+00
6.949682256375975697e+00
6.959704090683424660e+00
6.969662585186601866e+00
6.979554853930001634e+00
6.989389908291023801e+00
6.999168437298779466e+00
7.008880154188817713e+00
7.018537706560912248e+00
7.028141677266247278e+00
7.037702579698067673e+00
7.047221257047126208e+00
7.056679019127665597e+00
7.066068615499286665e+00
7.075401819559664851e+00
7.084691295885143347e+00
7.093941609173813667e+00
7.103145765289656133e+00
7.112304384840429705e+00
7.121418543721678596e+00
7.130482295745300014e+00
7.139508178431309915e+00
7.148494531510798389e+00
7.157441253389360547e+00
7.166347391333414585e+00
7.175217244565077479e+00
7.184047714115590288e+00
7.192839389918320059e+00
7.201581971202890564e+00
7.210265080909440627e+00
7.218894609030698462e+00
7.227482842200752877e+00
7.236026236176054560e+00
7.244526484629011165e+00
7.252989677380971223e+00
7.261410626043619310e+00
7.269797286303317563e+00
7.278140394937651081e+00
7.286445959062129774e+00
7.294702361399512114e+00
7.302902942158342903e+00
7.311045061533271827e+00
7.319151392708510784e+00
7.327199403859998128e+00
7.335180600555576191e+00
7.343108362348917950e+00
7.350999082502437609e+00
7.358840943107542110e+00
7.366612324069339302e+00
7.374325103855857932e+00
7.381991565070281425e+00
7.389608899448075086e+00
7.397196464249833348e+00
7.404748760924326767e+00
7.412265931373056560e+00
7.419752254068456843e+00
7.427202902752685354e+00
7.434624670257954371e+00
7.442005974080916353e+00
7.449345568663365391e+00
7.456645198859696677e+00
7.463900154425731515e+00
7.471111328106615268e+00
7.478273827254202644e+00
7.485385333916769746e+00
7.492451930585297681e+00
7.499479044364539604e+00
7.506472046734686820e+00
7.513425608412142687e+00
7.520344396712133062e+00
7.527224204388787143e+00
7.534066268304857594e+00
7.540861584454876976e+00
7.547618408261883793e+00
7.554349903659892007e+00
7.561052561793325744e+00
7.567718266934678084e+00
7.574342516725279140e+00
7.580937942726527545e+00
7.587507926828728877e+00
7.594048364810260132e+00
7.600555307072032640e+00
7.607022987942939629e+00
7.613462574468668365e+00
7.619873434304002657e+00
7.626255987690409910e+00
7.632608020111065095e+00
7.638936085522324504e+00
7.645233349454371385e+00
7.651500033328782813e+00
7.657744763699454005e+00
7.663966654696817038e+00
7.670165962473951105e+00
7.676341505101489382e+00
7.682483809055167256e+00
7.688571090481890913e+00
7.694636684504153834e+00
7.700685038064988497e+00
7.706708116820687238e+00
7.712704668102169592e+00
7.718675455347933756e+00
7.724620307480813963e+00
7.730537473734043985e+00
7.736430395072497745e+00
7.742293622278015874e+00
7.748131641937929359e+00
7.753928969200494237e+00
7.759692754970561879e+00
7.765426868755127110e+00
7.771138381477617152e+00
7.776821621029323950e+00
7.782475923905770365e+00
7.788090393680525025e+00
7.793677998994720468e+00
7.799238975341601154e+00
7.804774528841234904e+00
7.810284505619561557e+00
7.815775943154543270e+00
7.821234347613887472e+00
7.826664587111731741e+00
7.832072841283999942e+00
7.837461825280453098e+00
7.842838513354975838e+00
7.848188783209047337e+00
7.853520715148872178e+00
7.858832916022744364e+00
7.864118444224888371e+00
7.869379608903904533e+00
7.874612718267846923e+00
7.879821875751389371e+00
7.885014184945451809e+00
7.890185861707324833e+00
7.895333518809705353e+00
7.900452142636901876e+00
7.905551673168091931e+00
7.910623155133237994e+00
7.915675341360955741e+00
7.920693144695788668e+00
7.925684674743281199e+00
7.930649896155314238e+00
7.935590329730804804e+00
7.940512649694688285e+00
7.945419093658815157e+00
7.950309345907570879e+00
7.955179819353096704e+00
7.960023966356866154e+00
7.964846394519264017e+00
7.969651973252877220e+00
7.974442676451332090e+00
7.979213986373994594e+00
7.983959787494961269e+00
7.988679871787275566e+00
7.993381558651641683e+00
7.998062709338993770e+00
8.002724103606182027e+00
8.007358905918918524e+00
8.011975209010136822e+00
8.016574542808902137e+00
8.021153387572979909e+00
8.025711828892157840e+00
8.030252496690076569e+00
8.034771486973989241e+00
8.039271923860606961e+00
8.043754251066582484e+00
8.048220398719227120e+00
8.052661838777357417e+00
8.057080707943399034e+00
8.061485900757947576e+00
8.065881972873670591e+00
8.070260991329432088e+00
8.074619199622180332e+00
8.078962561540830478e+00
8.083289703271455906e+00
8.087595105777584337e+00
8.091879127367139546e+00
8.096138190831245751e+00
8.100380408067513471e+00
8.104600499115122147e+00
8.108805985685295425e+00
8.112995879488240192e+00
8.117169861759830241e+00
8.121327261207937909e+00
8.125468316433170912e+00
8.129592729548123842e+00
8.133703882273383812e+00
8.137799284581708648e+00
8.141874100707338968e+00
8.145937470838537919e+00
8.149988114500809289e+00
8.154024092475561147e+00
8.158045864984410755e+00
8.162052845883248864e+00
8.166043869439013392e+00
8.170015796117109375e+00
8.173973604946235483e+00
8.177914280378987044e+00
8.181842444083008203e+00
8.185755082519911241e+00
8.189649823051063038e+00
8.193524363587940229e+00
8.197381493525387697e+00
8.201224989119070941e+00
8.205055609535270023e+00
8.208871725865165558e+00
8.212677587634887644e+00
8.216469967601383928e+00
8.220246794370725141e+00
8.224006707296929619e+00
8.227754286832343666e+00
8.231492353519069383e+00
8.235213801715568493e+00
8.238916960730536587e+00
8.242599356874844574e+00
8.246266378308705569e+00
8.249921141900880883e+00
8.253555351872400081e+00
8.257173911390429666e+00
8.260777842661227055e+00
8.264370491639962069e+00
8.267945263544223877e+00
8.271495282200254096e+00
8.275031590141932014e+00
8.278557878412282633e+00
8.282073037229604751e+00
8.285581188791375951e+00
8.289078716382192624e+00
8.292565610701382539e+00
8.296034649918544446e+00
8.299489588505140958e+00
8.302930095125603316e+00
8.306361478703951917e+00
8.309779748069940908e+00
8.313184232279260399e+00
8.316577758517061270e+00
8.319957638093701036e+00
8.323326742666353084e+00
8.326685292734646637e+00
8.330028617571805682e+00
8.333358673484102752e+00
8.336678046245930673e+00
8.339985798255037608e+00
8.343281691599063521e+00
8.346567469059323230e+00
8.349841255543925200e+00
8.353106447139392543e+00
8.356362877300188785e+00
8.359609148138904544e+00
8.362846155969023698e+00
8.366070168586126954e+00
8.369281234724240903e+00
8.372480845162264984e+00
8.375666299502768197e+00
8.378837010426837040e+00
8.381991281962571705e+00
8.385129604052163899e+00
8.388253665005596105e+00
8.391364567490340320e+00
8.394464191917222706e+00
8.397552421852907401e+00
8.400632407636532406e+00
8.403704262081317822e+00
8.406767170785487409e+00
8.409815768873725617e+00
8.412849471565326809e+00
8.415875152549801896e+00
8.418892773628908088e+00
8.421902937504757602e+00
8.424904454979309065e+00
8.427892372707940893e+00
8.430867303811366398e+00
8.433824405535533586e+00
8.436769256679124140e+00
8.439701901627007175e+00
8.442620003416566377e+00
8.445526435399978382e+00
8.448421756488228240e+00
8.451306455267079798e+00
8.454180569612510965e+00
8.457045637877433464e+00
8.459897885170400755e+00
8.462737187451150334e+00
8.465571712237938584e+00
8.468399881990956501e+00
8.471211578665620578e+00
8.474010477519668072e+00
8.476796978830105189e+00
8.479573304843032844e+00
8.482340342587752602e+00
8.485096328955419764e+00
8.487840437288495465e+00
8.490575348598316197e+00
8.493299895474228478e+00
8.496008645285293426e+00
8.498708801250053568e+00
8.501404045760001082e+00
8.504078461254149346e+00
8.506741624982375072e+00
8.509396554422606229e+00
8.512042539279272901e+00
8.514680475008091776e+00
8.517312891395935281e+00
8.519935446592519668e+00
8.522542931745590522e+00
