2.097847758650754901e+00
2.274922846022197298e+00
4.171909089627424905e+00
1.813742637394566160e+01
3.780844756329442724e+00
2.362270595512899263e+01
2.562456001016504104e+01
2.845219827871389029e+01
2.600552214735000334e+01
2.926602947121598675e+01
2.915701416993552542e+01
3.053285997366203119e+01
3.135121523739485383e+01
2.567985997802759002e+01
3.374738126092159973e+01
3.027694261660451502e+01
3.338495139293161884e+01
3.485573046620527293e+01
3.454272979287974010e+01
3.450014233596309055e+01
3.474884724705752603e+01
3.496921725778908296e+01
3.626562532450547849e+01
2.048637026738952827e+01
3.559000039820636374e+01
3.635809062183456319e+01
3.656910138180469261e+01
3.718747942215336622e+01
3.345020383979919387e+01
3.806559489668477880e+01
3.832302785151271252e+01
4.000346778742961362e+01
8.541476017405676302e+00
3.218114480730707783e+01
4.015045258782414805e+01
4.043092895972384326e+01
4.141095131391599438e+01
3.900168576537997467e+01
4.189675387917000648e+01
4.199165010066797521e+01
4.093451131473202054e+01
4.157461469247369479e+01
4.401739970629898835e+01
4.158969120155360599e+01
4.342833410483358847e+01
4.343566107636854667e+01
4.343531734690376567e+01
3.079322405353721948e+01
4.291042123039196099e+01
4.373743116561194455e+01
4.399592447287994901e+01
4.091742206816443428e+01
4.394150687621434059e+01
4.411136476594167277e+01
4.447942302288149818e+01
2.948223809835705467e+01
4.344644950260173744e+01
4.463058386596588889e+01
4.252584698865388191e+01
4.456293996771750443e+01
4.437113200435243954e+01
4.466397267752917344e+01
4.526672921263287463e+01
4.425589307123607341e+01
4.503809608848865054e+01
4.507500164182450675e+01
4.502186504432425096e+01
4.449590119657425191e+01
4.500894752851824876e+01
4.509859634261384542e+01
4.526018661679881205e+01
4.510578734847793214e+01
4.529009910081523316e+01
4.417389569563425766e+01
4.517599038263537636e+01
4.531847131210287927e+01
4.435515742786270010e+01
4.521225335933166178e+01
4.533750812267200558e+01
4.471738584741094513e+01
4.529955885237843205e+01
4.536458090048149216e+01
4.504791080209751186e+01
4.530265543676608075e+01
4.533960459885023653e+01
4.535760511922146065e+01
4.537989174094530398e+01
4.287036954339234995e+01
4.537811263252362437e+01
4.541907431455241806e+01
4.539728514059754616e+01
4.541479429359819164e+01
4.545550333364022322e+01
4.546045154877203487e+01
4.560230416652031238e+01
4.417644610033745067e+01
4.553835301342929398e+01
4.555827645193567577e+01
4.544928555584267826e+01
4.458295577757208861e+01
4.541443363005534195e+01
4.558543662540446917e+01
4.451921471137245589e+01
4.540716938984652273e+01
4.555042989413406929e+01
4.554104929124039813e+01
4.554706732935842695e+01
4.554914449326545878e+01
4.554992722169559016e+01
4.555023161123111919e+01
4.555035141579576674e+01
4.555039879191430430e+01
4.555041756134551889e+01
4.555042500286347718e+01
4.555042795406112077e+01
4.555042912459765603e+01
4.555042958888989091e+01
4.555042977305441099e+01
4.555042984610475543e+01
4.555042987508076635e+01
4.557312262140855808e+01
