3.089612403917868858e-02
6.504821660928024329e-02
7.940933543625573743e-02
8.817575363204707695e-02
9.814548532553311888e-02
1.086692468887057172e-01
1.201774717478772958e-01
1.322415536556633964e-01
1.442275561670103012e-01
1.534886722695599504e-01
1.592447576966403988e-01
1.602369439106067217e-01
1.639322954990708736e-01
1.697794627186920147e-01
1.761761940315297592e-01
1.799342454505251931e-01
1.835660326416340415e-01
1.840825893439550776e-01
1.853285049692831032e-01
1.877848832835812554e-01
1.922870997904025936e-01
1.961005280662090899e-01
2.028793872211809846e-01
2.141416470597872490e-01
2.263484274292212883e-01
2.351657006015296369e-01
2.439230442052973402e-01
2.516129470458113859e-01
2.580849359248935659e-01
2.629735414808951899e-01
2.693469562883408774e-01
2.758641298883964255e-01
2.821716469031521624e-01
2.836320065803865087e-01
2.840895639634236081e-01
2.859970879232245355e-01
2.864256148103199173e-01
2.855480057135020289e-01
2.862087435856404127e-01
2.874936988332482679e-01
2.897258962229437573e-01
2.891083893739610500e-01
2.895510803676447642e-01
2.920431145242183835e-01
2.909005353601778476e-01
2.964405478044634390e-01
2.970781535259525707e-01
2.966400677209224956e-01
3.009175456778332425e-01
3.003110021342496605e-01
3.005468368310390548e-01
3.042129938555965252e-01
3.032706422370241572e-01
3.028609422432056997e-01
3.069764952620683829e-01
3.061223973408862542e-01
3.047148926757290432e-01
3.078645860220862729e-01
3.107487585453384549e-01
3.090917613929377028e-01
3.109644871759003060e-01
3.134527162546184020e-01
3.129759793608493101e-01
3.133328101888974149e-01
3.167677666260689806e-01
3.156638310848254303e-01
3.172442134207499320e-01
3.185820405467928440e-01
3.177044862045378948e-01
3.226004903601390472e-01
3.183774708052837799e-01
3.284826176825502708e-01
3.377512838680423179e-01
3.473464986520183317e-01
3.571212857057826651e-01
3.661832307744741777e-01
3.714531833411655048e-01
3.775961983397948529e-01
3.811532641226982876e-01
3.849055047711672506e-01
3.879429103043062210e-01
3.907279362828413038e-01
3.920591262148389045e-01
3.904911554116661798e-01
3.920634376392614917e-01
3.927640705825665712e-01
3.909534106244192397e-01
3.971814372453902897e-01
4.002590357950128741e-01
3.989585505030060486e-01
3.978174155631764575e-01
3.969485278782496906e-01
3.992546227145031268e-01
4.042521099801115736e-01
4.102219279438181765e-01
4.113498085361936285e-01
4.082636373778928407e-01
4.050819118152311216e-01
4.028014788782414146e-01
4.044763734993931381e-01
4.089638199990766054e-01
4.133677893341438647e-01
4.180629160110691522e-01
4.197781813761208847e-01
4.182871537592128264e-01
4.183717613375642630e-01
4.193470702461319366e-01
4.217692847289165048e-01
4.248570999399738368e-01
4.253905790358202266e-01
4.239745763108075938e-01
4.243554559609948873e-01
4.269572811693402858e-01
4.301618469397207600e-01
4.294467714673899095e-01
4.279920833828543270e-01
4.297466385677951028e-01
4.329432782152588532e-01
4.334301570592100084e-01
4.349035905949860115e-01
4.359430042636136537e-01
4.369682160051500674e-01
4.373447736652585904e-01
4.377345551709919680e-01
4.374480098115685611e-01
4.395547683946364192e-01
4.373047455765944336e-01
4.427317998540276633e-01
4.409024413588837898e-01
4.400224200873635860e-01
4.446071158042311233e-01
4.450482166151993879e-01
4.428380403260672726e-01
4.441067268108067623e-01
4.499159370311385242e-01
4.508138107382043680e-01
4.480489233576259722e-01
4.519017404030567508e-01
4.543532771181928998e-01
4.525980356219399536e-01
4.534826683723047758e-01
4.564470945114189604e-01
4.564639695322481039e-01
4.588660156613228458e-01
4.594568162008031420e-01
4.611525262840415751e-01
4.613297253260547071e-01
4.627579538543482029e-01
4.613683923329474634e-01
4.672340644599276005e-01
4.650514207819012036e-01
4.666060027559925660e-01
4.715918250002161249e-01
4.665509239980322187e-01
4.722215026486893397e-01
4.736576149840453498e-01
4.734599835428568437e-01
4.776445224592200667e-01
4.795551566037670743e-01
4.777582522839130541e-01
4.818650261515752820e-01
4.811498130429154307e-01
4.801198358630259233e-01
4.868126569090338029e-01
4.835995863004522999e-01
4.827367751115311800e-01
4.916728007765446828e-01
4.960874026672231762e-01
4.999479131236551077e-01
5.012124433500808607e-01
5.013358709772256505e-01
5.025825483765772317e-01
5.067287250549307176e-01
5.081795760881726576e-01
5.099976725930885912e-01
5.142590857372304480e-01
5.175350045858978509e-01
5.202910800572978500e-01
5.229629269806412850e-01
5.275583309189723069e-01
5.303642460021755767e-01
5.339156639550477479e-01
5.371945152036520232e-01
5.401518257636805931e-01
5.455462359295470964e-01
5.459548515320172823e-01
5.482110597588898404e-01
5.564832389261581413e-01
5.605385838243599483e-01
5.605679744347586979e-01
5.607973940209658448e-01
5.613594956654895940e-01
5.661299878314149936e-01
5.713099326390141952e-01
5.747431981060870942e-01
5.748034004326258994e-01
5.771106557011181915e-01
5.816889258671469332e-01
5.807656151809800216e-01
5.857358420346822081e-01
5.909664756715744538e-01
5.924509662940246058e-01
5.940304025885662087e-01
5.965079484778617047e-01
5.977749720108658238e-01
5.997343255164168108e-01
6.060145043976544743e-01
6.061727198386813731e-01
6.053541698513786873e-01
6.093342436978707033e-01
6.130105867827267963e-01
6.141149156820064903e-01
6.146272591480301806e-01
6.148012514525856842e-01
6.161575336084762489e-01
6.213189334124387120e-01
6.258048433093408303e-01
6.283295054884956432e-01
6.286226302146824541e-01
6.328105650636935975e-01
6.407882019060903156e-01
6.475114693970582813e-01
6.521131659373379241e-01
6.562017843573717535e-01
6.605091275543214513e-01
6.628203571462019106e-01
6.684544527841997930e-01
6.739421049406111308e-01
6.793359098229643234e-01
6.835343467405374795e-01
6.857423253329560930e-01
6.873187648568591657e-01
6.884505341648253784e-01
6.890970737687918124e-01
6.926734182051366151e-01
6.985748176558590483e-01
7.025120914549606299e-01
7.054482444220498971e-01
7.065955889679406132e-01
7.099647609537974580e-01
7.151991279835103743e-01
7.204354789248506030e-01
7.241337731366224162e-01
7.279235402841409686e-01
7.293933478167099471e-01
7.322078418967520319e-01
7.353468997211679570e-01
7.422949722414979856e-01
7.505033333219131020e-01
7.586642314343357008e-01
7.667797939706298971e-01
7.740744235323805400e-01
7.804173325814951490e-01
7.861357565913706935e-01
7.914260954922718305e-01
7.957811791550323255e-01
8.001932264432795039e-01
8.041768095892136703e-01
8.064947416582222139e-01
8.094921573001555570e-01
8.123311738820367944e-01
8.139909010201299422e-01
8.166211012369190003e-01
8.184921897325756479e-01
8.213524637511024906e-01
8.243344876453161385e-01
8.264912258890317887e-01
8.296674711862467300e-01
8.325996621830547006e-01
8.351560444071047806e-01
8.375259047555370095e-01
8.396055189969132693e-01
8.419879421842731970e-01
8.440771009536677250e-01
8.463883460348721188e-01
8.492586020875351194e-01
8.505052137775099830e-01
8.525702874848691826e-01
8.546826551101057712e-01
8.558664381912977070e-01
8.577856329256307033e-01
8.599368867554766371e-01
8.616068711651814205e-01
8.630699678085970161e-01
8.645630869683055275e-01
8.661328723351104930e-01
8.669166978820078695e-01
8.694637698395745184e-01
8.714307956752685991e-01
8.725250097529400062e-01
8.733650197762904410e-01
8.750463787529837445e-01
8.774020162255948829e-01
8.794585203549956098e-01
8.809112892117044735e-01
8.823529927263515926e-01
8.838106283721259837e-01
8.853032278014968393e-01
8.868186043943877550e-01
8.878854526292656590e-01
8.891737380554153303e-01
8.905277190975278145e-01
8.919213931963170250e-01
8.927369106138756116e-01
8.937866171358875844e-01
8.951653568265509620e-01
8.958238878815354411e-01
8.971105054219460362e-01
8.987794068291651284e-01
8.998049824211710179e-01
9.010494181725786644e-01
9.023117273825425055e-01
9.028273774296944332e-01
9.041219953590188263e-01
9.049130037434442997e-01
9.058754226967380419e-01
9.070187933750518683e-01
9.083575008251235650e-01
9.099784838789786168e-01
9.104105222455082247e-01
9.121932599285592635e-01
9.130505281576946075e-01
9.139872577885189697e-01
9.159377942912492188e-01
9.170769283682586037e-01
9.181657031502195032e-01
9.195163413447139389e-01
9.206065929846455331e-01
9.212634796621239630e-01
9.227215344437267319e-01
9.237531654307749029e-01
9.242530635144314832e-01
9.256736232611421089e-01
9.270936355895246228e-01
9.282036632233975348e-01
9.294664014965712262e-01
9.308680770115864700e-01
9.320026944506182298e-01
9.329972322801082241e-01
9.341629381937553989e-01
9.353036189343507667e-01
9.360851776637901800e-01
9.368379612605963747e-01
9.377982414760165364e-01
9.384278454563604877e-01
9.391431096726535754e-01
9.399331153514018933e-01
9.406409209425604656e-01
9.412557092745130749e-01
9.419663383750891406e-01
9.427803354023285287e-01
9.435133321953265151e-01
9.442085372593029824e-01
9.451822155849450846e-01
9.460533351177453643e-01
9.469090400703796817e-01
9.475675386870344719e-01
9.484156150522110584e-01
9.492100320833352090e-01
9.501338697277623702e-01
9.509963519574240465e-01
9.517981558550878685e-01
9.525257394347671491e-01
9.531949296607508115e-01
9.538000799977917055e-01
9.543040843248757898e-01
9.548226946236497703e-01
9.552187276529388038e-01
9.557131582624172061e-01
9.560983789905743713e-01
9.569409125143455430e-01
9.573702946568357630e-01
9.577068571260648477e-01
9.581269547319668511e-01
9.586607215892062328e-01
9.593357520842370478e-01
9.601154274803943567e-01
9.609241848616343340e-01
9.617088760360463784e-01
9.623297295358455017e-01
9.628052335332103473e-01
9.635008240763173193e-01
9.639525259356712672e-01
9.643179637254714054e-01
9.645927546041102030e-01
9.648553960568488908e-01
9.652360949069325180e-01
9.656906513093662658e-01
9.661632216111819549e-01
9.665454343402133386e-01
9.670587087778358404e-01
9.674184188925125660e-01
9.677049034716306286e-01
9.680449871148536500e-01
9.683763024950875486e-01
9.692105248634266257e-01
9.698463775409084109e-01
9.704533744109193893e-01
9.715848060464613578e-01
9.724839613733176069e-01
