0.000000000000000000e+00
0.000000000000000000e+00
1.110223024625156540e-16
5.551115123125782702e-17
0.000000000000000000e+00
0.000000000000000000e+00
0.000000000000000000e+00
0.000000000000000000e+00
1.110223024625156540e-16
2.353672812205331866e-14
4.663108787994474369e-11
1.470713630324915755e-07
2.791427502586429910e-04
1.307787443726239340e-01
8.694548504713734971e-01
7.416336853906451143e-01
3.747422211438311557e-03
2.194318862724919939e-07
9.743489348679190698e-11
1.862165976973528814e-11
3.911757029406714992e-10
5.546283543544916483e-09
6.392711915381710241e-10
5.414557691096888448e-13
5.551115123125782702e-17
0.000000000000000000e+00
0.000000000000000000e+00
0.000000000000000000e+00
0.000000000000000000e+00
0.000000000000000000e+00
2.597921877622866305e-14
6.224104287522180812e-09
2.449441122615025890e-05
9.307604363717469909e-05
8.692099675022824101e-07
3.048800212290814216e-09
1.260249238299593344e-09
6.001802527189070702e-07
1.456338700490933391e-02
9.923958555830075801e-01
9.999674336359452020e-01
9.999974442102457228e-01
9.999994310330925229e-01
9.999998288459098772e-01
9.999998578808328986e-01
9.999984890425839268e-01
9.987218812294553771e-01
6.750242439037767994e-03
1.830084972453960290e-09
1.165734175856414367e-15
0.000000000000000000e+00
0.000000000000000000e+00
0.000000000000000000e+00
0.000000000000000000e+00
1.110223024625156540e-15
1.033910512759916855e-09
5.912572886101863379e-03
9.984635179999035159e-01
9.999175465639709159e-01
2.664119852723203508e-01
7.460970175010572802e-10
0.000000000000000000e+00
3.536060333431123581e-14
8.422706976318750094e-13
3.305689055821403599e-13
1.262878690511115565e-13
3.969047313034934632e-14
1.532107773982716026e-14
2.292610545850948256e-14
6.793454687681332871e-13
6.639847005551757775e-10
7.548816298386107349e-06
1.246472690140165707e-01
9.992446253080625729e-01
9.999995492024245092e-01
9.999999927452832837e-01
9.999999578734288797e-01
9.997463096517356096e-01
1.911206979095209091e-02
2.263211370201467787e-06
6.385309921919102294e-07
7.309866597005054700e-05
4.026217387805397507e-03
3.042541338278414997e-04
2.704990115232064340e-08
2.048916591945726395e-13
0.000000000000000000e+00
0.000000000000000000e+00
0.000000000000000000e+00
0.000000000000000000e+00
0.000000000000000000e+00
2.070843496682073237e-11
1.037168652541275993e-03
9.989045015957225271e-01
9.999784902532116160e-01
9.916953096681730973e-01
8.261425877212347224e-03
8.502157466222515225e-05
7.066676701985408204e-03
9.965834454209772097e-01
9.999999282486411456e-01
9.999999999503490500e-01
9.999999999992613686e-01
9.999999999999764633e-01
9.999999999999993339e-01
1.000000000000000000e+00
9.999999999999995559e-01
9.999999999988995469e-01
9.999969434953905889e-01
1.569159730347990944e-03
2.676459054384849878e-11
1.110223024625156540e-16
0.000000000000000000e+00
0.000000000000000000e+00
2.775557561562891351e-16
1.618138956160919406e-11
4.889432167999863132e-04
9.999940160555129687e-01
9.999999999973485654e-01
9.999999999999370504e-01
9.999999527416321143e-01
1.389731914209213492e-04
1.110223024625156540e-16
8.422706976318750094e-13
2.117117592348449762e-11
7.283340597297183194e-12
2.438327317833000052e-12
7.041589533685055358e-13
2.673417043297376949e-13
4.148903443024209992e-13
1.079275557813730302e-11
7.726768835869535224e-09
4.968252967313402380e-05
3.310069106440524100e-01
9.995715106042876164e-01
9.999996213374475751e-01
9.999999937482728640e-01
9.999999696730692555e-01
9.998501314439298682e-01
3.112288835938065157e-02
3.904950870936563234e-06
1.603269916661265171e-06
4.522980856911940073e-04
6.003252736528635891e-02
8.276082966451547840e-03
6.637308702650557279e-07
2.795097486796294106e-12
5.551115123125782702e-17
0.000000000000000000e+00
0.000000000000000000e+00
0.000000000000000000e+00
0.000000000000000000e+00
4.496347738580652731e-12
4.424028902721977019e-03
9.999974160319553551e-01
9.999999983888600008e-01
9.999994757062287132e-01
8.074278228825562120e-01
2.442368560914842668e-04
1.403618577679455193e-04
1.263819898541672648e-01
9.984598070287482585e-01
9.999972257895484162e-01
9.999999728371096186e-01
9.999999998441151394e-01
9.999999999997342126e-01
9.999999999999991118e-01
9.999999999999998890e-01
9.999999999999726885e-01
9.999999846223009969e-01
4.210200124788696652e-01
1.337564409231717377e-08
6.744604874597825983e-14
2.775557561562891351e-16
2.220446049250313081e-16
1.459943277382080851e-14
2.237603435872870250e-10
1.645506217980374775e-03
9.999958842176772666e-01
9.999999999975610621e-01
9.999999999999459321e-01
9.999999730122748343e-01
1.910224448061770275e-04
5.551115123125782702e-17
3.305689055821403599e-13
7.283340597297183194e-12
2.186972825057864611e-12
6.479261571712413570e-13
2.152167333235865954e-13
1.248445791190988530e-13
2.675637489346627262e-13
4.454603352854746845e-12
6.651315054284623329e-10
3.587726869480611924e-07
2.531216190589380410e-04
1.418696207540473542e-01
9.873341612580330828e-01
9.998356885132638761e-01
9.998173006708347410e-01
9.183654056283703238e-01
4.690806818051784788e-04
1.324398681279426171e-07
3.283503735573845006e-08
4.379214496363914577e-06
9.557733810809931896e-04
8.233227554647615243e-04
6.811021376340598010e-07
1.594607779153989213e-11
8.881784197001252323e-16
0.000000000000000000e+00
0.000000000000000000e+00
0.000000000000000000e+00
0.000000000000000000e+00
3.003153281611048442e-14
3.585244418635724628e-05
9.999816815776456647e-01
9.999999995911440509e-01
9.999999724906192267e-01
9.534307571459565978e-01
1.985444843899397682e-05
4.143383069976636079e-08
1.395034662787786317e-07
5.867590195773875195e-06
1.279279322241033690e-04
2.324237585485278146e-03
2.659097948607529460e-01
9.991074023693542472e-01
9.999999310833953547e-01
9.999999999312814136e-01
9.999999999583262245e-01
9.999999104784161874e-01
9.523468351921502428e-01
1.713624056515206107e-05
6.674116814764374794e-10
2.479239036290437070e-12
3.174127627403322549e-13
6.909472993754661729e-13
9.227657526977850466e-11
2.088392589416621092e-06
5.017918374184749952e-01
9.999737399027227580e-01
9.999988922121509916e-01
9.697497098127521031e-01
2.435890911200999653e-08
0.000000000000000000e+00
1.262878690511115565e-13
2.438327317833000052e-12
6.479261571712413570e-13
1.849076447513198218e-13
9.175993298526918807e-14
1.231237334309298603e-13
5.413447468072263291e-13
6.947331598894379567e-12
1.880667843678907047e-10
7.097891274732148759e-09
3.442123432950694450e-07
3.531489708502588698e-05
9.835256881296161602e-03
6.957977875818543989e-01
9.567253610688224441e-01
4.436911514121483768e-01
2.742400829525148964e-04
9.861443256431456916e-08
6.655671902500159831e-09
2.867443006926428950e-07
1.555530672581739715e-04
3.092952198778975426e-03
1.160735020617753577e-04
3.175596341442599169e-08
2.637501328450753135e-12
9.436895709313830594e-16
0.000000000000000000e+00
0.000000000000000000e+00
0.000000000000000000e+00
1.298960938811433152e-14
3.184580466775166485e-06
9.998532532881365675e-01
9.999999994855146568e-01
9.999999944888628978e-01
9.956879047593021337e-01
1.286310096457188301e-04
5.226638016830875699e-08
1.370506930165049653e-08
2.670298809848148380e-08
1.449515785179045224e-08
5.686883963740285708e-09
4.203674003333546239e-08
5.302068807466753242e-05
8.290664796666676883e-01
9.999979542140775557e-01
9.999999972395972048e-01
9.999999912824903969e-01
9.999852461502147793e-01
8.483887354147332527e-01
2.237974660481478750e-03
8.785485252127411826e-06
9.473415357730274877e-08
2.382625652330716548e-09
5.976383277150887352e-10
9.086079055808937710e-09
4.100321212618940336e-06
1.398391546406085872e-03
1.000640586014578393e-02
6.518619052764407229e-06
1.148470207823493183e-12
0.000000000000000000e+00
3.969047313034934632e-14
7.041589533685055358e-13
2.152167333235865954e-13
9.175993298526918807e-14
1.076916333886401844e-13
4.471423231677817967e-13
4.221345495381001456e-12
3.838340756345814953e-11
1.907130564582359966e-10
5.594265606312376349e-10
2.268136012339994068e-09
4.484214544131503999e-08
7.254712445892153028e-06
2.804305195754475122e-03
1.293876185712223847e-01
5.673254779258157798e-02
1.492383291504251197e-04
9.604280964969902357e-08
3.579508023321409382e-09
1.353059354558538985e-07
5.228837031630573229e-04
4.183469961690399197e-01
7.300736032111603269e-01
1.096208023145545107e-02
7.824897832464650094e-07
3.824723870948787408e-11
1.187938636348917498e-14
5.551115123125782702e-17
5.551115123125782702e-17
6.411537967210279021e-14
6.201142118134050918e-07
9.928340410453992959e-01
9.999999603977272056e-01
9.999998828087355296e-01
9.931279486955120195e-01
1.692282527830102357e-03
1.418391582913569593e-05
3.955269123956384192e-05
1.608854707448315047e-04
1.385564649536430437e-05
8.601953199738332501e-08
3.995818453894628419e-09
1.241417522113152927e-07
4.394817696643793514e-03
9.997602190595971106e-01
9.999999946388925531e-01
9.999999998819384395e-01
9.999999985960666971e-01
9.999998388153361617e-01
9.999846180202558443e-01
9.981475225938900575e-01
3.760902389089333941e-01
1.507219067545806368e-04
7.855919703647629149e-08
1.122854698110131721e-09
6.477708369700962976e-10
1.849399688946817832e-09
2.590166525706649736e-09
1.455319198484517074e-11
2.220446049250313081e-16
0.000000000000000000e+00
1.532107773982716026e-14
2.673417043297376949e-13
1.248445791190988530e-13
1.231237334309298603e-13
4.471423231677817967e-13
4.943101483689815723e-12
6.096134708144518299e-11
2.399681009457310665e-10
2.023530232264647566e-10
7.588746298026194381e-11
5.434919181368513819e-11
2.879920191212193004e-10
2.015843336700129385e-08
6.329079924427549741e-06
6.218360209416240458e-04
1.092788039838754610e-03
1.478318878411766235e-05
3.128050846123997530e-08
2.007262134284815147e-09
1.912455964703241307e-07
8.425741612766102229e-03
9.986395944728552188e-01
9.999942844923140894e-01
9.998520656318642397e-01
1.900424838886296541e-01
9.883694535028908490e-07
2.546785005108631594e-11
2.975397705995419528e-14
3.552713678800500929e-15
3.024247519078926416e-13
2.965754941630649455e-08
6.343008854477832914e-02
9.990883488175938965e-01
9.984458110148622945e-01
2.001992560513640163e-01
5.307091021738985503e-04
2.092827108711281525e-03
7.336570753217501739e-01
9.988568388895364691e-01
9.955974663544249204e-01
7.759116700248908094e-02
2.272202532060951796e-05
4.691305615200924706e-06
7.229823004280377940e-03
9.995949695453736350e-01
9.999999951691548317e-01
9.999999999845721188e-01
9.999999999921773686e-01
9.999999999784464633e-01
9.999999999224109537e-01
9.999999980923384157e-01
9.999965528859399155e-01
7.816586365590660890e-01
2.331312745823543864e-05
2.534664145237286448e-09
1.586486497728856193e-11
1.645183989040788219e-12
5.205835762467359018e-13
6.938893903907228378e-15
0.000000000000000000e+00
0.000000000000000000e+00
2.292610545850948256e-14
4.148903443024209992e-13
2.675637489346627262e-13
5.413447468072263291e-13
4.221345495381001456e-12
6.096134708144518299e-11
3.983079976954684298e-10
3.526898773031916789e-10
4.911054896084010579e-11
4.364009154045334071e-12
1.325883847158593198e-12
4.808375919651552977e-12
2.614143901347176779e-10
7.492925901964042623e-08
1.017238843381562674e-05
4.460268266709421781e-05
2.123285372190863995e-06
1.277358724349753061e-08
1.425524753795315291e-09
2.274329142237796475e-07
3.302298667108799490e-02
9.999626255919707996e-01
9.999999862839916709e-01
9.999999202507883211e-01
9.968792971363109601e-01
2.561265308294591314e-04
1.316616093927081010e-09
6.821765374809274363e-13
3.846922780326167413e-14
2.612909888455305918e-13
2.100182250330817624e-10
1.874890764697045853e-06
6.495246350220473808e-04
2.811257061780536581e-04
2.100957036954564927e-06
6.411457044164237118e-07
9.538043604295776134e-04
9.986410688269988789e-01
9.999999799630708841e-01
9.999999965653751932e-01
9.999886581490031734e-01
5.635965525904211848e-01
3.450034584534245052e-03
8.615849674704195715e-02
9.992017320048089957e-01
9.999999150367994138e-01
9.999999992324544174e-01
9.999999997605282243e-01
9.999999999081046198e-01
9.999999999774926707e-01
9.999999999348998525e-01
9.999999544387279116e-01
9.954827250658215831e-01
5.628943044463929901e-04
1.553228973216747022e-08
2.269612275895838138e-11
7.198686091669515008e-13
1.284528039491306117e-13
1.887379141862766119e-15
0.000000000000000000e+00
1.110223024625156540e-16
6.793454687681332871e-13
1.079275557813730302e-11
4.454603352854746845e-12
6.947331598894379567e-12
3.838340756345814953e-11
2.399681009457310665e-10
3.526898773031916789e-10
5.021416615846874265e-11
1.565414464721470722e-12
7.355227538141662080e-14
2.603472992745992087e-14
1.878497357665764866e-13
2.760064399254247292e-11
2.736313942097723384e-08
1.374481146565464940e-05
1.905688714838316145e-04
1.717867516581872422e-05
8.730486444896712328e-08
3.353899435953877628e-09
9.548192475561378956e-08
2.744992483259489635e-03
9.989244728213242386e-01
9.999997163454543703e-01
9.999994516937398270e-01
9.936772205453875406e-01
2.482985209134591642e-04
2.128904996734348742e-09
2.057964909596421421e-12
1.550426453889031109e-13
2.101652185615421331e-13
2.606470594912480010e-12
8.486544800234696595e-11
4.982658174945697738e-10
7.240164023869510856e-11
3.118061364659752144e-12
1.633909674225719755e-11
5.564715042094547925e-07
9.178742931836330055e-01
9.999999675089799034e-01
9.999999998052637729e-01
9.999998962581464479e-01
9.914183078212904787e-01
4.486449934389419303e-02
6.848881324540723181e-02
9.681293547698626156e-01
9.998910136512881852e-01
9.999836889775417514e-01
9.999757613449912208e-01
9.999868227372399332e-01
9.999985611848748457e-01
9.999993273238196867e-01
9.999613364456236830e-01
7.936293533773847164e-01
1.264196028509800840e-04
2.982201946499785095e-08
2.012682243091035161e-10
1.581407227391196102e-11
4.709732603913607818e-12
5.817568649035820272e-14
0.000000000000000000e+00
2.353672812205331866e-14
6.639847005551757775e-10
7.726768835869535224e-09
6.651315054284623329e-10
1.880667843678907047e-10
1.907130564582359966e-10
2.023530232264647566e-10
4.911054896084010579e-11
1.565414464721470722e-12
2.353672812205331866e-14
1.221245327087672194e-15
9.436895709313830594e-16
2.747801985947262438e-14
3.136668702552469767e-11
4.037642832299681572e-07
2.260533282675503131e-03
1.268751246670098975e-01
1.436860569543069177e-02
1.722439371359962834e-05
3.358055511437640916e-08
1.364484247812214335e-08
3.972526539608445262e-06
3.627109095787856008e-02
9.844892035753898263e-01
9.962827977859249895e-01
5.343441010696519111e-01
8.083018110605078022e-05
1.132200833087182446e-08
6.624439885527522165e-11
1.352612466476443842e-11
8.455347533242729696e-12
4.854006085963646910e-12
1.149025319335805762e-12
9.758860386455125990e-14
1.665334536937734811e-15
5.551115123125782702e-17
3.330669073875469621e-16
5.968447958082379046e-12
6.839088661697578786e-05
9.980162760778290565e-01
9.999988309023368771e-01
9.999676317853622987e-01
7.625699946241372151e-01
2.905504009093340390e-03
2.281395010079845243e-03
1.359000636756025338e-01
8.071389303918805602e-01
6.066335249833787469e-01
5.208521091284934457e-02
8.643281472547892363e-03
2.233975070372523630e-02
7.112576300327477785e-02
1.502482044787933901e-02
1.376395459565804558e-04
5.091001886725621262e-07
8.895673753173127807e-09
1.559222195801623911e-09
1.040291852660857330e-09
1.125138204827180743e-09
1.380917602489262208e-11
4.996003610813204432e-16
4.663108787994474369e-11
7.548816298386107349e-06
4.968252967313402380e-05
3.587726869480611924e-07
7.097891274732148759e-09
5.594265606312376349e-10
7.588746298026194381e-11
4.364009154045334071e-12
7.355227538141662080e-14
1.221245327087672194e-15
1.110223024625156540e-16
2.220446049250313081e-16
2.381428387820960779e-14
1.981158015418316154e-10
2.775335035948289786e-05
6.122928017759555752e-01
9.974256728384751636e-01
9.708671936949305747e-01
5.698746379103114545e-03
3.361391861522733393e-07
8.595492650975700144e-10
1.058638787743149123e-09
1.695772220977609379e-07
1.762179888192272337e-04
2.768121667827666554e-02
7.095340029876495702e-02
2.763809699326102987e-03
3.022244049144529043e-05
1.612547488705207144e-06
8.273810749304111312e-07
4.170485619070518624e-07
3.020024158528755720e-08
1.414738881599930664e-10
1.309508057545372139e-13
5.551115123125782702e-17
0.000000000000000000e+00
0.000000000000000000e+00
2.220446049250313081e-16
2.405874943711694414e-10
1.022999907933863639e-03
8.991244446807162838e-01
8.661727154658609429e-01
1.349042593993343697e-02
1.515242418088091902e-04
4.317963517656564498e-04
3.755524067226923002e-02
3.191112366949141466e-01
3.308121584455353537e-02
7.397418291499313625e-05
2.953805470218284768e-07
2.277609340017860973e-08
1.406046079566181106e-08
7.286283520979708328e-09
1.655142911616280799e-09
4.754737714662837789e-10
5.834184246822360365e-10
3.003601034556879767e-09
2.052850017753016232e-08
1.034055776005793348e-07
1.707179064780461886e-09
2.514655150775979564e-14
1.470713630324915755e-07
1.246472690140165707e-01
3.310069106440493014e-01
2.531216190589380410e-04
3.442123432950694450e-07
2.268136012339994068e-09
5.434919181368513819e-11
1.325883847158593198e-12
2.603472992745992087e-14
9.436895709313830594e-16
2.220446049250313081e-16
9.436895709313830594e-16
1.805777749552817113e-13
2.606958149353744147e-09
6.064763034594466973e-04
9.809692417782079898e-01
9.999207599092807541e-01
9.987084628182760770e-01
4.424452664088646126e-02
3.586474340289136364e-07
3.445543850233434569e-11
1.029953899944757723e-12
1.446742725619287739e-11
4.192384273071780854e-08
8.320829680321106814e-04
7.435349126629874350e-01
9.872467527407289278e-01
9.841368828195004026e-01
9.582986880395840679e-01
9.553208618052269063e-01
9.119987946180351246e-01
1.549449241890346052e-01
3.929424427062677694e-05
3.605332143941097911e-10
2.498001805406602216e-15
0.000000000000000000e+00
0.000000000000000000e+00
0.000000000000000000e+00
8.698597397938101494e-13
3.293251850777778600e-06
9.722386965138268833e-02
4.415663875399781224e-01
2.275169160782841704e-02
2.477016970951817498e-03
3.943608723468927657e-02
9.455914491640327046e-01
9.980624731624676560e-01
9.657590278567986797e-01
6.602237027780843981e-03
5.737838152941598935e-07
5.044237250118044358e-10
8.761213976526960323e-12
1.082911538219377690e-12
5.268008251846367784e-13
1.342204125620583000e-12
1.971073304574133545e-11
9.257631328196680442e-10
3.655677333069817792e-08
7.487961962704403618e-07
2.332817272687748300e-08
2.569056078982612235e-13
2.791427502586429910e-04
9.992446253080625729e-01
9.995715106042876164e-01
1.418696207540490750e-01
3.531489708502588698e-05
4.484214544131503999e-08
2.879920191212193004e-10
4.808375919651552977e-12
1.878497357665764866e-13
2.747801985947262438e-14
2.381428387820960779e-14
1.805777749552817113e-13
2.136374410710573102e-11
6.111575567846472268e-08
1.306477624489155165e-03
9.019114465023128080e-01
9.976429776215538503e-01
9.339797000880746269e-01
1.129192390053879169e-03
1.295102769471867532e-08
1.049882403236779282e-12
1.793010184769627813e-14
2.777778007612141664e-13
5.258989521639279019e-09
5.662037348505510881e-03
9.996948192959744794e-01
9.999998980892950140e-01
9.999999943686199710e-01
9.999999966856483180e-01
9.999999977824440833e-01
9.999999958242575815e-01
9.999995634099271280e-01
9.839621424989644094e-01
1.286765244523646601e-05
1.582178832393310586e-12
0.000000000000000000e+00
0.000000000000000000e+00
5.551115123125782702e-17
5.143352410641455208e-11
3.815837655959941621e-04
9.676438941876417399e-01
9.982804737797887906e-01
9.816880161097496504e-01
9.437948283754387102e-01
9.988926937276070284e-01
9.999991204513949405e-01
9.999999906603174171e-01
9.999998942971158877e-01
9.988255127678755674e-01
3.833786744577627470e-03
5.910992656454894245e-08
2.069705518081832452e-11
1.595945597898662527e-13
1.870725796493388771e-14
3.369526879737350100e-14
6.825096043883149832e-13
6.122541362785227648e-11
5.267067448855300427e-09
2.882259221848038067e-07
2.205652699371896119e-08
3.888556143749610783e-13
1.307787443726231014e-01
9.999995492024245092e-01
9.999996213374475751e-01
9.873341612580330828e-01
9.835256881296050580e-03
7.254712445892153028e-06
2.015843336700129385e-08
2.614143901347176779e-10
2.760064399254247292e-11
3.136668702552469767e-11
1.981158015418316154e-10
2.606958149353744147e-09
6.111575567846472268e-08
4.143642569010008714e-06
6.647263223910626628e-04
3.917952009939290603e-02
7.869250663231819320e-02
1.433447414075583737e-03
4.622987281321933040e-07
4.884975757235565652e-11
3.491651412446117320e-14
2.997602166487922659e-15
2.016720124231596856e-13
1.466547833173237336e-08
5.947714110947616151e-02
9.999922801605157785e-01
9.999999993758614814e-01
9.999999999920996530e-01
9.999999999987564392e-01
9.999999999996738165e-01
9.999999999995923261e-01
9.999999999539375128e-01
9.999956018660716150e-01
1.105900101622098175e-02
2.834652512717639183e-10
1.276756478318930021e-15
1.110223024625156540e-16
1.991184994665218255e-13
6.847715743329985116e-07
8.683369224206267667e-01
9.999952273861181240e-01
9.999994703157903952e-01
9.999937249979720111e-01
9.999862669708506902e-01
9.999998763111933586e-01
9.999999999564557207e-01
9.999999999997561950e-01
9.999999999970540232e-01
9.999999264129171284e-01
9.300882541642596646e-01
2.530141739387481437e-05
8.950066798796285639e-10
7.319145289841344493e-13
1.287858708565181587e-14
5.273559366969493567e-15
4.346523141407487856e-14
2.427447132191673518e-12
2.232056206530330655e-10
2.118321329458439095e-08
4.121734398232490548e-09
1.724731468755180686e-13
8.694548504713734971e-01
9.999999927452832837e-01
9.999999937482728640e-01
9.998356885132638761e-01
6.957977875818514013e-01
2.804305195754419611e-03
6.329079924427549741e-06
7.492925901964042623e-08
2.736313942097723384e-08
4.037642832299681572e-07
2.775335035948289786e-05
6.064763034594466973e-04
1.306477624489155165e-03
6.647263223910626628e-04
2.468383630462311906e-04
7.399678216291061261e-05
6.555525953466645461e-06
6.976001659664277099e-08
1.158051432526008284e-10
1.684763439868675050e-13
1.776356839400250465e-15
1.165734175856414367e-15
1.902922264207518310e-13
6.403154340084427076e-09
3.150930355008962902e-03
9.980184774281971594e-01
9.999992914622553020e-01
9.999999923307658634e-01
9.999999996523103452e-01
9.999999999764410674e-01
9.999999999881986623e-01
9.999999993187206337e-01
9.999715294908388952e-01
5.821809805312216923e-03
8.372082471730379893e-10
3.608224830031758756e-14
2.264854970235319342e-14
2.291434819667870215e-10
6.293144273418205259e-04
9.989108188105604302e-01
9.999995994445280978e-01
9.999997534153639567e-01
9.999962530841270958e-01
9.999973793107184150e-01
9.999999940378100360e-01
9.999999999988937738e-01
9.999999999999897859e-01
9.999999999996183053e-01
9.999999678372133438e-01
9.413492391490376754e-01
3.193031006659685644e-05
1.525565618276658597e-09
1.244726544058494255e-12
1.243449787580175325e-14
2.164934898019055254e-15
8.215650382226158399e-15
2.425837308805967041e-13
1.783179159886572052e-11
1.953758654860138222e-09
8.528357464676616928e-10
7.827072323607353610e-14
7.416336853906533300e-01
9.999999578734288797e-01
9.999999696730692555e-01
9.998173006708347410e-01
9.567253610688217780e-01
1.293876185712248272e-01
6.218360209416240458e-04
1.017238843381562674e-05
1.374481146565464940e-05
2.260533282675503131e-03
6.122928017759454722e-01
9.809692417782082119e-01
9.019114465023139182e-01
3.917952009939290603e-02
7.399678216291061261e-05
3.197935096177495495e-07
3.424332928325668490e-09
4.536782061137500932e-11
5.163092176019290491e-13
8.937295348232510150e-15
7.216449660063517513e-16
1.165734175856414367e-15
7.593925488436070736e-14
1.106086888746915520e-10
4.133842164688594778e-07
3.884539760544147846e-04
3.987795360978496628e-02
6.353068767864988864e-01
9.909339544017825574e-01
9.998478430545183482e-01
9.999766837841905787e-01
9.996037867695872770e-01
3.921271562872877259e-01
4.584952300934475034e-06
4.823796917463596401e-11
6.306066779870889150e-14
1.950661854266400042e-13
8.512701099583352971e-10
1.620445557271588122e-04
8.255158791118286654e-01
9.976840876729723417e-01
9.943748957488696139e-01
9.765697448067593989e-01
9.989585005922300143e-01
9.999998079413980889e-01
9.999999999845761156e-01
9.999999999994271249e-01
9.999999997114554784e-01
9.998079331399334357e-01
2.079940854329664912e-03
2.196406945209616879e-08
1.208777522521131687e-11
9.364731212713195418e-14
3.941291737419305719e-15
1.387778780781445676e-15
6.550315845288423588e-15
1.552646899938281422e-13
8.880562951674164651e-12
9.617922569482573181e-10
5.734292485293224217e-10
7.677192215282957477e-14
3.747422211438367068e-03
9.997463096517356096e-01
9.998501314439298682e-01
9.183654056283692135e-01
4.436911514121448796e-01
5.673254779258229963e-02
1.092788039838699099e-03
4.460268266709421781e-05
1.905688714837761033e-04
1.268751246670106747e-01
9.974256728384750526e-01
9.999207599092807541e-01
9.976429776215538503e-01
7.869250663231819320e-02
6.555525953466645461e-06
3.424332928325668490e-09
2.780858876505476474e-11
1.554811834836300477e-12
2.345901251032955770e-13
5.789813073420191358e-14
2.786659791809142916e-14
4.052314039881821373e-14
2.374211938160897262e-13
3.280264948557487514e-12
3.928479763715131412e-11
1.811816807695265652e-10
5.630080290863759274e-10
4.296270728065820776e-09
1.793076251366265694e-07
1.387380125439374723e-05
2.126309507277102107e-04
8.171568454218292032e-05
6.672288145881388743e-07
5.943590619672534103e-10
7.993605777301127091e-13
2.070565940925916948e-14
6.245004513516505540e-14
1.487526768428892865e-11
2.570584950456478168e-08
7.612549821511827020e-06
5.031050914522383621e-05
2.750584599109373585e-05
1.443970084674117693e-04
1.622937861614559552e-01
9.999371439872399847e-01
9.999999932297209959e-01
9.999999963555009641e-01
9.999526155323024135e-01
5.871538947842702694e-03
5.449890039255222973e-09
1.052768983100804689e-12
2.375877272697834997e-14
5.440092820663267048e-15
2.664535259100375697e-15
3.885780586188047891e-15
2.930988785010413267e-14
5.472844399889709166e-13
1.832484164410175254e-11
1.509481040162796717e-09
8.813019203302019378e-10
1.265654248072678456e-13
2.194318862724919939e-07
1.911206979095225744e-02
3.112288835937976339e-02
4.690806818051784788e-04
2.742400829525148964e-04
1.492383291504251197e-04
1.478318878411766235e-05
2.123285372190863995e-06
1.717867516581872422e-05
1.436860569543108035e-02
9.708671936949297976e-01
9.987084628182760770e-01
9.339797000880746269e-01
1.433447414075639248e-03
6.976001659664277099e-08
4.536782061137500932e-11
1.554811834836300477e-12
1.572852958986459271e-12
1.311389885572111780e-11
1.577895036852794419e-10
7.597213969035010450e-10
8.306400012259018695e-10
3.114027924411288950e-10
6.077255365610767512e-11
9.099720976735170552e-12
1.243283254126481552e-12
2.522981823460668238e-13
1.643685187957544258e-13
5.698219673888615944e-13
6.440792343909151896e-12
5.952460746527776791e-11
1.151407302835139035e-10
2.846672897405255753e-11
1.842526131667909794e-12
9.492406860545088421e-14
1.187938636348917498e-14
9.103828801926283631e-15
5.689893001203927270e-14
9.227063557659676007e-13
5.965838933974509928e-12
8.937683926291128955e-12
3.847616669716558135e-11
1.687845779807517488e-08
1.263766523217024762e-03
9.970992843405193096e-01
9.999963562812308471e-01
9.998756009008255008e-01
2.536292897440445282e-02
9.733050143623245276e-09
2.719491298819320946e-13
6.050715484207103145e-15
9.547918011776346248e-15
4.063416270128072938e-14
1.032507412901395583e-13
2.253197628476755199e-13
8.372191828698305471e-13
4.529765451621869943e-12
4.528255548308379730e-11
1.887866141192517944e-09
8.756028679890448529e-10
1.368904989362818014e-13
9.743489348679190698e-11
2.263211370201467787e-06
3.904950870936563234e-06
1.324398681279426171e-07
9.861443256431456916e-08
9.604280964969902357e-08
3.128050846123997530e-08
1.277358724349753061e-08
8.730486444896712328e-08
1.722439371359962834e-05
5.698746379103059034e-03
4.424452664088618370e-02
1.129192390053879169e-03
4.622987281321933040e-07
1.158051432526008284e-10
5.163092176019290491e-13
2.345901251032955770e-13
1.311389885572111780e-11
1.774085311989637148e-08
3.185377516434773071e-05
3.387874421475034481e-03
5.340195836509575855e-03
2.774208908751241154e-04
4.807254230687618701e-06
1.668132161847246664e-07
1.394854953762347805e-08
8.840663201503673463e-10
2.464334292184844344e-11
6.600830992908868211e-13
8.210099267103032616e-14
8.687495167691849929e-14
3.312905505481467117e-13
1.066868815513544178e-12
1.128097615321621561e-12
3.390066005692915496e-13
4.679590048795034818e-14
6.938893903907228378e-15
2.109423746787797427e-15
9.992007221626408864e-16
6.106226635438360972e-16
1.332267629550187849e-15
1.518785097687214147e-13
5.026982941025437412e-09
5.343103537775284462e-03
9.973291080689234978e-01
9.995962167012651944e-01
3.024598739716742313e-01
2.939642751442761437e-07
2.577604796272225940e-12
4.135580766728708113e-14
5.521139101460903476e-13
5.816341852593609474e-11
9.756124241810937292e-10
1.133962035382296563e-09
3.119023372910589842e-10
6.987488365695071479e-11
2.597866366471635047e-11
3.244959856374407536e-11
5.376699641068682922e-10
2.186252845426395197e-10
5.206945985491984175e-14
1.862165976973528814e-11
6.385309921919102294e-07
1.603269916661265171e-06
3.283503735573845006e-08
6.655671902500159831e-09
3.579508023321409382e-09
2.007262134284815147e-09
1.425524753795315291e-09
3.353899435953877628e-09
3.358055511437640916e-08
3.361391861522733393e-07
3.586474340289136364e-07
1.295102769471867532e-08
4.884975757235565652e-11
1.684763439868675050e-13
8.937295348232510150e-15
5.789813073420191358e-14
1.577895036852794419e-10
3.185377516434773071e-05
8.995053371221577443e-01
9.999486937551462784e-01
9.999820597743651618e-01
9.991908053156178804e-01
9.471939719540135583e-01
7.095534051565186573e-01
6.160433985352072872e-01
1.089440006913487413e-01
1.321073058798694078e-04
9.530869704565958500e-09
3.540001625168542887e-12
1.436073482352639985e-13
4.508060591490448132e-13
6.333433777427899258e-12
2.941830112845877920e-11
1.581024200447700423e-11
1.427913343121645084e-12
5.778710843173939793e-14
2.553512956637860043e-15
1.665334536937734811e-16
5.551115123125782702e-17
4.996003610813204432e-16
2.025879464184754397e-12
2.376961226069340682e-06
8.647725546570832478e-01
9.999410745411383417e-01
9.983247427982870903e-01
1.726357141328960232e-03
1.940036353786922518e-09
2.877864613282099526e-12
8.042189136858723941e-11
3.680487665191911617e-07
3.987681413646360085e-04
2.142339274239235536e-03
9.194035750859086420e-05
4.593840641220481302e-07
1.967521590096055206e-09
3.030881101651061726e-11
5.018097049003245047e-12
3.358735511937993579e-11
1.562078244532472127e-11
7.882583474838611437e-15
3.911757029406714992e-10
7.309866597005054700e-05
4.522980856911940073e-04
4.379214496363914577e-06
2.867443006926428950e-07
1.353059354558538985e-07
1.912455964703241307e-07
2.274329142237796475e-07
9.548192475561378956e-08
1.364484247812214335e-08
8.595492650975700144e-10
3.445543850233434569e-11
1.049882403236779282e-12
3.491651412446117320e-14
1.776356839400250465e-15
7.216449660063517513e-16
2.786659791809142916e-14
7.597213969035010450e-10
3.387874421474923459e-03
9.999486937551462784e-01
9.999999963547165915e-01
9.999999991091080842e-01
9.999999518439048884e-01
9.999986002190404122e-01
9.999991605397222649e-01
9.999999210681652650e-01
9.999994793312477759e-01
9.928829534969001447e-01
6.144057971635419335e-05
2.070160709521928766e-10
6.999956170261611987e-13
2.228883744237464271e-12
1.047502640183495259e-10
1.702059493347007901e-09
1.718009456919133982e-09
1.619301359667701945e-10
3.695654893220989834e-12
5.551115123125782702e-14
1.831867990631508292e-15
8.881784197001252323e-16
1.131872373605347093e-13
1.213244699149740313e-08
8.214370245812568916e-02
9.999864450264083215e-01
9.999998631032125385e-01
9.998804458376113757e-01
1.045837882953165598e-02
1.888197136978853052e-07
4.199864928056129543e-08
1.108550284323883695e-04
7.926610485389743443e-01
9.991024586401699992e-01
9.928490058304718646e-01
5.881186780735436770e-02
5.693024266117951981e-06
1.281314443435377370e-09
3.134492665424204461e-12
2.127187315181799931e-13
1.139421890172798157e-12
8.059108935754011327e-13
9.436895709313830594e-16
5.546283543544916483e-09
4.026217387805341996e-03
6.003252736528752465e-02
9.557733810809931896e-04
1.555530672581739715e-04
5.228837031631128340e-04
8.425741612766157740e-03
3.302298667108732877e-02
2.744992483259545146e-03
3.972526539608445262e-06
1.058638787743149123e-09
1.029953899944757723e-12
1.793010184769627813e-14
2.997602166487922659e-15
1.165734175856414367e-15
1.165734175856414367e-15
4.052314039881821373e-14
8.306400012259018695e-10
5.340195836509520344e-03
9.999820597743651618e-01
9.999999991091080842e-01
9.999999996722923612e-01
9.999999696053891718e-01
9.999991128142442509e-01
9.999998044891733606e-01
9.999999939837406204e-01
9.999999662504502895e-01
9.982572465264165640e-01
3.799253362812837764e-05
3.373812340612403204e-11
1.059707877004711918e-13
8.466005674279131199e-13
1.843326047357152220e-10
1.650061537405989043e-08
8.303607962334424997e-08
2.432813611674689014e-08
7.603555007840157032e-10
8.801404050018390990e-12
3.071987109137808147e-13
6.224465387560940144e-13
8.956210773014561255e-10
6.215154892722507540e-04
9.997302104265108902e-01
9.999999955732955526e-01
9.999999993137209664e-01
9.999991368074895304e-01
9.663126034778464213e-01
2.916014037185082897e-02
1.143406281973429195e-01
9.960135121386779478e-01
9.999949764614681769e-01
9.999954319296953109e-01
9.933848943369254503e-01
2.076118273858618135e-03
4.571812495246518893e-08
1.142591576908102979e-11
6.289413434501511801e-14
8.937295348232510150e-15
8.149037000748649007e-14
9.175993298526918807e-14
1.665334536937734811e-16
6.392711915381710241e-10
3.042541338278970109e-04
8.276082966451436818e-03
8.233227554647615243e-04
3.092952198778919914e-03
4.183469961690295391e-01
9.986395944728552188e-01
9.999626255919707996e-01
9.989244728213242386e-01
3.627109095787883764e-02
1.695772220977609379e-07
1.446742725619287739e-11
2.777778007612141664e-13
2.016720124231596856e-13
1.902922264207518310e-13
7.593925488436070736e-14
2.374211938160897262e-13
3.114027924411288950e-10
2.774208908751241154e-04
9.991908053156179914e-01
9.999999518439048884e-01
9.999999696053891718e-01
9.999878358724512140e-01
9.966533893390830956e-01
9.930199208047025827e-01
9.986435386156768956e-01
9.843307619492458471e-01
2.296320092837422777e-03
1.244202352257417488e-09
1.221245327087672194e-14
3.330669073875469621e-16
1.088018564132653410e-14
1.079802913750427251e-11
7.205973484580852073e-09
4.534236281994452611e-07
1.339042809356261188e-06
1.953160189138714031e-07
5.590369112074000668e-09
4.167632905449636382e-10
3.372147283631221626e-09
1.933644314344729054e-05
9.370658384334590307e-01
9.999997963398552514e-01
9.999999998236422938e-01
9.999999997397954754e-01
9.999999440890992020e-01
9.999826747231987945e-01
9.998324478976190477e-01
9.999765330869976321e-01
9.999988103087018576e-01
9.999975832805958476e-01
9.973462559540394734e-01
3.219773448917440106e-03
1.952878359023912935e-08
3.123723502085340442e-12
1.859623566247137205e-14
1.831867990631508292e-15
1.887379141862766119e-15
3.697042672001771280e-14
4.879430193227562995e-14
1.110223024625156540e-16
5.414557691096888448e-13
2.704990115232064340e-08
6.637308702650557279e-07
6.811021376340598010e-07
1.160735020617753577e-04
7.300736032111631024e-01
9.999942844923140894e-01
9.999999862839916709e-01
9.999997163454543703e-01
9.844892035753896042e-01
1.762179888192272337e-04
4.192384273071780854e-08
5.258989521639279019e-09
1.466547833173237336e-08
6.403154340084427076e-09
1.106086888746915520e-10
3.280264948557487514e-12
6.077255365610767512e-11
4.807254230687618701e-06
9.471939719540135583e-01
9.999986002190404122e-01
9.999991128142442509e-01
9.966533893390829846e-01
1.023937219613701988e-02
1.800689269182420560e-05
1.216550139404581898e-06
3.644466317620498330e-08
2.259814557703521132e-11
2.553512956637860043e-15
0.000000000000000000e+00
0.000000000000000000e+00
1.110223024625156540e-16
1.009747840896579874e-13
1.643574165655081742e-10
1.269134777270863879e-07
9.395617174057235843e-06
2.321542086536343419e-05
4.679999689616298753e-06
1.467523087883559896e-06
3.448995358390494204e-05
1.635886230624615245e-01
9.999453513330116561e-01
9.999999902416736308e-01
9.999999990217307566e-01
9.999999772998491299e-01
9.999985678029996716e-01
9.999914302313684944e-01
9.999968880973537644e-01
9.999991985409806272e-01
9.999949816541950920e-01
9.924046431274574642e-01
7.401262048785106629e-04
1.689459072640175918e-09
8.715250743307478842e-14
7.771561172376095783e-16
3.330669073875469621e-16
8.326672684688674053e-16
4.718447854656915297e-15
1.259548021437240095e-13
1.021960294167456595e-13
1.110223024625156540e-16
5.551115123125782702e-17
2.048916591945726395e-13
2.795097486796294106e-12
1.594607779153989213e-11
3.175596341442599169e-08
1.096208023145506250e-02
9.998520656318642397e-01
9.999999202507883211e-01
9.999994516937398270e-01
9.962827977859252115e-01
2.768121667827572185e-02
8.320829680321106814e-04
5.662037348505621903e-03
5.947714110947738275e-02
3.150930355009018413e-03
4.133842164688594778e-07
3.928479763715131412e-11
9.099720976735170552e-12
1.668132161847246664e-07
7.095534051565068889e-01
9.999991605397222649e-01
9.999998044891733606e-01
9.930199208047026938e-01
1.800689269182420560e-05
3.237293766389370830e-11
1.459943277382080851e-14
2.775557561562891351e-16
0.000000000000000000e+00
0.000000000000000000e+00
0.000000000000000000e+00
0.000000000000000000e+00
1.665334536937734811e-16
8.049116928532384918e-15
3.115785407459270573e-12
5.942071723552544427e-09
6.825166204371679868e-06
4.255567122450898410e-04
1.307588608998211388e-03
2.451337559997046611e-03
9.184179515371415636e-02
9.970976491046814605e-01
9.999996584773644948e-01
9.999999964999980451e-01
9.999999574895028776e-01
9.999687778167464236e-01
9.938909089593159774e-01
9.881591285584114814e-01
9.989056217403816662e-01
9.995976806641964085e-01
9.788490732981410813e-01
3.555801342128850351e-03
1.756024187171689732e-08
3.476663401613677706e-13
6.106226635438360972e-16
2.220446049250313081e-16
1.221245327087672194e-15
1.243449787580175325e-14
8.731904088676856190e-14
1.022071316469919111e-12
2.517985819849855034e-13
1.110223024625156540e-16
0.000000000000000000e+00
0.000000000000000000e+00
5.551115123125782702e-17
8.881784197001252323e-16
2.637501328450753135e-12
7.824897832464650094e-07
1.900424838886252688e-01
9.968792971363108490e-01
9.936772205453874296e-01
5.343441010696519111e-01
7.095340029876401333e-02
7.435349126629928751e-01
9.996948192959744794e-01
9.999922801605157785e-01
9.980184774281971594e-01
3.884539760544702958e-04
1.811816807695265652e-10
1.243283254126481552e-12
1.394854953762347805e-08
6.160433985352140596e-01
9.999999210681652650e-01
9.999999939837406204e-01
9.986435386156768956e-01
1.216550139404581898e-06
1.459943277382080851e-14
0.000000000000000000e+00
0.000000000000000000e+00
0.000000000000000000e+00
1.110223024625156540e-16
2.581268532253488956e-14
6.925016116099413921e-13
7.941425295143744734e-13
3.910205492729801335e-13
2.557842826433898153e-12
7.762980258618767948e-10
1.754866728098658513e-06
8.745422845707895299e-04
2.361011224932174635e-02
2.011725492603410603e-01
9.635758429751882792e-01
9.999842487531943602e-01
9.999999929423499800e-01
9.999999993018261479e-01
9.999998110132914952e-01
9.950118440979336398e-01
4.251941955203847323e-02
3.402398977986886841e-03
1.889913819881006152e-02
7.170717829376799246e-02
5.462577958441072745e-03
7.051387752643467621e-06
2.839947554900135174e-09
7.949696456677202150e-12
5.963007865261715779e-13
6.997180612700049096e-13
1.970590357558421601e-12
3.407663040633224227e-12
2.796873843635694357e-12
3.950395566221232002e-12
1.982858321980529581e-13
5.551115123125782702e-17
0.000000000000000000e+00
0.000000000000000000e+00
0.000000000000000000e+00
0.000000000000000000e+00
9.436895709313830594e-16
3.824723870948787408e-11
9.883694535028908490e-07
2.561265308294591314e-04
2.482985209134591642e-04
8.083018110605078022e-05
2.763809699326047475e-03
9.872467527407284837e-01
9.999998980892950140e-01
9.999999993758614814e-01
9.999992914622553020e-01
3.987795360978496628e-02
5.630080290863759274e-10
2.522981823460668238e-13
8.840663201503673463e-10
1.089440006913480752e-01
9.999994793312477759e-01
9.999999662504502895e-01
9.843307619492456251e-01
3.644466317620498330e-08
2.775557561562891351e-16
0.000000000000000000e+00
0.000000000000000000e+00
4.440892098500626162e-16
4.139955045445731230e-11
6.618427149107652951e-07
4.685054812042510619e-05
7.611531330942167273e-06
4.272444381614448616e-08
1.070125932312038231e-09
3.052976871309454054e-09
5.052497850654980027e-07
1.679223349538849774e-04
1.173775026766410434e-02
2.947779222832456192e-01
9.916023052138154270e-01
9.999981538633838651e-01
9.999999994543227189e-01
9.999999999470345902e-01
9.999999706737132676e-01
9.940387742655365511e-01
1.455598000578206541e-03
4.316289087424873827e-06
3.407870339700025397e-06
1.846310499181713638e-05
2.510135058958473664e-05
8.799983024887492178e-06
3.654121298102275261e-06
4.693627630947272422e-06
7.726528318929837269e-06
4.645013543080889207e-06
3.489834229375432528e-07
5.213504294943049899e-09
5.666345170851627699e-11
3.689382133131857699e-12
4.118927421359330765e-14
0.000000000000000000e+00
0.000000000000000000e+00
0.000000000000000000e+00
0.000000000000000000e+00
0.000000000000000000e+00
0.000000000000000000e+00
1.187938636348917498e-14
2.546785005108631594e-11
1.316616093927081010e-09
2.128904996734348742e-09
1.132200833087182446e-08
3.022244049144529043e-05
9.841368828195004026e-01
9.999999943686199710e-01
9.999999999920996530e-01
9.999999923307658634e-01
6.353068767864890054e-01
4.296270728065820776e-09
1.643685187957544258e-13
2.464334292184844344e-11
1.321073058798138966e-04
9.928829534968999226e-01
9.982572465264165640e-01
2.296320092837311755e-03
2.259814557703521132e-11
0.000000000000000000e+00
0.000000000000000000e+00
4.440892098500626162e-16
3.432258921520769945e-10
8.472730657247407038e-04
9.888487566005588203e-01
9.999157123854411910e-01
9.987334280047662771e-01
1.712667618914248124e-01
3.040322274938667135e-05
1.917157586017737003e-07
2.057779679986992960e-07
4.132820697722028314e-06
1.276105968763263654e-04
7.309967484192714249e-03
8.252767904026871992e-01
9.999842819629845003e-01
9.999999987001709778e-01
9.999999999790880612e-01
9.999999975461280055e-01
9.996181391930140103e-01
4.119689182183472465e-03
6.484791844063586552e-07
4.230077210731764126e-08
1.489271101995370827e-07
2.416623542000895242e-06
1.590924235390644981e-04
5.434172323568386975e-02
9.706607569237544197e-01
9.990926425650485942e-01
9.941675984500870644e-01
1.151119631819908506e-01
6.153895862892611035e-06
6.277767750084706222e-10
2.149669331430459351e-12
9.436895709313830594e-15
0.000000000000000000e+00
0.000000000000000000e+00
0.000000000000000000e+00
0.000000000000000000e+00
0.000000000000000000e+00
0.000000000000000000e+00
5.551115123125782702e-17
2.975397705995419528e-14
6.821765374809274363e-13
2.057964909596421421e-12
6.624439885527522165e-11
1.612547488705207144e-06
9.582986880395845120e-01
9.999999966856483180e-01
9.999999999987564392e-01
9.999999996523103452e-01
9.909339544017827794e-01
1.793076251366265694e-07
5.698219673888615944e-13
6.600830992908868211e-13
9.530869704565958500e-09
6.144057971635419335e-05
3.799253362812837764e-05
1.244202352257417488e-09
2.553512956637860043e-15
0.000000000000000000e+00
1.110223024625156540e-16
4.139955045445731230e-11
8.472730657247962149e-04
9.998302240059497858e-01
9.999999972320137154e-01
9.999999999719313415e-01
9.999999995238655348e-01
9.999944039745869429e-01
3.631481717135639498e-01
1.268221437972227861e-05
4.710874962343680750e-08
2.201999232953610885e-08
1.351413926875544291e-07
5.198651772952977979e-06
3.427089257340254491e-03
9.848801577739394464e-01
9.999995150436324920e-01
9.999999988630675629e-01
9.999999901208402875e-01
9.998130132971754236e-01
1.318636372299542003e-02
5.546403470391148005e-07
4.688563870480777496e-09
4.693650523801551344e-09
1.516125504585907890e-07
1.851942328300326679e-04
8.506896322785817421e-01
9.999961664701810804e-01
9.999999911548564935e-01
9.999999264389591858e-01
9.985051560435093121e-01
6.965348750532229793e-04
3.491788358456204833e-09
3.670008741352148718e-12
1.770805724277124682e-14
0.000000000000000000e+00
0.000000000000000000e+00
0.000000000000000000e+00
0.000000000000000000e+00
0.000000000000000000e+00
0.000000000000000000e+00
5.551115123125782702e-17
3.552713678800500929e-15
3.846922780326167413e-14
1.550426453889031109e-13
1.352612466476443842e-11
8.273810749304111312e-07
9.553208618052280166e-01
9.999999977824440833e-01
9.999999999996738165e-01
9.999999999764410674e-01
9.998478430545183482e-01
1.387380125439374723e-05
6.440792343909151896e-12
8.210099267103032616e-14
3.540001625168542887e-12
2.070160709521928766e-10
3.373812340612403204e-11
1.221245327087672194e-14
0.000000000000000000e+00
0.000000000000000000e+00
2.581268532253488956e-14
6.618427149107652951e-07
9.888487566005590423e-01
9.999999972320137154e-01
9.999999999998092637e-01
9.999999999999944489e-01
9.999999999998517852e-01
9.999999964512951145e-01
9.916194587645255076e-01
6.867500319623909277e-05
5.118478085819333501e-09
1.336820099062663303e-10
1.786980008411376275e-10
2.403617471724572852e-09
5.631187754429056724e-07
3.144398787613300605e-03
9.843177511781573408e-01
9.999821590376036795e-01
9.999844462957501179e-01
9.845861793353044567e-01
1.525958529947357700e-03
1.097294514140756405e-07
3.837529183314813963e-10
9.509171228216928284e-11
1.150303574615207935e-09
1.183251544967234281e-06
7.471325751718987940e-02
9.999378771250723164e-01
9.999999682202911355e-01
9.999999027501060844e-01
9.984384400871160192e-01
7.730509722061462696e-04
7.189935258278268293e-09
3.594408104490298683e-11
5.747069486972122832e-13
1.665334536937734811e-16
2.597921877622866305e-14
2.070843496682073237e-11
4.496347738580652731e-12
3.003153281611048442e-14
1.298960938811433152e-14
6.411537967210279021e-14
3.024247519078926416e-13
2.612909888455305918e-13
2.101652185615421331e-13
8.455347533242729696e-12
4.170485619070518624e-07
9.119987946180363458e-01
9.999999958242575815e-01
9.999999999995923261e-01
9.999999999881986623e-01
9.999766837841905787e-01
2.126309507277102107e-04
5.952460746527776791e-11
8.687495167691849929e-14
1.436073482352639985e-13
6.999956170261611987e-13
1.059707877004711918e-13
3.330669073875469621e-16
0.000000000000000000e+00
0.000000000000000000e+00
6.925016116099413921e-13
4.685054812042510619e-05
9.999157123854411910e-01
9.999999999719313415e-01
9.999999999999944489e-01
9.999999999999993339e-01
9.999999999999549249e-01
9.999999979832878694e-01
9.907836288706836081e-01
1.964181226321581875e-05
4.753779592192586279e-10
4.819422638746573284e-12
2.919608999008005412e-12
1.242944636103970879e-11
4.299546829678035920e-10
1.881773766254646318e-07
3.567214484043179645e-04
1.117898943539652468e-01
3.465753971947316270e-01
1.099124905782522532e-02
8.688139988832777050e-06
5.867794194980291422e-09
3.561800854257057836e-11
3.559708083855639416e-12
7.409461932894600977e-12
6.599478741264874770e-10
2.913433846618573853e-06
5.913397831137068295e-02
9.880462877310914882e-01
9.917256862867422917e-01
1.285579163011144610e-01
6.621954795782425407e-06
2.893072004184205070e-09
6.087360060469393375e-10
7.461575801670505825e-11
2.381428387820960779e-14
6.224104287522180812e-09
1.037168652541275993e-03
4.424028902721921508e-03
3.585244418635724628e-05
3.184580466775166485e-06
6.201142118134050918e-07
2.965754941630649455e-08
2.100182250330817624e-10
2.606470594912480010e-12
4.854006085963646910e-12
3.020024158528755720e-08
1.549449241890364370e-01
9.999995634099271280e-01
9.999999999539375128e-01
9.999999993187206337e-01
9.996037867695872770e-01
8.171568454218292032e-05
1.151407302835139035e-10
3.312905505481467117e-13
4.508060591490448132e-13
2.228883744237464271e-12
8.466005674279131199e-13
1.088018564132653410e-14
1.110223024625156540e-16
1.665334536937734811e-16
7.941425295143744734e-13
7.611531330942167273e-06
9.987334280047663881e-01
9.999999995238655348e-01
9.999999999998517852e-01
9.999999999999549249e-01
9.999999999905375692e-01
9.999994999586828692e-01
5.043046356413102282e-01
8.991376969080810966e-07
7.414274749706351031e-11
1.561972773345132737e-12
8.610334667480401549e-13
1.512789893354238302e-12
5.758116206067143139e-12
1.099335067422657630e-10
8.377052274077811944e-09
5.024051664692663621e-07
3.948251948937553379e-06
1.595092088080285464e-06
5.157932736477022218e-08
5.776805145352170712e-10
1.200428645375950509e-11
9.348632978856130649e-13
4.039546475098632072e-13
1.664446358518034685e-12
1.085004308620796110e-10
3.652647656560148448e-08
3.923930091576099954e-06
9.555509290215535856e-06
3.113294456125181853e-07
2.018762546018848525e-09
1.486611389545089423e-10
2.039601765257970101e-09
2.078136329686230965e-09
7.108758026674877328e-13
2.449441122615025890e-05
9.989045015957225271e-01
9.999974160319553551e-01
9.999816815776456647e-01
9.998532532881365675e-01
9.928340410453995180e-01
6.343008854477916181e-02
1.874890764697045853e-06
8.486544800234696595e-11
1.149025319335805762e-12
1.414738881599930664e-10
3.929424427062677694e-05
9.839621424989650755e-01
9.999956018660716150e-01
9.999715294908388952e-01
3.921271562872877259e-01
6.672288145881388743e-07
2.846672897405255753e-11
1.066868815513544178e-12
6.333433777427899258e-12
1.047502640183495259e-10
1.843326047357152220e-10
1.079802913750427251e-11
1.009747840896579874e-13
8.049116928532384918e-15
3.910205492729801335e-13
4.272444381614448616e-08
1.712667618914358592e-01
9.999944039745869429e-01
9.999999964512951145e-01
9.999999979832878694e-01
9.999994999586828692e-01
9.922911990279241756e-01
7.402756103330743187e-04
1.536459232065467972e-08
1.507671765210716330e-11
1.285471729062237500e-12
9.485745522397337481e-13
9.772183062750627869e-13
7.638334409421076998e-13
1.144584427237305135e-12
5.843492356660817677e-12
8.785000504829554302e-11
1.368847868388201050e-09
6.447370415330055948e-09
3.342339238709968186e-09
2.848719593551152229e-10
1.384653502967125860e-11
1.140476602046192056e-12
2.239874952181253320e-13
1.361688539702754497e-13
2.407518628899651958e-13
1.207423050431088996e-12
5.322742246960388002e-12
6.440070698943145544e-12
1.416311512514312199e-12
3.613220833642571961e-13
1.275091143781992287e-12
3.323152863998757311e-10
1.727053056121974350e-09
8.922862448912383115e-13
9.307604363717469909e-05
9.999784902532116160e-01
9.999999983888600008e-01
9.999999995911440509e-01
9.999999994855146568e-01
9.999999603977272056e-01
9.990883488175938965e-01
6.495246350220473808e-04
4.982658174945697738e-10
9.758860386455125990e-14
1.309508057545372139e-13
3.605332143941097911e-10
1.286765244523646601e-05
1.105900101622137033e-02
5.821809805312216923e-03
4.584952300934475034e-06
5.943590619672534103e-10
1.842526131667909794e-12
1.128097615321621561e-12
2.941830112845877920e-11
1.702059493347007901e-09
1.650061537405989043e-08
7.205973484580852073e-09
1.643574165655081742e-10
3.115785407459270573e-12
2.557842826433898153e-12
1.070125932312038231e-09
3.040322274938667135e-05
3.631481717135622844e-01
9.916194587645255076e-01
9.907836288706834971e-01
5.043046356413137810e-01
7.402756103330743187e-04
1.992772418746291407e-07
1.735629417964901222e-10
2.410460719914908623e-12
6.550870956800736167e-13
6.493139359520228027e-13
5.562217353372034268e-13
2.587374758888927317e-13
1.895705814547454793e-13
5.618283616115604673e-13
1.090122436764318081e-11
5.333469221824316264e-10
9.914258525256514076e-09
9.410968226930549463e-09
5.600314101350534202e-10
1.162853147107512086e-11
6.492584248007915448e-13
1.288413820077494165e-13
5.756506382681436662e-14
2.930988785010413267e-14
1.365574320288942545e-14
4.718447854656915297e-15
1.221245327087672194e-15
3.330669073875469621e-16
4.440892098500626162e-16
1.276756478318930021e-14
1.370409341561185101e-11
1.522259540642778575e-10
1.207922650792170316e-13
8.692099675022824101e-07
9.916953096681733193e-01
9.999994757062287132e-01
9.999999724906192267e-01
9.999999944888628978e-01
9.999998828087355296e-01
9.984458110148621834e-01
2.811257061779981470e-04
7.240164023869510856e-11
1.665334536937734811e-15
5.551115123125782702e-17
2.498001805406602216e-15
1.582178832393310586e-12
2.834652512717639183e-10
8.372082471730379893e-10
4.823796917463596401e-11
7.993605777301127091e-13
9.492406860545088421e-14
3.390066005692915496e-13
1.581024200447700423e-11
1.718009456919133982e-09
8.303607962334424997e-08
4.534236281994452611e-07
1.269134777270863879e-07
5.942071723552544427e-09
7.762980258618767948e-10
3.052976871309454054e-09
1.917157586017737003e-07
1.268221437972227861e-05
6.867500319623909277e-05
1.964181226321581875e-05
8.991376969080810966e-07
1.536459232065467972e-08
1.735629417964901222e-10
3.261280134836397337e-12
3.173017404378697393e-13
1.618150058391165658e-13
1.939004512507835898e-13
2.399191956214963284e-13
3.106959134413500578e-13
1.014910377961086851e-12
2.580347047143050077e-11
5.238389777506569089e-09
1.228759717197824841e-06
1.682529570579127665e-05
1.698445640962997771e-06
3.534895876011745486e-09
4.529820962773101201e-12
6.306066779870889150e-14
1.598721155460225418e-14
1.759703494030873117e-14
1.537658889105841808e-14
4.996003610813204432e-15
6.661338147750939243e-16
5.551115123125782702e-17
0.000000000000000000e+00
0.000000000000000000e+00
2.720046410331633524e-15
6.693756660069993814e-12
1.060187493351349985e-10
7.938094626069869264e-14
3.048800212290814216e-09
8.261425877212513758e-03
8.074278228825539916e-01
9.534307571459571529e-01
9.956879047593019116e-01
9.931279486955120195e-01
2.001992560513640163e-01
2.100957036954564927e-06
3.118061364659752144e-12
5.551115123125782702e-17
0.000000000000000000e+00
0.000000000000000000e+00
0.000000000000000000e+00
1.276756478318930021e-15
3.608224830031758756e-14
6.306066779870889150e-14
2.070565940925916948e-14
1.187938636348917498e-14
4.679590048795034818e-14
1.427913343121645084e-12
1.619301359667701945e-10
2.432813611674689014e-08
1.339042809356261188e-06
9.395617174057235843e-06
6.825166204371679868e-06
1.754866728098658513e-06
5.052497850654980027e-07
2.057779679986992960e-07
4.710874962343680750e-08
5.118478085819333501e-09
4.753779592192586279e-10
7.414274749706351031e-11
1.507671765210716330e-11
2.410460719914908623e-12
3.173017404378697393e-13
7.266409696171649557e-14
4.629630012686902774e-14
6.761258219967203331e-14
1.820765760385256726e-13
1.714461905777397988e-12
1.513766889615908440e-10
2.426338389649451699e-07
1.888616428846801032e-03
7.416880601330164691e-01
9.256198443348719884e-01
2.636170325290415617e-02
2.912089966944364505e-07
3.620437283302635478e-12
3.330669073875469621e-15
5.551115123125782702e-16
2.053912595556539600e-15
9.547918011776346248e-15
8.992806499463767977e-15
1.332267629550187849e-15
5.551115123125782702e-17
0.000000000000000000e+00
1.110223024625156540e-16
1.307287611496121826e-13
2.354981765151364925e-09
6.003666846998712003e-08
8.527456518692133614e-12
1.260249238299593344e-09
8.502157466222515225e-05
2.442368560914287556e-04
1.985444843899397682e-05
1.286310096457188301e-04
1.692282527830046845e-03
5.307091021738985503e-04
6.411457044164237118e-07
1.633909674225719755e-11
3.330669073875469621e-16
0.000000000000000000e+00
0.000000000000000000e+00
0.000000000000000000e+00
1.110223024625156540e-16
2.264854970235319342e-14
1.950661854266400042e-13
6.245004513516505540e-14
9.103828801926283631e-15
6.938893903907228378e-15
5.778710843173939793e-14
3.695654893220989834e-12
7.603555007840157032e-10
1.953160189138714031e-07
2.321542086536343419e-05
4.255567122450898410e-04
8.745422845707895299e-04
1.679223349538849774e-04
4.132820697722028314e-06
2.201999232953610885e-08
1.336820099062663303e-10
4.819422638746573284e-12
1.561972773345132737e-12
1.285471729062237500e-12
6.550870956800736167e-13
1.618150058391165658e-13
4.629630012686902774e-14
3.330669073875469621e-14
5.817568649035820272e-14
4.010125564946065424e-13
2.356020933902414072e-11
4.119813140635031345e-08
2.637062661450861878e-03
9.985361362114115735e-01
9.999998330690953452e-01
9.999999358583293585e-01
9.995786431335873523e-01
3.769869663008962313e-04
5.147254844573012633e-11
1.443289932012703503e-15
5.551115123125782702e-17
4.440892098500626162e-16
1.060262988517024496e-14
4.035660694512444024e-14
9.769962616701377556e-15
5.551115123125782702e-16
2.220446049250313081e-16
2.009503674571533338e-14
7.375716148949607032e-10
4.931617637718432867e-04
2.763090111462263021e-02
2.849940387572580391e-07
6.001802527189070702e-07
7.066676701985519227e-03
1.403618577679455193e-04
4.143383069976636079e-08
5.226638016830875699e-08
1.418391582913569593e-05
2.092827108711226014e-03
9.538043604295221023e-04
5.564715042094547925e-07
5.968447958082379046e-12
2.220446049250313081e-16
0.000000000000000000e+00
5.551115123125782702e-17
1.991184994665218255e-13
2.291434819667870215e-10
8.512701099583352971e-10
1.487526768428892865e-11
5.689893001203927270e-14
2.109423746787797427e-15
2.553512956637860043e-15
5.551115123125782702e-14
8.801404050018390990e-12
5.590369112074000668e-09
4.679999689616298753e-06
1.307588608998211388e-03
2.361011224932207941e-02
1.173775026766432639e-02
1.276105968763263654e-04
1.351413926875544291e-07
1.786980008411376275e-10
2.919608999008005412e-12
8.610334667480401549e-13
9.485745522397337481e-13
6.493139359520228027e-13
1.939004512507835898e-13
6.761258219967203331e-14
5.817568649035820272e-14
1.285638262515931274e-13
9.947598300641402602e-13
7.212641595089053226e-11
2.577005358550543690e-07
3.691341162539940601e-02
9.999676004257542772e-01
9.999999991438318636e-01
9.999999999464386224e-01
9.999998850694044039e-01
4.812855480581387790e-01
1.141039901453311245e-08
1.598721155460225418e-14
1.110223024625156540e-16
7.216449660063517513e-16
6.072919944699606276e-14
6.719069745031447383e-13
1.673106098110110906e-13
7.160938508832259686e-15
4.773959005888173124e-15
4.716727008968746304e-12
9.071395113968705459e-06
9.982036840966130864e-01
9.999870377392587883e-01
4.568919851579944513e-02
1.456338700490955596e-02
9.965834454209772097e-01
1.263819898541648779e-01
1.395034662787786317e-07
1.370506930165049653e-08
3.955269123956384192e-05
7.336570753217501739e-01
9.986410688269988789e-01
9.178742931836352259e-01
6.839088661697578786e-05
2.405874943711694414e-10
8.698597397938101494e-13
5.143352410641455208e-11
6.847715743329985116e-07
6.293144273418205259e-04
1.620445557271588122e-04
2.570584950456478168e-08
9.227063557659676007e-13
9.992007221626408864e-16
1.665334536937734811e-16
1.831867990631508292e-15
3.071987109137808147e-13
4.167632905449636382e-10
1.467523087883559896e-06
2.451337559997102122e-03
2.011725492603422261e-01
2.947779222832486168e-01
7.309967484192991805e-03
5.198651772952977979e-06
2.403617471724572852e-09
1.242944636103970879e-11
1.512789893354238302e-12
9.772183062750627869e-13
5.562217353372034268e-13
2.399191956214963284e-13
1.820765760385256726e-13
4.010125564946065424e-13
9.947598300641402602e-13
2.767064355424508904e-12
2.251093755845090527e-11
4.340672876690376825e-09
3.799944101445795752e-05
8.531033480011123160e-01
9.999969786695739327e-01
9.999999926258711369e-01
9.999998738727856606e-01
9.842968866206149858e-01
3.472237032953184865e-06
2.464584092365385004e-12
3.552713678800500929e-15
1.604272270583351201e-14
1.725508624872418295e-12
2.468630855290143700e-11
3.297639938892871214e-12
5.723199691942681966e-14
2.564615186884111608e-14
8.147610364162005681e-11
1.554583140119303319e-03
9.999994952093396172e-01
9.999999986264771490e-01
9.915211956082156108e-01
9.923958555830075801e-01
9.999999282486411456e-01
9.984598070287482585e-01
5.867590195773875195e-06
2.670298809848148380e-08
1.608854707448315047e-04
9.988568388895364691e-01
9.999999799630708841e-01
9.999999675089799034e-01
9.980162760778290565e-01
1.022999907933808128e-03
3.293251850777778600e-06
3.815837655959941621e-04
8.683369224206283210e-01
9.989108188105604302e-01
8.255158791118286654e-01
7.612549821511827020e-06
5.965838933974509928e-12
6.106226635438360972e-16
5.551115123125782702e-17
8.881784197001252323e-16
6.224465387560940144e-13
3.372147283631221626e-09
3.448995358390494204e-05
9.184179515371176938e-02
9.635758429751892784e-01
9.916023052138154270e-01
8.252767904026893087e-01
3.427089257340310002e-03
5.631187754429056724e-07
4.299546829678035920e-10
5.758116206067143139e-12
7.638334409421076998e-13
2.587374758888927317e-13
3.106959134413500578e-13
1.714461905777397988e-12
2.356020933902414072e-11
7.212641595089053226e-11
2.251093755845090527e-11
2.664923837158994502e-12
2.849775970759083066e-12
1.483038136740333357e-10
4.443151931932121101e-07
1.089878625499718368e-02
9.908864230777620907e-01
9.997022033490503556e-01
9.665788497437951543e-01
2.101352039868831234e-04
9.801359723837776983e-10
1.039168751049146522e-12
1.861122367330381167e-12
8.475958823694895727e-11
5.612975084723359487e-10
2.470279536481712057e-11
1.107447467063593649e-13
1.287858708565181587e-14
1.352318257374918176e-11
1.699925918277611636e-04
9.999969020846319889e-01
9.999999966845285471e-01
9.898902875117945310e-01
9.999674336359452020e-01
9.999999999503490500e-01
9.999972257895484162e-01
1.279279322241033690e-04
1.449515785179045224e-08
1.385564649536430437e-05
9.955974663544246983e-01
9.999999965653751932e-01
9.999999998052637729e-01
9.999988309023368771e-01
8.991244446807137303e-01
9.722386965138207771e-02
9.676438941876417399e-01
9.999952273861181240e-01
9.999995994445280978e-01
9.976840876729723417e-01
5.031050914522383621e-05
8.937683926291128955e-12
1.332267629550187849e-15
4.996003610813204432e-16
1.131872373605347093e-13
8.956210773014561255e-10
1.933644314344729054e-05
1.635886230624605808e-01
9.970976491046814605e-01
9.999842487531943602e-01
9.999981538633838651e-01
9.999842819629845003e-01
9.848801577739392243e-01
3.144398787613300605e-03
1.881773766254646318e-07
1.099335067422657630e-10
1.144584427237305135e-12
1.895705814547454793e-13
1.014910377961086851e-12
1.513766889615908440e-10
4.119813140635031345e-08
2.577005358550543690e-07
4.340672876690376825e-09
2.849775970759083066e-12
7.716050021144837956e-15
2.498001805406602216e-15
1.555422457499844313e-13
7.234650101217710016e-10
2.646878533035801340e-05
1.094092335149549622e-01
5.178439460109253156e-01
4.505629561575685837e-03
6.115109700832732642e-07
8.577809573750982963e-10
2.942008303641330258e-10
1.823775075404654444e-09
2.184777858627029445e-09
2.669048315695476958e-11
2.919886554764161701e-14
4.996003610813204432e-16
3.058664432842306269e-14
2.519772007714138340e-08
8.728367817450295441e-01
9.999268176673398179e-01
5.514634571253712592e-02
9.999974442102457228e-01
9.999999999992613686e-01
9.999999728371096186e-01
2.324237585485222635e-03
5.686883963740285708e-09
8.601953199738332501e-08
7.759116700248958054e-02
9.999886581490031734e-01
9.999998962581464479e-01
9.999676317853622987e-01
8.661727154658593886e-01
4.415663875399781224e-01
9.982804737797887906e-01
9.999994703157903952e-01
9.999997534153639567e-01
9.943748957488698359e-01
2.750584599109373585e-05
3.847616669716558135e-11
1.518785097687214147e-13
2.025879464184754397e-12
1.213244699149740313e-08
6.215154892722507540e-04
9.370658384334590307e-01
9.999453513330116561e-01
9.999996584773644948e-01
9.999999929423499800e-01
9.999999994543227189e-01
9.999999987001709778e-01
9.999995150436324920e-01
9.843177511781573408e-01
3.567214484043179645e-04
8.377052274077811944e-09
5.843492356660817677e-12
5.618283616115604673e-13
2.580347047143050077e-11
2.426338389649451699e-07
2.637062661450972900e-03
3.691341162539862886e-02
3.799944101445795752e-05
1.483038136740333357e-10
2.498001805406602216e-15
0.000000000000000000e+00
5.551115123125782702e-17
4.979350265443827084e-14
2.174969204737919881e-09
1.840163572132125225e-04
1.869057607811386856e-01
1.649235767455312085e-01
4.586585878602056354e-04
5.643710320191175356e-07
1.601515547955401075e-08
6.063338275907881325e-09
7.883620423143611333e-10
3.035571793930103013e-12
1.165734175856414367e-15
0.000000000000000000e+00
0.000000000000000000e+00
3.215205879314453341e-13
6.578925422051629113e-06
2.642746415603008936e-02
3.182593781236864316e-06
9.999994310330925229e-01
9.999999999999764633e-01
9.999999998441151394e-01
2.659097948607571094e-01
4.203674003333546239e-08
3.995818453894628419e-09
2.272202532060951796e-05
5.635965525904141904e-01
9.914183078212905897e-01
7.625699946241448757e-01
1.349042593993343697e-02
2.275169160782841704e-02
9.816880161097502056e-01
9.999937249979720111e-01
9.999962530841270958e-01
9.765697448067596209e-01
1.443970084674117693e-04
1.687845779807517488e-08
5.026982941025437412e-09
2.376961226069340682e-06
8.214370245812679938e-02
9.997302104265108902e-01
9.999997963398552514e-01
9.999999902416736308e-01
9.999999964999980451e-01
9.999999993018261479e-01
9.999999999470345902e-01
9.999999999790880612e-01
9.999999988630675629e-01
9.999821590376036795e-01
1.117898943539673562e-01
5.024051664692663621e-07
8.785000504829554302e-11
1.090122436764318081e-11
5.238389777506569089e-09
1.888616428846856543e-03
9.985361362114115735e-01
9.999676004257542772e-01
8.531033480011140924e-01
4.443151931932121101e-07
1.555422457499844313e-13
5.551115123125782702e-17
5.551115123125782702e-17
1.088018564132653410e-14
2.572453361437965214e-10
4.461419467660654448e-05
3.586296379914089005e-01
8.927778029201470789e-01
6.129235796638987654e-02
3.329518938072206780e-05
6.896552751101125978e-08
1.828136919623801759e-09
3.176492402445774133e-11
5.745404152435185097e-14
0.000000000000000000e+00
0.000000000000000000e+00
0.000000000000000000e+00
1.110223024625156540e-16
5.333077313096623584e-10
3.677799628953870581e-06
4.490819272007229301e-09
9.999998288459098772e-01
9.999999999999993339e-01
9.999999999997342126e-01
9.991074023693543582e-01
5.302068807466753242e-05
1.241417522113152927e-07
4.691305615200924706e-06
3.450034584534245052e-03
4.486449934389358241e-02
2.905504009093451412e-03
1.515242418088091902e-04
2.477016970951817498e-03
9.437948283754402645e-01
9.999862669708506902e-01
9.999973793107184150e-01
9.989585005922300143e-01
1.622937861614578425e-01
1.263766523217024762e-03
5.343103537775117928e-03
8.647725546570848021e-01
9.999864450264083215e-01
9.999999955732955526e-01
9.999999998236422938e-01
9.999999990217307566e-01
9.999999574895028776e-01
9.999998110132914952e-01
9.999999706737132676e-01
9.999999975461280055e-01
9.999999901208402875e-01
9.999844462957501179e-01
3.465753971947316270e-01
3.948251948937553379e-06
1.368847868388201050e-09
5.333469221824316264e-10
1.228759717197824841e-06
7.416880601330164691e-01
9.999998330690953452e-01
9.999999991438318636e-01
9.999969786695739327e-01
1.089878625499723919e-02
7.234650101217710016e-10
4.979350265443827084e-14
1.088018564132653410e-14
8.910094884129193815e-13
4.847899304216696237e-09
1.791676888676652091e-04
4.809936802803981837e-01
9.076818083112471180e-01
5.745599032130055406e-02
1.449852439722176811e-05
7.964296999674047584e-09
4.955608146062218111e-11
3.060329767379244004e-13
4.996003610813204432e-16
0.000000000000000000e+00
0.000000000000000000e+00
0.000000000000000000e+00
5.551115123125782702e-17
4.305728551479148791e-10
4.218350419360472614e-06
6.051885659275058060e-09
9.999998578808328986e-01
1.000000000000000000e+00
9.999999999999991118e-01
9.999999310833953547e-01
8.290664796666636915e-01
4.394817696643793514e-03
7.229823004280433452e-03
8.615849674704306738e-02
6.848881324540673221e-02
2.281395010079900754e-03
4.317963517656564498e-04
3.943608723469005373e-02
9.988926937276071394e-01
9.999998763111933586e-01
9.999999940378100360e-01
9.999998079413980889e-01
9.999371439872399847e-01
9.970992843405193096e-01
9.973291080689234978e-01
9.999410745411383417e-01
9.999998631032125385e-01
9.999999993137209664e-01
9.999999997397954754e-01
9.999999772998491299e-01
9.999687778167464236e-01
9.950118440979335288e-01
9.940387742655364400e-01
9.996181391930140103e-01
9.998130132971753126e-01
9.845861793353046787e-01
1.099124905782516981e-02
1.595092088080285464e-06
6.447370415330055948e-09
9.914258525256514076e-09
1.682529570579127665e-05
9.256198443348719884e-01
9.999999358583293585e-01
9.999999999464386224e-01
9.999999926258711369e-01
9.908864230777623128e-01
2.646878533035801340e-05
2.174969204737919881e-09
2.572453361437965214e-10
4.847899304216696237e-09
1.229317524498174663e-06
5.718989911281391336e-04
4.143758745827186285e-02
2.666043420029723388e-02
9.078805507156673116e-05
3.236919632332302399e-08
3.597899755902744801e-11
2.741140647799511498e-13
2.164934898019055254e-15
0.000000000000000000e+00
0.000000000000000000e+00
0.000000000000000000e+00
0.000000000000000000e+00
2.925437669887287484e-14
2.845525825745376380e-06
2.585747648871583593e-02
4.695150205680231892e-06
9.999984890425839268e-01
9.999999999999995559e-01
9.999999999999998890e-01
9.999999999312814136e-01
9.999979542140775557e-01
9.997602190595971106e-01
9.995949695453736350e-01
9.992017320048089957e-01
9.681293547698630597e-01
1.359000636756008684e-01
3.755524067226900797e-02
9.455914491640327046e-01
9.999991204513949405e-01
9.999999999564557207e-01
9.999999999988937738e-01
9.999999999845761156e-01
9.999999932297209959e-01
9.999963562812308471e-01
9.995962167012651944e-01
9.983247427982870903e-01
9.998804458376113757e-01
9.999991368074895304e-01
9.999999440890992020e-01
9.999985678029996716e-01
9.938909089593159774e-01
4.251941955203847323e-02
1.455598000578206541e-03
4.119689182183638998e-03
1.318636372299525350e-02
1.525958529947357700e-03
8.688139988832777050e-06
5.157932736477022218e-08
3.342339238709968186e-09
9.410968226930549463e-09
1.698445640962997771e-06
2.636170325290437821e-02
9.995786431335873523e-01
9.999998850694044039e-01
9.999998738727856606e-01
9.997022033490503556e-01
1.094092335149556283e-01
1.840163572132125225e-04
4.461419467660654448e-05
1.791676888676652091e-04
5.718989911281391336e-04
4.703734851365104497e-04
7.094457945427956602e-05
1.140911165764535440e-06
2.718347380525898416e-09
5.055289520328187791e-12
4.635181127810028556e-14
1.498801083243961330e-15
5.551115123125782702e-17
0.000000000000000000e+00
0.000000000000000000e+00
0.000000000000000000e+00
5.551115123125782702e-17
7.421671610607916136e-10
4.687534606739005016e-01
9.997715151710957482e-01
3.218439765522662643e-02
9.987218812294553771e-01
9.999999999988995469e-01
9.999999999999726885e-01
9.999999999583262245e-01
9.999999972395972048e-01
9.999999946388925531e-01
9.999999951691548317e-01
9.999999150367994138e-01
9.998910136512881852e-01
8.071389303918805602e-01
3.191112366949126478e-01
9.980624731624676560e-01
9.999999906603174171e-01
9.999999999997561950e-01
9.999999999999897859e-01
9.999999999994271249e-01
9.999999963555009641e-01
9.998756009008255008e-01
3.024598739716727325e-01
1.726357141328960232e-03
1.045837882953171150e-02
9.663126034778450890e-01
9.999826747231987945e-01
9.999914302313684944e-01
9.881591285584115925e-01
3.402398977986831330e-03
4.316289087424873827e-06
6.484791844063586552e-07
5.546403470391148005e-07
1.097294514140756405e-07
5.867794194980291422e-09
5.776805145352170712e-10
2.848719593551152229e-10
5.600314101350534202e-10
3.534895876011745486e-09
2.912089966944364505e-07
3.769869663009517424e-04
4.812855480581423318e-01
9.842968866206149858e-01
9.665788497437955984e-01
5.178439460109253156e-01
1.869057607811397403e-01
3.586296379914024057e-01
4.809936802804052891e-01
4.143758745827103018e-02
7.094457945427956602e-05
3.685369520667336474e-08
3.629890832357318686e-11
1.264544025048053300e-13
2.109423746787797427e-15
1.665334536937734811e-16
5.551115123125782702e-17
0.000000000000000000e+00
0.000000000000000000e+00
0.000000000000000000e+00
0.000000000000000000e+00
5.573319583618285833e-14
4.988956867957305974e-06
9.999293775324546996e-01
9.999999446844869411e-01
9.177742601985257043e-01
6.750242439037601461e-03
9.999969434953905889e-01
9.999999846223009969e-01
9.999999104784161874e-01
9.999999912824903969e-01
9.999999998819384395e-01
9.999999999845721188e-01
9.999999992324544174e-01
9.999836889775417514e-01
6.066335249833753052e-01
3.308121584455381292e-02
9.657590278567986797e-01
9.999998942971158877e-01
9.999999999970540232e-01
9.999999999996183053e-01
9.999999997114554784e-01
9.999526155323024135e-01
2.536292897440428629e-02
2.939642751442761437e-07
1.940036353786922518e-09
1.888197136978853052e-07
2.916014037185082897e-02
9.998324478976190477e-01
9.999968880973537644e-01
9.989056217403815552e-01
1.889913819881006152e-02
3.407870339700025397e-06
4.230077210731764126e-08
4.688563870480777496e-09
3.837529183314813963e-10
3.561800854257057836e-11
1.200428645375950509e-11
1.384653502967125860e-11
1.162853147107512086e-11
4.529820962773101201e-12
3.620437283302635478e-12
5.147254844573012633e-11
1.141039901453311245e-08
3.472237032953184865e-06
2.101352039868831234e-04
4.505629561575685837e-03
1.649235767455312085e-01
8.927778029201470789e-01
9.076818083112458968e-01
2.666043420029706734e-02
1.140911165764535440e-06
3.629890832357318686e-11
1.709743457922741072e-14
1.665334536937734811e-16
0.000000000000000000e+00
0.000000000000000000e+00
0.000000000000000000e+00
0.000000000000000000e+00
0.000000000000000000e+00
0.000000000000000000e+00
3.330669073875469621e-16
2.081806949050246658e-11
5.199295484956678592e-04
9.999920924353846718e-01
9.999999273183062254e-01
7.349096419179019790e-01
1.830084972453960290e-09
1.569159730348046455e-03
4.210200124788662235e-01
9.523468351921502428e-01
9.999852461502147793e-01
9.999999985960666971e-01
9.999999999921773686e-01
9.999999997605282243e-01
9.999757613449912208e-01
5.208521091285006621e-02
7.397418291499313625e-05
6.602237027780843981e-03
9.988255127678755674e-01
9.999999264129171284e-01
9.999999678372133438e-01
9.998079331399334357e-01
5.871538947842702694e-03
9.733050143623245276e-09
2.577604796272225940e-12
2.877864613282099526e-12
4.199864928056129543e-08
1.143406281973407546e-01
9.999765330869976321e-01
9.999991985409806272e-01
9.995976806641964085e-01
7.170717829376799246e-02
1.846310499181713638e-05
1.489271101995370827e-07
4.693650523801551344e-09
9.509171228216928284e-11
3.559708083855639416e-12
9.348632978856130649e-13
1.140476602046192056e-12
6.492584248007915448e-13
6.306066779870889150e-14
3.330669073875469621e-15
1.443289932012703503e-15
1.598721155460225418e-14
2.464584092365385004e-12
9.801359723837776983e-10
6.115109700832732642e-07
4.586585878602056354e-04
6.129235796638865530e-02
5.745599032130055406e-02
9.078805507156673116e-05
2.718347380525898416e-09
1.264544025048053300e-13
1.665334536937734811e-16
0.000000000000000000e+00
0.000000000000000000e+00
0.000000000000000000e+00
0.000000000000000000e+00
0.000000000000000000e+00
5.551115123125782702e-17
1.054711873393898713e-15
2.876587856803780596e-13
4.819771526332061740e-09
1.632219997766359842e-03
9.988940187695286577e-01
9.994856826710515341e-01
4.193669340803451995e-04
1.165734175856414367e-15
2.676459054384849878e-11
1.337564409231717377e-08
1.713624056515206107e-05
8.483887354147332527e-01
9.999998388153361617e-01
9.999999999784464633e-01
9.999999999081046198e-01
9.999868227372399332e-01
8.643281472547947875e-03
2.953805470218284768e-07
5.737838152941598935e-07
3.833786744577627470e-03
9.300882541642605528e-01
9.413492391490376754e-01
2.079940854329720423e-03
5.449890039255222973e-09
2.719491298819320946e-13
4.135580766728708113e-14
8.042189136858723941e-11
1.108550284323883695e-04
9.960135121386779478e-01
9.999988103087018576e-01
9.999949816541950920e-01
9.788490732981414144e-01
5.462577958441072745e-03
2.510135058958473664e-05
2.416623542000895242e-06
1.516125504585907890e-07
1.150303574615207935e-09
7.409461932894600977e-12
4.039546475098632072e-13
2.239874952181253320e-13
1.288413820077494165e-13
1.598721155460225418e-14
5.551115123125782702e-16
5.551115123125782702e-17
1.110223024625156540e-16
3.552713678800500929e-15
1.039168751049146522e-12
8.577809573750982963e-10
5.643710320191175356e-07
3.329518938072206780e-05
1.449852439722176811e-05
3.236919632332302399e-08
5.055289520328187791e-12
2.109423746787797427e-15
0.000000000000000000e+00
0.000000000000000000e+00
0.000000000000000000e+00
0.000000000000000000e+00
0.000000000000000000e+00
0.000000000000000000e+00
4.996003610813204432e-16
2.273736754432320595e-13
5.596960117593141604e-10
2.571724739497405210e-06
3.857790709306474497e-03
3.497285024560177757e-01
5.349580567557077337e-03
1.262870141793825951e-09
0.000000000000000000e+00
1.110223024625156540e-16
6.744604874597825983e-14
6.674116814764374794e-10
2.237974660481534261e-03
9.999846180202558443e-01
9.999999999224109537e-01
9.999999999774926707e-01
9.999985611848748457e-01
2.233975070372506977e-02
2.277609340017860973e-08
5.044237250118044358e-10
5.910992656454894245e-08
2.530141739387481437e-05
3.193031006659685644e-05
2.196406945209616879e-08
1.052768983100804689e-12
6.050715484207103145e-15
5.521139101460903476e-13
3.680487665191911617e-07
7.926610485389743443e-01
9.999949764614681769e-01
9.999975832805958476e-01
9.924046431274574642e-01
3.555801342128794840e-03
7.051387752643467621e-06
8.799983024887492178e-06
1.590924235390644981e-04
1.851942328300326679e-04
1.183251544967234281e-06
6.599478741264874770e-10
1.664446358518034685e-12
1.361688539702754497e-13
5.756506382681436662e-14
1.759703494030873117e-14
2.053912595556539600e-15
4.440892098500626162e-16
7.216449660063517513e-16
1.604272270583351201e-14
1.861122367330381167e-12
2.942008303641330258e-10
1.601515547955401075e-08
6.896552751101125978e-08
7.964296999674047584e-09
3.597899755902744801e-11
4.635181127810028556e-14
1.665334536937734811e-16
0.000000000000000000e+00
0.000000000000000000e+00
0.000000000000000000e+00
0.000000000000000000e+00
0.000000000000000000e+00
0.000000000000000000e+00
6.661338147750939243e-16
9.359846231404844730e-12
6.868032739193452585e-07
4.998631869569780672e-03
1.314024410911722729e-01
9.564367939807194574e-03
3.580052656548815548e-07
3.214095656289828185e-14
0.000000000000000000e+00
0.000000000000000000e+00
2.775557561562891351e-16
2.479239036290437070e-12
8.785485252127411826e-06
9.981475225938901685e-01
9.999999980923384157e-01
9.999999999348998525e-01
9.999993273238196867e-01
7.112576300327383416e-02
1.406046079566181106e-08
8.761213976526960323e-12
2.069705518081832452e-11
8.950066798796285639e-10
1.525565618276658597e-09
1.208777522521131687e-11
2.375877272697834997e-14
9.547918011776346248e-15
5.816341852593609474e-11
3.987681413646360085e-04
9.991024586401699992e-01
9.999954319296953109e-01
9.973462559540395844e-01
7.401262048785106629e-04
1.756024187171689732e-08
2.839947554900135174e-09
3.654121298102275261e-06
5.434172323568459140e-02
8.506896322785817421e-01
7.471325751719037900e-02
2.913433846618573853e-06
1.085004308620796110e-10
2.407518628899651958e-13
2.930988785010413267e-14
1.537658889105841808e-14
9.547918011776346248e-15
1.060262988517024496e-14
6.072919944699606276e-14
1.725508624872418295e-12
8.475958823694895727e-11
1.823775075404654444e-09
6.063338275907881325e-09
1.828136919623801759e-09
4.955608146062218111e-11
2.741140647799511498e-13
1.498801083243961330e-15
5.551115123125782702e-17
0.000000000000000000e+00
0.000000000000000000e+00
0.000000000000000000e+00
0.000000000000000000e+00
0.000000000000000000e+00
0.000000000000000000e+00
4.440892098500626162e-16
1.494561141512917857e-10
3.890503632149600044e-04
9.477435985425626264e-01
9.897307161833330813e-01
4.967791059139886611e-02
1.979283520414654163e-08
2.775557561562891351e-16
0.000000000000000000e+00
0.000000000000000000e+00
2.220446049250313081e-16
3.174127627403322549e-13
9.473415357730274877e-08
3.760902389089333941e-01
9.999965528859399155e-01
9.999999544387279116e-01
9.999613364456236830e-01
1.502482044787967208e-02
7.286283520979708328e-09
1.082911538219377690e-12
1.595945597898662527e-13
7.319145289841344493e-13
1.244726544058494255e-12
9.364731212713195418e-14
5.440092820663267048e-15
4.063416270128072938e-14
9.756124241810937292e-10
2.142339274239235536e-03
9.928490058304717536e-01
9.933848943369252282e-01
3.219773448917495617e-03
1.689459072640175918e-09
3.476663401613677706e-13
7.949696456677202150e-12
4.693627630947272422e-06
9.706607569237551969e-01
9.999961664701810804e-01
9.999378771250723164e-01
5.913397831137268135e-02
3.652647656560148448e-08
1.207423050431088996e-12
1.365574320288942545e-14
4.996003610813204432e-15
8.992806499463767977e-15
4.035660694512444024e-14
6.719069745031447383e-13
2.468630855290143700e-11
5.612975084723359487e-10
2.184777858627029445e-09
7.883620423143611333e-10
3.176492402445774133e-11
3.060329767379244004e-13
2.164934898019055254e-15
5.551115123125782702e-17
0.000000000000000000e+00
0.000000000000000000e+00
0.000000000000000000e+00
0.000000000000000000e+00
0.000000000000000000e+00
0.000000000000000000e+00
0.000000000000000000e+00
3.275157922644211794e-15
5.512435563570505792e-09
7.148545299882902437e-02
9.998931764462669625e-01
9.999635392263621636e-01
7.450686636196376389e-01
1.149963954616417539e-07
4.996003610813204432e-16
0.000000000000000000e+00
2.775557561562891351e-16
1.459943277382080851e-14
6.909472993754661729e-13
2.382625652330716548e-09
1.507219067545806368e-04
7.816586365590660890e-01
9.954827250658213611e-01
7.936293533773847164e-01
1.376395459565804558e-04
1.655142911616280799e-09
5.268008251846367784e-13
1.870725796493388771e-14
1.287858708565181587e-14
1.243449787580175325e-14
3.941291737419305719e-15
2.664535259100375697e-15
1.032507412901395583e-13
1.133962035382296563e-09
9.194035750859086420e-05
5.881186780735359054e-02
2.076118273858618135e-03
1.952878359023912935e-08
8.715250743307478842e-14
6.106226635438360972e-16
5.963007865261715779e-13
7.726528318929837269e-06
9.990926425650485942e-01
9.999999911548564935e-01
9.999999682202911355e-01
9.880462877310914882e-01
3.923930091576099954e-06
5.322742246960388002e-12
4.718447854656915297e-15
6.661338147750939243e-16
1.332267629550187849e-15
9.769962616701377556e-15
1.673106098110110906e-13
3.297639938892871214e-12
2.470279536481712057e-11
2.669048315695476958e-11
3.035571793930103013e-12
5.745404152435185097e-14
4.996003610813204432e-16
0.000000000000000000e+00
0.000000000000000000e+00
0.000000000000000000e+00
0.000000000000000000e+00
5.551115123125782702e-17
4.996003610813204432e-16
6.661338147750939243e-16
4.440892098500626162e-16
3.275157922644211794e-15
7.359335363332775160e-12
3.845353066578294232e-06
8.574141557813388381e-01
9.999800239691144510e-01
9.999720475036542044e-01
8.124072457106993328e-01
3.766550675243784951e-07
2.609024107869117870e-15
1.110223024625156540e-15
1.618138956160919406e-11
2.237603435872870250e-10
9.227657526977850466e-11
5.976383277150887352e-10
7.855919703647629149e-08
2.331312745823543864e-05
5.628943044464485013e-04
1.264196028509800840e-04
5.091001886725621262e-07
4.754737714662837789e-10
1.342204125620583000e-12
3.369526879737350100e-14
5.273559366969493567e-15
2.164934898019055254e-15
1.387778780781445676e-15
3.885780586188047891e-15
2.253197628476755199e-13
3.119023372910589842e-10
4.593840641220481302e-07
5.693024266117951981e-06
4.571812495246518893e-08
3.123723502085340442e-12
7.771561172376095783e-16
2.220446049250313081e-16
6.997180612700049096e-13
4.645013543080889207e-06
9.941675984500869534e-01
9.999999264389591858e-01
9.999999027501060844e-01
9.917256862867420697e-01
9.555509290215535856e-06
6.440070698943145544e-12
1.221245327087672194e-15
5.551115123125782702e-17
5.551115123125782702e-17
5.551115123125782702e-16
7.160938508832259686e-15
5.723199691942681966e-14
1.107447467063593649e-13
2.919886554764161701e-14
1.165734175856414367e-15
0.000000000000000000e+00
0.000000000000000000e+00
0.000000000000000000e+00
0.000000000000000000e+00
0.000000000000000000e+00
0.000000000000000000e+00
1.054711873393898713e-15
2.273736754432320595e-13
9.359846231404844730e-12
1.494561141512917857e-10
5.512435563570505792e-09
3.845353066578294232e-06
1.892941433325268097e-02
9.784058556287986708e-01
9.988459198469604727e-01
9.763180824801487301e-01
1.386301506662146465e-02
3.447853025306812924e-08
2.942091015256664832e-15
1.033910512759916855e-09
4.889432167999863132e-04
1.645506217980374775e-03
2.088392589416621092e-06
9.086079055808937710e-09
1.122854698110131721e-09
2.534664145237286448e-09
1.553228973216747022e-08
2.982201946499785095e-08
8.895673753173127807e-09
5.834184246822360365e-10
1.971073304574133545e-11
6.825096043883149832e-13
4.346523141407487856e-14
8.215650382226158399e-15
6.550315845288423588e-15
2.930988785010413267e-14
8.372191828698305471e-13
6.987488365695071479e-11
1.967521590096055206e-09
1.281314443435377370e-09
1.142591576908102979e-11
1.859623566247137205e-14
3.330669073875469621e-16
1.221245327087672194e-15
1.970590357558421601e-12
3.489834229375432528e-07
1.151119631819951805e-01
9.985051560435094231e-01
9.984384400871160192e-01
1.285579163011208448e-01
3.113294456125181853e-07
1.416311512514312199e-12
3.330669073875469621e-16
0.000000000000000000e+00
0.000000000000000000e+00
2.220446049250313081e-16
4.773959005888173124e-15
2.564615186884111608e-14
1.287858708565181587e-14
4.996003610813204432e-16
0.000000000000000000e+00
0.000000000000000000e+00
0.000000000000000000e+00
0.000000000000000000e+00
0.000000000000000000e+00
0.000000000000000000e+00
3.330669073875469621e-16
2.876587856803780596e-13
5.596960117593141604e-10
6.868032739193452585e-07
3.890503632149600044e-04
7.148545299883141135e-02
8.574141557813423908e-01
9.784058556287990038e-01
9.372014720462092940e-01
1.621673559626353178e-01
5.345561960526379330e-04
1.757033553484443900e-06
3.452838015505221847e-10
1.165734175856414367e-15
5.912572886102029912e-03
9.999940160555129687e-01
9.999958842176772666e-01
5.017918374184714425e-01
4.100321212618940336e-06
6.477708369700962976e-10
1.586486497728856193e-11
2.269612275895838138e-11
2.012682243091035161e-10
1.559222195801623911e-09
3.003601034556879767e-09
9.257631328196680442e-10
6.122541362785227648e-11
2.427447132191673518e-12
2.425837308805967041e-13
1.552646899938281422e-13
5.472844399889709166e-13
4.529765451621869943e-12
2.597866366471635047e-11
3.030881101651061726e-11
3.134492665424204461e-12
6.289413434501511801e-14
1.831867990631508292e-15
8.326672684688674053e-16
1.243449787580175325e-14
3.407663040633224227e-12
5.213504294943049899e-09
6.153895862892611035e-06
6.965348750532229793e-04
7.730509722061462696e-04
6.621954795782425407e-06
2.018762546018848525e-09
3.613220833642571961e-13
4.440892098500626162e-16
0.000000000000000000e+00
1.110223024625156540e-16
2.009503674571533338e-14
4.716727008968746304e-12
8.147610364162005681e-11
1.352318257374918176e-11
3.058664432842306269e-14
0.000000000000000000e+00
0.000000000000000000e+00
0.000000000000000000e+00
0.000000000000000000e+00
5.551115123125782702e-17
5.573319583618285833e-14
2.081806949050246658e-11
4.819771526332061740e-09
2.571724739497405210e-06
4.998631869569725161e-03
9.477435985425619602e-01
9.998931764462669625e-01
9.999800239691144510e-01
9.988459198469604727e-01
1.621673559626343186e-01
1.971127152045060171e-05
1.916252950762142859e-08
1.142335614989775650e-09
1.233640967157612067e-11
8.881784197001252323e-16
9.984635179999035159e-01
9.999999999973485654e-01
9.999999999975610621e-01
9.999737399027227580e-01
1.398391546406085872e-03
1.849399688946817832e-09
1.645183989040788219e-12
7.198686091669515008e-13
1.581407227391196102e-11
1.040291852660857330e-09
2.052850017753016232e-08
3.655677333069817792e-08
5.267067448855300427e-09
2.232056206530330655e-10
1.783179159886572052e-11
8.880562951674164651e-12
1.832484164410175254e-11
4.528255548308379730e-11
3.244959856374407536e-11
5.018097049003245047e-12
2.127187315181799931e-13
8.937295348232510150e-15
1.887379141862766119e-15
4.718447854656915297e-15
8.731904088676856190e-14
2.796873843635694357e-12
5.666345170851627699e-11
6.277767750084706222e-10
3.491788358456204833e-09
7.189935258278268293e-09
2.893072004184205070e-09
1.486611389545089423e-10
1.275091143781992287e-12
1.276756478318930021e-14
2.720046410331633524e-15
1.307287611496121826e-13
7.375716148949607032e-10
9.071395113968705459e-06
1.554583140119358831e-03
1.699925918278166748e-04
2.519772007714138340e-08
3.215205879314453341e-13
1.110223024625156540e-16
5.551115123125782702e-17
2.925437669887287484e-14
7.421671610607916136e-10
4.988956868012817125e-06
5.199295484956678592e-04
1.632219997766415354e-03
3.857790709306474497e-03
1.314024410911763252e-01
9.897307161833330813e-01
9.999635392263621636e-01
9.999720475036542044e-01
9.763180824801483970e-01
5.345561960526379330e-04
1.916252950762142859e-08
7.435191351490288980e-11
8.268341566974868329e-11
1.218813938663743102e-11
2.942091015256664832e-15
9.999175465639709159e-01
9.999999999999370504e-01
9.999999999999459321e-01
9.999988922121509916e-01
1.000640586014561739e-02
2.590166525706649736e-09
5.205835762467359018e-13
1.284528039491306117e-13
4.709732603913607818e-12
1.125138204827180743e-09
1.034055776005793348e-07
7.487961962704403618e-07
2.882259221848038067e-07
2.118321329458439095e-08
1.953758654860138222e-09
9.617922569482573181e-10
1.509481040162796717e-09
1.887866141192517944e-09
5.376699641068682922e-10
3.358735511937993579e-11
1.139421890172798157e-12
8.149037000748649007e-14
3.697042672001771280e-14
1.259548021437240095e-13
1.022071316469919111e-12
3.950395566221232002e-12
3.689382133131857699e-12
2.149669331430459351e-12
3.670008741352148718e-12
3.594408104490298683e-11
6.087360060469393375e-10
2.039601765257970101e-09
3.323152863998757311e-10
1.370409341561185101e-11
6.693756660069993814e-12
2.354981765151364925e-09
4.931617637718987979e-04
9.982036840966130864e-01
9.999994952093396172e-01
9.999969020846319889e-01
8.728367817450310984e-01
6.578925422051629113e-06
5.333077313096623584e-10
4.305728551479148791e-10
2.845525825745376380e-06
4.687534606739093279e-01
9.999293775324546996e-01
9.999920924353846718e-01
9.988940187695287687e-01
3.497285024560177757e-01
9.564367939807583152e-03
4.967791059140086452e-02
7.450686636196484081e-01
8.124072457107058831e-01
1.386301506662157568e-02
1.757033553484443900e-06
1.142335614989775650e-09
8.268341566974868329e-11
6.410589836747249137e-10
2.076770422299034635e-10
3.091971123581060965e-14
2.664119852723231263e-01
9.999999527416321143e-01
9.999999730122748343e-01
9.697497098127521031e-01
6.518619052764407229e-06
1.455319198484517074e-11
6.938893903907228378e-15
1.887379141862766119e-15
5.817568649035820272e-14
1.380917602489262208e-11
1.707179064780461886e-09
2.332817272687748300e-08
2.205652699371896119e-08
4.121734398232490548e-09
8.528357464676616928e-10
5.734292485293224217e-10
8.813019203302019378e-10
8.756028679890448529e-10
2.186252845426395197e-10
1.562078244532472127e-11
8.059108935754011327e-13
9.175993298526918807e-14
4.879430193227562995e-14
1.021960294167456595e-13
2.517985819849855034e-13
1.982858321980529581e-13
4.118927421359330765e-14
9.436895709313830594e-15
1.770805724277124682e-14
5.747069486972122832e-13
7.461575801670505825e-11
2.078136329686230965e-09
1.727053056121974350e-09
1.522259540642778575e-10
1.060187493351349985e-10
6.003666846998712003e-08
2.763090111462357390e-02
9.999870377392587883e-01
9.999999986264771490e-01
9.999999966845285471e-01
9.999268176673398179e-01
2.642746415603025589e-02
3.677799628953870581e-06
4.218350419360472614e-06
2.585747648871672411e-02
9.997715151710956372e-01
9.999999446844869411e-01
9.999999273183062254e-01
9.994856826710516451e-01
5.349580567556966315e-03
3.580052656548815548e-07
1.979283520414654163e-08
1.149963954616417539e-07
3.766550675243784951e-07
3.447853025306812924e-08
3.452838015505221847e-10
1.233640967157612067e-11
1.218813938663743102e-11
2.076770422299034635e-10
4.319911095507222853e-11
7.049916206369744032e-15
7.460970175010572802e-10
1.389731914209213492e-04
1.910224448061770275e-04
2.435890911200999653e-08
1.148470207823493183e-12
2.220446049250313081e-16
0.000000000000000000e+00
0.000000000000000000e+00
0.000000000000000000e+00
4.996003610813204432e-16
2.514655150775979564e-14
2.569056078982612235e-13
3.888556143749610783e-13
1.724731468755180686e-13
7.827072323607353610e-14
7.677192215282957477e-14
1.265654248072678456e-13
1.368904989362818014e-13
5.206945985491984175e-14
7.882583474838611437e-15
9.436895709313830594e-16
1.665334536937734811e-16
1.110223024625156540e-16
1.110223024625156540e-16
1.110223024625156540e-16
5.551115123125782702e-17
0.000000000000000000e+00
0.000000000000000000e+00
0.000000000000000000e+00
1.665334536937734811e-16
2.381428387820960779e-14
7.108758026674877328e-13
8.922862448912383115e-13
1.207922650792170316e-13
7.938094626069869264e-14
8.527456518692133614e-12
2.849940387572580391e-07
4.568919851579944513e-02
9.915211956082157219e-01
9.898902875117945310e-01
5.514634571253751449e-02
3.182593781236864316e-06
4.490819272007229301e-09
6.051885659275058060e-09
4.695150205680231892e-06
3.218439765522795870e-02
9.177742601985234838e-01
7.349096419178993145e-01
4.193669340803451995e-04
1.262870141793825951e-09
3.214095656289828185e-14
2.775557561562891351e-16
4.996003610813204432e-16
2.609024107869117870e-15
2.942091015256664832e-15
1.165734175856414367e-15
8.881784197001252323e-16
2.942091015256664832e-15
3.091971123581060965e-14
7.049916206369744032e-15
0.000000000000000000e+00
