1.837419105754634074e-13
2.389787662204767571e-08
9.539786367529501376e-07
1.682105293943081392e-08
5.033823358147060389e-11
1.207367539279857738e-13
2.164934898019055254e-15
4.996003610813204432e-16
7.216449660063517513e-16
1.831867990631508292e-15
4.052314039881821373e-15
9.048317650695025804e-15
4.418687638008123031e-14
8.587575095475585840e-13
9.393796851497882017e-11
3.345352728167938494e-08
2.795312482162248813e-05
2.875318458857339943e-02
9.656197762468364809e-01
9.998992309103427178e-01
9.999988453211370310e-01
9.999999331245065237e-01
9.999999767323441979e-01
9.999999125756676710e-01
9.999914522441371023e-01
9.836330703907729678e-01
1.143003846814732993e-02
3.939159408816728103e-05
1.510295388235105563e-05
1.701662823324068263e-04
5.981956098149998624e-04
1.327562808028925900e-05
1.823527051580953184e-09
2.091105066881482344e-13
1.604272270583351201e-14
9.490797037159381944e-12
2.231278541153791650e-06
1.017812310535746168e-01
8.946704875316521255e-01
1.289629924134203520e-01
3.987707735469969705e-05
1.944973970768870686e-08
2.677230437342359437e-09
9.314917948088918820e-08
2.256186942517501848e-05
7.685516864092134526e-05
1.686327575356472153e-07
1.433908547454620930e-12
0.000000000000000000e+00
0.000000000000000000e+00
0.000000000000000000e+00
0.000000000000000000e+00
2.609024107869117870e-15
3.652633751016765018e-14
8.437694987151189707e-14
3.120836922221315035e-13
5.467959418581358477e-12
1.570957253171911816e-10
1.529708915093408450e-09
3.216643618131342919e-11
9.992007221626408864e-16
2.389787662204767571e-08
1.612049991580712938e-01
9.706404743206963337e-01
1.290764294626169373e-01
6.426379242935320590e-05
2.307704077830763367e-08
9.373629650255566048e-11
9.175549209317068744e-12
8.486600311385927853e-12
1.195349375038290418e-11
1.186650777640352317e-11
1.161426510520868760e-11
4.317568524925263773e-11
1.465028154346015299e-09
5.175698265524886210e-07
5.991355026738198752e-04
4.914154251186047540e-01
9.992011824737687675e-01
9.999995752012876826e-01
9.999999998576988292e-01
9.999999999999495959e-01
1.000000000000000000e+00
1.000000000000000000e+00
1.000000000000000000e+00
9.999999999999187317e-01
9.999999802868415610e-01
9.937894390504383724e-01
5.891193858328747091e-02
3.240173353325448424e-02
7.464619278052933016e-01
9.927949889711988884e-01
9.565467304081277655e-01
7.837016140834207611e-03
1.201304221098986602e-06
1.066118054948717031e-07
1.074533852233883202e-04
9.785472627809198576e-01
9.999995334974713934e-01
9.999999833385175840e-01
9.999974455192426337e-01
9.870820318223876288e-01
9.037121686104793161e-02
1.404743926251882935e-01
9.939455134678207848e-01
9.999984308437150915e-01
9.999996263203632108e-01
9.974054547355148959e-01
3.473577923795989619e-05
1.056915666097779649e-11
8.215650382226158399e-15
6.689093723366568156e-14
6.651862394235763531e-11
2.995644043934930778e-08
2.387979024520703319e-07
2.111307315089128167e-07
7.524687422599818376e-07
5.813508192659133655e-05
1.382087792769681744e-02
3.332633701833256357e-01
1.165206426928133698e-03
2.318610303753132484e-10
9.539786367529501376e-07
9.706404743206966668e-01
9.998237751665512985e-01
9.522698325925880170e-01
5.396180854739529575e-03
1.235578676095361317e-06
3.139233040183597723e-09
1.883158073923141274e-10
8.740091983483466720e-11
5.036926431500887702e-11
1.616012879068762231e-11
4.754863169864620431e-12
6.306843935988126759e-12
1.262148718872424524e-10
2.945938071263753955e-08
1.433084249891081186e-05
3.063528236554202699e-03
2.734185112537104168e-01
9.919731777757345714e-01
9.999979030266351598e-01
9.999999999388899941e-01
9.999999999999976685e-01
1.000000000000000000e+00
1.000000000000000000e+00
9.999999999995666800e-01
9.999976777119707894e-01
7.190281796165409745e-02
6.219238846916219643e-06
3.997989424575632000e-06
1.989355026004946403e-03
7.583016931896342516e-01
9.866005382765875575e-01
8.710155098236653792e-01
6.867619783271278200e-02
3.404294801069823739e-02
8.760358049855205831e-01
9.999556113378214039e-01
9.999997350832040555e-01
9.999991939411592146e-01
9.996832612949504426e-01
8.407521592177289449e-01
3.661425443816215264e-01
9.866432412188266277e-01
9.999996490787392833e-01
9.999999999909000570e-01
9.999999999992955635e-01
9.999999942212185466e-01
9.097955360057664587e-01
3.078326872074654830e-06
5.673634839720165246e-09
9.823178781509511737e-08
9.212659160301450711e-05
1.168248571954189075e-02
1.116578971962373101e-02
1.021247052539919764e-03
1.124908989861395092e-03
1.521005622649463374e-01
9.952969612173090397e-01
9.999494501691256199e-01
9.559537728544176272e-01
1.932693670658736096e-07
1.682105293943081392e-08
1.290764294626161046e-01
9.522698325925873508e-01
1.184944808411076411e-01
1.082737966156543941e-04
7.040981081507524664e-08
2.877719729177385943e-10
1.448396957925979223e-11
4.419353771822898125e-12
1.793565296281940391e-12
3.839706330666103895e-13
6.017408793468348449e-14
2.975397705995419528e-14
1.786348846621876874e-13
9.084677454751499681e-12
6.212451109099959012e-10
7.506283039582228866e-09
2.323631226319733400e-08
2.446147496226735996e-07
1.823151238359854709e-04
9.361242311866571075e-01
9.999998169809969362e-01
9.999999999789919158e-01
9.999999999890212266e-01
9.999998893267554312e-01
4.749389469087920701e-01
6.131702695588714391e-08
1.878663891119458640e-12
6.239453398393379757e-13
4.519150054171916508e-10
1.108593630178011935e-05
8.250701234073815060e-02
9.692586670304768059e-01
9.982881694169829512e-01
9.997788707223467242e-01
9.999554050244465753e-01
9.999215446806296592e-01
9.911921042238154289e-01
4.705857165950738663e-02
4.399326268095249404e-05
2.175294559758622626e-06
3.404660164546546852e-05
1.486288250934258426e-01
9.999818778129689889e-01
9.999999998444648597e-01
9.999999999981401544e-01
9.999999993073864779e-01
9.998413610246787986e-01
8.653138973714241677e-02
1.905804395425980680e-03
3.064223816931949118e-02
8.051190349221968301e-01
9.536294939546645644e-01
3.996853022852104309e-01
3.479645135006370626e-03
6.348795955460340146e-04
4.898676322406253503e-02
9.877870100418333354e-01
9.999214120405038875e-01
9.407751212564009480e-01
1.451484994419161012e-07
5.033823358147060389e-11
6.426379242935320590e-05
5.396180854739307531e-03
1.082737966156543941e-04
3.668410529789056795e-07
7.937129842261470003e-10
6.228906279659440770e-12
4.036215806024756603e-13
1.785238623597251717e-13
1.712519015484303964e-13
1.039168751049146522e-13
2.992051051364796876e-14
1.104671909502030758e-14
2.209343819004061515e-14
2.592925874012053100e-13
3.290812067291426501e-12
6.893929871409909538e-12
2.550071265261522058e-12
2.222222406089713331e-12
1.241068359192354364e-10
2.099078264095055602e-06
5.028880281731595847e-01
9.999880502141964556e-01
9.999997759506639161e-01
9.999152181751185253e-01
7.023965111552898932e-03
5.691126458984285819e-10
4.829470157119430951e-15
3.330669073875469621e-16
1.077471445398714422e-13
9.825510072225540625e-09
5.327511040893517791e-03
9.990390560621456029e-01
9.999998619427129531e-01
9.999999978943329149e-01
9.999999876744952720e-01
9.999507040570654315e-01
4.259995322248610883e-02
9.398822825579244977e-08
2.150324363014988194e-11
4.742040093930199873e-12
4.063604452930746902e-10
2.496899986159650808e-06
2.195721322365534744e-01
9.999555627039067307e-01
9.999999317879103566e-01
9.999998098882904030e-01
9.999287142504282855e-01
9.824917754390762870e-01
9.379870504732759073e-01
9.913260625190218889e-01
9.985873729198291304e-01
9.919348832566152740e-01
2.290135206648246102e-01
1.940063302154348968e-04
4.665344506549207182e-06
6.245768957857666948e-05
3.441929388319664440e-02
8.625820240271667716e-01
2.774493603265321129e-02
2.030875911884777452e-09
1.207367539279857738e-13
2.307704077830763367e-08
1.235578676095361317e-06
7.040981081507524664e-08
7.937129842261470003e-10
5.019373805481563977e-12
7.699396675775460608e-14
9.769962616701377556e-15
1.393329895904571458e-14
8.265610418334290443e-14
3.457234498682737467e-13
3.263500580885647651e-13
1.200151089619794220e-13
7.821521208484227827e-14
2.051692149507289287e-13
8.277822871605167165e-13
9.491296637520463264e-13
1.801891968966629065e-13
3.319566843629218056e-14
1.229016888260048290e-13
9.062550709870720311e-11
7.869061343312999668e-06
6.751212995251285598e-01
9.998318931861642778e-01
9.995046685569441980e-01
4.233220766524192769e-02
1.079733136233329560e-08
3.913536161803676805e-14
4.996003610813204432e-16
4.574118861455644947e-14
3.275647586509222720e-09
7.370441872028621333e-03
9.999582064349682442e-01
9.999999996298207794e-01
9.999999999965396569e-01
9.999999997000013074e-01
9.998726843714387247e-01
2.776618195367008823e-04
9.452622018457645936e-11
2.292610545850948256e-14
5.218048215738235740e-15
8.892886427247503889e-14
2.331645987396768760e-11
7.664861667588951377e-08
9.256835330004875573e-04
6.485774427046513413e-01
9.785314413633319219e-01
9.696896351194317365e-01
9.302274312770129061e-01
9.603618546113935617e-01
9.871842629383440482e-01
9.785635585525828128e-01
4.858878807421548873e-01
7.416450981138633658e-04
2.432965439114198603e-07
1.638358559929997682e-09
2.783224151148289138e-09
2.820045676976690174e-07
2.760295926113043308e-05
7.873320457818522300e-07
1.549815831225487273e-12
2.164934898019055254e-15
9.373629650255566048e-11
3.139233040183597723e-09
2.877719729177385943e-10
6.228906279659440770e-12
7.699396675775460608e-14
2.609024107869117870e-15
1.221245327087672194e-15
1.165734175856414367e-14
6.349920589343582833e-13
1.658528869796782601e-11
3.466799070039883190e-11
8.225919945203941097e-12
1.510513936153756731e-12
9.596767824859853135e-13
1.521727188702470812e-12
1.312394637409397546e-12
2.381428387820960779e-13
1.881828026739640336e-14
6.106226635438360972e-15
1.135758154191535141e-13
6.206301583766560270e-10
2.084964937653643879e-04
9.727621945566518047e-01
9.997023353887524166e-01
8.945361632028776544e-01
1.254460022231951299e-05
3.552608207613161539e-11
9.547918011776346248e-14
1.662392445922478146e-12
2.047608399502465204e-08
9.748223282518342359e-03
9.999038602682943644e-01
9.999999978244038523e-01
9.999999999361967040e-01
9.999999735273618073e-01
9.807658523568345554e-01
6.861203625085909863e-06
3.592737218838237823e-11
6.811218256075335375e-14
1.032507412901395583e-14
9.769962616701377556e-15
3.985700658404311980e-14
2.587652314645083607e-12
3.004896664826617325e-09
4.871026371700004631e-06
7.234049529242225773e-04
6.916449860123963234e-03
1.923231059033747581e-02
4.686109502020918693e-02
5.525508605052831257e-02
9.577709895578379040e-03
1.202378877711018923e-04
1.485605821138769045e-07
9.034445414002334473e-11
4.736211423050917801e-13
1.809108418626692583e-13
3.267164316866910667e-12
1.594621656941797028e-10
2.034655777194416260e-11
9.436895709313830594e-16
4.996003610813204432e-16
9.175549209317068744e-12
1.883158073923141274e-10
1.448396957925979223e-11
4.036215806024756603e-13
9.769962616701377556e-15
1.221245327087672194e-15
3.996802888650563546e-15
3.922973057512990636e-13
1.633697066516504037e-10
1.182246017750188116e-08
2.100961427053960051e-08
1.896163837056263901e-09
1.195487042693343938e-10
3.540179260852482912e-11
3.602629305987647967e-11
2.171796076311238721e-11
2.152722444748178532e-12
4.857225732735059864e-14
1.387778780781445676e-15
1.054711873393898713e-15
4.676259379721159348e-13
1.697170491365973533e-07
4.043135780360284093e-01
9.998926737760920336e-01
9.994322652934057860e-01
2.347408820249186068e-02
7.103253579776591664e-08
5.193878660492146082e-11
9.203693362991316462e-11
4.219981186714960586e-08
3.586834342420575084e-04
8.778375428516258516e-01
9.999222427608704944e-01
9.999850606640872108e-01
9.957462983263283274e-01
8.693896228758324352e-03
4.701129662776359908e-07
1.201914123782898969e-09
1.099288438055623374e-10
2.414851651977301117e-11
2.826183731485798489e-12
7.766565168765282579e-13
6.184608380976897024e-12
1.613135292011236288e-09
8.235952180801753286e-07
3.861792027642918512e-05
9.081821052558947116e-05
5.188845317943835411e-05
2.746831086003487243e-05
1.104898095255490986e-05
1.262121679168615174e-06
2.345962013539093505e-08
8.434070108975788571e-11
1.745270594710746082e-13
1.387778780781445676e-15
2.775557561562891351e-16
1.609823385706476984e-15
3.635980405647387670e-14
9.714451465470119729e-15
0.000000000000000000e+00
7.216449660063517513e-16
8.486600311385927853e-12
8.740091983483466720e-11
4.419353771822898125e-12
1.785238623597251717e-13
1.393329895904571458e-14
1.165734175856414367e-14
3.922973057512990636e-13
3.694381467411744779e-10
5.581286462996715159e-07
3.666193697859920775e-05
2.243436125998199415e-05
7.857031514291179519e-07
5.183351015070059020e-08
4.102899736624365801e-08
1.163313872454274644e-07
6.644161920643654184e-08
1.484959100128691034e-09
2.855549130487133880e-12
4.551914400963141816e-15
2.220446049250313081e-16
1.310063169057684718e-14
3.977480678152289784e-09
6.546853681555342419e-02
9.999456363282637206e-01
9.999797040913538382e-01
8.237339302238032568e-01
1.954404481085969536e-05
6.615905823181833512e-09
9.299881975621815400e-10
7.055239892306275351e-09
3.666455104522903241e-07
4.063006577548211595e-05
1.794422863075462171e-03
2.554509851379394014e-03
1.303513431608616102e-04
2.559070052310374876e-06
6.737935232536962360e-07
3.070621675815843332e-06
2.548163145871251700e-05
2.096560414049930543e-05
2.080080491129177034e-06
4.015893111941615246e-07
2.540114221183387144e-06
2.452551610683251226e-04
1.136824735583508161e-02
1.336483600992183218e-02
4.534586754944003317e-04
5.301785447442419752e-06
1.815507211788691677e-07
2.216883920880263759e-08
2.735243864737668673e-09
1.074448863214172434e-10
1.082689493614452658e-12
6.716849298982197070e-15
1.110223024625156540e-16
5.551115123125782702e-17
1.665334536937734811e-16
2.720046410331633524e-15
7.216449660063517513e-16
0.000000000000000000e+00
1.831867990631508292e-15
1.195349375038290418e-11
5.036926431500887702e-11
1.793565296281940391e-12
1.712519015484303964e-13
8.265610418334290443e-14
6.349920589343582833e-13
1.633697066516504037e-10
5.581286462996715159e-07
8.385569204304443858e-04
1.660053782762388463e-02
2.206828634595814354e-03
5.596835513532738560e-05
2.264561504161655137e-05
5.561152128403246131e-04
3.447787427957549333e-02
4.661770151315774990e-02
1.739554716198576934e-04
8.776047111247464727e-09
3.186895192186511849e-13
9.436895709313830594e-16
1.071365218763276062e-14
1.345824840459641791e-09
1.476272083280916192e-02
9.997335519087726663e-01
9.999542454280639925e-01
9.128902112960817217e-01
2.498644488659884644e-04
1.539380758974751018e-07
4.777448547876872453e-09
9.346335372306668887e-10
3.828817818352092672e-10
3.541575366305949046e-10
7.441143812236816757e-10
1.070336985709019473e-09
2.657410125284087599e-09
5.478360959321193491e-08
3.710160530578932025e-05
8.123727649205120249e-02
9.646522879477177348e-01
9.923076578745844145e-01
9.789205119000159439e-01
9.720309752408933246e-01
9.969338470141180242e-01
9.998379376460473367e-01
9.998541626643588920e-01
9.835610094899922551e-01
1.321329070743737510e-02
2.860519715985887501e-06
8.842942378350926447e-09
5.190420870881951032e-10
9.217221430546373995e-11
8.172629240021933583e-12
2.278732758043133799e-13
5.273559366969493567e-15
4.996003610813204432e-16
6.106226635438360972e-16
7.660538869913580129e-15
1.754707490420059912e-13
3.691491556878645497e-14
0.000000000000000000e+00
4.052314039881821373e-15
1.186650777640352317e-11
1.616012879068762231e-11
3.839706330666103895e-13
1.039168751049146522e-13
3.457234498682737467e-13
1.658528869796782601e-11
1.182246017750188116e-08
3.666193697859920775e-05
1.660053782762421770e-02
4.787385271704525103e-02
1.584195566215862438e-03
6.897207769629432050e-05
6.540981152798885923e-04
6.970944611393534718e-01
9.999412590411247415e-01
9.999953873432059215e-01
9.951762373722516930e-01
2.116525594829110624e-04
1.338016919483209222e-10
2.092770401418420079e-14
4.213296378452469071e-14
7.734098361744656813e-10
8.479525960470857271e-04
9.553179389607296956e-01
9.905400686260619203e-01
3.053509300144883198e-01
4.984933738601537989e-04
5.273981166897812045e-06
2.438153511863383471e-07
5.030055649779541227e-09
4.650474449974240088e-11
1.064093257951981286e-12
1.697531004651864350e-13
3.459454944731987780e-13
1.675587446570148131e-11
4.777167456060382733e-08
2.419610242874015160e-03
9.899635427848889613e-01
9.999898957091428731e-01
9.999995179830949432e-01
9.999998295268892612e-01
9.999999665986423203e-01
9.999999964652832585e-01
9.999999981419023243e-01
9.999999113601429901e-01
9.994429012343065688e-01
1.917062151782789048e-02
6.091594320634108328e-07
6.252072748402781599e-10
2.509148444573838788e-11
6.276867914323247533e-12
1.466771148983525563e-12
1.956212969389525824e-13
4.102274075989953417e-14
6.172840016915870365e-14
1.395272786197665482e-12
2.013059163807895402e-10
1.673972832572090397e-08
1.523834780581267978e-09
1.981748098955904425e-14
9.048317650695025804e-15
1.161426510520868760e-11
4.754863169864620431e-12
6.017408793468348449e-14
2.992051051364796876e-14
3.263500580885647651e-13
3.466799070039883190e-11
2.100961427053960051e-08
2.243436125998199415e-05
2.206828634595814354e-03
1.584195566215806927e-03
3.079525636445756831e-05
4.018602142608074246e-06
7.736338234756723331e-04
9.954376332870669142e-01
9.999999909777033125e-01
9.999999999442927834e-01
9.999999390062845883e-01
6.394959520327945235e-01
5.270938646662060023e-08
7.299161275398091675e-13
2.025601908428598108e-13
2.696287637604655174e-10
8.221399855234956533e-06
9.319717090506496326e-03
3.979536540496408925e-02
6.430247948302547645e-03
1.859440298002057457e-03
1.985171926387974128e-03
6.679109539586280953e-04
7.546666251689870819e-06
6.276086650380818810e-09
8.083422819993302255e-12
1.127431481506846467e-13
8.937295348232510150e-14
4.675981823965003059e-12
2.046804670197133191e-08
5.051875580346365524e-04
8.453302707437342356e-01
9.995721900355744038e-01
9.999910169171546404e-01
9.999995692334313624e-01
9.999999854550657430e-01
9.999999985880088094e-01
9.999999963507507639e-01
9.999990059255119412e-01
9.885459323015430844e-01
1.811627130486326287e-03
1.364209656351533795e-07
1.939959859420525845e-10
5.541178627055387551e-12
1.018463091639887352e-12
3.975153539670372993e-13
3.023692407566613838e-13
1.085576073478478065e-12
5.850331330492508641e-11
4.930778807477054215e-08
1.355009944628560170e-04
6.262513881288067630e-02
1.998904071465357202e-03
7.633054743827472066e-10
4.418687638008123031e-14
4.317568524925263773e-11
6.306843935988126759e-12
2.975397705995419528e-14
1.104671909502030758e-14
1.200151089619794220e-13
8.225919945203941097e-12
1.896163837056263901e-09
7.857031514291179519e-07
5.596835513532738560e-05
6.897207769629432050e-05
4.018602142608074246e-06
2.255918928606437390e-06
1.714403599479996654e-03
9.995367393011553858e-01
9.999999997931624529e-01
9.999999999997220002e-01
9.999999998400794787e-01
9.982036897914157159e-01
6.493478038271938146e-06
3.267158765751787541e-11
1.709687946771509814e-12
1.506455515887239471e-10
1.035278613392698333e-07
7.883573988898273655e-06
4.121719542699020522e-05
2.910729818016433157e-04
2.028007164901063364e-02
7.486670364890515295e-01
9.312042723710325376e-01
2.131161028452762118e-01
9.070034480690436496e-05
1.747868833001930966e-08
2.138933474782334088e-11
1.074695887837151531e-12
2.713551605637576358e-12
2.367372409217693985e-10
7.466527690569435549e-08
1.467287993517363276e-05
9.726132729640513119e-04
5.931363751906348902e-02
8.761981588719738312e-01
9.984550447164430853e-01
9.998978779732701216e-01
9.998351912965643962e-01
9.939271124865565188e-01
3.754734863820005097e-01
1.210343407275049632e-03
2.743377777447708610e-06
1.050570758165392249e-08
9.704015369038643257e-11
3.466338327484663751e-12
6.485922909860164509e-13
9.993117444651034020e-13
2.293726319990696538e-11
1.714460173829479572e-08
2.554403412480255042e-04
8.983099166496755217e-01
9.999500543948616205e-01
9.955336804204589773e-01
3.849036051828402805e-06
8.587575095475585840e-13
1.465028154346015299e-09
1.262148718872424524e-10
1.786348846621876874e-13
2.209343819004061515e-14
7.821521208484227827e-14
1.510513936153756731e-12
1.195487042693343938e-10
5.183351015070059020e-08
2.264561504161655137e-05
6.540981152798885923e-04
7.736338234756723331e-04
1.714403599480052165e-03
3.697716250384880943e-01
9.999891359938948288e-01
9.999999999527424688e-01
9.999999999998072653e-01
9.999999999220465785e-01
9.997717791641291818e-01
1.873355478647087402e-04
1.845097907793302738e-09
4.970363010059486442e-11
5.032674832428085665e-10
1.422846479526285179e-08
8.999926764952093095e-08
3.639650331677124484e-07
2.482732494757389219e-05
4.553650089854344163e-02
9.936803582177893279e-01
9.998770340412620472e-01
9.988542237893411890e-01
4.154907199506423510e-01
1.027068380426987559e-04
2.359172590615798981e-08
3.951455829209749027e-11
9.367506770274758310e-13
2.547961841514734260e-13
4.317657342767233786e-13
2.301159263140561961e-12
4.679379106420356038e-11
3.803107495592428222e-09
7.495544709357204738e-07
8.388253060143124884e-05
1.980627099878395914e-03
9.387264585469234923e-03
2.739544227833351497e-02
8.185526146122346081e-02
1.311095191503661161e-01
2.829574530904160889e-02
3.560841273221870829e-04
5.540110871726788844e-07
1.114648096045556258e-09
1.757544110247977187e-11
7.825795567129034680e-12
1.405510152707734051e-10
1.820802821850264763e-07
6.897962301130655671e-03
9.983121770556151464e-01
9.999994801214493467e-01
9.999231152127696642e-01
6.279272441578331865e-05
9.393796851497882017e-11
5.175698265524886210e-07
2.945938071263753955e-08
9.084677454751499681e-12
2.592925874012053100e-13
2.051692149507289287e-13
9.596767824859853135e-13
3.540179260852482912e-11
4.102899736624365801e-08
5.561152128403246131e-04
6.970944611393534718e-01
9.954376332870669142e-01
9.995367393011553858e-01
9.999891359938948288e-01
9.999999883711379045e-01
9.999999999886124424e-01
9.999999999981923349e-01
9.999999984705010281e-01
9.990205194839796299e-01
6.376471205749578708e-04
5.754188686646344308e-08
3.360356271020492613e-09
1.072199345975022311e-08
2.753045030834400109e-08
1.334811944309066689e-08
1.086062384469954623e-08
3.915599482429144018e-07
9.371358496553794382e-04
8.646452508646552682e-01
9.993763484629385463e-01
9.994424548199627445e-01
9.566497307152023177e-01
1.676347264164906870e-02
4.116389012931431779e-06
6.569761956676245518e-10
2.534084053706919804e-13
6.661338147750939243e-16
0.000000000000000000e+00
5.551115123125782702e-17
7.771561172376095783e-16
1.189048859373542655e-13
2.217270811399885133e-11
1.197584365009163321e-09
2.368053070300746299e-08
9.191737208036343532e-07
3.188675532750373520e-04
3.940662745450447813e-01
9.981716244548598516e-01
9.998235320734368825e-01
9.936808268937635802e-01
3.621883281575816182e-02
3.656905283921929595e-06
2.754767192136853282e-09
1.078097056073090698e-10
3.665930337071188205e-10
1.745740746961210732e-07
3.567887183924089989e-03
9.934133435134979706e-01
9.999943263683270800e-01
9.984743743453470266e-01
3.658370664905152836e-06
3.345352728167938494e-08
5.991355026738198752e-04
1.433084249891081186e-05
6.212451109099959012e-10
3.290812067291426501e-12
8.277822871605167165e-13
1.521727188702470812e-12
3.602629305987647967e-11
1.163313872454274644e-07
3.447787427957621498e-02
9.999412590411247415e-01
9.999999909777033125e-01
9.999999997931624529e-01
9.999999999527424688e-01
9.999999999886124424e-01
9.999999999937012607e-01
9.999999998477937524e-01
9.999992284882601723e-01
8.796027642109989220e-01
1.251079248765218921e-04
3.309919031635466524e-07
1.764777023960384383e-07
6.114106909094196851e-07
2.997879688937388210e-07
9.963618430308684992e-09
5.051262186306360036e-10
1.094848656180147373e-09
2.193230962954650920e-07
2.993104005873936657e-04
1.123990961119118448e-01
6.394087345377251763e-01
4.595243986890290566e-01
1.631140113849505191e-02
2.073925966089573691e-05
2.147842681488043581e-09
1.119104808822157793e-13
0.000000000000000000e+00
0.000000000000000000e+00
0.000000000000000000e+00
1.110223024625156540e-16
3.685940441755519714e-14
3.867794973189120356e-12
5.759870358446050886e-11
5.165835537113139253e-10
4.542124665274371864e-08
1.964448822566744468e-04
9.302579220065390064e-01
9.999962273845871552e-01
9.999999573587546875e-01
9.999991814519575417e-01
9.935944313309670317e-01
2.521764649541624603e-03
2.349412431823516556e-07
1.327842391596334437e-09
1.295459572947521565e-09
2.855823115766042974e-07
2.517405506364644996e-03
9.544255414518332259e-01
9.996010445235671282e-01
7.174414656997343265e-01
2.340997340422035222e-08
2.795312482162248813e-05
4.914154251186065303e-01
3.063528236554258211e-03
7.506283039582228866e-09
6.893929871409909538e-12
9.491296637520463264e-13
1.312394637409397546e-12
2.171796076311238721e-11
6.644161920643654184e-08
4.661770151315836053e-02
9.999953873432059215e-01
9.999999999442927834e-01
9.999999999997220002e-01
9.999999999998072653e-01
9.999999999981923349e-01
9.999999998477937524e-01
9.999997648687879437e-01
9.925182915849357634e-01
2.478794594431343867e-03
1.633429918379558643e-06
3.827108122633759990e-07
7.097551587786909977e-06
1.069246915554877830e-04
2.529521025490533148e-05
8.952394581207556712e-08
1.778716063327578922e-10
9.385159316366298299e-12
4.466915726197839831e-11
4.109836693189095058e-09
8.027277444977443110e-07
5.929565532836189590e-05
6.640347846356142725e-04
4.415466084049524120e-04
8.426633889835333235e-06
3.862987374425586040e-09
2.958189249113729602e-13
1.110223024625156540e-16
0.000000000000000000e+00
5.551115123125782702e-17
2.464695114667847520e-14
1.443950514712355471e-11
6.614135350524463774e-10
2.061579074119634925e-09
4.725670466054765484e-09
2.016355809542069721e-07
5.832887397270170027e-04
9.658213893333380540e-01
9.999976198704718655e-01
9.999999761308306923e-01
9.999997208841207019e-01
9.989736346880641049e-01
2.106849274546979123e-02
1.678688729078725572e-06
6.927333651152167704e-09
9.478860918399334423e-09
4.190342684284864561e-06
3.895131400652956932e-02
9.865296494364755864e-01
9.980783695245289966e-01
5.423550346211197803e-02
4.381522367147283603e-10
2.875318458857301085e-02
9.992011824737688785e-01
2.734185112537047546e-01
2.323631226319733400e-08
2.550071265261522058e-12
1.801891968966629065e-13
2.381428387820960779e-13
2.152722444748178532e-12
1.484959100128691034e-09
1.739554716198576934e-04
9.951762373722516930e-01
9.999999390062845883e-01
9.999999998400794787e-01
9.999999999220465785e-01
9.999999984705010281e-01
9.999992284882601723e-01
9.925182915849358745e-01
2.542467762229827510e-03
3.715692028505301892e-07
1.463524079703404368e-08
5.134354813529640182e-07
6.699652485082641107e-04
1.103927604122945105e-01
4.296009552144647303e-02
5.557084848006876854e-05
9.628072783485208674e-09
1.611727418193709127e-11
1.297573160030651707e-12
3.811173598933237372e-12
1.341352584560695504e-10
1.608905486616407643e-08
1.263394637907033768e-06
1.339029870339736306e-05
5.009769463770741282e-06
4.902839367826317130e-08
4.626848904010216756e-11
1.179611963664228824e-13
2.348121697082206083e-14
1.171507335584465181e-12
1.202350718987332812e-09
4.781198932324315365e-07
4.484827195394558430e-06
1.723522240926200766e-06
5.468657619522865332e-07
3.236919484395084368e-06
8.198584968734934364e-04
6.463530268410706547e-01
9.993864278944835089e-01
9.999760332880259783e-01
9.998739410499999369e-01
9.463506066969014086e-01
3.038377534421543569e-03
9.034041838495987520e-07
1.080453659874081040e-08
6.603828933693378644e-08
1.509472479012674562e-04
7.677755714878556903e-01
9.995358180445077512e-01
9.992394451676507305e-01
1.524773277919638792e-02
5.729011709476594660e-11
9.656197762468364809e-01
9.999995752012876826e-01
9.919731777757341273e-01
2.446147496226735996e-07
2.222222406089713331e-12
3.319566843629218056e-14
1.881828026739640336e-14
4.857225732735059864e-14
2.855549130487133880e-12
8.776047111247464727e-09
2.116525594829110624e-04
6.394959520327846425e-01
9.982036897914157159e-01
9.997717791641291818e-01
9.990205194839796299e-01
8.796027642109989220e-01
2.478794594431343867e-03
3.715692028505301892e-07
1.286018236346109234e-09
3.297500106302919676e-09
8.293199385389637968e-06
2.772368518622199129e-01
9.988247643401804154e-01
9.993188218818589430e-01
7.420622541731554112e-01
2.163990042005625725e-04
2.783218200352877147e-08
5.414296788686101536e-11
3.525180147789797047e-12
9.756861985010800709e-12
4.642989881453729595e-10
6.161875204524491778e-08
3.812547580139824532e-06
2.968394810687335905e-05
1.645859122784143480e-05
8.893278031218976309e-07
4.415987903128026915e-08
3.955943583822119081e-08
2.881006494037663401e-06
1.674377883001676448e-03
1.174613323011805543e-01
9.109198409701163568e-02
1.970151446716694732e-03
3.986145070655755518e-05
1.508920724080375919e-05
1.531771239763335402e-04
7.230129508012550499e-03
1.969918506464164998e-01
5.910838138908860451e-01
4.170254740702684648e-01
2.052058763813291442e-02
6.111235948147442087e-05
1.385588790370206880e-07
6.458125867414565846e-09
1.222221767682718507e-07
7.192103959561824134e-04
9.511177211118292396e-01
9.998212411626993257e-01
9.986442453870936209e-01
2.512637800177686120e-03
8.083644864598227286e-12
9.998992309103427178e-01
9.999999998576988292e-01
9.999979030266351598e-01
1.823151238359854709e-04
1.241068359192354364e-10
1.229016888260048290e-13
6.106226635438360972e-15
1.387778780781445676e-15
4.551914400963141816e-15
3.186895192186511849e-13
1.338016919483209222e-10
5.270938646662060023e-08
6.493478038271938146e-06
1.873355478647087402e-04
6.376471205749578708e-04
1.251079248765218921e-04
1.633429918379558643e-06
1.463524079703404368e-08
3.297500106302919676e-09
2.921063375627142022e-07
5.685629425425997585e-03
9.985485315951914131e-01
9.999996724015117744e-01
9.999999575720868172e-01
9.999968005955284234e-01
9.874842347405600185e-01
4.248880903285179311e-03
4.862090723922740665e-07
7.478170305219578040e-10
8.277567520309503379e-11
5.249112811078759933e-10
3.072783316682148325e-08
3.217926656640113237e-06
2.442142751506448661e-04
6.638239264907142001e-03
3.228195464676303361e-02
5.141196349360255269e-02
2.163410964958454863e-01
9.514332824711910774e-01
9.997178679852514183e-01
9.999674653760184384e-01
9.991762382776023799e-01
4.314227912697305989e-01
5.272725763261765231e-04
8.655147625546977252e-06
4.037368520337647482e-06
8.884723950608464094e-06
2.592705895987368336e-05
6.550679512018486861e-05
9.982968058025454283e-05
3.319922646438655534e-05
1.270770829231437915e-06
1.813530392524853596e-08
1.967374374522989910e-09
2.817339006533359225e-08
5.515691182278459337e-05
2.554840982052280496e-01
9.741786700884508265e-01
7.816326408735783104e-01
2.608580725849130033e-05
3.384514890569789713e-13
9.999988453211370310e-01
9.999999999999495959e-01
9.999999999388899941e-01
9.361242311866553312e-01
2.099078264095055602e-06
9.062550709870720311e-11
1.135758154191535141e-13
1.054711873393898713e-15
2.220446049250313081e-16
9.436895709313830594e-16
2.092770401418420079e-14
7.299161275398091675e-13
3.267158765751787541e-11
1.845097907793302738e-09
5.754188686646344308e-08
3.309919031635466524e-07
3.827108122633759990e-07
5.134354813529640182e-07
8.293199385389637968e-06
5.685629425426108607e-03
9.839930958212353973e-01
9.999983899625910500e-01
9.999999968673307649e-01
9.999999995518028539e-01
9.999999957551524155e-01
9.999987729626269584e-01
9.940623612985980406e-01
6.757584833052610040e-03
7.788945975972794145e-07
3.811614357474013559e-09
1.475515931659288071e-09
1.141206584787113343e-08
4.732523853911985157e-07
6.901377438822686727e-05
2.088026466944709059e-02
7.585384561500077005e-01
9.913155877846893116e-01
9.997621222049504208e-01
9.999982704231221708e-01
9.999999883136081458e-01
9.999999970378941061e-01
9.999996553982565262e-01
9.941559471663072856e-01
4.715605431769354094e-03
2.474785770589793543e-06
5.214829401634091255e-08
1.301488367078107444e-08
1.194444676499983871e-08
2.750847505339493182e-08
9.075263940339084456e-08
1.318060277033517025e-07
2.942265858729697925e-08
1.636908386615232303e-09
2.235812646134149873e-10
8.047859045845484616e-10
1.287301438779309137e-07
7.262250387013446939e-05
3.442563487231986574e-03
1.004951595042102852e-03
1.173122943232129956e-07
1.770805724277124682e-14
9.999999331245065237e-01
1.000000000000000000e+00
9.999999999999976685e-01
9.999998169809969362e-01
5.028880281731489266e-01
7.869061343312999668e-06
6.206301583766560270e-10
4.676259379721159348e-13
1.310063169057684718e-14
1.071365218763276062e-14
4.213296378452469071e-14
2.025601908428598108e-13
1.709687946771509814e-12
4.970363010059486442e-11
3.360356271020492613e-09
1.764777023960384383e-07
7.097551587786909977e-06
6.699652485082641107e-04
2.772368518622199129e-01
9.985485315951913021e-01
9.999983899625910500e-01
9.999999772584420299e-01
9.999999945349029584e-01
9.999999908485104338e-01
9.999999593580033430e-01
9.999991485556867232e-01
9.997240120791557327e-01
3.635585555753202414e-01
4.538030247491775526e-05
3.757530570025480188e-08
1.228060153568577562e-09
6.679144459731389816e-10
2.822516609324310366e-09
1.050663215318436983e-07
2.844174246308117660e-05
1.478407417827981574e-02
8.200232028844485210e-01
9.991967790627419577e-01
9.999990245566142688e-01
9.999999988945980078e-01
9.999999999645605708e-01
9.999999990969068442e-01
9.999849375605378565e-01
1.740743473137207897e-01
3.082857281233586377e-06
1.913034619605014086e-09
5.009609393979985725e-11
1.851568898203481695e-11
3.992273178710092907e-11
1.697533780209425913e-10
4.206816561769244345e-10
2.250579722584689080e-10
3.162786699206776575e-11
5.784261958297065576e-12
8.009926055763116892e-12
1.833991847277616216e-10
2.333271065246833587e-08
2.018340824749831341e-06
1.291929525565338466e-05
6.018293624565629329e-08
7.266409696171649557e-14
9.999999767323441979e-01
1.000000000000000000e+00
1.000000000000000000e+00
9.999999999789919158e-01
9.999880502141964556e-01
6.751212995251285598e-01
2.084964937653643879e-04
1.697170491365973533e-07
3.977480678152289784e-09
1.345824840459641791e-09
7.734098361744656813e-10
2.696287637604655174e-10
1.506455515887239471e-10
5.032674832428085665e-10
1.072199345975022311e-08
6.114106909094196851e-07
1.069246915554877830e-04
1.103927604122938444e-01
9.988247643401804154e-01
9.999996724015117744e-01
9.999999968673307649e-01
9.999999945349029584e-01
9.999996108704466424e-01
9.999494061143121559e-01
9.988335319466177253e-01
9.911702340958512547e-01
8.237437620586368636e-01
1.285726994063796091e-02
8.014257418198500460e-06
1.000435229103757706e-08
9.622713736945343044e-11
5.634825939182519505e-12
1.785349645899714233e-12
5.991762641599507333e-12
2.690400124905067969e-10
6.359076099027305418e-08
2.710891925444824935e-05
2.865061280627889673e-02
9.948840262968408066e-01
9.999997796981706655e-01
9.999999999222093372e-01
9.999999999796786998e-01
9.999999739172977797e-01
9.827354811064983320e-01
2.577208520032625572e-05
2.871871629395172931e-10
4.351519145018301060e-13
3.946842852542431501e-14
4.324318680914984725e-14
1.126321258482221310e-13
2.159383782895929471e-13
1.673661209622423485e-13
7.216449660063517513e-14
5.484501741648273310e-14
2.529643161608419177e-13
1.333061439012794835e-11
5.702231464788098947e-09
5.092468666645366682e-06
2.325229851872612219e-03
2.284043760621412567e-04
3.618736976740422051e-10
9.999999125756676710e-01
1.000000000000000000e+00
1.000000000000000000e+00
9.999999999890212266e-01
9.999997759506639161e-01
9.998318931861643888e-01
9.727621945566524708e-01
4.043135780360352927e-01
6.546853681555431237e-02
1.476272083280927294e-02
8.479525960470857271e-04
8.221399855234956533e-06
1.035278613392698333e-07
1.422846479526285179e-08
2.753045030834400109e-08
2.997879688937388210e-07
2.529521025490533148e-05
4.296009552144647303e-02
9.993188218818589430e-01
9.999999575720868172e-01
9.999999995518028539e-01
9.999999908485104338e-01
9.999494061143121559e-01
5.653839308452187629e-01
1.534789501808242473e-03
5.288286002008701914e-05
6.938737468598077385e-06
3.990347895443946413e-07
6.185265244429416498e-09
5.698036487089552793e-11
7.286948822127214953e-13
1.565414464721470722e-14
8.881784197001252323e-16
3.885780586188047891e-16
2.386979502944086562e-15
1.259548021437240095e-13
2.451910896539288842e-11
2.807684501560103740e-08
5.830231154732579135e-04
9.964104485372159425e-01
9.999999904393463979e-01
9.999999999898645520e-01
9.999999996767354737e-01
9.998368577780660793e-01
1.810867040734631672e-04
5.287908999562773715e-11
4.052314039881821373e-15
5.551115123125782702e-17
0.000000000000000000e+00
0.000000000000000000e+00
0.000000000000000000e+00
0.000000000000000000e+00
5.551115123125782702e-17
1.498801083243961330e-15
5.141442827039099939e-13
1.513487335458307825e-09
2.178225724053239887e-05
3.476654300262916886e-01
9.999145695468243389e-01
9.996590976279865481e-01
3.007677508948813916e-04
9.999914522441371023e-01
9.999999999999187317e-01
9.999999999995666800e-01
9.999998893267554312e-01
9.999152181751185253e-01
9.995046685569441980e-01
9.997023353887523056e-01
9.998926737760920336e-01
9.999456363282637206e-01
9.997335519087726663e-01
9.553179389607302507e-01
9.319717090506496326e-03
7.883573988898273655e-06
8.999926764952093095e-08
1.334811944309066689e-08
9.963618430308684992e-09
8.952394581207556712e-08
5.557084848006876854e-05
7.420622541731581867e-01
9.999968005955284234e-01
9.999999957551524155e-01
9.999999593580033430e-01
9.988335319466178364e-01
1.534789501808242473e-03
3.163642370296315676e-08
7.329936657640701014e-11
6.388722884054232054e-12
2.111255614778428935e-12
5.121458812595847121e-13
5.334621633323877177e-14
2.609024107869117870e-15
1.110223024625156540e-16
0.000000000000000000e+00
0.000000000000000000e+00
0.000000000000000000e+00
0.000000000000000000e+00
8.326672684688674053e-16
2.733924198139447981e-13
4.599845282449166461e-09
7.114066941410590594e-03
9.999852757921843249e-01
9.999999997419322106e-01
9.999999995891150073e-01
9.998910421592381859e-01
6.953673253695669132e-05
2.935152121352757604e-12
5.551115123125782702e-17
0.000000000000000000e+00
0.000000000000000000e+00
0.000000000000000000e+00
0.000000000000000000e+00
0.000000000000000000e+00
0.000000000000000000e+00
7.771561172376095783e-16
1.287536188776527979e-10
1.416426019112959622e-04
9.943329428866864994e-01
9.999999822027390017e-01
9.999999999997302158e-01
9.999999999955748731e-01
9.965426916762667453e-01
9.836330703907729678e-01
9.999999802868415610e-01
9.999976777119707894e-01
4.749389469087938465e-01
7.023965111552787910e-03
4.233220766524192769e-02
8.945361632028762111e-01
9.994322652934057860e-01
9.999797040913538382e-01
9.999542454280639925e-01
9.905400686260619203e-01
3.979536540496464436e-02
4.121719542699020522e-05
3.639650331677124484e-07
1.086062384469954623e-08
5.051262186306360036e-10
1.778716063327578922e-10
9.628072783485208674e-09
2.163990042005625725e-04
9.874842347405594634e-01
9.999987729626269584e-01
9.999991485556867232e-01
9.911702340958510327e-01
5.288286002008701914e-05
7.329936657640701014e-11
1.282307593442055804e-14
3.885780586188047891e-16
2.775557561562891351e-16
3.885780586188047891e-16
3.885780586188047891e-16
1.665334536937734811e-16
5.551115123125782702e-17
0.000000000000000000e+00
0.000000000000000000e+00
0.000000000000000000e+00
0.000000000000000000e+00
0.000000000000000000e+00
1.665334536937734811e-16
7.636113963371826685e-13
9.792806791031338776e-07
9.545250810132304142e-01
9.999997988400054494e-01
9.999999058440476318e-01
9.858131862126249256e-01
7.807711918106363669e-07
5.534461777756405354e-14
0.000000000000000000e+00
0.000000000000000000e+00
0.000000000000000000e+00
0.000000000000000000e+00
0.000000000000000000e+00
0.000000000000000000e+00
0.000000000000000000e+00
3.941291737419305719e-15
2.240558931720926239e-07
9.817989988105799704e-01
9.999999993623499561e-01
9.999999999999993339e-01
1.000000000000000000e+00
1.000000000000000000e+00
9.999996627455545184e-01
1.143003846814705238e-02
9.937894390504383724e-01
7.190281796165409745e-02
6.131702695588714391e-08
5.691126458984285819e-10
1.079733136233329560e-08
1.254460022231951299e-05
2.347408820249202721e-02
8.237339302238053662e-01
9.128902112960828319e-01
3.053509300144837679e-01
6.430247948302825201e-03
2.910729818016988268e-04
2.482732494757389219e-05
3.915599482429144018e-07
1.094848656180147373e-09
9.385159316366298299e-12
1.611727418193709127e-11
2.783218200352877147e-08
4.248880903285179311e-03
9.940623612985980406e-01
9.997240120791557327e-01
8.237437620586368636e-01
6.938737468598077385e-06
6.388722884054232054e-12
3.885780586188047891e-16
0.000000000000000000e+00
0.000000000000000000e+00
5.551115123125782702e-17
6.661338147750939243e-16
7.660538869913580129e-15
7.954747971439246612e-14
5.311862061319061468e-13
5.861977570020826533e-13
3.536060333431123581e-14
2.775557561562891351e-16
0.000000000000000000e+00
0.000000000000000000e+00
6.772360450213454897e-15
3.426742611889466161e-09
3.044780034102578803e-02
9.996760831024857907e-01
9.997105580520815327e-01
2.726539973696073815e-02
1.797601345554511454e-09
1.998401444325281773e-15
0.000000000000000000e+00
0.000000000000000000e+00
0.000000000000000000e+00
0.000000000000000000e+00
0.000000000000000000e+00
0.000000000000000000e+00
0.000000000000000000e+00
1.953992523340275511e-14
1.491075254467233435e-05
9.999776780206528493e-01
9.999999999998173683e-01
1.000000000000000000e+00
1.000000000000000000e+00
1.000000000000000000e+00
9.999999944510978844e-01
3.939159408816728103e-05
5.891193858328824806e-02
6.219238846916219643e-06
1.878663891119458640e-12
4.829470157119430951e-15
3.913536161803676805e-14
3.552608207613161539e-11
7.103253579776591664e-08
1.954404481085969536e-05
2.498644488659884644e-04
4.984933738601537989e-04
1.859440298002112968e-03
2.028007164901102222e-02
4.553650089854344163e-02
9.371358496553794382e-04
2.193230962954650920e-07
4.466915726197839831e-11
1.297573160030651707e-12
5.414296788686101536e-11
4.862090723922740665e-07
6.757584833052610040e-03
3.635585555753267917e-01
1.285726994063818296e-02
3.990347895443946413e-07
2.111255614778428935e-12
2.775557561562891351e-16
0.000000000000000000e+00
0.000000000000000000e+00
1.665334536937734811e-15
5.743738817898247362e-13
2.875459315099249125e-10
1.238228887756598340e-07
1.434330813498974067e-05
3.307113013001350410e-05
2.531674445083176295e-07
2.551497901848165384e-11
3.996802888650563546e-15
1.665334536937734811e-16
2.375877272697834997e-14
3.704957562966626483e-09
5.804153504975317901e-03
9.830809888803551111e-01
9.025828947687406512e-01
7.007915819456922435e-05
3.778793944420044681e-11
1.609823385706476984e-15
0.000000000000000000e+00
0.000000000000000000e+00
0.000000000000000000e+00
0.000000000000000000e+00
0.000000000000000000e+00
0.000000000000000000e+00
0.000000000000000000e+00
1.698641227676489507e-14
2.873858994112410414e-06
9.993955883139862273e-01
9.999999999892317248e-01
1.000000000000000000e+00
1.000000000000000000e+00
1.000000000000000000e+00
9.999999955502407722e-01
1.510295388235105563e-05
3.240173353325448424e-02
3.997989424575632000e-06
6.239453398393379757e-13
3.330669073875469621e-16
4.996003610813204432e-16
9.547918011776346248e-14
5.193878660492146082e-11
6.615905823181833512e-09
1.539380758974751018e-07
5.273981166897812045e-06
1.985171926388085151e-03
7.486670364890515295e-01
9.936803582177893279e-01
8.646452508646585988e-01
2.993104005873936657e-04
4.109836693189095058e-09
3.811173598933237372e-12
3.525180147789797047e-12
7.478170305219578040e-10
7.788945975972794145e-07
4.538030247491775526e-05
8.014257418198500460e-06
6.185265244429416498e-09
5.121458812595847121e-13
3.885780586188047891e-16
5.551115123125782702e-17
1.665334536937734811e-15
3.025801831313401635e-12
3.246181129457070824e-08
3.393796815656657806e-04
6.611631089502076897e-01
9.993272126884766848e-01
9.998788853993875181e-01
9.655500359380667641e-01
2.459656945357213687e-04
1.960173523496422376e-09
6.619482739722570841e-12
1.540367833285927190e-10
4.697545329612751175e-06
4.122791141594924769e-01
9.973744009762076645e-01
8.667711908829657252e-01
3.638486257184769812e-05
1.452382103472871222e-10
1.770250612764812104e-13
2.520206265899105347e-14
2.053912595556539600e-15
0.000000000000000000e+00
0.000000000000000000e+00
0.000000000000000000e+00
0.000000000000000000e+00
0.000000000000000000e+00
9.103828801926283631e-15
6.840955801834525118e-09
1.966728030621384127e-02
9.999855254759765222e-01
9.999999999958117947e-01
1.000000000000000000e+00
1.000000000000000000e+00
9.999999688877319048e-01
1.701662823324068263e-04
7.464619278052959661e-01
1.989355026004890892e-03
4.519150054171916508e-10
1.077471445398714422e-13
4.574118861455644947e-14
1.662392445922478146e-12
9.203693362991316462e-11
9.299881975621815400e-10
4.777448547876872453e-09
2.438153511863383471e-07
6.679109539586836064e-04
9.312042723710353131e-01
9.998770340412620472e-01
9.993763484629385463e-01
1.123990961119118448e-01
8.027277444977443110e-07
1.341352584560695504e-10
9.756861985010800709e-12
8.277567520309503379e-11
3.811614357474013559e-09
3.757530570025480188e-08
1.000435229103757706e-08
5.698036487089552793e-11
5.334621633323877177e-14
3.885780586188047891e-16
6.661338147750939243e-16
5.743738817898247362e-13
3.246181129457070824e-08
5.406178314459442191e-03
9.954619643672961704e-01
9.999993953182515494e-01
9.999999991398982324e-01
9.999999999061419675e-01
9.999999899651395019e-01
9.996384986599071709e-01
2.270353028359106684e-02
3.454101540117937574e-05
1.624959932289837816e-04
3.477027147342592328e-01
9.998174158014954127e-01
9.999944231594355415e-01
9.983579458575624344e-01
4.835477019796863285e-03
2.002137831080830210e-07
4.917391160930151273e-09
5.438871519825028145e-09
5.523725921108280090e-10
4.006239784359877376e-13
5.551115123125782702e-17
0.000000000000000000e+00
0.000000000000000000e+00
5.551115123125782702e-17
2.703393064962256176e-14
2.160177592358536458e-11
4.301193495814814582e-08
9.510103325059415802e-04
9.994409853123387144e-01
9.999999999929005678e-01
9.999999999999427125e-01
9.999970989432727109e-01
5.981956098149998624e-04
9.927949889711991105e-01
7.583016931896342516e-01
1.108593630178011935e-05
9.825510072225540625e-09
3.275647586509222720e-09
2.047608399502465204e-08
4.219981186714960586e-08
7.055239892306275351e-09
9.346335372306668887e-10
5.030055649779541227e-09
7.546666251689870819e-06
2.131161028452774331e-01
9.988542237893411890e-01
9.994424548199627445e-01
6.394087345377218456e-01
5.929565532836189590e-05
1.608905486616407643e-08
4.642989881453729595e-10
5.249112811078759933e-10
1.475515931659288071e-09
1.228060153568577562e-09
9.622713736945343044e-11
7.286948822127214953e-13
2.609024107869117870e-15
1.665334536937734811e-16
7.660538869913580129e-15
2.875459315099249125e-10
3.393796815656102694e-04
9.954619643672960594e-01
9.999997944852927478e-01
9.999999998082365060e-01
9.999999999979076737e-01
9.999999999995585753e-01
9.999999999890991642e-01
9.999999735191665851e-01
9.997283870250166515e-01
9.099969452508619439e-01
9.365457432403041516e-01
9.997694723770038649e-01
9.999995960538701212e-01
9.999999011879751043e-01
9.999651895583507866e-01
6.792498091603603738e-01
2.793510833955292760e-03
2.067503880474497180e-03
1.586265607300946234e-02
1.415703537378465438e-03
1.610669036478107330e-07
2.855160552428515075e-12
3.996802888650563546e-15
3.330669073875469621e-15
7.133182933216630772e-14
8.835709941479308327e-13
1.716182751465566980e-12
2.803257626027289007e-12
1.493817847197931314e-10
1.073629510300877499e-05
9.992699332423596870e-01
9.999998240480438838e-01
9.704443816172794168e-01
1.327562808028925900e-05
9.565467304081272104e-01
9.866005382765874465e-01
8.250701234073976043e-02
5.327511040893628813e-03
7.370441872028787866e-03
9.748223282518564403e-03
3.586834342420575084e-04
3.666455104522903241e-07
3.828817818352092672e-10
4.650474449974240088e-11
6.276086650380818810e-09
9.070034480690436496e-05
4.154907199506527316e-01
9.566497307152017626e-01
4.595243986890326093e-01
6.640347846356697836e-04
1.263394637907033768e-06
6.161875204524491778e-08
3.072783316682148325e-08
1.141206584787113343e-08
6.679144459731389816e-10
5.634825939182519505e-12
1.565414464721470722e-14
1.110223024625156540e-16
5.551115123125782702e-17
7.954747971439246612e-14
1.238228887756598340e-07
6.611631089502109093e-01
9.999993953182515494e-01
9.999999998082365060e-01
9.999999999937829731e-01
9.999999999968010034e-01
9.999999999898918634e-01
9.999999996409367764e-01
9.999998218419714480e-01
9.997787808808291654e-01
9.715779842246219378e-01
9.584007421183244890e-01
9.988632160870105636e-01
9.999814393815780189e-01
9.999889605550057459e-01
9.991269466576052638e-01
8.371724872389603167e-01
5.820499522192355002e-01
9.875418984485244689e-01
9.998096660061586149e-01
9.981243491465481288e-01
1.716351018050144006e-02
5.745414632940537558e-08
1.680550143490222581e-11
4.700073663599368956e-12
3.401029458061088917e-11
5.630751420682145181e-11
2.957023514937873188e-12
2.925437669887287484e-14
5.606626274357040529e-15
2.148781153010759226e-12
5.518732022091743517e-06
2.287337113534487765e-02
1.368310789451321341e-05
1.823527051580953184e-09
7.837016140834374145e-03
8.710155098236589399e-01
9.692586670304759178e-01
9.990390560621456029e-01
9.999582064349682442e-01
9.999038602682943644e-01
8.778375428516272949e-01
4.063006577548211595e-05
3.541575366305949046e-10
1.064093257951981286e-12
8.083422819993302255e-12
1.747868833001930966e-08
1.027068380427542671e-04
1.676347264164906870e-02
1.631140113849505191e-02
4.415466084049524120e-04
1.339029870339736306e-05
3.812547580139824532e-06
3.217926656640113237e-06
4.732523853911985157e-07
2.822516609324310366e-09
1.785349645899714233e-12
8.881784197001252323e-16
0.000000000000000000e+00
0.000000000000000000e+00
5.311862061319061468e-13
1.434330813498974067e-05
9.993272126884766848e-01
9.999999991398982324e-01
9.999999999979076737e-01
9.999999999968010034e-01
9.999999997884192471e-01
9.999999357642177511e-01
9.999526770501920847e-01
9.402420658723271707e-01
1.429813275696079078e-02
1.524873894315770251e-04
5.655670819992852927e-05
5.307549562693636425e-04
9.450769995741958862e-03
2.262736964796163708e-02
5.467824921502606461e-03
3.698938433443543783e-03
2.317205556345886541e-01
9.994056771819819218e-01
9.999994154227568322e-01
9.999978404064437942e-01
9.378511556374226066e-01
2.649178274954921974e-05
3.256447445032506494e-09
3.169752238463274807e-10
1.012217587526009765e-09
8.457956002239086502e-10
1.662336934771246888e-11
2.448041769298470172e-14
1.110223024625156540e-16
1.665334536937734811e-16
6.147859998861804343e-13
1.690475537330371480e-10
1.019684336966975025e-12
2.091105066881482344e-13
1.201304221098986602e-06
6.867619783271233791e-02
9.982881694169829512e-01
9.999998619427129531e-01
9.999999996298207794e-01
9.999999978244038523e-01
9.999222427608704944e-01
1.794422863075406660e-03
7.441143812236816757e-10
1.697531004651864350e-13
1.127431481506846467e-13
2.138933474782334088e-11
2.359172590615798981e-08
4.116389012931431779e-06
2.073925966089573691e-05
8.426633889835333235e-06
5.009769463770741282e-06
2.968394810687335905e-05
2.442142751506448661e-04
6.901377438822686727e-05
1.050663215318436983e-07
5.991762641599507333e-12
3.885780586188047891e-16
0.000000000000000000e+00
0.000000000000000000e+00
5.861977570020826533e-13
3.307113013001350410e-05
9.998788853993875181e-01
9.999999999061419675e-01
9.999999999995585753e-01
9.999999999898918634e-01
9.999999357642177511e-01
9.954934234194658949e-01
2.809442384534954762e-03
1.426891269029617604e-07
6.111366968042375447e-11
5.295208715949684120e-13
1.426636586643326154e-13
9.187095528773170372e-13
2.173761171064825248e-11
2.432275492125768324e-10
1.188742215774141187e-09
4.274354536981661568e-08
1.670321207659086760e-04
9.406890493995414548e-01
9.999887835211074272e-01
9.999882968209781176e-01
9.140606432194091635e-01
4.957834649577108621e-05
7.281015734772466885e-09
4.545358534002730266e-10
1.237153268718316212e-09
2.357482487003181859e-09
1.973681773570490350e-10
7.871481244592359872e-13
1.720845688168992638e-15
5.551115123125782702e-17
3.885780586188047891e-16
1.276756478318930021e-15
0.000000000000000000e+00
1.604272270583351201e-14
1.066118054948717031e-07
3.404294801069773779e-02
9.997788707223467242e-01
9.999999978943329149e-01
9.999999999965396569e-01
9.999999999361967040e-01
9.999850606640872108e-01
2.554509851379449525e-03
1.070336985709019473e-09
3.459454944731987780e-13
8.937295348232510150e-14
1.074695887837151531e-12
3.951455829209749027e-11
6.569761956676245518e-10
2.147842681488043581e-09
3.862987374425586040e-09
4.902839367826317130e-08
1.645859122784143480e-05
6.638239264907419557e-03
2.088026466944736814e-02
2.844174246308117660e-05
2.690400124905067969e-10
2.386979502944086562e-15
0.000000000000000000e+00
0.000000000000000000e+00
3.536060333431123581e-14
2.531674445083176295e-07
9.655500359380677633e-01
9.999999899651395019e-01
9.999999999890991642e-01
9.999999996409367764e-01
9.999526770501920847e-01
2.809442384535121295e-03
7.111511934887460029e-10
4.940492459581946605e-15
0.000000000000000000e+00
0.000000000000000000e+00
0.000000000000000000e+00
0.000000000000000000e+00
5.551115123125782702e-17
7.438494264988548821e-15
3.205213872092826932e-13
4.134742548345116120e-11
1.381016930257494835e-07
4.361986619263236165e-03
9.196060456931847149e-01
9.492954420125716553e-01
1.405305799308259607e-02
5.210064609739717412e-07
2.995282910589480707e-10
4.563133204626979023e-11
4.699980404865300443e-10
1.110120367853184575e-08
2.971597384826552002e-08
2.858485004253452644e-09
2.291844491963956898e-11
1.896816037572079949e-13
1.670885652060860593e-14
7.216449660063517513e-16
0.000000000000000000e+00
9.490797037159381944e-12
1.074533852233883202e-04
8.760358049855205831e-01
9.999554050244465753e-01
9.999999876744952720e-01
9.999999997000013074e-01
9.999999735273618073e-01
9.957462983263283274e-01
1.303513431609171214e-04
2.657410125284087599e-09
1.675587446570148131e-11
4.675981823965003059e-12
2.713551605637576358e-12
9.367506770274758310e-13
2.534084053706919804e-13
1.119104808822157793e-13
2.958189249113729602e-13
4.626848904010216756e-11
8.893278031218976309e-07
3.228195464676347770e-02
7.585384561500050360e-01
1.478407417828009329e-02
6.359076099027305418e-08
1.259548021437240095e-13
0.000000000000000000e+00
0.000000000000000000e+00
2.775557561562891351e-16
2.551497901848165384e-11
2.459656945357213687e-04
9.996384986599070599e-01
9.999999735191665851e-01
9.999998218419714480e-01
9.402420658723271707e-01
1.426891269029617604e-07
4.940492459581946605e-15
0.000000000000000000e+00
0.000000000000000000e+00
0.000000000000000000e+00
0.000000000000000000e+00
0.000000000000000000e+00
2.498001805406602216e-15
1.965427820493914624e-12
1.544238070749770486e-10
3.253453173535092446e-09
1.400791949102142553e-07
1.617421400651464225e-05
4.775669873105514718e-04
1.882590884906831796e-04
7.355031004796508398e-07
5.463478558453971345e-10
5.508149492072789144e-12
9.143963364266483040e-12
1.590442777477107938e-09
1.476968185365468145e-06
2.380303267889294361e-04
7.130254502262789451e-04
4.045832842264340812e-05
3.027539174360605045e-07
3.580720608908904978e-09
4.418021504193347937e-12
1.110223024625156540e-16
2.231278541153791650e-06
9.785472627809207458e-01
9.999556113378214039e-01
9.999215446806296592e-01
9.999507040570654315e-01
9.998726843714387247e-01
9.807658523568345554e-01
8.693896228758601907e-03
2.559070052310374876e-06
5.478360959321193491e-08
4.777167456060382733e-08
2.046804670197133191e-08
2.367372409217693985e-10
2.547961841514734260e-13
6.661338147750939243e-16
0.000000000000000000e+00
1.110223024625156540e-16
1.179611963664228824e-13
4.415987903128026915e-08
5.141196349360255269e-02
9.913155877846892006e-01
8.200232028844485210e-01
2.710891925444824935e-05
2.451910896539288842e-11
8.326672684688674053e-16
0.000000000000000000e+00
0.000000000000000000e+00
3.996802888650563546e-15
1.960173523496422376e-09
2.270353028359078928e-02
9.997283870250166515e-01
9.997787808808291654e-01
1.429813275696045771e-02
6.111366968042375447e-11
0.000000000000000000e+00
0.000000000000000000e+00
0.000000000000000000e+00
0.000000000000000000e+00
1.110223024625156540e-16
5.392242208301922801e-12
2.156833524558088300e-07
6.407556440682915522e-04
2.729645533730562512e-02
1.587939347654732103e-02
7.473787419060018422e-04
1.678978627273064461e-05
4.582037713696252013e-07
9.651416721379035835e-09
1.466959886897711840e-10
4.621414362304676615e-12
2.792321929234731215e-12
1.458660969788638795e-10
4.722680373991927638e-07
6.425990160221106695e-03
9.292904374355485109e-01
9.962970283446470621e-01
9.773306309080868060e-01
2.693198224536272889e-01
2.664004576682699188e-03
4.318764074140446496e-07
3.368416656712724944e-13
1.017812310535758935e-01
9.999995334974713934e-01
9.999997350832040555e-01
9.911921042238156510e-01
4.259995322248610883e-02
2.776618195367008823e-04
6.861203625085909863e-06
4.701129662776359908e-07
6.737935232536962360e-07
3.710160530578932025e-05
2.419610242873959649e-03
5.051875580346365524e-04
7.466527690569435549e-08
4.317657342767233786e-13
0.000000000000000000e+00
0.000000000000000000e+00
0.000000000000000000e+00
2.348121697082206083e-14
3.955943583822119081e-08
2.163410964958442650e-01
9.997621222049504208e-01
9.991967790627418466e-01
2.865061280627889673e-02
2.807684501560103740e-08
2.733924198139447981e-13
1.665334536937734811e-16
0.000000000000000000e+00
1.665334536937734811e-16
6.619482739722570841e-12
3.454101540117937574e-05
9.099969452508619439e-01
9.715779842246208275e-01
1.524873894315770251e-04
5.295208715949684120e-13
0.000000000000000000e+00
0.000000000000000000e+00
0.000000000000000000e+00
3.386180225106727448e-15
1.356858442269626153e-08
3.604786011331284623e-02
9.998785359454027688e-01
9.999999427357282311e-01
9.999999927763589813e-01
9.999995577627369681e-01
9.960425027268577924e-01
2.206205461714960681e-03
7.024470283223394063e-08
8.087014391477964637e-11
5.961620086480934333e-12
1.417838069173171789e-11
7.473498486731955381e-10
6.716185280697395399e-07
4.643702018535478260e-03
9.715909475039001819e-01
9.999432853946093047e-01
9.999914866533418101e-01
9.999317294768390596e-01
9.954585023692725798e-01
8.002807970230694234e-01
5.184424745603988249e-04
8.816330998584476220e-11
8.946704875316534578e-01
9.999999833385175840e-01
9.999991939411592146e-01
4.705857165950960708e-02
9.398822825579244977e-08
9.452622018457645936e-11
3.592737218838237823e-11
1.201914123782898969e-09
3.070621675815843332e-06
8.123727649205175760e-02
9.899635427848889613e-01
8.453302707437360120e-01
1.467287993517363276e-05
2.301159263140561961e-12
5.551115123125782702e-17
0.000000000000000000e+00
5.551115123125782702e-17
1.171507335584465181e-12
2.881006494037663401e-06
9.514332824711924097e-01
9.999982704231221708e-01
9.999990245566142688e-01
9.948840262968408066e-01
5.830231154732579135e-04
4.599845282449166461e-09
7.636113963371826685e-13
6.772360450213454897e-15
2.375877272697834997e-14
1.540367833285927190e-10
1.624959932289837816e-04
9.365457432403059279e-01
9.584007421183244890e-01
5.655670819992852927e-05
1.426636586643326154e-13
0.000000000000000000e+00
0.000000000000000000e+00
1.110223024625156540e-16
1.356858442269626153e-08
8.588280704276856081e-01
9.999999874873767292e-01
9.999999999997435385e-01
9.999999999999984457e-01
9.999999999999980016e-01
9.999999999990383248e-01
9.999998463031702922e-01
6.021315897790807670e-01
1.756093449822859753e-06
8.475507518035385601e-10
4.921319463058182464e-10
4.938598546777583920e-08
4.808668051303754964e-05
5.745980300736736046e-02
9.626159636790510010e-01
9.992385840984532308e-01
9.997596379623860940e-01
9.988375477256403734e-01
9.736053172663545752e-01
6.156410045296673017e-01
2.126739688249172366e-01
2.525686878122601620e-04
1.234061186572432689e-10
1.289629924134235717e-01
9.999974455192426337e-01
9.996832612949504426e-01
4.399326268095249404e-05
2.150324363014988194e-11
2.292610545850948256e-14
6.811218256075335375e-14
1.099288438055623374e-10
2.548163145871251700e-05
9.646522879477177348e-01
9.999898957091428731e-01
9.995721900355744038e-01
9.726132729640513119e-04
4.679379106420356038e-11
7.771561172376095783e-16
1.110223024625156540e-16
2.464695114667847520e-14
1.202350718987332812e-09
1.674377883001676448e-03
9.997178679852514183e-01
9.999999883136081458e-01
9.999999988945980078e-01
9.999997796981706655e-01
9.964104485372160536e-01
7.114066941410757128e-03
9.792806791031338776e-07
3.426742611889466161e-09
3.704957562966626483e-09
4.697545329612751175e-06
3.477027147342560132e-01
9.997694723770038649e-01
9.988632160870105636e-01
5.307549562693636425e-04
9.187095528773170372e-13
0.000000000000000000e+00
0.000000000000000000e+00
5.392242208301922801e-12
3.604786011331334583e-02
9.999999874873767292e-01
9.999999999999933387e-01
1.000000000000000000e+00
1.000000000000000000e+00
1.000000000000000000e+00
9.999999999999664713e-01
9.999999980905033281e-01
9.974726176348231999e-01
1.403530634996708049e-03
3.815864518974532160e-06
2.727270990171559717e-05
2.134826139506873499e-02
9.539769947438341280e-01
9.987179213800481126e-01
9.982667434825653885e-01
9.456621105764175805e-01
9.184680252762600361e-02
5.356624754065397731e-04
1.369827458935768405e-05
3.250674624089011644e-06
6.871851522094463149e-06
1.200064419504265345e-07
9.818257318272571865e-13
3.987707735469969705e-05
9.870820318223872958e-01
8.407521592177251701e-01
2.175294559758622626e-06
4.742040093930199873e-12
5.218048215738235740e-15
1.032507412901395583e-14
2.414851651977301117e-11
2.096560414049930543e-05
9.923076578745845255e-01
9.999995179830949432e-01
9.999910169171546404e-01
5.931363751906387760e-02
3.803107495592428222e-09
1.189048859373542655e-13
3.685940441755519714e-14
1.443950514712355471e-11
4.781198932324315365e-07
1.174613323011805543e-01
9.999674653760184384e-01
9.999999970378941061e-01
9.999999999645605708e-01
9.999999999222093372e-01
9.999999904393463979e-01
9.999852757921843249e-01
9.545250810132304142e-01
3.044780034102578803e-02
5.804153504975317901e-03
4.122791141594908115e-01
9.998174158014954127e-01
9.999995960538701212e-01
9.999814393815779079e-01
9.450769995741847840e-03
2.173761171064825248e-11
5.551115123125782702e-17
2.498001805406602216e-15
2.156833524558088300e-07
9.998785359454027688e-01
9.999999999997435385e-01
1.000000000000000000e+00
1.000000000000000000e+00
1.000000000000000000e+00
9.999999999999933387e-01
9.999999999985407229e-01
9.999999953926270724e-01
9.998444806952797581e-01
5.405316067542685898e-01
9.561357229923089784e-02
9.164164863294367303e-01
9.999122132585354095e-01
9.999978076431775831e-01
9.999682303237252823e-01
9.105295702985447548e-01
3.330605986763268689e-04
2.830533674114121823e-08
4.264577579959905052e-11
2.214783911824724782e-12
2.567113188689518211e-12
2.285177602701082833e-11
3.286704242100313422e-12
5.551115123125782702e-16
1.944973970768870686e-08
9.037121686104498952e-02
3.661425443816231917e-01
3.404660164546546852e-05
4.063604452930746902e-10
8.892886427247503889e-14
9.769962616701377556e-15
2.826183731485798489e-12
2.080080491129177034e-06
9.789205119000157218e-01
9.999998295268892612e-01
9.999995692334313624e-01
8.761981588719769398e-01
7.495544709357204738e-07
2.217270811399885133e-11
3.867794973189120356e-12
6.614135350524463774e-10
4.484827195394558430e-06
9.109198409701280141e-02
9.991762382776024909e-01
9.999996553982565262e-01
9.999999990969068442e-01
9.999999999796786998e-01
9.999999999898645520e-01
9.999999997419322106e-01
9.999997988400054494e-01
9.996760831024857907e-01
9.830809888803551111e-01
9.973744009762076645e-01
9.999944231594355415e-01
9.999999011879751043e-01
9.999889605550057459e-01
2.262736964796147054e-02
2.432275492125768324e-10
7.438494264988548821e-15
1.965427820493914624e-12
6.407556440682915522e-04
9.999999427357282311e-01
9.999999999999984457e-01
1.000000000000000000e+00
1.000000000000000000e+00
9.999999999999632516e-01
9.999999999939032103e-01
9.999999993862668246e-01
9.999996994680659945e-01
9.994599629815985598e-01
9.242984487804473126e-01
9.803174778383128007e-01
9.999826470308190718e-01
9.999999803571288925e-01
9.999999771853760322e-01
9.998128840940181394e-01
2.546289997717054998e-03
1.709084040957264961e-09
5.834221994405197620e-14
2.775557561562891351e-16
5.551115123125782702e-17
2.220446049250313081e-16
1.665334536937734811e-15
3.885780586188047891e-16
0.000000000000000000e+00
2.677230437342359437e-09
1.404743926251908470e-01
9.866432412188264056e-01
1.486288250934258426e-01
2.496899986159650808e-06
2.331645987396768760e-11
3.985700658404311980e-14
7.766565168765282579e-13
4.015893111941615246e-07
9.720309752408937687e-01
9.999999665986423203e-01
9.999999854550657430e-01
9.984550447164430853e-01
8.388253060143124884e-05
1.197584365009163321e-09
5.759870358446050886e-11
2.061579074119634925e-09
1.723522240926200766e-06
1.970151446716694732e-03
4.314227912697288780e-01
9.941559471663075076e-01
9.999849375605378565e-01
9.999999739172977797e-01
9.999999996767354737e-01
9.999999995891150073e-01
9.999999058440476318e-01
9.997105580520815327e-01
9.025828947687406512e-01
8.667711908829640599e-01
9.983579458575624344e-01
9.999651895583507866e-01
9.991269466576052638e-01
5.467824921502495439e-03
1.188742215774141187e-09
3.205213872092826932e-13
1.544238070749770486e-10
2.729645533730640228e-02
9.999999927763589813e-01
9.999999999999980016e-01
1.000000000000000000e+00
9.999999999999933387e-01
9.999999999939032103e-01
9.999999984311838119e-01
9.999997344780284791e-01
9.997903677199125871e-01
8.157807973734483298e-01
1.347809646987405130e-01
8.971463955854215300e-01
9.999894275637243313e-01
9.999999930590928177e-01
9.999999413794994352e-01
9.835320345909224216e-01
1.420013339803460894e-06
4.087841176669826382e-13
5.551115123125782702e-17
0.000000000000000000e+00
0.000000000000000000e+00
0.000000000000000000e+00
0.000000000000000000e+00
0.000000000000000000e+00
0.000000000000000000e+00
9.314917948088918820e-08
9.939455134678205628e-01
9.999996490787392833e-01
9.999818778129689889e-01
2.195721322365510320e-01
7.664861667588951377e-08
2.587652314645083607e-12
6.184608380976897024e-12
2.540114221183387144e-06
9.969338470141180242e-01
9.999999964652832585e-01
9.999999985880088094e-01
9.998978779732701216e-01
1.980627099878395914e-03
2.368053070300746299e-08
5.165835537113139253e-10
4.725670466054765484e-09
5.468657619522865332e-07
3.986145070655755518e-05
5.272725763261765231e-04
4.715605431769465117e-03
1.740743473137207897e-01
9.827354811064979989e-01
9.998368577780660793e-01
9.998910421592381859e-01
9.858131862126247036e-01
2.726539973696034957e-02
7.007915819456922435e-05
3.638486257184769812e-05
4.835477019796696752e-03
6.792498091603603738e-01
8.371724872389623151e-01
3.698938433443488272e-03
4.274354536981661568e-08
4.134742548345116120e-11
3.253453173535092446e-09
1.587939347654721001e-02
9.999995577627369681e-01
9.999999999990383248e-01
9.999999999999664713e-01
9.999999999985407229e-01
9.999999993862668246e-01
9.999997344780284791e-01
9.997388144118211084e-01
4.233641371033531886e-01
2.386333616707370098e-04
1.086120529736334106e-05
1.524712056702293150e-03
9.853080969790015686e-01
9.999965925829195079e-01
9.999870491220729241e-01
2.776993365651658219e-01
2.207919458374618671e-08
2.869926518656029657e-14
5.551115123125782702e-17
0.000000000000000000e+00
0.000000000000000000e+00
0.000000000000000000e+00
0.000000000000000000e+00
0.000000000000000000e+00
0.000000000000000000e+00
2.256186942517501848e-05
9.999984308437150915e-01
9.999999999909000570e-01
9.999999998444648597e-01
9.999555627039067307e-01
9.256835330005430684e-04
3.004896664826617325e-09
1.613135292011236288e-09
2.452551610683251226e-04
9.998379376460473367e-01
9.999999981419023243e-01
9.999999963507507639e-01
9.998351912965643962e-01
9.387264585469679012e-03
9.191737208036343532e-07
4.542124665274371864e-08
2.016355809542069721e-07
3.236919484395084368e-06
1.508920724080375919e-05
8.655147625546977252e-06
2.474785770589793543e-06
3.082857281233586377e-06
2.577208520032625572e-05
1.810867040734631672e-04
6.953673253695669132e-05
7.807711918106363669e-07
1.797601345554511454e-09
3.778793944420044681e-11
1.452382103472871222e-10
2.002137831080830210e-07
2.793510833955514805e-03
5.820499522192389419e-01
2.317205556345886541e-01
1.670321207659086760e-04
1.381016930257494835e-07
1.400791949102142553e-07
7.473787419060018422e-04
9.960425027268577924e-01
9.999998463031702922e-01
9.999999980905033281e-01
9.999999953926270724e-01
9.999996994680659945e-01
9.997903677199126982e-01
4.233641371033549650e-01
3.025116668720073676e-05
5.789985990656276726e-09
2.588055880714534851e-10
2.491788403391481665e-08
6.082418983969217763e-04
7.862063336730247265e-01
8.696776586021690569e-01
9.682326159926590847e-04
2.673687438115024406e-09
9.020562075079396891e-14
9.436895709313830594e-16
8.326672684688674053e-16
3.053113317719180486e-15
2.997602166487922659e-15
5.551115123125782702e-16
0.000000000000000000e+00
0.000000000000000000e+00
7.685516864092134526e-05
9.999996263203632108e-01
9.999999999992955635e-01
9.999999999981401544e-01
9.999999317879103566e-01
6.485774427046545609e-01
4.871026371700004631e-06
8.235952180801753286e-07
1.136824735583508161e-02
9.998541626643588920e-01
9.999999113601429901e-01
9.999990059255119412e-01
9.939271124865564078e-01
2.739544227833373702e-02
3.188675532750373520e-04
1.964448822566744468e-04
5.832887397270170027e-04
8.198584968734934364e-04
1.531771239763335402e-04
4.037368520337647482e-06
5.214829401634091255e-08
1.913034619605014086e-09
2.871871629395172931e-10
5.287908999562773715e-11
2.935152121352757604e-12
5.534461777756405354e-14
1.998401444325281773e-15
1.609823385706476984e-15
1.770250612764812104e-13
4.917391160930151273e-09
2.067503880474552691e-03
9.875418984485238028e-01
9.994056771819819218e-01
9.406890493995423430e-01
4.361986619263125142e-03
1.617421400651464225e-05
1.678978627273064461e-05
2.206205461714905169e-03
6.021315897790773253e-01
9.974726176348231999e-01
9.998444806952797581e-01
9.994599629815985598e-01
8.157807973734525486e-01
2.386333616707370098e-04
5.789985990656276726e-09
1.703304164379915164e-12
7.782663402622347348e-14
1.609989919160170757e-12
2.530369191955372798e-09
2.836695977559422488e-06
1.807829221223133942e-05
2.224684982898850194e-07
1.389388049055639840e-10
5.099254352103343990e-13
1.325051179890124331e-13
1.049937914388010540e-12
1.573918773090099421e-11
2.640432317235763549e-11
2.344013871891093004e-12
2.275957200481570908e-15
0.000000000000000000e+00
1.686327575356472153e-07
9.974054547355147848e-01
9.999999942212185466e-01
9.999999993073864779e-01
9.999998098882904030e-01
9.785314413633315889e-01
7.234049529242225773e-04
3.861792027642918512e-05
1.336483600992177667e-02
9.835610094899922551e-01
9.994429012343065688e-01
9.885459323015430844e-01
3.754734863820038404e-01
8.185526146122396041e-02
3.940662745450447813e-01
9.302579220065372301e-01
9.658213893333376099e-01
6.463530268410674351e-01
7.230129508012383965e-03
8.884723950608464094e-06
1.301488367078107444e-08
5.009609393979985725e-11
4.351519145018301060e-13
4.052314039881821373e-15
5.551115123125782702e-17
0.000000000000000000e+00
0.000000000000000000e+00
0.000000000000000000e+00
2.520206265899105347e-14
5.438871519825028145e-09
1.586265607300935132e-02
9.998096660061586149e-01
9.999994154227568322e-01
9.999887835211074272e-01
9.196060456931804961e-01
4.775669873105514718e-04
4.582037713696252013e-07
7.024470283223394063e-08
1.756093449822859753e-06
1.403530634996708049e-03
5.405316067542685898e-01
9.242984487804453142e-01
1.347809646987421783e-01
1.086120529736334106e-05
2.588055880714534851e-10
7.782663402622347348e-14
1.554312234475219157e-15
1.831867990631508292e-15
4.513056595101261337e-14
2.026989687209379554e-12
1.370009661272320045e-11
6.205258529234924936e-12
8.654743588465407811e-13
6.996070389675423939e-13
1.719585585036043085e-11
6.952196429654833310e-09
2.008093864691584685e-06
1.370194751465492189e-05
4.566074774947637138e-07
2.186767433798308957e-11
0.000000000000000000e+00
1.433908547454620930e-12
3.473577923795989619e-05
9.097955360057664587e-01
9.998413610246787986e-01
9.999287142504282855e-01
9.696896351194321806e-01
6.916449860124018745e-03
9.081821052558947116e-05
4.534586754944003317e-04
1.321329070743737510e-02
1.917062151782816803e-02
1.811627130486381798e-03
1.210343407275049632e-03
1.311095191503636737e-01
9.981716244548597405e-01
9.999962273845871552e-01
9.999976198704718655e-01
9.993864278944835089e-01
1.969918506464209962e-01
2.592705895987368336e-05
1.194444676499983871e-08
1.851568898203481695e-11
3.946842852542431501e-14
5.551115123125782702e-17
0.000000000000000000e+00
0.000000000000000000e+00
0.000000000000000000e+00
0.000000000000000000e+00
2.053912595556539600e-15
5.523725921108280090e-10
1.415703537378409926e-03
9.981243491465480178e-01
9.999978404064437942e-01
9.999882968209781176e-01
9.492954420125703230e-01
1.882590884906831796e-04
9.651416721379035835e-09
8.087014391477964637e-11
8.475507518035385601e-10
3.815864518974532160e-06
9.561357229923150847e-02
9.803174778383124677e-01
8.971463955854240835e-01
1.524712056702293150e-03
2.491788403391481665e-08
1.609989919160170757e-12
1.831867990631508292e-15
5.551115123125782702e-17
0.000000000000000000e+00
0.000000000000000000e+00
5.551115123125782702e-17
2.220446049250313081e-16
1.998401444325281773e-15
1.960653861488026450e-13
6.147780062804031331e-10
2.630639018019742537e-05
2.250807633472795000e-01
9.203241485438196090e-01
1.224623119944681093e-01
2.847181173049051495e-07
4.385380947269368335e-15
0.000000000000000000e+00
1.056915666097779649e-11
3.078326872074654830e-06
8.653138973714302740e-02
9.824917754390762870e-01
9.302274312770146825e-01
1.923231059033747581e-02
5.188845317943835411e-05
5.301785447442419752e-06
2.860519715985887501e-06
6.091594320634108328e-07
1.364209656351533795e-07
2.743377777447708610e-06
2.829574530904221952e-02
9.998235320734368825e-01
9.999999573587546875e-01
9.999999761308306923e-01
9.999760332880259783e-01
5.910838138908860451e-01
6.550679512018486861e-05
2.750847505339493182e-08
3.992273178710092907e-11
4.324318680914984725e-14
0.000000000000000000e+00
0.000000000000000000e+00
0.000000000000000000e+00
0.000000000000000000e+00
0.000000000000000000e+00
0.000000000000000000e+00
4.006239784359877376e-13
1.610669036478107330e-07
1.716351018050144006e-02
9.378511556374218294e-01
9.140606432194080533e-01
1.405305799308254056e-02
7.355031004796508398e-07
1.466959886897711840e-10
5.961620086480934333e-12
4.921319463058182464e-10
2.727270990171559717e-05
9.164164863294346208e-01
9.999826470308190718e-01
9.999894275637243313e-01
9.853080969790015686e-01
6.082418983969217763e-04
2.530369191955372798e-09
4.513056595101261337e-14
0.000000000000000000e+00
0.000000000000000000e+00
0.000000000000000000e+00
0.000000000000000000e+00
0.000000000000000000e+00
0.000000000000000000e+00
2.114974861910923210e-14
2.447038072173057799e-09
4.153283920918238170e-03
9.989699438429429090e-01
9.999927494107025971e-01
9.987469742037415887e-01
1.451519560839442669e-04
1.359468093653504184e-13
0.000000000000000000e+00
8.215650382226158399e-15
5.673634839720165246e-09
1.905804395426036191e-03
9.379870504732766845e-01
9.603618546113941168e-01
4.686109502020857631e-02
2.746831086003487243e-05
1.815507211788691677e-07
8.842942378350926447e-09
6.252072748402781599e-10
1.939959859420525845e-10
1.050570758165392249e-08
3.560841273221870829e-04
9.936808268937636912e-01
9.999991814519575417e-01
9.999997208841207019e-01
9.998739410499999369e-01
4.170254740702736829e-01
9.982968058025454283e-05
9.075263940339084456e-08
1.697533780209425913e-10
1.126321258482221310e-13
0.000000000000000000e+00
0.000000000000000000e+00
0.000000000000000000e+00
0.000000000000000000e+00
0.000000000000000000e+00
0.000000000000000000e+00
5.551115123125782702e-17
2.855160552428515075e-12
5.745414632940537558e-08
2.649178274954921974e-05
4.957834649577108621e-05
5.210064609739717412e-07
5.463478558453971345e-10
4.621414362304676615e-12
1.417838069173171789e-11
4.938598546777583920e-08
2.134826139506884601e-02
9.999122132585354095e-01
9.999999803571288925e-01
9.999999930590928177e-01
9.999965925829195079e-01
7.862063336730247265e-01
2.836695977559422488e-06
2.026989687209379554e-12
0.000000000000000000e+00
0.000000000000000000e+00
0.000000000000000000e+00
0.000000000000000000e+00
0.000000000000000000e+00
0.000000000000000000e+00
2.553512956637860043e-15
1.102170743561003974e-09
7.003131629146286397e-03
9.998338794279526542e-01
9.999993771049037194e-01
9.998695924792098122e-01
5.654077586699224334e-04
2.084998840246043983e-13
0.000000000000000000e+00
6.689093723366568156e-14
9.823178781509511737e-08
3.064223816931904709e-02
9.913260625190214448e-01
9.871842629383442702e-01
5.525508605052720235e-02
1.104898095255490986e-05
2.216883920880263759e-08
5.190420870881951032e-10
2.509148444573838788e-11
5.541178627055387551e-12
9.704015369038643257e-11
5.540110871726788844e-07
3.621883281575793978e-02
9.935944313309668097e-01
9.989736346880641049e-01
9.463506066969014086e-01
2.052058763813291442e-02
3.319922646438655534e-05
1.318060277033517025e-07
4.206816561769244345e-10
2.159383782895929471e-13
0.000000000000000000e+00
0.000000000000000000e+00
0.000000000000000000e+00
0.000000000000000000e+00
0.000000000000000000e+00
0.000000000000000000e+00
0.000000000000000000e+00
3.996802888650563546e-15
1.680550143490222581e-11
3.256447445032506494e-09
7.281015734772466885e-09
2.995282910589480707e-10
5.508149492072789144e-12
2.792321929234731215e-12
7.473498486731955381e-10
4.808668051303754964e-05
9.539769947438335729e-01
9.999978076431775831e-01
9.999999771853760322e-01
9.999999413794994352e-01
9.999870491220729241e-01
8.696776586021659483e-01
1.807829221223133942e-05
1.370009661272320045e-11
5.551115123125782702e-17
0.000000000000000000e+00
0.000000000000000000e+00
0.000000000000000000e+00
0.000000000000000000e+00
0.000000000000000000e+00
1.054711873393898713e-15
1.462013843323006768e-10
3.334194341456653277e-04
9.944233273006841678e-01
9.999868844075547880e-01
9.986140240176794025e-01
1.319363442462972991e-04
7.588374373312944954e-14
0.000000000000000000e+00
6.651862394235763531e-11
9.212659160301450711e-05
8.051190349221968301e-01
9.985873729198291304e-01
9.785635585525824798e-01
9.577709895578712107e-03
1.262121679168615174e-06
2.735243864737668673e-09
9.217221430546373995e-11
6.276867914323247533e-12
1.018463091639887352e-12
3.466338327484663751e-12
1.114648096045556258e-09
3.656905283921929595e-06
2.521764649541624603e-03
2.106849274547023532e-02
3.038377534421599080e-03
6.111235948147442087e-05
1.270770829231437915e-06
2.942265858729697925e-08
2.250579722584689080e-10
1.673661209622423485e-13
0.000000000000000000e+00
0.000000000000000000e+00
0.000000000000000000e+00
0.000000000000000000e+00
0.000000000000000000e+00
0.000000000000000000e+00
0.000000000000000000e+00
3.330669073875469621e-15
4.700073663599368956e-12
3.169752238463274807e-10
4.545358534002730266e-10
4.563133204626979023e-11
9.143963364266483040e-12
1.458660969788638795e-10
6.716185280697395399e-07
5.745980300736736046e-02
9.987179213800481126e-01
9.999682303237252823e-01
9.998128840940181394e-01
9.835320345909224216e-01
2.776993365651615475e-01
9.682326159926590847e-04
2.224684982898850194e-07
6.205258529234924936e-12
2.220446049250313081e-16
0.000000000000000000e+00
0.000000000000000000e+00
0.000000000000000000e+00
0.000000000000000000e+00
0.000000000000000000e+00
3.053113317719180486e-15
2.379413333031266120e-11
3.165973528285181970e-06
2.686817627807153164e-01
9.974315881891702151e-01
9.737991410509277967e-01
7.706168243193367573e-05
1.342814748284126836e-13
2.609024107869117870e-15
2.995644043934930778e-08
1.168248571954144666e-02
9.536294939546645644e-01
9.919348832566150520e-01
4.858878807421531110e-01
1.202378877711018923e-04
2.345962013539093505e-08
1.074448863214172434e-10
8.172629240021933583e-12
1.466771148983525563e-12
3.975153539670372993e-13
6.485922909860164509e-13
1.757544110247977187e-11
2.754767192136853282e-09
2.349412431823516556e-07
1.678688729078725572e-06
9.034041838495987520e-07
1.385588790370206880e-07
1.813530392524853596e-08
1.636908386615232303e-09
3.162786699206776575e-11
7.216449660063517513e-14
5.551115123125782702e-17
0.000000000000000000e+00
0.000000000000000000e+00
0.000000000000000000e+00
0.000000000000000000e+00
0.000000000000000000e+00
5.551115123125782702e-17
7.133182933216630772e-14
3.401029458061088917e-11
1.012217587526009765e-09
1.237153268718316212e-09
4.699980404865300443e-10
1.590442777477107938e-09
4.722680373991927638e-07
4.643702018535367237e-03
9.626159636790501128e-01
9.982667434825653885e-01
9.105295702985447548e-01
2.546289997716999487e-03
1.420013339803460894e-06
2.207919458374618671e-08
2.673687438115024406e-09
1.389388049055639840e-10
8.654743588465407811e-13
1.998401444325281773e-15
0.000000000000000000e+00
0.000000000000000000e+00
0.000000000000000000e+00
0.000000000000000000e+00
2.220446049250313081e-16
2.531308496145356912e-14
7.555733816388965352e-12
2.828956136013971445e-08
6.602276175038390704e-04
7.268160075428170552e-01
9.411569664573485872e-01
1.169473542899535090e-03
8.392286865444020805e-12
3.652633751016765018e-14
2.387979024520703319e-07
1.116578971962350897e-02
3.996853022852087101e-01
2.290135206648196142e-01
7.416450981138633658e-04
1.485605821138769045e-07
8.434070108975788571e-11
1.082689493614452658e-12
2.278732758043133799e-13
1.956212969389525824e-13
3.023692407566613838e-13
9.993117444651034020e-13
7.825795567129034680e-12
1.078097056073090698e-10
1.327842391596334437e-09
6.927333651152167704e-09
1.080453659874081040e-08
6.458125867414565846e-09
1.967374374522989910e-09
2.235812646134149873e-10
5.784261958297065576e-12
5.484501741648273310e-14
1.498801083243961330e-15
7.771561172376095783e-16
3.941291737419305719e-15
1.953992523340275511e-14
1.698641227676489507e-14
9.103828801926283631e-15
2.703393064962256176e-14
8.835709941479308327e-13
5.630751420682145181e-11
8.457956002239086502e-10
2.357482487003181859e-09
1.110120367853184575e-08
1.476968185365468145e-06
6.425990160220884650e-03
9.715909475038997378e-01
9.992385840984532308e-01
9.456621105764169144e-01
3.330605986762713577e-04
1.709084040957264961e-09
4.087841176669826382e-13
2.869926518656029657e-14
9.020562075079396891e-14
5.099254352103343990e-13
6.996070389675423939e-13
1.960653861488026450e-13
2.114974861910923210e-14
2.553512956637860043e-15
1.054711873393898713e-15
3.053113317719180486e-15
2.531308496145356912e-14
1.791344850232690078e-13
2.086109063270669139e-12
2.561412748569580344e-10
1.473333618606798012e-06
3.184128658955476254e-02
9.715298733461812386e-01
1.527909500030188994e-01
5.611301145957980907e-09
8.437694987151189707e-14
2.111307315089128167e-07
1.021247052539864253e-03
3.479645135006426138e-03
1.940063302154348968e-04
2.432965439114198603e-07
9.034445414002334473e-11
1.745270594710746082e-13
6.716849298982197070e-15
5.273559366969493567e-15
4.102274075989953417e-14
1.085576073478478065e-12
2.293726319990696538e-11
1.405510152707734051e-10
3.665930337071188205e-10
1.295459572947521565e-09
9.478860918399334423e-09
6.603828933693378644e-08
1.222221767682718507e-07
2.817339006533359225e-08
8.047859045845484616e-10
8.009926055763116892e-12
2.529643161608419177e-13
5.141442827039099939e-13
1.287536188776527979e-10
2.240558931720926239e-07
1.491075254467233435e-05
2.873858994112410414e-06
6.840955801834525118e-09
2.160177592358536458e-11
1.716182751465566980e-12
2.957023514937873188e-12
1.662336934771246888e-11
1.973681773570490350e-10
2.971597384826552002e-08
2.380303267889294361e-04
9.292904374355485109e-01
9.999432853946093047e-01
9.997596379623860940e-01
9.184680252762716934e-02
2.830533674114121823e-08
5.834221994405197620e-14
5.551115123125782702e-17
5.551115123125782702e-17
9.436895709313830594e-16
1.325051179890124331e-13
1.719585585036043085e-11
6.147780062804031331e-10
2.447038072173057799e-09
1.102170743561003974e-09
1.462013843323006768e-10
2.379413333031266120e-11
7.555733816388965352e-12
2.086109063270669139e-12
8.464895451254506042e-13
4.966194122602018979e-12
6.702741472963680280e-09
7.021499237240269586e-04
9.853900488424131021e-01
9.618551151947374311e-01
2.804474337425588715e-06
3.120836922221315035e-13
7.524687422599818376e-07
1.124908989861395092e-03
6.348795955460895257e-04
4.665344506549207182e-06
1.638358559929997682e-09
4.736211423050917801e-13
1.387778780781445676e-15
1.110223024625156540e-16
4.996003610813204432e-16
6.172840016915870365e-14
5.850331330492508641e-11
1.714460173829479572e-08
1.820802821850264763e-07
1.745740746961210732e-07
2.855823115766042974e-07
4.190342684284864561e-06
1.509472479012674562e-04
7.192103959561824134e-04
5.515691182278459337e-05
1.287301438779309137e-07
1.833991847277616216e-10
1.333061439012794835e-11
1.513487335458307825e-09
1.416426019112959622e-04
9.817989988105801924e-01
9.999776780206528493e-01
9.993955883139862273e-01
1.966728030621395229e-02
4.301193495814814582e-08
2.803257626027289007e-12
2.925437669887287484e-14
2.448041769298470172e-14
7.871481244592359872e-13
2.858485004253452644e-09
7.130254502262789451e-04
9.962970283446468400e-01
9.999914866533418101e-01
9.988375477256403734e-01
5.356624754065397731e-04
4.264577579959905052e-11
2.775557561562891351e-16
0.000000000000000000e+00
0.000000000000000000e+00
8.326672684688674053e-16
1.049937914388010540e-12
6.952196429654833310e-09
2.630639018019742537e-05
4.153283920918238170e-03
7.003131629146286397e-03
3.334194341456653277e-04
3.165973528285181970e-06
2.828956136013971445e-08
2.561412748569580344e-10
4.966194122602018979e-12
2.238931262610321937e-12
5.207563269493675762e-10
7.036088124334760607e-05
9.855617838871701952e-01
9.970922626495154484e-01
9.441868619530779938e-05
5.467959418581358477e-12
5.813508192659133655e-05
1.521005622649426736e-01
4.898676322406286809e-02
6.245768957857666948e-05
2.783224151148289138e-09
1.809108418626692583e-13
2.775557561562891351e-16
5.551115123125782702e-17
6.106226635438360972e-16
1.395272786197665482e-12
4.930778807477054215e-08
2.554403412480255042e-04
6.897962301130489138e-03
3.567887183924145500e-03
2.517405506364533974e-03
3.895131400653012443e-02
7.677755714878556903e-01
9.511177211118285735e-01
2.554840982052253295e-01
7.262250387013446939e-05
2.333271065246833587e-08
5.702231464788098947e-09
2.178225724053239887e-05
9.943329428866867215e-01
9.999999993623499561e-01
9.999999999998173683e-01
9.999999999892317248e-01
9.999855254759765222e-01
9.510103325059415802e-04
1.493817847197931314e-10
5.606626274357040529e-15
1.110223024625156540e-16
1.720845688168992638e-15
2.291844491963956898e-11
4.045832842264340812e-05
9.773306309080864729e-01
9.999317294768390596e-01
9.736053172663543531e-01
1.369827458935768405e-05
2.214783911824724782e-12
5.551115123125782702e-17
0.000000000000000000e+00
0.000000000000000000e+00
3.053113317719180486e-15
1.573918773090099421e-11
2.008093864691584685e-06
2.250807633472782787e-01
9.989699438429429090e-01
9.998338794279526542e-01
9.944233273006842788e-01
2.686817627807180919e-01
6.602276175038390704e-04
1.473333618606798012e-06
6.702741472963680280e-09
5.207563269493675762e-10
1.669648924673694523e-08
3.355737216648169152e-04
9.906927245068053445e-01
9.974768410583224609e-01
1.183077513512431622e-04
1.570957253171911816e-10
1.382087792769681744e-02
9.952969612173090397e-01
9.877870100418333354e-01
3.441929388319475702e-02
2.820045676976690174e-07
3.267164316866910667e-12
1.609823385706476984e-15
1.665334536937734811e-16
7.660538869913580129e-15
2.013059163807895402e-10
1.355009944628560170e-04
8.983099166496728571e-01
9.983121770556151464e-01
9.934133435134983037e-01
9.544255414518332259e-01
9.865296494364750313e-01
9.995358180445077512e-01
9.998212411626993257e-01
9.741786700884511596e-01
3.442563487232097597e-03
2.018340824749831341e-06
5.092468666645366682e-06
3.476654300262868591e-01
9.999999822027390017e-01
9.999999999999993339e-01
1.000000000000000000e+00
1.000000000000000000e+00
9.999999999958117947e-01
9.994409853123387144e-01
1.073629510300877499e-05
2.148781153010759226e-12
1.665334536937734811e-16
5.551115123125782702e-17
1.896816037572079949e-13
3.027539174360605045e-07
2.693198224536258456e-01
9.954585023692726908e-01
6.156410045296605293e-01
3.250674624089011644e-06
2.567113188689518211e-12
2.220446049250313081e-16
0.000000000000000000e+00
0.000000000000000000e+00
2.997602166487922659e-15
2.640432317235763549e-11
1.370194751465492189e-05
9.203241485438216074e-01
9.999927494107025971e-01
9.999993771049037194e-01
9.999868844075547880e-01
9.974315881891702151e-01
7.268160075428227174e-01
3.184128658955431845e-02
7.021499237240269586e-04
7.036088124334760607e-05
3.355737216648169152e-04
1.244408392105856298e-01
9.979844045947638964e-01
9.883339664945745007e-01
9.828372354803160960e-06
1.529708915093408450e-09
3.332633701833256357e-01
9.999494501691256199e-01
9.999214120405038875e-01
8.625820240271684369e-01
2.760295926113043308e-05
1.594621656941797028e-10
3.635980405647387670e-14
2.720046410331633524e-15
1.754707490420059912e-13
1.673972832572090397e-08
6.262513881287984363e-02
9.999500543948616205e-01
9.999994801214493467e-01
9.999943263683270800e-01
9.996010445235671282e-01
9.980783695245289966e-01
9.992394451676507305e-01
9.986442453870936209e-01
7.816326408735783104e-01
1.004951595042102852e-03
1.291929525565338466e-05
2.325229851872501197e-03
9.999145695468243389e-01
9.999999999997302158e-01
1.000000000000000000e+00
1.000000000000000000e+00
1.000000000000000000e+00
1.000000000000000000e+00
9.999999999929005678e-01
9.992699332423596870e-01
5.518732022091743517e-06
6.147859998861804343e-13
3.885780586188047891e-16
1.670885652060860593e-14
3.580720608908904978e-09
2.664004576682588166e-03
8.002807970230672030e-01
2.126739688249148497e-01
6.871851522094463149e-06
2.285177602701082833e-11
1.665334536937734811e-15
0.000000000000000000e+00
0.000000000000000000e+00
5.551115123125782702e-16
2.344013871891093004e-12
4.566074774947637138e-07
1.224623119944688865e-01
9.987469742037415887e-01
9.998695924792098122e-01
9.986140240176792915e-01
9.737991410509270196e-01
9.411569664573493643e-01
9.715298733461816827e-01
9.853900488424133242e-01
9.855617838871699732e-01
9.906927245068053445e-01
9.979844045947638964e-01
9.997277348327362478e-01
8.914410638003017473e-01
2.574385015718938519e-07
3.216643618131342919e-11
1.165206426928133698e-03
9.559537728544176272e-01
9.407751212564026133e-01
2.774493603265359987e-02
7.873320457818522300e-07
2.034655777194416260e-11
9.714451465470119729e-15
7.216449660063517513e-16
3.691491556878645497e-14
1.523834780581267978e-09
1.998904071465412713e-03
9.955336804204590884e-01
9.999231152127696642e-01
9.984743743453471376e-01
7.174414656997285533e-01
5.423550346211092332e-02
1.524773277919638792e-02
2.512637800177741632e-03
2.608580725849130033e-05
1.173122943232129956e-07
6.018293624565629329e-08
2.284043760621412567e-04
9.996590976279865481e-01
9.999999999955748731e-01
1.000000000000000000e+00
1.000000000000000000e+00
1.000000000000000000e+00
1.000000000000000000e+00
9.999999999999427125e-01
9.999998240480438838e-01
2.287337113534471111e-02
1.690475537330371480e-10
1.276756478318930021e-15
7.216449660063517513e-16
4.418021504193347937e-12
4.318764074140446496e-07
5.184424745603988249e-04
2.525686878122601620e-04
1.200064419504265345e-07
3.286704242100313422e-12
3.885780586188047891e-16
0.000000000000000000e+00
0.000000000000000000e+00
0.000000000000000000e+00
2.275957200481570908e-15
2.186767433798308957e-11
2.847181173049051495e-07
1.451519560839442669e-04
5.654077586699224334e-04
1.319363442462972991e-04
7.706168243193367573e-05
1.169473542899535090e-03
1.527909500030216194e-01
9.618551151947374311e-01
9.970922626495153374e-01
9.974768410583224609e-01
9.883339664945745007e-01
8.914410638002989717e-01
1.169620030585127868e-03
1.148179884502553705e-10
9.992007221626408864e-16
2.318610303753132484e-10
1.932693670658736096e-07
1.451484994419161012e-07
2.030875911884777452e-09
1.549815831225487273e-12
9.436895709313830594e-16
0.000000000000000000e+00
0.000000000000000000e+00
0.000000000000000000e+00
1.981748098955904425e-14
7.633054743827472066e-10
3.849036051828402805e-06
6.279272441578331865e-05
3.658370664905152836e-06
2.340997340422035222e-08
4.381522367147283603e-10
5.729011709476594660e-11
8.083644864598227286e-12
3.384514890569789713e-13
1.770805724277124682e-14
7.266409696171649557e-14
3.618736976740422051e-10
3.007677508948813916e-04
9.965426916762667453e-01
9.999996627455545184e-01
9.999999944510978844e-01
9.999999955502407722e-01
9.999999688877319048e-01
9.999970989432727109e-01
9.704443816172794168e-01
1.368310789451321341e-05
1.019684336966975025e-12
0.000000000000000000e+00
0.000000000000000000e+00
1.110223024625156540e-16
3.368416656712724944e-13
8.816330998584476220e-11
1.234061186572432689e-10
9.818257318272571865e-13
5.551115123125782702e-16
0.000000000000000000e+00
0.000000000000000000e+00
0.000000000000000000e+00
0.000000000000000000e+00
0.000000000000000000e+00
0.000000000000000000e+00
4.385380947269368335e-15
1.359468093653504184e-13
2.084998840246043983e-13
7.588374373312944954e-14
1.342814748284126836e-13
8.392286865444020805e-12
5.611301145957980907e-09
2.804474337425588715e-06
9.441868619530779938e-05
1.183077513512431622e-04
9.828372354803160960e-06
2.574385015718938519e-07
1.148179884502553705e-10
6.661338147750939243e-16
