3.921056791877808223e+01
5.083237566448198663e+01
3.717175836734195826e+01
4.299365123252402299e+01
3.693465268489709530e+01
4.588419278932774148e+01
6.193785716426771160e+01
8.397935559870410316e+01
4.809043155507623624e+01
7.252205033507634369e+01
6.276671024998684345e+01
7.380581922834080899e+01
6.853106755478141565e+01
1.107624381738383903e+02
4.655912452886430231e+01
6.397270888528453980e+01
1.076576362535263343e+02
7.552696866215322302e+01
7.336767099169071571e+01
7.304835457471834559e+01
8.290546534659465294e+01
5.026544087476124645e+01
8.546026739107807657e+01
9.393623835935065358e+01
1.015773810441883427e+02
4.931146648391158038e+01
1.995387175237826582e+01
7.102667552260987449e+00
2.428514493332246005e+00
1.939703391839745716e+00
7.471557102762343971e-01
