1.268484343461581746e-13
-5.591261289458691048e-14
-9.557561532848593020e-14
-3.305337952886336264e-14
-2.500918485327582025e-13
3.097113374196117817e-14
-2.523810299937269375e-13
-3.384368601995159281e-13
3.102778862334213984e-13
3.919043835507416642e-13
4.075335219176779502e-13
1.347806772507391033e-13
-4.147273702935492008e-13
2.566006120757014684e-13
-4.578325363396392052e-13
5.109204599038474744e-13
-2.244007378998358837e-13
7.526241270860429884e-14
-4.067567431069758875e-13
7.781615231683973654e-14
-5.485131154928668167e-13
-2.827162055657494341e-13
-5.986299661410642973e-13
1.664101145600764368e-13
6.995088162895228082e-14
1.296835214569678108e-13
1.780463322050296574e-13
3.376311386595806946e-13
3.291561898950341678e-13
-1.144734838631329053e-14
-1.188746077269158737e-13
