5.171654465989988791e-01
4.766717433565870743e-01
4.555302377299962346e-01
4.542289345533447320e-01
4.416051733590033446e-01
3.879663171492289675e-01
3.383822750188326678e-01
3.289805377076654436e-01
3.669923146536134273e-01
4.618016562255479185e-01
5.653788363839590270e-01
5.681781156206429095e-01
5.200478774057699649e-01
5.103799034364912002e-01
5.719345643336513074e-01
6.836442763876239281e-01
7.357186434590513580e-01
6.965584408108087544e-01
6.443687150754370263e-01
6.209054134805580549e-01
6.242035008003462560e-01
6.171482834828745379e-01
5.684653638131574871e-01
5.028523476339942233e-01
4.510449502058429538e-01
4.290412313800208710e-01
4.463587814217161442e-01
4.873552770865728356e-01
5.308348612896169882e-01
5.819894985178243330e-01
6.506514332161157377e-01
7.278182673752100484e-01
7.844832401709884717e-01
8.059487217336520626e-01
8.105043013695684140e-01
8.222021921566070590e-01
8.469527122507577443e-01
8.693533420294281555e-01
8.728655013177920585e-01
8.618403072852174329e-01
8.525170923043335902e-01
8.562695635023684915e-01
8.740294135997376257e-01
8.981103017145501966e-01
9.202436933041163725e-01
9.369902344759676316e-01
9.473633545058852690e-01
9.510291482075798886e-01
9.506218924631157918e-01
9.518992647591328904e-01
9.585771075973701372e-01
9.683678780003049935e-01
9.750613401378470657e-01
9.748539868522787533e-01
9.703281319567955698e-01
9.665836855698087815e-01
9.651018720013939678e-01
9.634202173130219649e-01
9.597049122542262722e-01
9.558628667931844403e-01
9.551803519879021875e-01
9.579332954921422338e-01
9.607691826823083758e-01
9.604625563671670418e-01
9.572399742494943631e-01
9.533380302438376752e-01
9.494245585832444823e-01
9.440637109892100476e-01
9.364507277722579071e-01
9.282921064046935067e-01
9.216195938913549490e-01
9.154688802955048832e-01
9.067623053314610715e-01
8.952237243929244137e-01
8.863246966354987322e-01
8.869291107645453920e-01
8.977511612156321430e-01
9.119151659849533686e-01
9.209443583995682303e-01
9.215557532282638853e-01
9.156913571562974585e-01
9.029692086339141666e-01
8.746084658566554149e-01
8.172528732207781088e-01
7.252410825084735224e-01
6.103043219719833656e-01
4.964504430217197006e-01
4.031753898617599363e-01
3.341072579978911494e-01
2.798580348465113943e-01
2.293001402799801913e-01
1.785414723945986104e-01
1.310320388341041364e-01
9.180084153377310319e-02
6.297073221330419524e-02
4.327213808193030448e-02
2.993340375615914997e-02
2.064450896108857569e-02
1.431222884896811258e-02
1.059713666475794666e-02
9.095733408289008448e-03
9.100610418551778602e-03
1.007674266162552658e-02
1.210837462845967653e-02
1.556816160858068808e-02
2.013929306297188720e-02
2.428134950849539925e-02
2.599215348198188544e-02
2.431151878710138131e-02
2.028040528010739002e-02
1.643787373678121805e-02
1.493363194025249842e-02
1.586326199365451980e-02
1.760739916528123589e-02
1.880289579052768847e-02
1.981902975607699111e-02
2.213518597730108201e-02
2.623920403015580702e-02
3.044127886677242684e-02
3.203410981634885468e-02
2.978320112716302537e-02
2.525496717982027295e-02
2.130791358921916082e-02
1.933022373377444106e-02
1.834575198003353044e-02
1.668480322482556594e-02
1.428343161615102698e-02
1.304813999955854384e-02
1.474145514419569758e-02
1.890730592558745662e-02
2.308181817177226008e-02
2.505739207993190609e-02
2.511431540912814966e-02
2.548123231797140564e-02
2.736437920217203029e-02
2.917526117277602013e-02
2.790657255840696405e-02
2.275174092897749162e-02
1.726653908294413162e-02
1.641679937466701891e-02
2.192938874142303513e-02
3.124925308585221884e-02
4.000333068742995685e-02
4.675990082027185746e-02
5.795329172188933703e-02
8.620621212403341282e-02
1.379061842785694880e-01
2.005683128920980052e-01
2.500475429729174248e-01
2.738139590486671771e-01
2.787827018546423230e-01
2.811365917589083718e-01
2.984468565934133566e-01
3.442564208424924721e-01
4.080707223346355939e-01
4.437842233229959965e-01
4.295168080457202331e-01
3.895805704355624899e-01
3.458025441849268411e-01
3.040153717660069588e-01
2.629241640111560918e-01
2.218958456515976174e-01
1.848356572846085455e-01
1.576645281783667085e-01
1.437765808450436333e-01
1.430214416702264568e-01
1.512772670591134572e-01
1.592655844868514081e-01
1.559934834053180452e-01
1.384396030474112915e-01
1.147172467490572695e-01
9.529222680950266700e-02
8.530565457740582613e-02
8.357768634230269833e-02
8.458871386123631431e-02
8.226457654652245821e-02
7.447917368838144481e-02
6.377986215974523754e-02
5.384406963299840504e-02
4.649289229744264784e-02
4.139162292654577358e-02
3.734018857706353917e-02
3.362406440898309257e-02
3.029290520860686980e-02
2.760323081190368261e-02
2.563628667184000842e-02
2.439527605519486997e-02
2.396926088438820768e-02
2.437965157468986038e-02
2.527594847846179049e-02
2.591657899709725460e-02
2.562036923143357417e-02
2.439478123090508752e-02
2.296710373363935326e-02
2.199463137873462412e-02
2.135978324986719662e-02
2.027492803965914858e-02
1.805897817817634157e-02
1.486673091576555528e-02
1.158779778328721324e-02
9.099349813704957213e-03
7.728784908876769680e-03
7.264279898697521137e-03
7.360094950663233215e-03
7.994474131905749889e-03
9.558974271364591851e-03
1.247902201988897002e-02
1.663739606606069385e-02
2.110141758605347737e-02
2.460105348753076696e-02
2.635480463938523477e-02
2.639406950035119021e-02
2.532348136876159950e-02
2.386603748147093224e-02
2.237645083654222697e-02
2.066623525307588125e-02
1.838670755709867835e-02
1.562971881857141629e-02
1.315907572235300825e-02
1.190799747007088329e-02
1.215290980551093740e-02
1.329752454533552133e-02
1.439017753083757060e-02
1.478706802974886873e-02
1.452632218337785233e-02
1.417686070566524098e-02
1.441958650788012671e-02
1.593756012799994043e-02
1.948745138747081870e-02
2.551895871970722915e-02
3.345243446325980169e-02
4.157607977642840957e-02
4.775990955036530511e-02
5.046510045511388987e-02
4.994856030011247949e-02
4.861860927618158468e-02
4.904599060896654844e-02
5.154361388224522333e-02
5.416054993478079671e-02
5.475016067435082429e-02
5.335422984798008500e-02
5.256690080196962933e-02
5.519601995085527540e-02
6.215885592687993288e-02
7.269725154881398477e-02
8.627839362010211732e-02
1.044085685478483849e-01
1.296444714731120329e-01
1.613414743399531337e-01
1.924404007307770337e-01
2.136793207315441645e-01
2.250522266726425191e-01
2.389803556559443876e-01
2.674195251187598266e-01
3.066917920669203768e-01
3.343674048500873686e-01
3.308735214999274921e-01
3.062343623519822033e-01
2.892041604107538078e-01
2.972157433968110052e-01
3.215896604529502323e-01
3.384566792600432472e-01
3.375685354552198647e-01
3.306250581342219941e-01
3.330704712605289664e-01
3.459341924261438717e-01
3.555610322192004347e-01
3.525441569374266892e-01
3.414466792561192676e-01
3.325058328343862279e-01
3.307525150707124606e-01
3.265723906459824244e-01
3.019874071712568275e-01
2.549439601748296202e-01
2.031577303821062719e-01
1.738255297730991744e-01
1.802531033846577480e-01
2.031123146399450019e-01
2.236030618055592778e-01
2.434748638122930520e-01
2.770097158221335176e-01
3.333917299488345920e-01
3.910682399916426411e-01
4.344078142956108168e-01
4.782206532550584144e-01
5.276725430509283665e-01
5.466863743332394110e-01
4.872776955413982147e-01
3.902610430158520161e-01
3.186093998953667406e-01
2.855809827223502739e-01
2.850592518752299021e-01
2.878013135665427047e-01
2.585261009020918821e-01
2.218137786102419573e-01
2.009325034939105081e-01
2.070326494804683448e-01
2.434349793507850912e-01
2.635897128143498969e-01
2.459904037198697435e-01
