3.871313142106650673e+01
2.756736135275848554e+01
4.072813088399580295e+01
3.165060483190926277e+01
2.922931206146684957e+01
4.164171665672457578e+01
4.881732619173128995e+01
4.806272197512614497e+01
6.450112949307353460e+01
6.509782359163024523e+01
7.392026353131821281e+01
1.262465008139295719e+02
1.096070982646885597e+02
1.402855491350633770e+02
1.152626221979186028e+02
1.460624386269394108e+02
1.404666803541280160e+02
1.252653605347788641e+02
1.182738487525949864e+02
9.806016683406470236e+01
6.791936271584216911e+01
9.033712101926315086e+01
9.553859416476042554e+01
4.253710599371770229e+01
5.936757761426031266e+01
2.756340582018218299e+01
6.554225514086583715e+00
3.089441567573750547e+00
1.313220597780133003e+00
4.781284573859482800e-01
3.098165087969746434e-01
