3.058959938086737163e-01
5.183090651322366238e-01
8.410048244721862742e-01
1.153977491520052689e+00
1.160876440865700410e+00
1.234596120413697040e+00
1.249629303438414274e+00
1.377496037277382790e+00
1.606385878368122633e+00
1.746658610060342731e+00
1.831941192032443100e+00
1.855442999966299800e+00
1.918908786386625653e+00
2.060602281637440747e+00
2.255676935185486176e+00
2.403093173026805918e+00
2.490439420964860595e+00
2.591564302101773798e+00
2.682658392795815860e+00
2.798472538945031118e+00
2.861742080229517704e+00
2.926217147609273539e+00
2.955743947853947340e+00
3.003737477945939816e+00
3.029596019521091144e+00
3.076124094591461411e+00
3.154248749886907177e+00
3.210495327990867231e+00
3.267801509039056640e+00
3.290371865220328207e+00
3.303214042931061467e+00
3.350622598211913772e+00
3.383705657624449969e+00
3.359273929324385399e+00
3.392444553739916380e+00
3.387563832254424145e+00
3.395603066005747461e+00
3.427636623908704383e+00
3.420557342831849201e+00
3.434222386327504317e+00
3.468034234900871926e+00
3.453722053461026675e+00
3.481851063112353373e+00
3.456986154848184611e+00
3.453264642294254116e+00
3.498029798538294877e+00
3.465283322012466360e+00
3.515129996299004134e+00
3.483953218126282891e+00
3.523850170263180814e+00
3.501588757306587585e+00
3.491939033021659977e+00
3.543636103053641406e+00
3.473716500024315312e+00
3.578785967753074893e+00
3.471386676335627364e+00
3.527218751265796648e+00
3.488109111267664542e+00
3.486266281797257172e+00
3.528341080989808365e+00
3.466202746031566750e+00
3.571376001388822274e+00
3.477303148271738475e+00
3.529593927635790163e+00
3.525031477638759458e+00
3.504142505949544351e+00
3.580392195072353623e+00
3.497369399072236984e+00
3.624179008518038536e+00
3.493188953710731237e+00
3.537195545405753094e+00
3.515558700328928587e+00
3.490834325285358641e+00
3.609526572213621165e+00
3.512803752785967681e+00
3.602102429402617823e+00
3.495436218013777463e+00
3.499250032662058807e+00
3.614898032130786198e+00
3.539332563753601057e+00
3.720072400378406918e+00
3.480995116313848836e+00
3.489204531921455299e+00
3.578395497881405873e+00
3.529249518739629554e+00
3.665664320779731700e+00
3.464799721645254849e+00
3.471947475262142202e+00
3.547776925113252489e+00
3.486793538562975581e+00
3.610518526075420898e+00
3.447733088233492893e+00
3.453061087428494158e+00
3.532381796985331945e+00
3.474963010526419538e+00
3.671909069065835585e+00
3.511791597236645579e+00
3.560639915757199070e+00
3.458952407792708073e+00
3.458041047639648369e+00
3.543997558312155682e+00
3.504381074472025404e+00
3.630015743934299266e+00
3.485757342494600675e+00
3.485178423656809077e+00
3.487763290683249640e+00
3.481338797276381403e+00
3.578109289878577126e+00
3.488022137497423181e+00
3.493863051042974899e+00
3.521652854537385746e+00
3.514988452951198994e+00
3.662447720839767218e+00
3.590451391532949899e+00
3.526245848591382348e+00
3.521839273189814268e+00
3.566826816535895617e+00
3.695219740302544409e+00
3.538947522015857938e+00
3.508214165169607490e+00
3.518616668798771219e+00
3.534947370154634783e+00
3.643498215087546122e+00
3.522796333167254268e+00
3.511935153658990671e+00
3.508936452251870008e+00
3.512099032736754278e+00
3.649014483072728687e+00
3.598298727324024782e+00
3.576141506845509355e+00
3.490555325764674865e+00
3.494532489378324946e+00
3.575928710831079993e+00
3.580917088971584672e+00
3.722847143494693256e+00
3.589165564013984344e+00
3.529493770824895904e+00
3.576899830929723301e+00
3.643514407272643751e+00
3.699541140469611911e+00
3.533897001498257140e+00
3.556492163785459848e+00
3.525693455976011137e+00
3.529600363264280283e+00
3.567478061446915039e+00
3.540301559226166184e+00
3.582662930151651270e+00
3.532421663241127163e+00
3.565002400358550094e+00
3.528038479056628596e+00
3.580541998035150275e+00
3.552968215144213016e+00
3.730689713960781972e+00
3.681541583844291310e+00
3.711129129692571471e+00
3.562328247038631268e+00
3.565111258017080509e+00
3.836887967173495451e+00
3.691130305654314547e+00
3.627027157739151075e+00
3.647223235719154744e+00
3.694867348216789082e+00
3.886458987475572613e+00
3.588786087910309508e+00
3.569720982163727907e+00
3.950029446551242884e+00
3.566329670098600246e+00
3.695700017571692086e+00
4.036136726595852764e+00
4.102996114381326720e+00
3.585556189063228150e+00
3.696700785719397864e+00
3.868452791325260876e+00
3.712179373654235448e+00
3.752872689923344662e+00
4.003017269406227818e+00
3.956075785673640155e+00
3.808292673150720287e+00
3.781292117714972534e+00
4.053136448914893997e+00
3.451615222697970609e+00
3.734343573422360230e+00
3.563403528867585379e+00
3.866812367205479717e+00
3.977401729979247236e+00
3.987675828095448960e+00
4.009736505303211018e+00
3.651213762062272217e+00
3.690047860236141730e+00
3.835801507885651773e+00
3.784950646170631039e+00
3.743838400652116150e+00
3.500097284115033069e+00
4.156873554219037814e+00
3.404235445712366470e+00
3.762235410669548585e+00
3.452398662782937500e+00
2.507821567884487735e+00
3.625769489532950196e+00
2.536035870803298842e+00
1.785369020248231298e+00
3.500028807031906553e+00
3.486490829242144152e+00
3.544509170103086415e+00
3.195295759576766148e+00
3.833948767985617678e+00
3.601054328689540007e+00
3.802760216939302218e+00
3.588531301234097803e+00
3.600080070243702579e+00
3.813324999313678632e+00
3.636222942104055278e+00
3.783271387427530108e+00
3.781974203429065540e+00
3.797087287888029294e+00
3.702084591879272413e+00
3.756100990730847133e+00
3.799900654074242823e+00
3.727805116134083274e+00
3.877070531755795635e+00
3.881682597751393793e+00
3.674271297474971831e+00
3.731969139557472115e+00
3.721897836498549772e+00
3.710536479548601108e+00
3.783443495538478807e+00
3.651205629395295027e+00
3.707324557969634782e+00
3.669305891466912328e+00
3.742945252098903719e+00
3.698576949831694272e+00
3.684229232290914258e+00
3.666086083719735100e+00
3.729417852088533714e+00
3.673101978148427982e+00
3.702423189192974196e+00
3.634561704141706873e+00
3.694280493995663051e+00
3.636070426558336344e+00
3.650009666394600671e+00
3.648522562851921780e+00
3.615973914280599999e+00
3.655763741330682493e+00
3.636595751099705787e+00
3.628430909922013115e+00
3.679045274946359800e+00
3.624820143637938585e+00
3.642615966018391660e+00
3.651949591263361938e+00
3.623576979340294102e+00
3.659121394324003074e+00
3.638876245395172404e+00
3.616133552372750692e+00
3.688939504724672247e+00
3.613783896116055772e+00
3.619766461281733960e+00
3.657036442810061239e+00
3.611648315322734781e+00
3.656688794837167134e+00
3.632776250472886659e+00
3.621566484269378883e+00
3.640367884091738837e+00
3.638258179844012563e+00
3.617402743117963837e+00
3.623100325487647044e+00
3.640532049092799483e+00
3.600771402857274595e+00
3.642067461044888432e+00
3.609179540126839836e+00
3.602195218645983577e+00
3.714838799786084778e+00
3.644185561471774637e+00
3.716914515470076008e+00
3.598267811919808601e+00
3.597043428468083448e+00
3.709967284723042713e+00
3.599393940041669016e+00
3.747128212027873051e+00
3.600329008142308052e+00
3.600744330159076245e+00
3.786763302048130164e+00
3.782739843876268715e+00
3.669403287573204775e+00
3.701175539286118976e+00
3.774742708170517602e+00
3.636027410643865920e+00
3.740276969722962974e+00
3.883581652971654030e+00
3.589151090808609279e+00
4.026043347300230835e+00
3.561027946207980133e+00
3.747595921579126799e+00
3.888307157099089473e+00
3.580369265011662971e+00
3.661642218859316955e+00
3.784591399988927574e+00
3.571427399666787128e+00
3.576893247220666261e+00
3.671189595054984878e+00
3.565900861548623624e+00
3.557297027989363869e+00
3.543820926644036362e+00
3.602175101959168568e+00
3.529238988868706350e+00
3.544100372138876853e+00
3.557258332770402820e+00
3.524248205855241789e+00
3.583259156578719740e+00
3.527760806859921772e+00
3.530488187402423428e+00
3.635074486370171609e+00
3.529059581835484405e+00
3.615564952561907131e+00
3.530653718937523777e+00
3.530756035503506141e+00
3.581739782664098204e+00
3.522692744066365567e+00
3.596434067676093527e+00
3.523973262069273638e+00
3.548532854864795638e+00
3.582395137345665059e+00
3.547429600727929788e+00
3.606294292462798090e+00
3.533514958474765599e+00
3.532225564268118845e+00
3.614490072034909129e+00
3.527812601545027960e+00
3.645070289321287849e+00
3.534591702226058896e+00
3.651307936106117591e+00
3.567148085809075830e+00
3.559324907173230468e+00
3.530099361402296854e+00
3.521240569023569300e+00
3.710595316385003173e+00
3.564327382346528683e+00
3.503910791729110574e+00
3.640660205554663520e+00
3.682249507296489810e+00
3.540594076711381710e+00
3.663626618160895632e+00
3.672281497374010328e+00
3.496383591677574287e+00
3.845276003634179318e+00
3.636826947016631006e+00
3.478306557332612403e+00
3.833390269453801569e+00
3.550484022972685949e+00
3.520040220426843725e+00
3.774732014873384500e+00
3.473660893796274962e+00
3.512146231129175344e+00
3.689899564042067315e+00
3.463981462029859237e+00
3.488367256706671249e+00
3.521184073152703320e+00
3.507713317943947029e+00
3.489623346708646601e+00
3.484103209814199076e+00
3.567357069973441153e+00
3.482369407347533308e+00
3.473682107290107623e+00
3.636321241860452247e+00
3.472769929232438546e+00
3.505548117556367416e+00
3.577955819365362444e+00
3.512245327278225471e+00
3.492769599579341744e+00
3.543721604457405139e+00
3.507607479776370774e+00
3.475199117897172840e+00
3.468229694282453757e+00
3.515643746574532269e+00
3.481907995634430542e+00
3.516566299612055690e+00
3.528591545654638395e+00
3.490394809394267828e+00
3.514491664082865618e+00
3.520447532617168029e+00
3.485793402502724181e+00
3.495945764552773394e+00
3.521836986529073510e+00
3.495009129165278061e+00
3.492904974280079955e+00
3.517138700443278143e+00
3.512290853764136855e+00
3.490057759695083917e+00
3.512786978052732323e+00
3.504911769492393248e+00
3.486333552979888672e+00
3.484465479286247280e+00
3.500740979099234984e+00
3.506878743289811862e+00
3.488629397052546821e+00
3.506740677063483247e+00
3.507592009132490585e+00
3.486594483106031372e+00
3.503587220344419606e+00
3.510785332095110789e+00
3.484948685500249166e+00
