1.998935624732694691e-02
1.253599757313982217e-02
1.343753588598223074e-02
9.995638118355651067e-03
8.934448380914223123e-03
8.296501063045885749e-03
8.067954196756408486e-03
7.873494704755434545e-03
7.505534499524924366e-03
7.120049960081606052e-03
7.235507270087176979e-03
7.039035543794825052e-03
6.997355262950919093e-03
7.082303269361839120e-03
6.901206985180517034e-03
7.165400195836203745e-03
6.776254191462408212e-03
6.444537635498820416e-03
6.565561401976169505e-03
6.296318898311186255e-03
6.305642822102800957e-03
5.880798651032171330e-03
5.636351942639371455e-03
5.512339690426355625e-03
5.396846973366685278e-03
5.339620513567209376e-03
5.117474740385558746e-03
5.207665669102727428e-03
4.872512393565932298e-03
5.059400255163513938e-03
4.835188323821863234e-03
4.677731549648589740e-03
4.744412360641548677e-03
4.567202265991309948e-03
4.370989620607085291e-03
4.378961079655902325e-03
4.382673076561162048e-03
4.187164143756721968e-03
4.052787161899635594e-03
4.193005583155343108e-03
4.191803876847578943e-03
4.112293977824435509e-03
4.079668085131918712e-03
3.971294681719071164e-03
4.074175502960876265e-03
4.003177208874561868e-03
3.938922140169610377e-03
3.865176429004367736e-03
3.809404264623401926e-03
3.554194524523785620e-03
3.536282965881558295e-03
3.653748892564786903e-03
3.805476111168062080e-03
3.690401894944209289e-03
3.578070480869916404e-03
3.429248553122051391e-03
3.186416726605631640e-03
3.115429609341127323e-03
3.175127948905027715e-03
3.314633173102125505e-03
3.231616464528463961e-03
3.190087769653731677e-03
3.124918550232156245e-03
2.989963016850743453e-03
3.009409258480154597e-03
3.112108042327934709e-03
3.323500127092956016e-03
3.398550175266085247e-03
3.280099871692176202e-03
2.921770653412105855e-03
2.768038897219865253e-03
2.863273539124830229e-03
3.073903087566128619e-03
3.379168650330708658e-03
3.165289365031947761e-03
2.813036069518369889e-03
2.676372822509782718e-03
2.784637936900306431e-03
3.356374233904069800e-03
3.570000203367682326e-03
3.111242847974555331e-03
2.343665513970694982e-03
2.370096312217538637e-03
3.061815451360814025e-03
3.243798889533483325e-03
2.729070226504779883e-03
2.142096324118427861e-03
2.225037158841953935e-03
2.756828322341172213e-03
2.839655019971992333e-03
2.497192760432050303e-03
2.182599185484934614e-03
2.378395594886956264e-03
2.623864063033025038e-03
2.899203961966256154e-03
3.120413187518922531e-03
2.622230393398392121e-03
2.234608353807739957e-03
1.986685285587757623e-03
2.220221785331377273e-03
2.610996972741976355e-03
2.764691136341771750e-03
2.744840876417261807e-03
2.147929354011974493e-03
1.929324093699418506e-03
2.215226426194577287e-03
2.395173712372260580e-03
2.438185892296053717e-03
2.089523452030596796e-03
1.931974751714479440e-03
2.300592333573960729e-03
2.671333192847293383e-03
3.078808075191635189e-03
2.333046753281784250e-03
1.771604144768848792e-03
2.285799508499030026e-03
2.844903550413702652e-03
2.819789992644017827e-03
1.971110052130700674e-03
1.754946292172558566e-03
2.168373667302279321e-03
2.453625656734787722e-03
2.480872201623968241e-03
1.962732426588885762e-03
1.727683592507585136e-03
1.947799170738207268e-03
2.282087767917820829e-03
2.847644640837200883e-03
2.390076344319077683e-03
1.874602168343431595e-03
1.679000471763551989e-03
1.842566303990685397e-03
2.394093902548998995e-03
2.730693628655769985e-03
2.828374129481893776e-03
1.918437379217360472e-03
1.646388730716770877e-03
2.483266540361167302e-03
2.781901180728395609e-03
2.380098497501876263e-03
1.755673018315198662e-03
1.644089180909581640e-03
1.640219900759661790e-03
1.727845842076605265e-03
1.996796200645860938e-03
1.912153438651231427e-03
2.030148950210559824e-03
1.990653792008929574e-03
1.905723907117281690e-03
1.828508398967318123e-03
1.994070487663607977e-03
2.228746134336405480e-03
2.975063922107808959e-03
2.678139270766003322e-03
2.020233134201201985e-03
1.663930368072298648e-03
2.186397094663885318e-03
3.190513104145042706e-03
2.284596347357668086e-03
1.556876290519787053e-03
2.429717263317516737e-03
3.085229154587531240e-03
2.569893410273167613e-03
1.439767923361008964e-03
2.277067235564302246e-03
2.399025453919405478e-03
2.144052627836364085e-03
3.480640618910682375e-03
1.968569734711332012e-03
3.231547099687891167e-03
2.433644777996361343e-03
3.084266522665379730e-03
1.862135563719008111e-03
2.785743309084862552e-03
3.839361754247642543e-03
2.182442916351092811e-03
4.220002734282764408e-03
2.077999183332894084e-03
4.583323132475287942e-03
2.652265720606950417e-03
3.990092297980783916e-03
5.175076864257066762e-03
2.678410335609902274e-03
5.085811991347224774e-03
2.736101065547750719e-03
2.714122410685939919e-03
4.014278732513293542e-03
2.256047286148670904e-03
3.349716505384914018e-03
1.877038328276551919e-03
3.244161288570143221e-03
1.902834194916247805e-03
3.300057743232807234e-03
2.358866639743515368e-03
3.306181285669172396e-03
5.669945367581845190e-03
2.130911315232246646e-03
4.219663150658290764e-03
6.513176728754180994e-03
2.138920179311973140e-03
2.865818072214859104e-03
4.820011471809145485e-03
4.312752727330130577e-03
2.206457363698885021e-03
2.656995224547833989e-03
3.412334356106217371e-03
2.803700857071296862e-03
2.308593421229861165e-03
2.105427022341189221e-03
2.235018897824083816e-03
2.756974823649242703e-03
2.866799542338659395e-03
2.159479140260167802e-03
2.322546524732579856e-03
2.772740016558012006e-03
1.869529609289931425e-03
1.686702225776343577e-03
2.295709913917905274e-03
2.217250402883270185e-03
1.586198802621282622e-03
1.936837210197198903e-03
1.871506895933136268e-03
1.595959224906875551e-03
1.979674745921810707e-03
1.589817489425545327e-03
1.634015416202203074e-03
1.570767979498557173e-03
1.465394480216520483e-03
1.793077250591291767e-03
1.479473891396666362e-03
1.738532493517356853e-03
1.416832260394026901e-03
1.763211269425809993e-03
1.450136773975351564e-03
1.662647470871966588e-03
1.521874672383415105e-03
1.585859187828557622e-03
1.711562408079201096e-03
1.410615710126101631e-03
1.675880460374712128e-03
1.488139643747452999e-03
1.404829382143712524e-03
1.617830432050830882e-03
1.481724572311385367e-03
1.382603956026779270e-03
1.583666406431964539e-03
1.440778507206454551e-03
1.353007283586048128e-03
1.461469318448047408e-03
1.460750975997624976e-03
1.368811977044355954e-03
1.381282723041325983e-03
1.425485212386752056e-03
1.457212976022090453e-03
1.368963812611013152e-03
1.352352570525203060e-03
1.450101529829280356e-03
1.434315557339449140e-03
1.376920049814887035e-03
1.365560953418074996e-03
1.375707361091628271e-03
1.366934503772560981e-03
1.381148948689449709e-03
1.366555533634929631e-03
1.372441207333715586e-03
1.431657101010400807e-03
1.411121220543761628e-03
1.368929489666659066e-03
1.395553181982493859e-03
1.478569703769747447e-03
1.770398349769006143e-03
1.749987273332652676e-03
1.480004509896217088e-03
1.334133876100364498e-03
1.582207139328014808e-03
1.586761955940895570e-03
1.605102156302642882e-03
1.629537431969385521e-03
1.346980266214621103e-03
1.440485249522336199e-03
2.346416885379393538e-03
2.069099682517812257e-03
1.228953912498864307e-03
2.080620055438708350e-03
1.914417256077913720e-03
1.250281407249047858e-03
2.445861596094470354e-03
1.896865742621365843e-03
1.712084581806694403e-03
2.196362696873784253e-03
1.680055628241354732e-03
2.490765895186149853e-03
1.564626919345525873e-03
1.519426167542550082e-03
1.989817978637209092e-03
1.387577171449469069e-03
1.278698307831663793e-03
1.427153265494352213e-03
1.271261497504244057e-03
1.212870414220029161e-03
1.210194855939186222e-03
1.269057730790605415e-03
1.407986937958098303e-03
1.297542750814102133e-03
1.200786401576211648e-03
1.352386941332075349e-03
1.359087071566582663e-03
1.246907118501248100e-03
1.257897333240334641e-03
1.447377307599899670e-03
1.403641477601048296e-03
1.331855557645336002e-03
1.319347764444944639e-03
1.187407489626904475e-03
1.274606844041875414e-03
1.272315148818303808e-03
1.277817782110414512e-03
1.342924267821286747e-03
1.226558972524923212e-03
1.196277989351456810e-03
1.367186982514525303e-03
1.384155757685853706e-03
1.263630903661352740e-03
1.213626487547012078e-03
1.402506971926263842e-03
1.386638770994033090e-03
1.413486103953768809e-03
1.475477013044629608e-03
1.501005483305409716e-03
1.605054995147793236e-03
1.427589313168816775e-03
1.119575452348241370e-03
1.253765277641979937e-03
1.596324044844009893e-03
1.769991081190622857e-03
1.290177077210899557e-03
1.181258892548858524e-03
1.906288163309068865e-03
1.654134725904207433e-03
1.115344856269532593e-03
1.931213262237756233e-03
1.441889644227262483e-03
1.442331368175230576e-03
2.248636516550729311e-03
1.305618423575798928e-03
1.487517288208469292e-03
2.023131861316083621e-03
9.777363799887681985e-04
1.783107446608433750e-03
1.441156287018612731e-03
1.020848558488645502e-03
1.605415767967087069e-03
1.250028975339794639e-03
9.803267813773442352e-04
1.162350261850950139e-03
9.211382009001616890e-04
1.089629605146706127e-03
9.828220207340717437e-04
1.001379399890281853e-03
1.190215231497764210e-03
9.335789283762176019e-04
1.236238099025780812e-03
1.238846756814228301e-03
9.563047048875886712e-04
1.325601969673103134e-03
9.519006495412457580e-04
1.076103892012209668e-03
1.166754151220292246e-03
9.318779321812912598e-04
1.088638794345654637e-03
9.385997466325152845e-04
9.740158121755067028e-04
1.089623600149939361e-03
1.024567758315968061e-03
9.248056421533789803e-04
1.005611303875940041e-03
9.937845872725688430e-04
9.606513899367879116e-04
1.037397630893097111e-03
9.442525962251400312e-04
9.703893958782485807e-04
9.685850831371121007e-04
9.832200852575628727e-04
1.059138150005426533e-03
9.798840273668139866e-04
9.707744026490046189e-04
9.704257425114904637e-04
9.649732265873087493e-04
9.913798285427996050e-04
9.411272973040119656e-04
9.803592726988252012e-04
9.450571798191016813e-04
9.479485777561442485e-04
9.477511000787623751e-04
9.502598933140313188e-04
9.411075859179951660e-04
9.757032616492083412e-04
9.221609209233943942e-04
9.407336353881843617e-04
9.300618105923444791e-04
