3.089612403917869204e-02
6.579062991476002098e-02
1.000977643823056928e-01
1.341955624062778352e-01
1.359635284726086191e-01
1.258421111044331631e-01
1.123588377729024118e-01
9.775592455289819349e-02
8.613484349223078651e-02
7.771329891424180736e-02
7.233765650811678494e-02
7.137285552320878079e-02
7.389011119777590120e-02
7.790233042688689269e-02
8.336039586351833008e-02
8.829180319867450943e-02
9.503308797420977061e-02
1.039239222763527343e-01
1.167716093500525271e-01
1.326423937758093585e-01
1.511198651185909070e-01
1.703089470634348845e-01
1.906671108529690850e-01
2.074784978038992644e-01
2.243549522677562580e-01
2.395511714072670328e-01
2.526140492707834584e-01
2.646468365513013898e-01
2.765147748303783404e-01
2.883773935687232171e-01
2.999800650985647299e-01
3.069621781954012252e-01
3.125860280751224241e-01
3.188692896583440461e-01
3.252962366984397669e-01
3.275105604153891736e-01
3.274462998938715286e-01
3.291406922403911084e-01
3.320161029855267509e-01
3.353081779311688493e-01
3.387570727779926072e-01
3.428183332161175989e-01
3.473742371889697589e-01
3.516435973141318616e-01
3.550743658409692971e-01
3.581651358369413729e-01
3.613087181241542711e-01
3.649183144071105334e-01
3.680844743147517750e-01
3.700438986735049562e-01
3.715047766222958070e-01
3.723134959483142548e-01
3.731136728049996854e-01
3.752401958626800371e-01
3.800489639414975085e-01
3.819704006424637921e-01
3.837196630679842180e-01
3.871315754061888104e-01
3.892372767247855303e-01
3.902169847944755854e-01
3.922143293656675800e-01
3.954121827914909293e-01
3.961376563036445031e-01
3.960696476569208757e-01
3.978517192462525665e-01
3.995702656279608855e-01
3.998909636848089200e-01
4.006715887950831889e-01
4.033392170835596868e-01
4.058447498416453136e-01
4.070551401154923199e-01
4.088830323866550209e-01
4.122408203455574238e-01
4.129645816117464840e-01
4.123637208108862362e-01
4.132795656712146548e-01
4.147687723306311414e-01
4.162657074170376670e-01
4.169436625051929912e-01
4.174671942936292734e-01
4.190969480044755002e-01
4.211090876558714058e-01
4.222745714571643494e-01
4.232124199666252307e-01
4.247747165247048318e-01
4.266637275061316847e-01
4.271342477327221276e-01
4.276338059141042702e-01
4.285689915857103238e-01
4.279908581683374291e-01
4.285589555178487275e-01
4.296699514740087156e-01
4.301669364488236447e-01
4.313908375706028142e-01
4.333053158583531905e-01
4.347804286777728899e-01
4.353333261693247969e-01
4.368426094702578255e-01
4.384803460354760318e-01
4.389887335625379805e-01
4.402669336884945106e-01
4.417728691561028653e-01
4.432453454015296002e-01
4.446723101143526535e-01
4.469213497802297375e-01
4.487524226219324897e-01
4.509779089204882796e-01
4.523919337121887208e-01
4.533525548841743635e-01
4.548796222152887148e-01
4.551112134991278091e-01
4.561815553098390041e-01
4.579862044481816108e-01
4.591562536334208855e-01
4.620486249662034139e-01
4.630363291482117449e-01
4.647416473721817098e-01
4.667141442445890132e-01
4.680272230451992810e-01
4.684977087463958467e-01
4.696175979542675516e-01
4.700920167030514518e-01
4.702396804599069391e-01
4.722835756298432441e-01
4.726626916123918276e-01
4.733364894850291549e-01
4.749927178272738137e-01
4.772912329815565680e-01
4.771500948489540428e-01
4.788687753268299763e-01
4.804825592322184979e-01
4.817876570195225305e-01
4.842015502697770146e-01
4.865338552260806693e-01
4.880208876814747243e-01
4.910904049941806071e-01
4.931339954597611652e-01
4.946026834510554027e-01
4.965959766232981853e-01
4.980704942747548047e-01
4.994387314292137448e-01
5.012184523661046276e-01
5.028717247320566575e-01
5.066295957083707391e-01
5.089788446732295135e-01
5.096776799536489877e-01
5.120115002757580358e-01
5.136379512718148854e-01
5.135206242769765339e-01
5.155165540296707816e-01
5.165770840992949253e-01
5.170268706901471889e-01
5.193671253380651720e-01
5.204779254774066777e-01
5.222431231901228932e-01
5.255787959903216455e-01
5.274466496814032013e-01
5.289859303107177224e-01
5.305854190156519268e-01
5.323749992421267230e-01
5.344228631626529724e-01
5.354047621807830337e-01
5.367209809090808248e-01
5.401835017271824357e-01
5.418717322588000318e-01
5.426535063290246486e-01
5.458200497383999261e-01
5.486642009897376715e-01
5.499386089132466404e-01
5.536467119089456546e-01
5.556451511377984431e-01
5.571140553795786987e-01
5.609141964410380155e-01
5.623022638364046921e-01
5.625735129878282059e-01
5.651003843909795377e-01
5.680132146519788483e-01
5.689876065124750415e-01
5.720242882228125936e-01
5.753239523302797753e-01
5.760822627384029060e-01
5.788507754771854419e-01
5.816823042586325432e-01
5.829010378090925260e-01
5.860844645398506358e-01
5.881082049628447717e-01
5.882854209752076402e-01
5.907233476021616081e-01
5.946906479907754228e-01
5.954374217521124502e-01
5.957191997022147634e-01
5.982380329422926080e-01
6.019295437239199353e-01
6.075231373217976349e-01
6.109335394213623038e-01
6.126771862391975354e-01
6.128021501055166409e-01
6.137961214230713836e-01
6.156183078552038834e-01
6.182616370454148136e-01
6.200415556439116127e-01
6.207489258281871924e-01
6.215555576107151259e-01
6.236113874585872408e-01
6.262478772209613131e-01
6.281619775791963400e-01
6.310017835352322857e-01
6.341909530598519584e-01
6.358426445831223406e-01
6.373465522164868391e-01
6.400698995608338215e-01
6.406417092690803727e-01
6.412005005130656521e-01
6.432590797968366081e-01
6.449582549743223536e-01
6.463388406097363426e-01
6.491356002676572645e-01
6.507457598066468396e-01
6.526797760217633027e-01
6.554096904349988595e-01
6.570736212497754192e-01
6.582149630823248554e-01
6.598590234990923120e-01
6.611077537769610712e-01
6.630047731966720592e-01
6.657405129532963928e-01
6.671679179217657740e-01
6.694233141260885755e-01
6.715490285357648137e-01
6.723648077592683237e-01
6.751327669349407312e-01
6.777258689536685976e-01
6.797526426561036894e-01
6.825275528888564702e-01
6.841154336773317413e-01
6.852906292177429748e-01
6.876938675903428999e-01
6.890720824998337601e-01
6.906809553488379994e-01
6.934081674471939127e-01
6.958316689149561807e-01
6.980948456092092025e-01
7.011089379663195675e-01
7.050213904971043277e-01
7.077593851384215151e-01
7.096705688161477621e-01
7.126495254957916359e-01
7.169064901644690568e-01
7.201348491562404863e-01
7.220909454450856746e-01
7.230457537244088240e-01
7.251682841477921082e-01
7.282847301116838201e-01
7.313353240523090548e-01
7.334499606092114155e-01
7.345447473855442055e-01
7.349050012511817442e-01
7.351485194934154199e-01
7.366480969868987039e-01
7.387432546968232261e-01
7.410107021987800691e-01
7.435187683484923982e-01
7.458972024605888818e-01
7.484382176014376942e-01
7.506911494385363204e-01
7.524713303645860218e-01
7.545812205527253624e-01
7.569199361376361956e-01
7.588481528640970142e-01
7.608635282416374990e-01
7.637630380513543704e-01
7.663747360015986665e-01
7.684763738709433634e-01
7.716086487216862189e-01
7.746529651352768164e-01
7.768601712535312398e-01
7.787129771829326419e-01
7.806474972261969736e-01
7.821305631910846490e-01
7.830314727124924046e-01
7.847200997367880237e-01
7.859481181513002790e-01
7.866997776584415680e-01
7.874274196007574611e-01
7.896692217744906150e-01
7.914613451774744624e-01
7.923946181349934559e-01
7.944602752961332781e-01
7.963089824720025467e-01
7.975721685010338513e-01
7.974993257922302625e-01
7.987917563928245146e-01
8.009617553410679491e-01
8.019749545031971127e-01
8.029511740964240252e-01
8.060897094275824015e-01
8.077844036807929617e-01
8.087176372483799724e-01
8.109692229690982357e-01
8.134004431734757068e-01
8.148439596020183862e-01
8.148728245710320506e-01
8.150210984794158398e-01
8.167264436044835429e-01
8.192903635117814165e-01
8.197820747642504680e-01
8.210929589496712699e-01
8.241014362621938982e-01
8.258152535791409843e-01
8.268494832883915846e-01
8.296979823428470846e-01
8.319922590352564207e-01
8.329559277382178051e-01
8.352237469115616486e-01
8.387136411904597688e-01
8.404876001175263234e-01
8.424012884395757350e-01
8.446840275529686748e-01
8.466545393660056540e-01
8.481167362390902298e-01
8.500853376494366120e-01
8.521100142173581027e-01
8.536524347703910998e-01
8.547115883968943173e-01
8.556814955993374827e-01
8.564520859507280814e-01
8.571442275504993491e-01
8.583116307214910812e-01
8.596683196301959651e-01
8.614958489793647090e-01
8.629721561555970810e-01
8.650869128519312889e-01
8.670360201194708960e-01
8.682048850412152907e-01
8.687990405210814782e-01
8.700859549497479417e-01
8.712176565762353997e-01
8.729802171852364401e-01
8.744114202523308732e-01
8.755787231405358639e-01
8.768471042378274127e-01
8.790460261994456070e-01
8.798748463947688725e-01
8.808183896611401220e-01
8.829594215634141152e-01
8.845508815815589232e-01
8.852353118915412544e-01
8.857284760140582414e-01
8.874681208878838490e-01
8.893462790044716071e-01
8.902829790459305670e-01
8.922434259916239840e-01
8.938803955526902767e-01
8.945623376894177303e-01
8.955908717200480318e-01
8.965647384660038188e-01
8.975307700458819982e-01
8.994258109379593691e-01
9.000686825443010575e-01
9.015855681153587264e-01
9.015071492916768570e-01
9.042511107228581313e-01
9.039807151846733779e-01
9.057162744050341052e-01
9.073659530289455155e-01
9.062314700168351278e-01
9.086431532656502608e-01
9.116213935110595301e-01
9.156100710567065537e-01
9.180826668005366287e-01
9.175440845029111392e-01
9.178053252407697427e-01
9.200093728879276123e-01
9.239367335691885952e-01
9.258182597908019007e-01
9.260437962121650379e-01
9.268922612156927920e-01
9.288873076472405899e-01
9.315169243559663359e-01
9.337252610011019804e-01
9.351380284614034810e-01
9.360954163204463496e-01
9.368096058233932322e-01
9.371438308766096847e-01
9.384940467825142463e-01
9.392087064779389705e-01
9.398875437609808259e-01
9.400937058093931098e-01
9.408907072310686015e-01
9.419387259846069282e-01
9.433969734990770295e-01
9.451803607205633284e-01
9.467082519472365121e-01
9.472377895784740431e-01
9.478298265592982608e-01
9.477439924163143514e-01
9.491347128182910931e-01
9.480811098960432171e-01
9.493149951844963574e-01
9.505814585235093928e-01
