6.546301257872103463e+01
5.781478993405912803e+01
4.781997492651149884e+01
5.942901112003593767e+01
5.268536186299602520e+01
5.816760732581412441e+01
7.029090854497418661e+01
6.197785991355631552e+01
8.229687125955689453e+01
7.643914092387137771e+01
8.799566416351802900e+01
1.062617482931011637e+02
8.123784669906223144e+01
8.173161360045376966e+01
1.172875746364662746e+02
7.534035414070999082e+01
6.579984396945543779e+01
8.598996634989242693e+01
1.000604334420663406e+02
1.239124891886133355e+02
1.007749902452701747e+02
9.669477923564038235e+01
1.119062779637393277e+02
8.779605102898473490e+01
8.161409432831872834e+01
3.548814633616827052e+01
1.338418544113795328e+01
4.424444698719528724e+00
2.168767984361055667e+00
1.275170024484670206e+00
6.515945178431369333e-01
