5.221257196703153625e+01
5.862709193052609180e+01
5.244347298056043627e+01
5.545876935442598921e+01
5.517004376709104463e+01
5.335842969347621789e+01
5.727449305552859471e+01
7.135865081330337034e+01
9.431438911789742008e+01
8.068218638827534051e+01
8.740607734720003918e+01
1.280804671166133346e+02
8.590954824993931993e+01
1.007596140304380299e+02
1.284954620935098433e+02
1.142850991539846746e+02
8.954256899252723656e+01
1.182960255311033961e+02
1.480289967017062907e+02
1.312613327978556299e+02
1.257858248425374370e+02
1.004126946853629505e+02
1.105923741957263360e+02
8.083913041622736273e+01
9.612046354461990916e+01
2.803673854894702444e+01
1.827634972728136020e+01
6.192499434105917189e+00
2.897072810336734694e+00
1.509767313548753487e+00
6.824397744874119986e-01
