8.907611655322129707e+01
1.082986090297338961e+02
1.255340093686812395e+02
1.092895144130508100e+02
1.118018799856526044e+02
1.298196119951981018e+02
1.150290144793929699e+02
1.289329192469429302e+02
1.077563873803956795e+02
1.270395442342936008e+02
1.031404119518587237e+02
8.101786847887353815e+01
8.068794890693646948e+01
6.363804769597633992e+01
6.845219532936104656e+01
7.300475760871375996e+01
5.503414357216396269e+01
4.951798358873345052e+01
5.975462073139324559e+01
6.548250597469026957e+01
7.007799901770840734e+01
6.513038497733099064e+01
7.826996579656588438e+01
9.257640591885632375e+01
9.859951148191862558e+01
7.718276924585984489e+01
1.007252579628118667e+02
9.359776355996402231e+01
5.589391792856165608e+01
5.481706997738788090e+01
7.165633533027168767e+01
