8.325491328414223346e+01
8.009041137709245106e+01
6.684297904208531804e+01
6.661549851215011131e+01
6.244978808560088623e+01
5.825518298983336507e+01
6.585189535335020139e+01
6.926188526649379185e+01
7.876584630215582195e+01
6.550087506637298418e+01
6.803257779287099538e+01
7.953305847530774031e+01
6.361397518904865223e+01
7.021970025235823698e+01
7.952331242740174844e+01
7.562548318230190603e+01
6.204040141975342948e+01
6.590253843981540172e+01
7.066554904705381546e+01
7.270423480038226671e+01
6.268801082089105847e+01
5.663741971365471528e+01
5.481524395988742526e+01
4.774204298891926612e+01
5.701932418564907579e+01
4.308196923265845868e+01
6.352287973815757738e+01
5.508814811748253959e+01
6.627996221918776598e+01
6.174644542644640666e+01
5.377983927230560823e+01
