1.468783504448539929e+02
1.346978746684773682e+02
1.348808644417333085e+02
1.434533978059653805e+02
1.426107151391070715e+02
1.495276744039877315e+02
1.319636362100140445e+02
1.277189096090626634e+02
1.289628956295224214e+02
1.256811800270443769e+02
1.260384045499330057e+02
1.267241525063018628e+02
1.206169443702202102e+02
1.284769710331808596e+02
1.296629547131802838e+02
1.302248699670053043e+02
1.300839454360571779e+02
1.252203392866341005e+02
1.256048488576844306e+02
1.268394512727708729e+02
1.219115483659567616e+02
1.202078463108738049e+02
1.200621494368764104e+02
1.192835353357676951e+02
1.233197073514434692e+02
1.264692781869589737e+02
1.316384172249105688e+02
1.368911818585022218e+02
1.379180576820016881e+02
1.330686663520208697e+02
1.263435531635771696e+02
1.277488315364278009e+02
1.237344620105357791e+02
1.150905332625960824e+02
1.227449538911711500e+02
1.362094657836394731e+02
1.251307344891283435e+02
1.191036987110631458e+02
1.279125525270947037e+02
1.361124074363955003e+02
1.451754048112373710e+02
1.738541381631469562e+02
1.811545415746812466e+02
1.477182559129460060e+02
1.465066981617642057e+02
1.422546828138945614e+02
1.414617679355677922e+02
1.352358508304790519e+02
1.531833685942355601e+02
1.644773729830806701e+02
1.620423057594585430e+02
1.501345903789653846e+02
1.488866588355232068e+02
1.538964431960740455e+02
1.567268994541707627e+02
1.634720493868607321e+02
1.636062092502275789e+02
1.466350919744365910e+02
1.351319907129899889e+02
1.240552766406052569e+02
1.219406874811664494e+02
1.231526759260192563e+02
1.202856734405728787e+02
9.935932597025846746e+01
9.123584451425318775e+01
1.104103040890961580e+02
1.038782960624798761e+02
1.040887333065755911e+02
1.076893084841811685e+02
1.062822405394773853e+02
1.036775704878865554e+02
1.131224860749424579e+02
9.079213177452496097e+01
9.297377003240701754e+01
9.150437291563225983e+01
9.127583731965177094e+01
8.814808000334222982e+01
8.916646741656704478e+01
8.920582728994968136e+01
7.968148390924221758e+01
8.311563915904481803e+01
8.913177812139534240e+01
1.056145287877222785e+02
1.096780328795325090e+02
1.053251204939256240e+02
1.025286980772627459e+02
1.007837831307773655e+02
9.840447539362577345e+01
1.119162153067924521e+02
1.141545064307470909e+02
1.170330355376830482e+02
1.131420445835311455e+02
1.217899713669143154e+02
1.253525758797207743e+02
1.211572345150293160e+02
1.295911095411078975e+02
1.329409913909840668e+02
1.241863704950184228e+02
1.272138422407470841e+02
1.255102270264803366e+02
1.140775280525680841e+02
1.043416679193955900e+02
1.097190176356363338e+02
1.114611129287010698e+02
1.129911678977130123e+02
1.079826580834211995e+02
1.014023661588956458e+02
9.538824846403890945e+01
8.902408617438895533e+01
8.777750073630927830e+01
9.601087887431179979e+01
8.727246899866801755e+01
8.526061925671535846e+01
7.712211073978613740e+01
7.515688082369177891e+01
7.195030576347542706e+01
7.413046199462387165e+01
6.597355131626609648e+01
7.619360909605099152e+01
6.675161569298235520e+01
5.562113402285101671e+01
4.884918374486514381e+01
4.474919544877793243e+01
4.823461344206922519e+01
5.226567449291328415e+01
5.084342489950189758e+01
4.342763096534053346e+01
4.460837832220399690e+01
4.850114267386856426e+01
4.945719962692083271e+01
4.931434514216644516e+01
5.284813445236368068e+01
4.916917404920091883e+01
5.488619152455349592e+01
5.736438036846011812e+01
5.097528837414893843e+01
5.463743720067864018e+01
5.849242980218377852e+01
5.954612692760667869e+01
5.458433024006836831e+01
5.265516482901853834e+01
5.156588573335881875e+01
5.407944034126141020e+01
5.952215198067211332e+01
6.599844631454317323e+01
6.130482452613696864e+01
5.239505834657487071e+01
6.197324130247755392e+01
6.241979980546054918e+01
6.892798892342817396e+01
6.831626723819688607e+01
7.795336960031497142e+01
7.729407462623278491e+01
8.165030977513578136e+01
7.438130989614889188e+01
7.668124994447862264e+01
7.272673054949012794e+01
6.509582457660307853e+01
6.539443279393117336e+01
6.586645820451582267e+01
6.914571168685264979e+01
7.148345924912150906e+01
7.397275134498011084e+01
7.304971586543599926e+01
7.251743136291223379e+01
8.362903055133914165e+01
6.851286237614125696e+01
7.031572003740416221e+01
6.832597758847150260e+01
6.666738351833704712e+01
6.216201851876499518e+01
6.663755034227021667e+01
7.060583174205402202e+01
7.645129820878726434e+01
7.555488938929795495e+01
7.161021495233174505e+01
7.308846460559627189e+01
7.067443749686978549e+01
6.769119430483975464e+01
6.200022886801244937e+01
5.988313602347816555e+01
6.043511536573751641e+01
6.253831301988586944e+01
5.776508289158275034e+01
6.470248724342624769e+01
5.227962962264275149e+01
5.056397267681036567e+01
4.629483441912417874e+01
3.668298660906512509e+01
4.673754283395085452e+01
5.147886063769184517e+01
3.980832241414947248e+01
3.905095054183041015e+01
3.502703453615735896e+01
3.344758584555370362e+01
3.540319976293585569e+01
3.272635293946871826e+01
3.779519200094046738e+01
4.233424597371182330e+01
3.829710455775093436e+01
4.145964014273779696e+01
4.154195864056725895e+01
4.064326777208447083e+01
4.173147843019355463e+01
4.371180725566065917e+01
4.729847912981003333e+01
5.127268496910409112e+01
5.197363349210478844e+01
4.548759919508436411e+01
5.077422887224775394e+01
4.993130007005636628e+01
5.229427499066516560e+01
5.391180108853573927e+01
6.071531743666661640e+01
6.074093154985757081e+01
5.833797525328362354e+01
5.652901502081144258e+01
5.965473869730485745e+01
6.612413972831760134e+01
6.716493268545593764e+01
6.961492132571441971e+01
6.611189120809248720e+01
7.177246277241093253e+01
7.147204260425418454e+01
6.948614617001493343e+01
7.882471260726704543e+01
8.608051197345247374e+01
7.581373838771577311e+01
7.774583470367427651e+01
8.316484476714911978e+01
7.599851023978604303e+01
7.779464017329857484e+01
7.103029210395304460e+01
6.103263953494313654e+01
6.158844692437727986e+01
6.069129771321459543e+01
6.133739678057325762e+01
5.913604640914444133e+01
6.528169588158097270e+01
6.022133977517795245e+01
5.448068241148143187e+01
5.227747411535604982e+01
5.155197804588706845e+01
5.941401559947270528e+01
5.229200865817874444e+01
5.927837699750732980e+01
6.497037574644983238e+01
6.806755764896999494e+01
7.085874852970545135e+01
6.888925207294417419e+01
7.594334021231938436e+01
7.938993289205016879e+01
7.334842513251265927e+01
7.404781144710774754e+01
7.174000057578257383e+01
6.996842024620106315e+01
5.861543403666304641e+01
6.036233847896569671e+01
6.451075333216174101e+01
6.954700248381729466e+01
7.554542796263116600e+01
8.069300679915551200e+01
7.666896945505268945e+01
8.478671281040331564e+01
8.061113524386634310e+01
8.221898762855289533e+01
7.386230482834567113e+01
6.665213632981951264e+01
6.314166053009678592e+01
6.676552563343767588e+01
7.733220547356806662e+01
7.907328634686862756e+01
7.199656370590867027e+01
7.418539800720957089e+01
7.849385917697260595e+01
8.069804070572095611e+01
7.886144202171378481e+01
7.221493941641867309e+01
7.209923821361803675e+01
7.617507492632870481e+01
7.631111367709178239e+01
7.008175323007654356e+01
7.798677077614851783e+01
8.297456566502913233e+01
8.446146574988202360e+01
8.400651733803300658e+01
8.990327947599293168e+01
8.052511473638158179e+01
8.146056677611510111e+01
8.245816624668849215e+01
8.137086778108866270e+01
7.977813524036352533e+01
7.792446140212209116e+01
7.301320354495429399e+01
8.136247128528690098e+01
7.803929393763094424e+01
7.411325020240445838e+01
7.233875069279440595e+01
7.283823222225473160e+01
7.510959194331991284e+01
