-2.560393273560010030e+01
6.032579505343176862e+01
-3.356137519280457671e+00
1.034922466652442807e+01
-4.907882225218145322e+00
2.860391848167321882e+01
1.291005204595330369e+01
-7.110720977631440576e+01
-7.281483587066404084e-01
-4.993466799584296467e+01
-5.722498761155800651e+01
-1.152649507753491349e+02
-5.008762671816467815e+01
-3.963342346856732945e+01
2.878114671606588182e+00
4.436020001929922074e+01
1.534794576444663328e+01
4.266884645725993153e+01
4.629274420178575156e+01
2.064928000542630926e+01
5.304733589999565879e+01
-1.319826283961511315e+01
-1.279105024906655608e+01
6.121492745162680649e+01
-1.559529083511024616e+01
-1.739854240398797813e+01
8.182263915221457751e+01
6.001568216486953844e+01
-2.542865615146814307e+01
-8.474873905103679306e+01
3.307495370583646377e+01
