9.862172128660262160e+01
9.528566565296719659e+01
8.269775942292196191e+01
7.201483713164664380e+01
7.031344862857483236e+01
7.376278416912170144e+01
8.022724019293546860e+01
7.765252487613012988e+01
7.700860865627635121e+01
9.502194630558274469e+01
1.044686159852497411e+02
8.885859296433173427e+01
7.045589805572436148e+01
6.874796458764788554e+01
5.568909683020339685e+01
5.302673144224390001e+01
6.217599750251573454e+01
5.861783917943077427e+01
6.999255320329649521e+01
4.411479739827532143e+01
5.419778451975143696e+01
5.920585610058905246e+01
4.768752784993788651e+01
4.679958767931021413e+01
3.784535804284589489e+01
4.391681143587853597e+01
6.234914001040743159e+01
4.989046435331412965e+01
1.917629721636780360e+01
1.999201140346636763e+01
3.426024402800686630e+01
4.744005290424387056e+01
5.131999169278010697e+01
3.733328056843355824e+01
3.368560435770052663e+01
1.176698921713603774e+01
2.243238336200755612e+01
3.942664263873020758e+01
5.588862558184517582e+01
4.477269773560421839e+01
2.319209268557185055e+01
1.540840100905247567e+01
2.035451911908522504e+01
3.081624404599671507e+01
4.749351080467578612e+01
3.982550318382516963e+01
3.204265798584645353e+01
4.174519901716281822e+01
1.560109794735163291e+01
3.242484656241009588e+01
3.468287074471581377e+01
4.174520439632910751e+01
5.003657099082406035e+01
9.881114904932717025e+01
8.153630084350429286e+01
4.386466911088396614e+01
1.060531665546687634e+02
4.872106235659686746e+01
4.384544958561153294e+01
5.281056053650211624e+01
5.383400244691387826e+01
6.655635371825428592e+01
5.650784499385594017e+01
1.590679556146816651e+02
2.396315240282358445e+02
1.380250170158090270e+02
6.470583444017768215e+01
6.123784626108734841e+01
5.253440165162334097e+01
3.499983731989371449e+01
6.991815879239567266e+01
5.641202889146603638e+01
1.543611166226139915e+02
1.561011343055716338e+02
1.054533581337366428e+02
7.051744155756614418e+01
6.797643101213145655e+01
8.848358377017110854e+01
8.173578939741301497e+01
7.030046808481137077e+01
7.713820237445807493e+01
2.463324990057650155e+02
2.403542395279935420e+02
1.204941527825228036e+02
8.479884368578862563e+01
8.533919804365464756e+01
9.587089694436366472e+01
6.969753988679867973e+01
8.978483943000881595e+01
9.775916275937150601e+01
1.371792957651139773e+02
2.027851188214487479e+02
1.899083059210289264e+02
1.295991945772753979e+02
6.247087539913371046e+01
6.155889001310592334e+01
6.442565600252598301e+01
6.025532070626424996e+01
5.956774999242020385e+01
5.182269130789573808e+01
6.050327822261607480e+01
1.078440300798914677e+02
1.571675631558508712e+02
1.022666151662643159e+02
7.131952350962737341e+01
7.179281820757849175e+01
5.578450463710263563e+01
4.609686396790168317e+01
6.558165596018818633e+01
5.836696617444592050e+01
4.527611269314428455e+01
5.286117581025857248e+01
3.271371861423909166e+01
1.349647568567972655e+01
7.952082180686380397e+00
2.674400629437080923e+01
4.317162870848932954e+01
4.670051308861481232e+01
3.724645827284944488e+01
4.445902088583811462e+01
5.422697224112362591e+01
5.037276330852488115e+01
4.909202668641042067e+01
5.295903363285033549e+01
3.449810838092952281e+01
1.917832148734406061e+01
6.755665188553838796e+00
1.636779327149362828e+01
4.248910828832086395e+01
4.638258248425498920e+01
3.042084168023368917e+01
4.399756974970387091e+01
4.943734037529900860e+01
5.944061964476819782e+01
5.932401351104981302e+01
4.561628297312407199e+01
4.094250270005252901e+01
4.524775016596273503e+01
2.872683375923442739e+01
1.389150983329565392e+01
1.112057631105274247e+01
3.504948086413180164e+01
4.787948797952104485e+01
5.264791605891103643e+01
5.806207826012298767e+01
5.253044550529055812e+01
6.366171533858972253e+01
5.537551110427229162e+01
5.050269093515871077e+01
5.375257825876962414e+01
5.290156315402381182e+01
5.186236409771080957e+01
5.060259978094258315e+01
3.895025311299059467e+01
1.083730875529025361e+01
2.461101383489441474e+01
5.074782946207793088e+01
5.171107625443271161e+01
5.119406081058504299e+01
4.731638388700371678e+01
6.394217963290211060e+01
8.143141536583478057e+01
4.768525306885227621e+01
6.470794340125812028e+01
6.744651388309553397e+01
6.817654822448535867e+01
5.725634588430516203e+01
5.014069781928248659e+01
3.005172439659705574e+01
2.783514422115364084e+01
1.454180748127635248e+01
1.276726922892843774e+01
3.515073345774970193e+01
4.118908508476678776e+01
5.602333277415636559e+01
6.201922132100968810e+01
5.258960342213554640e+01
4.524501002593633814e+01
3.893074083852678768e+01
3.487814604919957873e+01
2.901373254765691811e+01
3.420080925312743858e+01
3.367800724758861008e+01
4.903226868871269062e+01
5.682676664430067603e+01
5.345885233983026552e+01
5.918232205484097364e+01
5.714010644682988271e+01
5.048889963302332262e+01
4.804037914798448838e+01
4.926211390173621396e+01
4.475498798688020941e+01
5.483973980149139038e+01
4.850753232936331472e+01
5.970879298282044800e+01
6.090457582349076660e+01
5.873480211068453372e+01
5.479608775372086882e+01
3.792906022543549938e+01
3.873928414727739522e+01
4.218749029061537925e+01
3.636925223732652768e+01
4.416371658497832442e+01
4.252110898435321218e+01
4.470687188859333361e+01
4.830477901806010976e+01
5.287632694321599303e+01
6.631968185081289846e+01
4.720455456731547628e+01
4.181634607035792328e+01
5.138425808805406803e+01
4.605907015374031488e+01
4.003896424185064262e+01
4.173184716736299293e+01
4.832249806879828924e+01
5.587533987488289000e+01
5.690719617835426902e+01
3.158096616810342638e+01
3.864353103079921681e+01
3.675513710292237590e+01
3.687279239344638881e+01
4.109557010471023375e+01
5.034390911400558366e+01
3.955359469777122428e+01
4.336460814543575992e+01
4.874476060694811252e+01
4.951207909102380000e+01
3.730740099640649277e+01
3.174867844088504043e+01
3.906141241096759842e+01
3.564553812393024401e+01
2.879341029323934720e+01
3.373602088251376330e+01
4.343343789094539886e+01
4.227174643279133903e+01
3.779768460174007316e+01
4.921192342497461425e+01
5.539356240943386922e+01
4.577823247597343936e+01
5.025545906313156763e+01
4.504224026965921013e+01
4.897568784795174679e+01
4.684444420062350645e+01
5.070505109066093752e+01
4.639757438267275091e+01
4.791198481476214965e+01
4.874726726446358072e+01
4.721961057772480785e+01
4.472198840629137351e+01
5.490124360857164021e+01
5.283638257957415618e+01
4.352744174833456725e+01
4.972222203806639129e+01
4.432143153971722427e+01
3.799156284474415912e+01
3.374016821810590727e+01
2.683152546571710317e+01
3.851575071035532716e+01
4.093196047940972448e+01
4.372240385889294600e+01
4.932919405136620838e+01
3.926621210467003209e+01
4.193163145533736724e+01
4.621689561991330208e+01
3.977363379989849079e+01
4.198680004029515089e+01
3.883650861060586124e+01
3.891726881717764996e+01
4.906900626090901341e+01
3.043516471088489439e+01
4.695089330684839268e+01
4.589021303982760713e+01
4.630720437013808066e+01
4.940441435418631499e+01
4.917199311447796362e+01
5.366921380144145104e+01
5.168325367560662187e+01
6.077934131429943676e+01
3.593389308118593561e+01
4.393279402473613260e+01
5.134051152222849623e+01
4.747563247470337444e+01
4.428160598595034259e+01
3.628856148267464476e+01
5.083741296883340510e+01
5.350485505327915803e+01
5.366773671937067292e+01
4.039823902368828357e+01
3.919834981271919361e+01
4.734028572781846123e+01
3.970925355627413467e+01
5.009541074053785081e+01
4.791121083384280155e+01
4.758545458899084224e+01
4.473314907047806344e+01
5.190142796070059461e+01
4.688085126124999391e+01
4.101178110157184875e+01
4.770296746708746127e+01
5.243671928739483690e+01
