6.271819369038391301e+01
5.495434942618072682e+01
5.793644047792213314e+01
6.021227764123349147e+01
4.891010644659316142e+01
4.428792760821635710e+01
4.199339754583565565e+01
4.216767542922202239e+01
4.941560359109971046e+01
3.630309995053308825e+01
4.773345187984040194e+01
4.205394206873389606e+01
3.039040681358628859e+01
4.063492251471436845e+01
3.292793029667655702e+01
3.576828031104944472e+01
3.704771538303348422e+01
2.616691183040189372e+01
3.365355178535487113e+01
3.420317619903759976e+01
3.481040376833814065e+01
4.322515260888176414e+01
3.658755034656883964e+01
3.869647655513568196e+01
3.647722057594877043e+01
2.729762132433333122e+01
2.793563226115919207e+01
3.398557657955383604e+01
2.480449020216104827e+01
2.224001097438310026e+01
4.065398447763317336e+01
3.212364767743263627e+01
2.956782572236916806e+01
4.568224818000530263e+01
5.947143960043759137e+01
2.733190744312737408e+01
3.863610429518475797e+01
4.429741096076335793e+01
2.569217096181313664e+01
4.139126270630527671e+01
3.811555964561043197e+01
2.689112996845458525e+01
2.896168669122388195e+01
2.778940079710442035e+01
4.500043650704532183e+01
3.793709088714918209e+01
5.307595491357778172e+01
4.293917091060475144e+01
3.888406903300990791e+01
2.544103707921861002e+01
4.882333082579548744e+01
4.630775557520487951e+01
5.437078743272638803e+01
6.912414756981084452e+01
7.588417644080203672e+01
5.583692899385088992e+01
5.224900664822767027e+01
3.953354542225753931e+01
5.067737439459107662e+01
3.863943324068095109e+01
4.767807666282095624e+01
4.231695878388147491e+01
4.608159528956144868e+01
4.917339528606753163e+01
6.196410329975973497e+01
8.130406345192821504e+01
8.583452319288353749e+01
5.519758663577290747e+01
7.466931803629802289e+01
8.269637591209260563e+01
7.893003099632093722e+01
7.224176044258862817e+01
6.110175447777272950e+01
1.061366957916352902e+02
8.713445197489629379e+01
8.930990199270881646e+01
8.655513538676292740e+01
9.037554718165281997e+01
5.753665819542650439e+01
5.760802093538822533e+01
6.859934604681838266e+01
7.183812434144844872e+01
1.164518276583554410e+02
1.018174638877884064e+02
8.799394460963434028e+01
7.770564641429771768e+01
7.743325032137352082e+01
7.417725108138239420e+01
8.407421103373357596e+01
7.013700944992061181e+01
7.953126557969918053e+01
9.374091987207549437e+01
1.039791075070141346e+02
8.807340263381320256e+01
8.598369269381377933e+01
6.251445111271331712e+01
7.534253566342896136e+01
7.312377888769326262e+01
7.221039705425140198e+01
6.977380199435624775e+01
6.558580418817085445e+01
7.280862614736358296e+01
9.507040523832715451e+01
8.978748939588446376e+01
6.971503044179090125e+01
7.116804153898564778e+01
5.930661719887041272e+01
6.161489428961537129e+01
5.867078455201229303e+01
5.144318558608551939e+01
6.004171325378649016e+01
5.961859169907668132e+01
5.751305647577116531e+01
6.113985159445824991e+01
4.432675043097128764e+01
4.894856807784001518e+01
6.131169782367250320e+01
6.439901277707541283e+01
5.612120822546968668e+01
4.858736663742196527e+01
5.817393805537643914e+01
5.267917191948188105e+01
3.938085501113244646e+01
2.855250349051969394e+01
3.975677995568968015e+01
4.884034168216862071e+01
4.203668911595574542e+01
5.263122188028179949e+01
4.996606110661303290e+01
4.617942325347754462e+01
4.419411929174658127e+01
4.357883944500012774e+01
4.422094862959169603e+01
4.700871121131569907e+01
4.625235402938201190e+01
4.467300008589708682e+01
3.852761969624359750e+01
3.273710427337878315e+01
4.360499452532963716e+01
4.739301702888814560e+01
3.494434814863874550e+01
2.685111359623306626e+01
2.890222406855742321e+01
3.686030676766687009e+01
4.200584122552838551e+01
3.844703577155386398e+01
3.384150270663533178e+01
2.989734246377746985e+01
3.838886605047355971e+01
3.897294395965471381e+01
3.653236669900577738e+01
4.371732570768761406e+01
3.763523442259720753e+01
3.600064948925951569e+01
3.715154646694552554e+01
3.720437019853852689e+01
3.226528966695004641e+01
3.471600581357260040e+01
4.506247401062993418e+01
3.805153722528105931e+01
4.036306375036471650e+01
3.814599292580147250e+01
4.822501606275426411e+01
4.713706565644827151e+01
4.273264492313006713e+01
3.751547855890571270e+01
3.454130884766393450e+01
4.517138638530386174e+01
4.341193756370126522e+01
4.319563667693744691e+01
4.636892338508347677e+01
2.971609993989526188e+01
3.065069808662564910e+01
4.223321312536995009e+01
4.319902335201303600e+01
4.358910432060888951e+01
4.708736793316946745e+01
4.043878186156476318e+01
5.409775285179311055e+01
5.889098955646333877e+01
4.429636364896276746e+01
4.052953993864429094e+01
5.028339976406756762e+01
3.995267024805395550e+01
4.853691016201180020e+01
4.625427582802017668e+01
4.739146143243858944e+01
4.271099959153722381e+01
4.575202890422530544e+01
5.549494505574834591e+01
5.131388701886170622e+01
4.660641230690180947e+01
4.596357640809230816e+01
3.910679588871308709e+01
4.096443966623902355e+01
3.615374860543246882e+01
4.208566119215808499e+01
4.681029562735176341e+01
6.053924204006720089e+01
4.916301024204577885e+01
4.833224216669237450e+01
5.059547334780083361e+01
5.387706011273352402e+01
3.919109687550941601e+01
5.977662537928192421e+01
5.313760379944842072e+01
5.476984719617902186e+01
4.218404765064796180e+01
4.327011094717736484e+01
4.541476685500275323e+01
5.985309297450989163e+01
5.697910621968391354e+01
4.579187312582522651e+01
5.206517866961121399e+01
4.776613789082711037e+01
4.360148572097956077e+01
4.972425618035062200e+01
5.635014230351913511e+01
5.879667978687910335e+01
5.804960253572435391e+01
4.860360121957557311e+01
3.996083833751635694e+01
3.838739580116282468e+01
4.992295129179667867e+01
4.964935471765956265e+01
4.328620596232480011e+01
4.116172840709042191e+01
4.587559983225185789e+01
5.228967179679655430e+01
5.866874301517923840e+01
4.998519475322949290e+01
4.837676582151878080e+01
5.174720892469567701e+01
5.771845718113682011e+01
6.561453493960658534e+01
5.659489887633375815e+01
4.573304092660372788e+01
5.750853951268015862e+01
4.555118045131772675e+01
4.618951362638556901e+01
4.553420683192281615e+01
6.041067893234839659e+01
4.511457615058738213e+01
5.119480753306644516e+01
4.813719350151014709e+01
4.684800016126778388e+01
5.684608129821506850e+01
5.270988623289587593e+01
4.930160895033385060e+01
4.880779326744034563e+01
5.081904513703319282e+01
5.196199570241044796e+01
4.534142026779893797e+01
4.779239918258711839e+01
5.385791263252210825e+01
5.336660697950586041e+01
5.053926119968431863e+01
4.787537099818519692e+01
4.781698622582690206e+01
4.794784835468968964e+01
4.458840416698767228e+01
5.279417541399643454e+01
5.354284242259605975e+01
5.257415749773230829e+01
5.119633145047735923e+01
4.505577313673057205e+01
4.905524512602329423e+01
4.646437691901271450e+01
4.538663801339893666e+01
4.634417904569050251e+01
5.867863823706609594e+01
4.680768985084184663e+01
4.208392065799924353e+01
5.175135847376574816e+01
5.444526411873673766e+01
4.869519766081569401e+01
4.283414175800587032e+01
4.689847914014422514e+01
5.003712688559058819e+01
5.886833549880216765e+01
4.935887118319696043e+01
5.692767909759544409e+01
4.839194995101321695e+01
3.850554121108402938e+01
5.588879437964989449e+01
4.785072720604395613e+01
4.166448197051131075e+01
5.074939390805757000e+01
4.709102231399969440e+01
4.799598076460983975e+01
4.537994748255426458e+01
4.241804215321376148e+01
5.161485548198869822e+01
5.750703424900818561e+01
4.563692971806806753e+01
4.659273290971965764e+01
4.537955963243036450e+01
5.223058994546712341e+01
5.734349496010491265e+01
5.917851924734206648e+01
