5.785439111532338075e+01
4.305869451529228087e+01
4.280202507773277176e+01
3.847613944564596977e+01
6.492487011616832149e+01
2.657794219025326043e+01
4.417481655260609585e+01
3.397837199952349607e+01
4.856350643942410983e+01
2.509819365344307229e+01
3.821477952963465441e+01
3.105878416570643807e+01
5.353160338714535271e+01
4.311350140659831709e+01
6.377800098366314074e+01
4.808107976260707517e+01
5.738579967068723420e+01
7.008302847798650248e+01
8.544713233533624930e+01
9.536540124066181079e+01
1.326811993453711978e+02
1.843023969732990963e+02
1.297004837174015108e+02
1.826938430316422171e+02
1.475860499182534227e+02
1.748783866453461258e+02
1.442676637849897077e+02
2.380389685138566449e+02
2.000886634650721589e+02
2.145162268219411885e+02
2.013445739354351076e+02
