5.424207760166482473e+01
5.015766742195165762e+01
5.894786204063872503e+01
2.351957882250262344e+01
2.020924903393612837e+01
3.431020481923105336e+01
3.550629352995435539e+01
2.798613769983193222e+01
6.416905632439363671e+01
3.007852676265847336e+01
2.645563497847205525e+01
3.550197360849298889e+01
7.429977381496524913e+01
8.062771006032146204e+01
9.499582034006910192e+01
6.759541555502727306e+01
6.079366240827160794e+01
6.427685029859259203e+01
1.185912636822835680e+02
2.423641110976720654e+02
1.243008872131505171e+02
3.504837018686769170e+02
1.240345367513079680e+02
2.337218085405787349e+02
1.755258428308701752e+02
1.464268358193788799e+02
3.509318691393755785e+01
1.859769253445158910e+01
5.711118540653617792e+00
3.125854188823496305e+00
9.830186518508876592e-01
