7.423712774368740952e+01
5.786524204683303196e+01
4.030718426096716911e+01
4.270977569532735174e+01
5.683800883755283451e+01
3.893420971445345913e+01
2.923872918774790719e+01
3.929737774271044515e+01
3.235099353154151913e+01
4.295874548012042027e+01
4.865656685959209682e+01
3.219070531367147936e+01
5.351554635115478220e+01
3.944765629099214266e+01
3.600817371907757547e+01
3.929906460942144975e+01
5.562716975162010868e+01
6.586277405573530075e+01
7.847083515687421595e+01
6.119793761130134158e+01
5.369002875972568489e+01
8.796241193275491810e+01
9.789268390694795130e+01
7.143067425188279174e+01
9.068325022767584187e+01
9.886298452556174254e+01
1.210068748234252496e+02
8.977144717179564282e+01
8.945564734786908900e+01
1.024221802744817751e+02
1.042583321184979752e+02
3.891147939297705705e+01
7.806680395996230004e+01
8.102369500418498660e+01
6.755428257577818840e+01
8.388790079752730833e+01
8.600595970865896334e+01
7.309994113883085731e+01
6.161706707360694679e+01
4.867234773124055636e+01
4.573378622763846124e+01
2.757702295509926671e+01
6.912365567201842964e+01
9.459119493807008894e+01
7.745451113124045150e+01
5.840529706772063179e+01
3.218696575219095024e+01
7.407869219621022694e+01
3.310807664872258016e+01
2.914999010366707211e+01
2.260029133234398202e+01
3.180505712615801528e+01
2.098731118520151995e+01
4.568764032116376939e+01
2.941393774510200743e+01
3.808742328080755613e+01
3.243044184317155043e+01
4.419189803835931940e+01
2.642811383716357909e+01
2.434844663075308091e+01
2.619418540781490634e+01
