2.819536532592262645e+01
4.071032408703799632e+01
4.018687159888271765e+01
4.430645724716850253e+01
3.832027312116506579e+01
4.457255756462092222e+01
4.586103231251579615e+01
6.146058481801026119e+01
4.300919327781222279e+01
5.570511795003758237e+01
3.476749807836352346e+01
5.661310771952200582e+01
3.600446157468516617e+01
4.769709071550994395e+01
4.896091980034518087e+01
3.700288240921669569e+01
9.034727437325818755e+01
3.665461112849389735e+01
7.167092007531053355e+01
3.489119557485430789e+01
5.495660542471243559e+01
9.517867743946008829e+01
1.156962405440004744e+02
7.435538679149013319e+01
7.330391278329824445e+01
2.891887865939985858e+01
1.251275726062789317e+01
7.075863258196877226e+00
3.081102544287487977e+00
1.048686481209976096e+00
5.916761456052820334e-01
