1.246325001715013201e+02
1.506753951792026101e+02
1.755776508609506550e+02
1.114604788543285707e+02
1.748574551236110040e+02
1.217597483814227672e+02
2.573293596412813713e+02
1.740189903244533411e+02
1.660772348369929148e+02
1.411936829195198584e+02
2.481737205742841184e+02
1.922784238077915404e+02
1.606271949699264212e+02
1.445666085790200839e+02
1.951720500257423510e+02
1.808098382941047362e+02
1.311180669402918113e+02
1.106223063320421147e+02
1.643646104452509746e+02
1.001252828831417503e+02
9.357505244122292254e+01
1.165327325555499698e+02
6.653540429457972039e+01
6.278669837029167411e+01
5.866990725043030608e+01
4.465413855628189310e+01
3.085221704699529965e+01
4.843174763812287154e+01
4.723126419452427882e+01
5.759156489882142438e+01
1.801835192902573013e+01
2.304872133598597728e+01
2.668315558988894765e+01
3.563564583897201743e+01
1.583172014413469775e+01
1.959284474172614665e+01
2.880158144464007819e+01
2.151663580700341072e+01
1.090529022674301807e+01
3.606401347692941783e+01
2.282711164049710462e+01
1.458978848737435641e+01
1.098019298926890386e+01
2.096497828259791518e+01
2.871633329854493155e+01
1.306067524142968672e+01
1.161053574285773848e+01
1.990901900413944148e+01
3.285460075703314686e+01
1.312078670574686434e+01
1.633153345847622973e+01
1.458675286208543653e+01
1.120904000805163570e+01
8.761949419456312782e+00
1.870780093681240430e+01
4.472203969163932413e+01
2.791362109544375869e+01
2.334476802121607619e+01
1.222445597794225591e+01
2.657364834330743619e+01
1.074861857458815351e+01
