4.224129678504148444e+01
3.469749065446568181e+01
3.514264821705680220e+01
3.677933987674813920e+01
3.789206302625270695e+01
4.284265987423678723e+01
2.287770713359700991e+01
2.608240414866766343e+01
2.934285091584962046e+01
2.620922722425669349e+01
2.848465367149354677e+01
3.334461484201500525e+01
4.740875962309674208e+01
4.449430397808843907e+01
3.741924606177528290e+01
4.069598554807576107e+01
4.638413179261564068e+01
8.183434535851843350e+01
6.314073912231743435e+01
8.952724288650071571e+01
6.288155882901052252e+01
9.085992156906098671e+01
1.328063201698666376e+02
8.400170416058381306e+01
1.040833432823229998e+02
1.141551593802268911e+02
1.175409685325740270e+02
7.874953582997541446e+01
1.045785737255387318e+02
1.111102525524468376e+02
1.270475549640573121e+02
6.238172317022194591e+01
1.006910673929957767e+02
7.718613909045396326e+01
1.225137976519193046e+02
1.119800296776881794e+02
7.552466243172729321e+01
8.626037808001245821e+01
7.195198816507418371e+01
4.872364020959576436e+01
5.527292855801270122e+01
5.408068528011666132e+01
3.468619642104031442e+01
6.519161086442133524e+01
5.999173170419479817e+01
6.436479119424005546e+01
2.211601794641782348e+01
5.628015073417198266e+01
4.759088643053232914e+01
2.049566661214708319e+01
2.787072513557386344e+01
2.843965680607237090e+01
3.026101506785417428e+01
3.603748354580880431e+01
2.785316474450299040e+01
4.710547128953928819e+01
2.134746526445047721e+01
3.226485921404101731e+01
2.538053605784906352e+01
4.408260377364464944e+01
2.356068280014299177e+01
