1.926026935687814046e+01
1.280243871915493692e+01
2.161266176637551695e+01
1.854264730080428691e+01
1.230808663014832049e+01
2.309217177720909575e+01
1.425822623026459723e+01
1.538419818157507102e+01
3.903701489558157078e+01
3.601859930178542868e+01
1.356913983719552164e+01
1.613493260295247111e+01
1.150950593510301978e+01
1.576875996807774527e+01
1.582811958233005178e+01
1.703014606669871611e+01
1.993620172790508249e+01
2.424138443071612414e+01
2.937331520248464045e+01
5.514647188811718337e+00
1.075631133359889802e+01
1.999022186377301935e+01
2.606751438727303238e+01
2.574268174716922886e+01
1.482383677274804512e+01
9.908009027031887683e+00
1.000840207874475674e+01
1.820598881837523564e+01
6.707276585023522308e+00
7.714685707491858224e+00
1.871314050697369780e+01
1.949677636942911008e+01
4.080175743948903033e+01
5.199210604929776025e+01
3.674778998805617647e+01
1.398131000782855970e+01
9.774227299229204746e+00
1.942200705216228940e+01
1.043331869992689143e+01
2.503896632443310821e+01
3.391867162582547479e+01
9.336759144013031531e+00
3.945583129877785478e+00
1.240643907469236673e+01
1.643849228605347434e+01
3.315942190732501871e+01
2.290398571313954790e+01
9.529221414309530402e+00
2.187101500927138531e+01
3.163652974227067372e+00
1.201253508704542838e+01
9.865698135777474675e+00
2.759532363763430141e+01
2.510190099498822391e+01
2.149915098780275358e+01
1.235409705617091269e+01
1.115741122909229510e+01
1.373552422699335906e+01
2.311245719675303079e+01
2.452362072233444934e+01
1.770251687592796941e+01
2.455963526025502475e+01
3.521986062777755677e+01
2.722971146628244199e+01
1.280293782074043207e+01
2.264210465350960888e+01
2.257907702505005787e+01
1.899934018061851049e+01
2.813391453908892714e+01
2.128784722397048412e+01
2.056944415574557539e+01
2.350431343490815195e+01
6.542123135778464160e+00
1.959517393180592038e+01
1.775575353377018573e+01
3.672215643395463758e+01
1.908400691341499211e+01
2.333585874940708038e+01
2.972629845221026557e+01
2.851566758466760376e+01
4.975608938483316734e+01
3.235525547431164028e+01
1.817450938894347345e+01
1.655490261534704644e+01
6.050922874200502832e+01
5.268101305358094066e+01
3.094322338448248289e+01
2.892947593694624331e+01
4.070394607988717439e+01
5.722852431462271738e+01
6.052272846803899142e+01
4.685348832963793342e+01
1.906040781374524684e+01
3.243938251524566141e+01
4.557239657053662540e+01
6.724326843835535783e+01
6.580306586248514122e+01
6.679291888321452575e+01
7.121678582109383626e+01
5.900190440441668471e+01
1.024917265198512268e+02
8.810141273548549634e+01
6.454524137576078147e+01
4.313606234115917459e+01
1.139778754386906030e+02
1.195374003901175968e+02
1.176823530088799430e+02
1.001829441318922846e+02
1.020577845141484374e+02
1.177799560376454906e+02
9.447774871157963616e+01
1.201477718796670757e+02
1.276188609642271814e+02
1.204277464032585101e+02
1.957953326626567048e+02
1.701911142018038277e+02
1.178222635032066847e+02
1.010063752578213894e+02
1.416647348901531132e+02
1.480886061055851144e+02
1.302286315968975998e+02
1.148167174664108501e+02
1.422764855028740953e+02
1.917533312832869683e+02
1.679694183075517913e+02
1.693011992813395352e+02
2.010024376430377231e+02
2.830723580286852439e+02
2.018795303599145257e+02
1.534359361323625137e+02
1.546066040163397304e+02
1.598007431827487608e+02
1.656604770559559370e+02
1.369134615751778483e+02
1.613633621118579811e+02
1.549170357245264995e+02
1.936505334418530140e+02
2.033179935047006097e+02
1.957338775391659169e+02
1.593693476405696288e+02
2.828593299728741499e+02
2.536048534695616752e+02
1.715253976858428189e+02
1.447853673250001805e+02
1.242275036175718270e+02
1.637522295338091567e+02
1.926664668939368994e+02
1.590675540942582700e+02
1.424008502151294238e+02
1.150053720750867683e+02
1.553009763476640046e+02
2.166045214665682010e+02
1.605859268066930383e+02
2.126813034640082662e+02
2.181129307361776455e+02
2.562387136361890043e+02
1.632084910269006173e+02
1.133796010020934375e+02
9.566731457337361633e+01
1.894150111065557383e+02
2.064968086028846130e+02
1.754889911113023970e+02
1.564423380362015905e+02
1.648318126933568237e+02
1.981637668685426661e+02
1.342702951225971333e+02
1.046680371013006550e+02
1.431012628499158552e+02
1.030668260561130296e+02
1.345412445016400795e+02
1.393449943609811612e+02
1.997814042167028958e+02
2.161417720455067411e+02
1.356493955938160241e+02
1.299710934596591017e+02
1.496078582282967773e+02
1.100093611647476166e+02
1.173820648724535687e+02
1.478809588903905023e+02
1.093733782808366897e+02
1.392498318590107544e+02
1.406281679973859866e+02
9.585994252430172935e+01
9.462555843424023294e+01
1.039497553551388620e+02
7.180285040056658374e+01
1.079846170434580728e+02
1.275332045211186767e+02
1.264560520692453451e+02
1.301376877984599787e+02
1.345143421958404417e+02
7.546783631037389739e+01
7.354401916036373166e+01
7.584609349868949835e+01
7.315122015163679237e+01
8.314385662828730972e+01
7.909048584957974981e+01
1.094276485159057586e+02
7.160095130606605096e+01
7.647703101553190663e+01
6.465944241910736423e+01
9.745375770674812088e+01
5.695628381666241324e+01
6.325932348647167203e+01
7.754028595776445343e+01
7.053732289429814273e+01
9.031608059968907298e+01
7.243431053083172344e+01
7.557403446194736318e+01
6.769485218556778250e+01
6.714561338775430954e+01
6.130019725681368215e+01
6.822982024236789300e+01
6.648869091733354253e+01
4.419637334963535125e+01
3.637529429946406623e+01
3.837117774460943309e+01
4.646167850055631732e+01
5.365783077576532634e+01
6.253604453063626778e+01
4.963303735218151047e+01
7.113471814780241687e+01
6.880109476733616702e+01
4.945139492988334240e+01
6.250561015637094897e+01
3.156974581451344619e+01
6.134603421084555919e+01
3.959270574339818438e+01
6.599323196296502658e+01
5.523661999673714718e+01
5.446282318987971394e+01
6.191772178004881511e+01
5.306149145560036118e+01
4.456572114798913731e+01
5.923712115306364012e+01
4.807919256587464218e+01
5.605117883365883102e+01
5.453648316624843062e+01
5.309193612044369104e+01
5.886341259834230044e+01
4.028704921367896929e+01
3.144401993292293440e+01
4.755910324965271485e+01
4.659100568717005331e+01
3.508774115454151854e+01
3.039476828687788412e+01
4.283360543765859774e+01
4.653115641104456301e+01
3.479842502528155990e+01
3.201006646734433048e+01
5.861342232129955931e+01
4.460278949550687599e+01
4.060950346514438536e+01
3.400323674369407456e+01
2.816991005394290326e+01
2.756651781879320140e+01
4.173167653796740240e+01
4.831344856028965751e+01
5.686265678208412311e+01
3.759417377863405818e+01
3.774461963519578944e+01
2.886335871969074063e+01
6.411674864611960345e+01
4.335129746417171503e+01
5.436621604120414020e+01
4.355911675848010844e+01
6.464392970979798747e+01
4.656643687159662193e+01
2.607908274348791977e+01
4.410838798744131140e+01
4.797631173410529470e+01
4.824402463731941282e+01
7.217336369141229113e+01
5.677071677852304532e+01
4.054138155977254598e+01
4.535050182168212984e+01
5.174131653557769539e+01
5.968491002725093608e+01
5.830164734643864222e+01
5.088957992950455633e+01
4.521246501258578121e+01
5.868234129045902847e+01
6.267736412511114708e+01
7.771392167866399348e+01
7.042304427568744529e+01
5.652617416645512094e+01
4.893233636645609153e+01
4.681750067756457412e+01
4.687991037206465705e+01
7.401115528427645529e+01
6.352541311755320663e+01
4.384673233009571902e+01
3.264674520522834200e+01
4.328824912808926939e+01
3.370358396447540628e+01
4.360829626436045459e+01
6.566477726473947030e+01
4.215416268598170291e+01
4.033815000620153057e+01
6.703092669553109317e+01
