4.266467776409614743e+01
3.400403567289802709e+01
3.797209499873472538e+01
2.357617808232975065e+01
3.109640375439093418e+01
2.792366468072764363e+01
4.532857253059571434e+01
3.690698796937832071e+01
4.633839769400682940e+01
6.218889441661097095e+01
6.260102047180482288e+01
1.333956704010574299e+02
1.034779890513996889e+02
1.158582730395344242e+02
1.024965175258323313e+02
1.312814909457477768e+02
9.856968178899172983e+01
1.227837489049560702e+02
7.386815733180313259e+01
7.029277929045125006e+01
5.283700155436859092e+01
3.438237717289341333e+01
5.945269214716730488e+01
2.451985071722666731e+01
4.613717962018066032e+01
3.105785048328970532e+01
3.531517375641901424e+01
2.813816733208076570e+01
1.945236123634417424e+01
2.454633606456240358e+01
2.441478334805323058e+01
