6.270209293461321920e+01
6.652169726402927097e+01
5.169382312357245723e+01
6.024421732283009590e+01
6.222982375938229893e+01
4.390774109374163459e+01
5.092913249555665089e+01
5.574775321314305643e+01
4.192276949411753861e+01
4.636466762285184728e+01
6.184026284106005278e+01
6.040127789672020953e+01
3.284918874565047986e+01
4.859508285414216999e+01
3.956164639405294281e+01
3.173918461658338686e+01
4.139886839792988127e+01
2.559051460884592544e+01
3.504953279691472545e+01
4.501970145933719891e+01
3.741683994817365289e+01
4.493738919874910209e+01
5.237259999660113152e+01
3.891278790887084682e+01
2.714310601395303735e+01
1.974091599664193097e+01
2.473485991311805421e+01
3.444969958033275503e+01
2.867031781028227044e+01
2.329195526763263757e+01
3.315089704892031364e+01
2.008378468888372126e+01
2.418598957770956659e+01
3.919221263208653738e+01
5.500564644544690651e+01
2.697573677375651613e+01
2.566042471261344815e+01
4.231171252126834048e+01
3.523435096297192359e+01
2.510076374874786254e+01
3.251837678032291734e+01
2.145111396441715712e+01
2.271171610651220973e+01
2.213439880367352686e+01
5.052680090737469953e+01
4.667779086170655489e+01
6.524331867467154211e+01
3.769516939698016245e+01
3.358662675472257320e+01
2.704895319636550610e+01
4.689007963086461928e+01
4.852981172021704737e+01
6.328868360136995364e+01
9.254380070818548631e+01
6.921693509785461629e+01
4.444583953675478227e+01
3.013073428354492833e+01
3.324522351654435681e+01
6.147526715250458551e+01
3.767299978739176680e+01
6.281220204269150997e+01
6.552178767456308606e+01
4.523649998055591936e+01
4.709367182974795440e+01
7.776698019582029531e+01
9.365088136522098239e+01
8.915893465137591534e+01
7.192557228753948095e+01
7.405115215143668195e+01
1.000439556409557156e+02
1.097551073317737860e+02
9.954538612308027723e+01
8.956167554889289306e+01
1.490379723636598897e+02
1.164014574123726931e+02
8.901932210372774534e+01
1.036573067872392073e+02
9.822520984716182113e+01
5.685145445410108067e+01
6.418869608892129008e+01
1.009420687033354795e+02
9.396411936757293404e+01
1.542430525634292735e+02
1.390601350509820122e+02
1.085348470123656028e+02
8.646946573180352402e+01
1.072768950095177871e+02
1.006732357609542561e+02
8.422349988123559683e+01
8.828145457510233030e+01
1.016542685483861135e+02
1.036090907672050747e+02
1.396009128393111496e+02
1.246282128886224427e+02
1.118863851170764718e+02
8.556473497873649592e+01
8.775209188149588613e+01
8.576681609839337739e+01
8.323089978650762077e+01
8.281459539073800613e+01
7.976949657616711420e+01
1.032591355815982865e+02
1.326418438801716491e+02
1.341250705199382764e+02
9.931520548477035959e+01
9.155520069571511499e+01
7.805765937688960321e+01
7.668705561903156820e+01
6.655429608733481928e+01
6.359217171198820040e+01
8.631482132523079542e+01
8.890575083589709493e+01
6.163745827122429688e+01
7.112043689351668263e+01
5.519767106930139278e+01
6.209908077898009537e+01
7.605964932131746536e+01
7.848344500389782752e+01
5.404438180730070229e+01
4.804939130480173759e+01
5.352666020425252924e+01
5.587460021837663504e+01
3.846163460291075609e+01
3.584314009303248127e+01
4.191577585457127242e+01
4.788620491339401752e+01
3.626750050610231568e+01
2.265323288037602723e+01
3.350377584639102935e+01
4.708404755135263997e+01
3.421763602407060034e+01
3.170772824342449780e+01
3.668813824312746164e+01
4.441738043935033176e+01
3.299790558296057696e+01
3.869401791426010107e+01
3.391129847672304720e+01
3.335506631316174264e+01
3.172390714940137002e+01
5.050779235983605986e+01
1.691414129566363655e+01
1.231275873308606350e+01
2.367585202994998639e+01
2.739083806319373338e+01
2.808620908107053538e+01
2.785949974606034019e+01
2.168880816287078872e+01
3.065697579559780195e+01
3.298770462572633022e+01
3.428931727686257602e+01
3.293397760027743715e+01
2.555058320186680731e+01
2.594364141752079789e+01
3.075400585781222773e+01
2.730069587788382535e+01
1.730621092204803091e+01
2.789334043913670058e+01
2.872115088159427643e+01
4.992731513309848879e+01
3.287904483859506399e+01
3.004799993466304286e+01
3.203844544768132607e+01
4.293447261788384850e+01
3.950527948104166853e+01
3.921392301907534517e+01
3.043911685160037450e+01
3.424796339314806914e+01
4.019106569724865352e+01
4.686369834674520973e+01
3.487902661974073482e+01
3.869339678334476673e+01
2.984504678669263456e+01
2.976841312381325366e+01
3.222166499128997685e+01
3.588888081733998092e+01
3.400256460869815811e+01
3.394478746008222458e+01
3.262317211118841698e+01
4.904359309016038537e+01
4.792326482813859201e+01
3.533321847809531135e+01
2.635156734724149530e+01
4.958098756515240524e+01
3.909303424638617486e+01
4.154266131378420113e+01
4.360238867102425786e+01
4.140464822649069276e+01
3.608437140475589189e+01
4.599602330550606410e+01
4.045674671326396066e+01
3.814474754870617801e+01
4.311944108363429962e+01
3.447086619639529914e+01
3.170039223750236701e+01
4.530147604570614561e+01
4.173286612890218805e+01
4.992322180462462455e+01
5.750525526261662890e+01
5.374655821077354290e+01
4.856037885703985069e+01
4.051959963302206091e+01
4.459460858500369085e+01
5.363190634751580887e+01
4.215181934401572050e+01
6.062026291768422226e+01
6.054054277970291054e+01
5.130082447985046201e+01
4.182444216279401417e+01
4.174039531579324347e+01
5.540533298282824859e+01
5.477525586649561973e+01
6.044647510971782367e+01
4.784602499496436678e+01
5.206759979396353799e+01
5.356373693872974684e+01
4.269938100933870828e+01
5.062457610777249073e+01
5.394281347147376948e+01
5.141290521140719250e+01
6.032622856612120898e+01
4.486249614866164848e+01
4.195228048773648766e+01
4.523886979974432165e+01
5.547253767711850259e+01
5.655257825922826953e+01
4.310594223887389376e+01
3.805648144916952447e+01
3.879883911298454535e+01
5.962694869474457704e+01
5.676740638344475087e+01
4.971964871079072168e+01
5.146037312622480897e+01
3.643900694044231159e+01
4.515565583348293188e+01
6.020410375259460523e+01
4.604617597849190247e+01
4.115454365448707108e+01
5.643203267552679847e+01
4.547574294814791784e+01
4.506381804034705851e+01
4.655964686728873403e+01
5.851724478159254517e+01
4.254938156935163818e+01
4.326745453513993311e+01
3.701745936171342066e+01
3.905611626158987093e+01
6.453691402185573622e+01
5.945973273894653488e+01
5.204320436683701701e+01
4.425988121249467611e+01
5.156783268137449028e+01
5.394390719744765761e+01
3.969775756108705167e+01
5.325559433874529702e+01
5.403531974369870738e+01
4.136808257467880878e+01
4.748715834169038885e+01
5.158057703754484180e+01
5.326267495722478884e+01
4.233972914895659301e+01
4.049462243203916501e+01
5.823591821885825226e+01
5.233918920905654915e+01
5.240133542108998910e+01
5.866198927503544525e+01
5.189978828471946315e+01
5.001237176495848757e+01
4.473612703957645920e+01
4.222656435454420887e+01
5.538316467392013465e+01
6.286052008405069813e+01
5.264849762938217737e+01
4.503365754503778362e+01
5.305017663332554179e+01
6.590377656312121246e+01
5.669291407233609448e+01
4.402215632642504772e+01
3.737039689568477030e+01
5.217416187172511854e+01
6.374485413236276088e+01
4.790862991094357426e+01
5.908841783801506153e+01
4.536339640531622308e+01
3.808710470782888535e+01
4.872120890100022450e+01
5.942471578007641142e+01
4.278483908462148833e+01
4.950007442395612145e+01
4.496472815867382877e+01
4.130895908721306853e+01
4.602742768543424035e+01
4.329907734935657970e+01
4.728343473438288669e+01
5.374284370352299334e+01
3.695454701571195244e+01
4.336412207353761517e+01
5.304601142813550041e+01
4.795804961079817019e+01
5.523610364053094202e+01
5.933627015396526616e+01
