5.517835151235249924e+01
3.622517917576674051e+01
4.888157811329310221e+01
3.489977376988561986e+01
3.083586038766414816e+01
4.075728360254925775e+01
4.587663395520279153e+01
4.181912640313768748e+01
5.487122883289965358e+01
5.170597584720432138e+01
5.687486614704793908e+01
9.458083669008809125e+01
7.851511337012074421e+01
9.940165034724253701e+01
7.839928050463788622e+01
9.659575334100878763e+01
9.183229625662134765e+01
8.019549330011453492e+01
7.374600869971006034e+01
6.059080995678737480e+01
4.166065307970445986e+01
5.405847706257145546e+01
5.685805758778815999e+01
2.531669205672997336e+01
3.738041658119903587e+01
3.135768580225504110e+01
2.253860218049031872e+01
3.017032780833740446e+01
3.250546034109240878e+01
2.355312597960336518e+01
2.791139718891663080e+01
