7.122302090689183274e+01
3.901499274137818674e+01
5.547611435797981017e+01
3.136700291344421387e+01
3.133907165781566917e+01
4.807798525751552887e+01
5.579811541731446312e+01
3.582905278654310166e+01
5.648831232920930034e+01
7.820767309806728917e+01
5.223482272853936337e+01
9.973500731412926257e+01
8.965875146775526616e+01
1.209358376263116810e+02
9.167018036334725650e+01
1.034258441145315999e+02
7.707156583571477881e+01
6.551468461256499154e+01
8.926489082145742771e+01
6.281271012226563499e+01
4.652813896208962774e+01
7.156962987776765317e+01
7.860677165772362684e+01
2.824323116911919129e+01
3.577074537220754280e+01
2.199757261320136692e+01
1.913373554541767518e+01
2.791003670846229312e+01
3.274258015074627792e+01
2.573285998929730667e+01
2.784273933179519034e+01
