5.785439111532334522e+01
4.305869451529211744e+01
4.280202507773287834e+01
3.847613944564594846e+01
6.492487011616825043e+01
2.657794219025318938e+01
4.417481655260610296e+01
3.397837199952346765e+01
4.856350643942425904e+01
2.509819365344309716e+01
3.821477952963462599e+01
3.105878416570655531e+01
5.353160338714540956e+01
4.311350140659831709e+01
6.377800098366304127e+01
4.808107976260708938e+01
5.738579967068729104e+01
7.008302847798640300e+01
8.544713233533670405e+01
9.536540124066188184e+01
1.326811993453712262e+02
1.843023969732989826e+02
1.297004837174013971e+02
1.826938430316423023e+02
1.475860499182534227e+02
1.748783866453462679e+02
1.442676637849897077e+02
2.380389685138557638e+02
2.000886634650729548e+02
2.145162268219402222e+02
2.013445739354346529e+02
