0.000000000000000000e+00
0.000000000000000000e+00
0.000000000000000000e+00
0.000000000000000000e+00
0.000000000000000000e+00
0.000000000000000000e+00
0.000000000000000000e+00
0.000000000000000000e+00
0.000000000000000000e+00
0.000000000000000000e+00
0.000000000000000000e+00
9.447524195381615571e-17
0.000000000000000000e+00
0.000000000000000000e+00
0.000000000000000000e+00
0.000000000000000000e+00
0.000000000000000000e+00
0.000000000000000000e+00
9.447524195381615571e-17
0.000000000000000000e+00
0.000000000000000000e+00
0.000000000000000000e+00
0.000000000000000000e+00
0.000000000000000000e+00
9.447524195381615571e-17
0.000000000000000000e+00
9.447524195381615571e-17
0.000000000000000000e+00
0.000000000000000000e+00
2.743883879414412211e-02
1.110095408131475114e-01
2.724916947434717907e-01
4.369728263510123112e-01
5.732086394959361453e-01
6.438916184515874885e-01
6.739394784350239975e-01
6.806291306590731560e-01
6.806291306590732670e-01
6.806291306590728230e-01
6.806291306590731560e-01
6.806291306590728230e-01
6.806291306590732670e-01
6.806291306590731560e-01
6.806291306590731560e-01
6.806291306590731560e-01
6.806291306590731560e-01
6.806291306590732670e-01
6.806291306590732670e-01
6.806291306590732670e-01
6.806291306590731560e-01
6.806291306590731560e-01
6.806291306590733781e-01
6.806291306590730450e-01
6.806291306590733781e-01
6.806291306590731560e-01
6.739394784350239975e-01
6.438916184515873775e-01
5.732086394959361453e-01
4.369728263510124222e-01
2.724916947434717351e-01
1.110095408131475114e-01
0.000000000000000000e+00
0.000000000000000000e+00
0.000000000000000000e+00
0.000000000000000000e+00
0.000000000000000000e+00
0.000000000000000000e+00
0.000000000000000000e+00
0.000000000000000000e+00
0.000000000000000000e+00
0.000000000000000000e+00
0.000000000000000000e+00
9.447524195381615571e-17
0.000000000000000000e+00
0.000000000000000000e+00
0.000000000000000000e+00
0.000000000000000000e+00
0.000000000000000000e+00
0.000000000000000000e+00
0.000000000000000000e+00
0.000000000000000000e+00
0.000000000000000000e+00
0.000000000000000000e+00
0.000000000000000000e+00
0.000000000000000000e+00
9.447524195381615571e-17
0.000000000000000000e+00
9.447524195381615571e-17
0.000000000000000000e+00
0.000000000000000000e+00
2.082596492689399448e-02
9.777605091636659695e-02
2.351523572151561492e-01
4.441985103162121029e-01
6.274381736138681109e-01
7.719493903963494663e-01
8.625324171122309425e-01
9.118779080271753879e-01
9.172114772635630020e-01
9.172114772635630020e-01
9.172114772635630020e-01
9.172114772635630020e-01
9.172114772635630020e-01
9.172114772635630020e-01
9.172114772635630020e-01
9.172114772635630020e-01
9.172114772635630020e-01
9.172114772635630020e-01
9.172114772635630020e-01
9.172114772635630020e-01
9.172114772635630020e-01
9.172114772635630020e-01
9.172114772635630020e-01
9.172114772635632240e-01
9.172114772635630020e-01
9.118779080271756099e-01
8.625324171122311645e-01
7.719493903963491332e-01
6.274381736138681109e-01
4.441985103162121029e-01
2.351523572151563157e-01
9.777605091636645818e-02
0.000000000000000000e+00
0.000000000000000000e+00
0.000000000000000000e+00
0.000000000000000000e+00
0.000000000000000000e+00
0.000000000000000000e+00
0.000000000000000000e+00
0.000000000000000000e+00
0.000000000000000000e+00
0.000000000000000000e+00
0.000000000000000000e+00
9.447524195381615571e-17
0.000000000000000000e+00
0.000000000000000000e+00
0.000000000000000000e+00
0.000000000000000000e+00
0.000000000000000000e+00
0.000000000000000000e+00
0.000000000000000000e+00
0.000000000000000000e+00
0.000000000000000000e+00
0.000000000000000000e+00
0.000000000000000000e+00
0.000000000000000000e+00
9.447524195381615571e-17
0.000000000000000000e+00
9.447524195381615571e-17
0.000000000000000000e+00
9.447524195381615571e-17
4.600978993589700458e-03
4.752186171943636323e-02
1.280077148055212555e-01
2.611609631406997534e-01
4.389657280888654145e-01
6.551580471287992147e-01
8.056801493188048280e-01
8.986173198166821363e-01
9.455351568129474193e-01
9.743761377808056734e-01
9.907538065777835579e-01
9.743761377808058954e-01
9.455351568129478634e-01
9.225022399661749750e-01
9.172114772635630020e-01
9.172114772635630020e-01
9.172114772635630020e-01
9.172114772635630020e-01
9.172114772635630020e-01
9.225022399661749750e-01
9.455351568129476414e-01
9.743761377808058954e-01
9.907538065777833358e-01
9.743761377808056734e-01
9.455351568129476414e-01
8.986173198166821363e-01
8.056801493188048280e-01
6.551580471287994367e-01
4.389657280888654700e-01
2.611609631406998089e-01
1.280077148055214775e-01
4.752186171943636323e-02
0.000000000000000000e+00
0.000000000000000000e+00
0.000000000000000000e+00
0.000000000000000000e+00
0.000000000000000000e+00
0.000000000000000000e+00
0.000000000000000000e+00
0.000000000000000000e+00
0.000000000000000000e+00
0.000000000000000000e+00
0.000000000000000000e+00
9.447524195381615571e-17
0.000000000000000000e+00
0.000000000000000000e+00
0.000000000000000000e+00
0.000000000000000000e+00
0.000000000000000000e+00
0.000000000000000000e+00
0.000000000000000000e+00
0.000000000000000000e+00
0.000000000000000000e+00
0.000000000000000000e+00
0.000000000000000000e+00
0.000000000000000000e+00
9.447524195381615571e-17
0.000000000000000000e+00
9.447524195381615571e-17
0.000000000000000000e+00
9.447524195381615571e-17
0.000000000000000000e+00
4.600978993589700458e-03
2.562386221919406293e-02
7.749776003382501111e-02
1.882470838041536421e-01
3.448419528712006188e-01
5.299893414382790269e-01
6.714189403359622776e-01
7.695867596389989185e-01
8.405534177984904654e-01
8.682362693773880702e-01
8.405534177984904654e-01
7.695867596389992515e-01
7.101214374494340120e-01
6.806291306590728230e-01
6.806291306590732670e-01
6.806291306590731560e-01
6.806291306590733781e-01
6.806291306590731560e-01
7.101214374494340120e-01
7.695867596389989185e-01
8.405534177984905764e-01
8.682362693773880702e-01
8.405534177984904654e-01
7.695867596389994736e-01
6.714189403359623887e-01
5.299893414382792489e-01
3.448419528712006188e-01
1.882470838041536421e-01
7.749776003382509437e-02
2.562386221919406293e-02
4.600978993589700458e-03
0.000000000000000000e+00
9.447524195381615571e-17
0.000000000000000000e+00
0.000000000000000000e+00
0.000000000000000000e+00
0.000000000000000000e+00
0.000000000000000000e+00
0.000000000000000000e+00
0.000000000000000000e+00
0.000000000000000000e+00
0.000000000000000000e+00
9.447524195381615571e-17
0.000000000000000000e+00
0.000000000000000000e+00
9.447524195381615571e-17
0.000000000000000000e+00
0.000000000000000000e+00
0.000000000000000000e+00
0.000000000000000000e+00
0.000000000000000000e+00
0.000000000000000000e+00
0.000000000000000000e+00
9.447524195381615571e-17
0.000000000000000000e+00
9.447524195381615571e-17
0.000000000000000000e+00
9.447524195381615571e-17
0.000000000000000000e+00
0.000000000000000000e+00
0.000000000000000000e+00
0.000000000000000000e+00
0.000000000000000000e+00
4.600978993589605916e-03
4.752186171943636323e-02
1.280077148055212555e-01
2.241383668261283657e-01
3.285810596640370562e-01
4.389657280888651369e-01
5.610342719111343079e-01
6.014144932541859445e-01
5.610342719111343079e-01
4.389657280888654700e-01
3.586633322617518438e-01
3.193708693409267330e-01
3.193708693409267330e-01
3.193708693409265664e-01
3.193708693409266219e-01
3.193708693409267330e-01
3.586633322617518993e-01
4.389657280888653035e-01
5.610342719111341969e-01
6.014144932541859445e-01
5.610342719111345300e-01
4.389657280888654700e-01
3.285810596640370007e-01
2.241383668261283657e-01
1.280077148055212555e-01
4.752186171943655058e-02
4.600978993589889543e-03
0.000000000000000000e+00
0.000000000000000000e+00
0.000000000000000000e+00
9.447524195381615571e-17
9.447524195381615571e-17
0.000000000000000000e+00
9.447524195381615571e-17
0.000000000000000000e+00
0.000000000000000000e+00
0.000000000000000000e+00
0.000000000000000000e+00
0.000000000000000000e+00
0.000000000000000000e+00
0.000000000000000000e+00
0.000000000000000000e+00
0.000000000000000000e+00
9.447524195381615571e-17
0.000000000000000000e+00
0.000000000000000000e+00
9.447524195381615571e-17
0.000000000000000000e+00
0.000000000000000000e+00
0.000000000000000000e+00
0.000000000000000000e+00
9.447524195381615571e-17
0.000000000000000000e+00
9.447524195381615571e-17
0.000000000000000000e+00
1.889504839076323114e-16
0.000000000000000000e+00
0.000000000000000000e+00
0.000000000000000000e+00
0.000000000000000000e+00
0.000000000000000000e+00
0.000000000000000000e+00
4.600978993589605916e-03
2.562386221919396925e-02
5.446484318705244881e-02
1.013826801833172531e-01
1.594465822015094791e-01
2.304132403610007762e-01
2.609141887415520333e-01
2.304132403610007762e-01
1.594465822015096179e-01
1.068623507629669067e-01
8.278852273643706738e-02
8.278852273643691473e-02
8.278852273643691473e-02
8.278852273643706738e-02
8.278852273643706738e-02
1.068623507629668096e-01
1.594465822015092848e-01
2.304132403610005819e-01
2.609141887415518113e-01
2.304132403610007762e-01
1.594465822015096179e-01
1.013826801833172531e-01
5.446484318705235861e-02
2.562386221919406293e-02
4.600978993589795001e-03
9.447524195381615571e-17
0.000000000000000000e+00
1.889504839076323114e-16
0.000000000000000000e+00
9.447524195381615571e-17
9.447524195381615571e-17
0.000000000000000000e+00
9.447524195381615571e-17
0.000000000000000000e+00
0.000000000000000000e+00
0.000000000000000000e+00
0.000000000000000000e+00
0.000000000000000000e+00
0.000000000000000000e+00
9.447524195381615571e-17
0.000000000000000000e+00
9.447524195381615571e-17
9.447524195381615571e-17
9.447524195381615571e-17
9.447524195381615571e-17
9.447524195381615571e-17
0.000000000000000000e+00
0.000000000000000000e+00
0.000000000000000000e+00
0.000000000000000000e+00
9.447524195381615571e-17
0.000000000000000000e+00
9.447524195381615571e-17
0.000000000000000000e+00
9.447524195381615571e-17
0.000000000000000000e+00
0.000000000000000000e+00
0.000000000000000000e+00
0.000000000000000000e+00
1.889504839076323114e-16
0.000000000000000000e+00
0.000000000000000000e+00
9.447524195381615571e-17
9.447524195381615571e-17
4.600978993589889543e-03
2.562386221919396925e-02
5.446484318705244881e-02
7.224999660067439600e-02
5.446484318705207411e-02
2.562386221919434395e-02
4.600978993589889543e-03
0.000000000000000000e+00
0.000000000000000000e+00
9.447524195381615571e-17
0.000000000000000000e+00
0.000000000000000000e+00
4.600978993589889543e-03
2.562386221919406293e-02
5.446484318705235861e-02
7.224999660067429885e-02
5.446484318705244881e-02
2.562386221919406293e-02
4.600978993589889543e-03
0.000000000000000000e+00
9.447524195381615571e-17
9.447524195381615571e-17
0.000000000000000000e+00
1.889504839076323114e-16
9.447524195381615571e-17
0.000000000000000000e+00
1.889504839076323114e-16
0.000000000000000000e+00
0.000000000000000000e+00
9.447524195381615571e-17
0.000000000000000000e+00
0.000000000000000000e+00
0.000000000000000000e+00
0.000000000000000000e+00
0.000000000000000000e+00
0.000000000000000000e+00
1.889504839076323114e-16
0.000000000000000000e+00
0.000000000000000000e+00
9.447524195381615571e-17
0.000000000000000000e+00
0.000000000000000000e+00
9.447524195381615571e-17
0.000000000000000000e+00
0.000000000000000000e+00
0.000000000000000000e+00
0.000000000000000000e+00
9.447524195381615571e-17
0.000000000000000000e+00
9.447524195381615571e-17
9.447524195381615571e-17
9.447524195381615571e-17
0.000000000000000000e+00
0.000000000000000000e+00
0.000000000000000000e+00
0.000000000000000000e+00
0.000000000000000000e+00
0.000000000000000000e+00
9.447524195381615571e-17
0.000000000000000000e+00
0.000000000000000000e+00
0.000000000000000000e+00
0.000000000000000000e+00
0.000000000000000000e+00
1.889504839076323114e-16
0.000000000000000000e+00
1.889504839076323114e-16
0.000000000000000000e+00
0.000000000000000000e+00
9.447524195381615571e-17
0.000000000000000000e+00
1.889504839076323114e-16
0.000000000000000000e+00
0.000000000000000000e+00
9.447524195381615571e-17
0.000000000000000000e+00
0.000000000000000000e+00
9.447524195381615571e-17
1.889504839076323114e-16
0.000000000000000000e+00
0.000000000000000000e+00
0.000000000000000000e+00
9.447524195381615571e-17
9.447524195381615571e-17
3.779009678152646228e-16
9.447524195381615571e-17
9.447524195381615571e-17
1.889504839076323114e-16
0.000000000000000000e+00
0.000000000000000000e+00
9.447524195381615571e-17
0.000000000000000000e+00
0.000000000000000000e+00
0.000000000000000000e+00
0.000000000000000000e+00
0.000000000000000000e+00
0.000000000000000000e+00
1.889504839076323114e-16
9.447524195381615571e-17
1.889504839076323114e-16
0.000000000000000000e+00
0.000000000000000000e+00
1.889504839076323114e-16
2.834257258614484671e-16
0.000000000000000000e+00
0.000000000000000000e+00
0.000000000000000000e+00
0.000000000000000000e+00
9.447524195381615571e-17
0.000000000000000000e+00
9.447524195381615571e-17
0.000000000000000000e+00
9.447524195381615571e-17
0.000000000000000000e+00
0.000000000000000000e+00
9.447524195381615571e-17
9.447524195381615571e-17
0.000000000000000000e+00
0.000000000000000000e+00
0.000000000000000000e+00
0.000000000000000000e+00
9.447524195381615571e-17
4.600978993589889543e-03
2.562386221919406293e-02
4.941049584574733894e-02
4.941049584574762343e-02
2.562386221919425028e-02
4.600978993589984085e-03
9.447524195381615571e-17
3.779009678152646228e-16
9.447524195381615571e-17
1.889504839076323114e-16
9.447524195381615571e-17
1.889504839076323114e-16
9.447524195381615571e-17
4.600978993589889543e-03
2.562386221919425028e-02
4.941049584574743608e-02
4.941049584574743608e-02
2.562386221919434395e-02
4.600978993589889543e-03
9.447524195381615571e-17
0.000000000000000000e+00
0.000000000000000000e+00
9.447524195381615571e-17
3.779009678152646228e-16
0.000000000000000000e+00
0.000000000000000000e+00
0.000000000000000000e+00
1.889504839076323114e-16
9.447524195381615571e-17
9.447524195381615571e-17
0.000000000000000000e+00
0.000000000000000000e+00
0.000000000000000000e+00
0.000000000000000000e+00
0.000000000000000000e+00
0.000000000000000000e+00
1.889504839076323114e-16
0.000000000000000000e+00
0.000000000000000000e+00
0.000000000000000000e+00
0.000000000000000000e+00
0.000000000000000000e+00
0.000000000000000000e+00
0.000000000000000000e+00
9.447524195381615571e-17
0.000000000000000000e+00
0.000000000000000000e+00
9.447524195381615571e-17
0.000000000000000000e+00
9.447524195381615571e-17
0.000000000000000000e+00
1.889504839076323114e-16
0.000000000000000000e+00
0.000000000000000000e+00
0.000000000000000000e+00
2.834257258614484671e-16
9.447524195381615571e-17
0.000000000000000000e+00
0.000000000000000000e+00
4.600978993589700458e-03
2.562386221919425028e-02
7.749776003382528866e-02
1.535927781907103218e-01
2.027340736516972386e-01
2.027340736516977937e-01
1.535927781907105161e-01
7.749776003382528866e-02
2.562386221919406293e-02
4.600978993589700458e-03
2.834257258614484671e-16
9.447524195381615571e-17
2.834257258614484671e-16
4.600978993589700458e-03
2.562386221919425028e-02
7.749776003382514988e-02
1.535927781907108214e-01
2.027340736516977104e-01
2.027340736516972386e-01
1.535927781907106549e-01
7.749776003382538581e-02
2.562386221919425028e-02
4.600978993589700458e-03
9.447524195381615571e-17
9.447524195381615571e-17
9.447524195381615571e-17
0.000000000000000000e+00
0.000000000000000000e+00
9.447524195381615571e-17
0.000000000000000000e+00
0.000000000000000000e+00
9.447524195381615571e-17
0.000000000000000000e+00
0.000000000000000000e+00
0.000000000000000000e+00
0.000000000000000000e+00
0.000000000000000000e+00
0.000000000000000000e+00
1.889504839076323114e-16
0.000000000000000000e+00
9.447524195381615571e-17
0.000000000000000000e+00
0.000000000000000000e+00
0.000000000000000000e+00
0.000000000000000000e+00
0.000000000000000000e+00
9.447524195381615571e-17
0.000000000000000000e+00
0.000000000000000000e+00
0.000000000000000000e+00
0.000000000000000000e+00
9.447524195381615571e-17
9.447524195381615571e-17
0.000000000000000000e+00
0.000000000000000000e+00
0.000000000000000000e+00
9.447524195381615571e-17
0.000000000000000000e+00
0.000000000000000000e+00
0.000000000000000000e+00
9.447524195381615571e-17
2.562386221919406293e-02
9.573756706824260165e-02
2.327805001306401389e-01
4.011779042873548917e-01
5.203758568784385696e-01
5.203758568784384586e-01
4.080832518155420030e-01
2.676180371486604481e-01
1.594465822015095346e-01
1.013826801833173502e-01
5.956287246496598520e-02
5.255975834982650613e-02
5.956287246496598520e-02
1.013826801833173502e-01
1.594465822015095346e-01
2.676180371486600040e-01
4.080832518155424471e-01
5.203758568784384586e-01
5.203758568784384586e-01
4.011779042873551138e-01
2.327805001306403332e-01
9.573756706824260165e-02
2.562386221919406293e-02
1.889504839076323114e-16
9.447524195381615571e-17
1.889504839076323114e-16
0.000000000000000000e+00
0.000000000000000000e+00
9.447524195381615571e-17
1.889504839076323114e-16
0.000000000000000000e+00
0.000000000000000000e+00
9.447524195381615571e-17
0.000000000000000000e+00
0.000000000000000000e+00
0.000000000000000000e+00
0.000000000000000000e+00
0.000000000000000000e+00
0.000000000000000000e+00
0.000000000000000000e+00
0.000000000000000000e+00
9.447524195381615571e-17
9.447524195381615571e-17
0.000000000000000000e+00
9.447524195381615571e-17
0.000000000000000000e+00
0.000000000000000000e+00
0.000000000000000000e+00
0.000000000000000000e+00
0.000000000000000000e+00
0.000000000000000000e+00
9.447524195381615571e-17
0.000000000000000000e+00
0.000000000000000000e+00
0.000000000000000000e+00
0.000000000000000000e+00
0.000000000000000000e+00
0.000000000000000000e+00
0.000000000000000000e+00
0.000000000000000000e+00
4.600978993589795001e-03
7.749776003382501111e-02
2.327805001306400834e-01
4.895106931800961014e-01
7.032888012790876608e-01
8.140262980517809499e-01
8.140262980517812830e-01
7.323819628513400515e-01
5.919167481844580525e-01
4.389657280888656921e-01
3.285810596640379444e-01
2.587413663079810577e-01
2.433041595383747258e-01
2.587413663079810577e-01
3.285810596640373338e-01
4.389657280888656921e-01
5.919167481844576084e-01
7.323819628513400515e-01
8.140262980517809499e-01
8.140262980517815050e-01
7.032888012790881049e-01
4.895106931800961014e-01
2.327805001306401389e-01
7.749776003382501111e-02
4.600978993589889543e-03
0.000000000000000000e+00
0.000000000000000000e+00
9.447524195381615571e-17
9.447524195381615571e-17
9.447524195381615571e-17
0.000000000000000000e+00
0.000000000000000000e+00
9.447524195381615571e-17
0.000000000000000000e+00
0.000000000000000000e+00
0.000000000000000000e+00
0.000000000000000000e+00
0.000000000000000000e+00
0.000000000000000000e+00
1.889504839076323114e-16
0.000000000000000000e+00
9.447524195381615571e-17
9.447524195381615571e-17
0.000000000000000000e+00
9.447524195381615571e-17
0.000000000000000000e+00
0.000000000000000000e+00
0.000000000000000000e+00
0.000000000000000000e+00
0.000000000000000000e+00
0.000000000000000000e+00
0.000000000000000000e+00
9.447524195381615571e-17
0.000000000000000000e+00
9.447524195381615571e-17
0.000000000000000000e+00
1.889504839076323114e-16
0.000000000000000000e+00
0.000000000000000000e+00
9.447524195381615571e-17
0.000000000000000000e+00
2.562386221919396925e-02
1.535927781907102108e-01
4.011779042873548917e-01
7.032888012790882160e-01
8.910669980491892073e-01
9.695340783491742664e-01
9.695340783491743775e-01
9.225022399661747530e-01
8.464072218092895117e-01
7.695867596389994736e-01
6.714189403359627217e-01
6.014144932541856114e-01
5.610342719111341969e-01
6.014144932541855004e-01
6.714189403359623887e-01
7.695867596389994736e-01
8.464072218092892896e-01
9.225022399661747530e-01
9.695340783491743775e-01
9.695340783491742664e-01
8.910669980491894293e-01
7.032888012790882160e-01
4.011779042873547252e-01
1.535927781907102108e-01
2.562386221919396925e-02
0.000000000000000000e+00
9.447524195381615571e-17
9.447524195381615571e-17
9.447524195381615571e-17
0.000000000000000000e+00
9.447524195381615571e-17
0.000000000000000000e+00
9.447524195381615571e-17
0.000000000000000000e+00
0.000000000000000000e+00
0.000000000000000000e+00
0.000000000000000000e+00
0.000000000000000000e+00
0.000000000000000000e+00
9.447524195381615571e-17
0.000000000000000000e+00
0.000000000000000000e+00
0.000000000000000000e+00
0.000000000000000000e+00
0.000000000000000000e+00
0.000000000000000000e+00
9.447524195381615571e-17
9.447524195381615571e-17
0.000000000000000000e+00
0.000000000000000000e+00
0.000000000000000000e+00
0.000000000000000000e+00
9.447524195381615571e-17
0.000000000000000000e+00
0.000000000000000000e+00
0.000000000000000000e+00
0.000000000000000000e+00
0.000000000000000000e+00
9.447524195381615571e-17
0.000000000000000000e+00
0.000000000000000000e+00
5.446484318705235861e-02
2.304132403610007762e-01
5.610342719111343079e-01
8.405534177984902433e-01
9.743761377808060065e-01
1.000000000000000000e+00
1.000000000000000000e+00
9.953990210064102007e-01
9.743761377808058954e-01
9.455351568129474193e-01
8.986173198166825804e-01
8.663151721642247116e-01
8.524439643578677339e-01
8.663151721642242675e-01
8.986173198166825804e-01
9.455351568129473083e-01
9.743761377808056734e-01
9.953990210064102007e-01
1.000000000000000000e+00
9.999999999999997780e-01
9.743761377808060065e-01
8.405534177984904654e-01
5.610342719111341969e-01
2.304132403610007762e-01
5.446484318705226146e-02
0.000000000000000000e+00
9.447524195381615571e-17
9.447524195381615571e-17
0.000000000000000000e+00
0.000000000000000000e+00
0.000000000000000000e+00
0.000000000000000000e+00
0.000000000000000000e+00
0.000000000000000000e+00
0.000000000000000000e+00
0.000000000000000000e+00
0.000000000000000000e+00
0.000000000000000000e+00
0.000000000000000000e+00
1.889504839076323114e-16
0.000000000000000000e+00
1.889504839076323114e-16
0.000000000000000000e+00
0.000000000000000000e+00
0.000000000000000000e+00
9.447524195381615571e-17
0.000000000000000000e+00
9.447524195381615571e-17
0.000000000000000000e+00
0.000000000000000000e+00
0.000000000000000000e+00
0.000000000000000000e+00
9.447524195381615571e-17
9.447524195381615571e-17
0.000000000000000000e+00
0.000000000000000000e+00
0.000000000000000000e+00
0.000000000000000000e+00
0.000000000000000000e+00
0.000000000000000000e+00
0.000000000000000000e+00
7.749776003382501111e-02
2.898785625505657104e-01
6.413366677382474901e-01
8.931376492370328712e-01
9.953990210064098676e-01
1.000000000000000000e+00
1.000000000000000000e+00
1.000000000000000000e+00
1.000000000000000000e+00
1.000000000000000000e+00
9.953990210064104227e-01
9.791740350731060749e-01
9.725611612058555622e-01
9.791740350731060749e-01
9.953990210064099786e-01
1.000000000000000000e+00
9.999999999999997780e-01
1.000000000000000000e+00
1.000000000000000000e+00
9.999999999999997780e-01
9.953990210064099786e-01
8.931376492370330933e-01
6.413366677382474901e-01
2.898785625505655994e-01
7.749776003382501111e-02
1.889504839076323114e-16
9.447524195381615571e-17
0.000000000000000000e+00
9.447524195381615571e-17
9.447524195381615571e-17
0.000000000000000000e+00
0.000000000000000000e+00
9.447524195381615571e-17
0.000000000000000000e+00
0.000000000000000000e+00
0.000000000000000000e+00
0.000000000000000000e+00
0.000000000000000000e+00
9.447524195381615571e-17
1.889504839076323114e-16
0.000000000000000000e+00
0.000000000000000000e+00
1.889504839076323114e-16
9.447524195381615571e-17
9.447524195381615571e-17
9.447524195381615571e-17
0.000000000000000000e+00
9.447524195381615571e-17
0.000000000000000000e+00
0.000000000000000000e+00
0.000000000000000000e+00
0.000000000000000000e+00
9.447524195381615571e-17
9.447524195381615571e-17
9.447524195381615571e-17
0.000000000000000000e+00
9.447524195381615571e-17
0.000000000000000000e+00
9.447524195381615571e-17
1.889504839076323114e-16
0.000000000000000000e+00
7.749776003382528866e-02
2.898785625505660435e-01
6.413366677382474901e-01
8.931376492370327602e-01
9.953990210064099786e-01
1.000000000000000000e+00
1.000000000000000000e+00
9.999999999999996669e-01
1.000000000000000000e+00
1.000000000000000000e+00
9.953990210064102007e-01
9.791740350731057418e-01
9.725611612058560063e-01
9.791740350731060749e-01
9.953990210064098676e-01
9.999999999999996669e-01
9.999999999999997780e-01
1.000000000000000000e+00
9.999999999999997780e-01
1.000000000000000000e+00
9.953990210064104227e-01
8.931376492370327602e-01
6.413366677382474901e-01
2.898785625505657104e-01
7.749776003382514988e-02
0.000000000000000000e+00
0.000000000000000000e+00
0.000000000000000000e+00
9.447524195381615571e-17
0.000000000000000000e+00
9.447524195381615571e-17
0.000000000000000000e+00
9.447524195381615571e-17
9.447524195381615571e-17
0.000000000000000000e+00
0.000000000000000000e+00
0.000000000000000000e+00
0.000000000000000000e+00
9.447524195381615571e-17
1.889504839076323114e-16
0.000000000000000000e+00
1.889504839076323114e-16
0.000000000000000000e+00
0.000000000000000000e+00
9.447524195381615571e-17
9.447524195381615571e-17
1.889504839076323114e-16
0.000000000000000000e+00
0.000000000000000000e+00
0.000000000000000000e+00
0.000000000000000000e+00
0.000000000000000000e+00
9.447524195381615571e-17
9.447524195381615571e-17
9.447524195381615571e-17
0.000000000000000000e+00
0.000000000000000000e+00
9.447524195381615571e-17
9.447524195381615571e-17
1.889504839076323114e-16
0.000000000000000000e+00
5.446484318705244881e-02
2.304132403610006652e-01
5.610342719111343079e-01
8.405534177984904654e-01
9.743761377808052293e-01
9.999999999999997780e-01
1.000000000000000000e+00
9.953990210064099786e-01
9.743761377808058954e-01
9.455351568129474193e-01
8.986173198166826914e-01
8.663151721642247116e-01
8.524439643578675119e-01
8.663151721642242675e-01
8.986173198166825804e-01
9.455351568129474193e-01
9.743761377808056734e-01
9.953990210064102007e-01
1.000000000000000000e+00
9.999999999999997780e-01
9.743761377808058954e-01
8.405534177984902433e-01
5.610342719111340859e-01
2.304132403610001656e-01
5.446484318705254596e-02
9.447524195381615571e-17
9.447524195381615571e-17
0.000000000000000000e+00
0.000000000000000000e+00
0.000000000000000000e+00
9.447524195381615571e-17
0.000000000000000000e+00
9.447524195381615571e-17
9.447524195381615571e-17
0.000000000000000000e+00
0.000000000000000000e+00
0.000000000000000000e+00
0.000000000000000000e+00
9.447524195381615571e-17
1.889504839076323114e-16
0.000000000000000000e+00
2.834257258614484671e-16
9.447524195381615571e-17
9.447524195381615571e-17
3.779009678152646228e-16
9.447524195381615571e-17
9.447524195381615571e-17
9.447524195381615571e-17
0.000000000000000000e+00
0.000000000000000000e+00
0.000000000000000000e+00
0.000000000000000000e+00
9.447524195381615571e-17
9.447524195381615571e-17
0.000000000000000000e+00
0.000000000000000000e+00
0.000000000000000000e+00
9.447524195381615571e-17
0.000000000000000000e+00
0.000000000000000000e+00
0.000000000000000000e+00
2.562386221919425028e-02
1.535927781907103218e-01
4.011779042873546697e-01
7.032888012790878829e-01
8.910669980491890962e-01
9.695340783491743775e-01
9.695340783491745995e-01
9.225022399661747530e-01
8.464072218092894007e-01
7.695867596389994736e-01
6.714189403359627217e-01
6.014144932541859445e-01
5.610342719111343079e-01
6.014144932541858335e-01
6.714189403359627217e-01
7.695867596389994736e-01
8.464072218092889566e-01
9.225022399661747530e-01
9.695340783491745995e-01
9.695340783491742664e-01
8.910669980491892073e-01
7.032888012790881049e-01
4.011779042873547807e-01
1.535927781907105161e-01
2.562386221919425028e-02
0.000000000000000000e+00
0.000000000000000000e+00
0.000000000000000000e+00
9.447524195381615571e-17
1.889504839076323114e-16
9.447524195381615571e-17
0.000000000000000000e+00
9.447524195381615571e-17
9.447524195381615571e-17
9.447524195381615571e-17
0.000000000000000000e+00
0.000000000000000000e+00
0.000000000000000000e+00
0.000000000000000000e+00
9.447524195381615571e-17
9.447524195381615571e-17
0.000000000000000000e+00
0.000000000000000000e+00
0.000000000000000000e+00
9.447524195381615571e-17
1.889504839076323114e-16
9.447524195381615571e-17
9.447524195381615571e-17
9.447524195381615571e-17
0.000000000000000000e+00
0.000000000000000000e+00
0.000000000000000000e+00
9.447524195381615571e-17
0.000000000000000000e+00
1.889504839076323114e-16
0.000000000000000000e+00
9.447524195381615571e-17
0.000000000000000000e+00
9.447524195381615571e-17
2.834257258614484671e-16
0.000000000000000000e+00
4.600978993589889543e-03
7.749776003382528866e-02
2.327805001306400834e-01
4.895106931800959904e-01
7.032888012790878829e-01
8.140262980517815050e-01
8.140262980517812830e-01
7.323819628513400515e-01
5.919167481844577194e-01
4.389657280888654700e-01
3.285810596640374448e-01
2.587413663079812243e-01
2.433041595383750588e-01
2.587413663079809467e-01
3.285810596640373338e-01
4.389657280888653035e-01
5.919167481844576084e-01
7.323819628513402735e-01
8.140262980517811719e-01
8.140262980517812830e-01
7.032888012790885490e-01
4.895106931800959904e-01
2.327805001306400001e-01
7.749776003382509437e-02
4.600978993589795001e-03
2.834257258614484671e-16
9.447524195381615571e-17
9.447524195381615571e-17
0.000000000000000000e+00
9.447524195381615571e-17
9.447524195381615571e-17
0.000000000000000000e+00
9.447524195381615571e-17
9.447524195381615571e-17
9.447524195381615571e-17
9.447524195381615571e-17
0.000000000000000000e+00
0.000000000000000000e+00
0.000000000000000000e+00
1.889504839076323114e-16
0.000000000000000000e+00
0.000000000000000000e+00
0.000000000000000000e+00
0.000000000000000000e+00
0.000000000000000000e+00
9.447524195381615571e-17
9.447524195381615571e-17
9.447524195381615571e-17
9.447524195381615571e-17
0.000000000000000000e+00
0.000000000000000000e+00
0.000000000000000000e+00
9.447524195381615571e-17
9.447524195381615571e-17
0.000000000000000000e+00
0.000000000000000000e+00
0.000000000000000000e+00
0.000000000000000000e+00
0.000000000000000000e+00
1.889504839076323114e-16
0.000000000000000000e+00
9.447524195381615571e-17
2.562386221919406293e-02
9.573756706824260165e-02
2.327805001306400834e-01
4.011779042873547807e-01
5.203758568784383476e-01
5.203758568784380145e-01
4.080832518155423916e-01
2.676180371486604481e-01
1.594465822015092848e-01
1.013826801833173502e-01
5.956287246496617255e-02
5.255975834982631878e-02
5.956287246496626275e-02
1.013826801833172114e-01
1.594465822015090073e-01
2.676180371486601151e-01
4.080832518155420585e-01
5.203758568784379035e-01
5.203758568784379035e-01
4.011779042873554468e-01
2.327805001306400834e-01
9.573756706824254614e-02
2.562386221919406293e-02
0.000000000000000000e+00
0.000000000000000000e+00
9.447524195381615571e-17
0.000000000000000000e+00
0.000000000000000000e+00
9.447524195381615571e-17
9.447524195381615571e-17
0.000000000000000000e+00
9.447524195381615571e-17
0.000000000000000000e+00
9.447524195381615571e-17
9.447524195381615571e-17
0.000000000000000000e+00
0.000000000000000000e+00
0.000000000000000000e+00
9.447524195381615571e-17
0.000000000000000000e+00
0.000000000000000000e+00
9.447524195381615571e-17
0.000000000000000000e+00
0.000000000000000000e+00
0.000000000000000000e+00
0.000000000000000000e+00
1.889504839076323114e-16
9.447524195381615571e-17
0.000000000000000000e+00
0.000000000000000000e+00
0.000000000000000000e+00
9.447524195381615571e-17
9.447524195381615571e-17
0.000000000000000000e+00
0.000000000000000000e+00
0.000000000000000000e+00
0.000000000000000000e+00
0.000000000000000000e+00
0.000000000000000000e+00
0.000000000000000000e+00
0.000000000000000000e+00
4.600978993589700458e-03
2.562386221919396925e-02
7.749776003382495559e-02
1.535927781907103218e-01
2.027340736516974606e-01
2.027340736516977104e-01
1.535927781907104051e-01
7.749776003382528866e-02
2.562386221919425028e-02
4.600978993589889543e-03
0.000000000000000000e+00
9.447524195381615571e-17
1.889504839076323114e-16
4.600978993589700458e-03
2.562386221919425028e-02
7.749776003382509437e-02
1.535927781907105161e-01
2.027340736516971831e-01
2.027340736516975717e-01
1.535927781907108214e-01
7.749776003382495559e-02
2.562386221919396925e-02
4.600978993589511373e-03
0.000000000000000000e+00
0.000000000000000000e+00
9.447524195381615571e-17
9.447524195381615571e-17
1.889504839076323114e-16
0.000000000000000000e+00
0.000000000000000000e+00
0.000000000000000000e+00
9.447524195381615571e-17
9.447524195381615571e-17
9.447524195381615571e-17
9.447524195381615571e-17
0.000000000000000000e+00
0.000000000000000000e+00
0.000000000000000000e+00
1.889504839076323114e-16
0.000000000000000000e+00
9.447524195381615571e-17
9.447524195381615571e-17
9.447524195381615571e-17
0.000000000000000000e+00
1.889504839076323114e-16
0.000000000000000000e+00
9.447524195381615571e-17
9.447524195381615571e-17
0.000000000000000000e+00
0.000000000000000000e+00
0.000000000000000000e+00
9.447524195381615571e-17
9.447524195381615571e-17
1.889504839076323114e-16
0.000000000000000000e+00
0.000000000000000000e+00
0.000000000000000000e+00
9.447524195381615571e-17
9.447524195381615571e-17
0.000000000000000000e+00
0.000000000000000000e+00
0.000000000000000000e+00
0.000000000000000000e+00
4.600978993589795001e-03
2.562386221919396925e-02
4.941049584574743608e-02
4.941049584574753323e-02
2.562386221919396925e-02
4.600978993589984085e-03
9.447524195381615571e-17
0.000000000000000000e+00
9.447524195381615571e-17
0.000000000000000000e+00
2.834257258614484671e-16
0.000000000000000000e+00
0.000000000000000000e+00
4.600978993589889543e-03
2.562386221919406293e-02
4.941049584574733894e-02
4.941049584574733894e-02
2.562386221919425028e-02
4.600978993589700458e-03
0.000000000000000000e+00
0.000000000000000000e+00
0.000000000000000000e+00
9.447524195381615571e-17
9.447524195381615571e-17
9.447524195381615571e-17
9.447524195381615571e-17
0.000000000000000000e+00
1.889504839076323114e-16
0.000000000000000000e+00
9.447524195381615571e-17
9.447524195381615571e-17
9.447524195381615571e-17
9.447524195381615571e-17
9.447524195381615571e-17
0.000000000000000000e+00
0.000000000000000000e+00
1.889504839076323114e-16
0.000000000000000000e+00
0.000000000000000000e+00
9.447524195381615571e-17
9.447524195381615571e-17
0.000000000000000000e+00
9.447524195381615571e-17
9.447524195381615571e-17
9.447524195381615571e-17
9.447524195381615571e-17
0.000000000000000000e+00
0.000000000000000000e+00
0.000000000000000000e+00
9.447524195381615571e-17
9.447524195381615571e-17
9.447524195381615571e-17
0.000000000000000000e+00
0.000000000000000000e+00
0.000000000000000000e+00
0.000000000000000000e+00
1.889504839076323114e-16
0.000000000000000000e+00
0.000000000000000000e+00
0.000000000000000000e+00
9.447524195381615571e-17
0.000000000000000000e+00
0.000000000000000000e+00
0.000000000000000000e+00
0.000000000000000000e+00
1.889504839076323114e-16
3.779009678152646228e-16
9.447524195381615571e-17
0.000000000000000000e+00
0.000000000000000000e+00
1.889504839076323114e-16
0.000000000000000000e+00
0.000000000000000000e+00
0.000000000000000000e+00
9.447524195381615571e-17
9.447524195381615571e-17
0.000000000000000000e+00
0.000000000000000000e+00
9.447524195381615571e-17
0.000000000000000000e+00
0.000000000000000000e+00
0.000000000000000000e+00
0.000000000000000000e+00
9.447524195381615571e-17
0.000000000000000000e+00
9.447524195381615571e-17
9.447524195381615571e-17
1.889504839076323114e-16
1.889504839076323114e-16
0.000000000000000000e+00
9.447524195381615571e-17
0.000000000000000000e+00
9.447524195381615571e-17
9.447524195381615571e-17
9.447524195381615571e-17
0.000000000000000000e+00
0.000000000000000000e+00
1.889504839076323114e-16
9.447524195381615571e-17
9.447524195381615571e-17
1.889504839076323114e-16
9.447524195381615571e-17
9.447524195381615571e-17
1.889504839076323114e-16
0.000000000000000000e+00
9.447524195381615571e-17
9.447524195381615571e-17
0.000000000000000000e+00
9.447524195381615571e-17
0.000000000000000000e+00
0.000000000000000000e+00
9.447524195381615571e-17
9.447524195381615571e-17
0.000000000000000000e+00
0.000000000000000000e+00
0.000000000000000000e+00
0.000000000000000000e+00
9.447524195381615571e-17
0.000000000000000000e+00
0.000000000000000000e+00
3.779009678152646228e-16
9.447524195381615571e-17
4.600978993589984085e-03
2.562386221919406293e-02
5.446484318705254596e-02
7.224999660067439600e-02
5.446484318705244881e-02
2.562386221919444110e-02
4.600978993589700458e-03
1.889504839076323114e-16
0.000000000000000000e+00
3.779009678152646228e-16
9.447524195381615571e-17
9.447524195381615571e-17
4.600978993589795001e-03
2.562386221919425028e-02
5.446484318705263616e-02
7.224999660067411844e-02
5.446484318705235861e-02
2.562386221919425028e-02
4.600978993589889543e-03
3.779009678152646228e-16
0.000000000000000000e+00
0.000000000000000000e+00
0.000000000000000000e+00
1.889504839076323114e-16
9.447524195381615571e-17
9.447524195381615571e-17
1.889504839076323114e-16
2.834257258614484671e-16
9.447524195381615571e-17
1.889504839076323114e-16
0.000000000000000000e+00
9.447524195381615571e-17
9.447524195381615571e-17
9.447524195381615571e-17
0.000000000000000000e+00
0.000000000000000000e+00
9.447524195381615571e-17
0.000000000000000000e+00
0.000000000000000000e+00
0.000000000000000000e+00
9.447524195381615571e-17
0.000000000000000000e+00
9.447524195381615571e-17
0.000000000000000000e+00
1.889504839076323114e-16
1.889504839076323114e-16
0.000000000000000000e+00
9.447524195381615571e-17
0.000000000000000000e+00
0.000000000000000000e+00
9.447524195381615571e-17
3.779009678152646228e-16
1.889504839076323114e-16
0.000000000000000000e+00
0.000000000000000000e+00
1.889504839076323114e-16
1.889504839076323114e-16
9.447524195381615571e-17
4.600978993589889543e-03
2.562386221919425028e-02
5.446484318705235861e-02
1.013826801833172531e-01
1.594465822015093681e-01
2.304132403610004987e-01
2.609141887415520333e-01
2.304132403610007762e-01
1.594465822015097012e-01
1.068623507629670039e-01
8.278852273643673432e-02
8.278852273643730331e-02
8.278852273643687310e-02
8.278852273643720616e-02
8.278852273643663717e-02
1.068623507629669067e-01
1.594465822015095346e-01
2.304132403610008317e-01
2.609141887415518113e-01
2.304132403610007762e-01
1.594465822015097012e-01
1.013826801833172531e-01
5.446484318705235861e-02
2.562386221919406293e-02
4.600978993589700458e-03
1.889504839076323114e-16
2.834257258614484671e-16
2.834257258614484671e-16
9.447524195381615571e-17
9.447524195381615571e-17
9.447524195381615571e-17
9.447524195381615571e-17
9.447524195381615571e-17
0.000000000000000000e+00
0.000000000000000000e+00
9.447524195381615571e-17
9.447524195381615571e-17
0.000000000000000000e+00
0.000000000000000000e+00
2.834257258614484671e-16
0.000000000000000000e+00
0.000000000000000000e+00
0.000000000000000000e+00
0.000000000000000000e+00
1.889504839076323114e-16
0.000000000000000000e+00
0.000000000000000000e+00
9.447524195381615571e-17
9.447524195381615571e-17
0.000000000000000000e+00
9.447524195381615571e-17
0.000000000000000000e+00
9.447524195381615571e-17
9.447524195381615571e-17
1.889504839076323114e-16
0.000000000000000000e+00
0.000000000000000000e+00
0.000000000000000000e+00
0.000000000000000000e+00
1.889504839076323114e-16
4.600978993589605916e-03
4.752186171943646037e-02
1.280077148055214775e-01
2.241383668261280881e-01
3.285810596640373338e-01
4.389657280888654145e-01
5.610342719111346410e-01
6.014144932541861666e-01
5.610342719111347520e-01
4.389657280888658586e-01
3.586633322617518993e-01
3.193708693409267330e-01
3.193708693409267330e-01
3.193708693409270105e-01
3.193708693409267330e-01
3.193708693409265664e-01
3.586633322617518438e-01
4.389657280888654700e-01
5.610342719111347520e-01
6.014144932541858335e-01
5.610342719111346410e-01
4.389657280888656921e-01
3.285810596640373338e-01
2.241383668261279494e-01
1.280077148055212555e-01
4.752186171943674486e-02
4.600978993589889543e-03
0.000000000000000000e+00
0.000000000000000000e+00
0.000000000000000000e+00
0.000000000000000000e+00
0.000000000000000000e+00
0.000000000000000000e+00
9.447524195381615571e-17
0.000000000000000000e+00
0.000000000000000000e+00
9.447524195381615571e-17
0.000000000000000000e+00
0.000000000000000000e+00
0.000000000000000000e+00
1.889504839076323114e-16
0.000000000000000000e+00
0.000000000000000000e+00
9.447524195381615571e-17
9.447524195381615571e-17
1.889504839076323114e-16
9.447524195381615571e-17
9.447524195381615571e-17
9.447524195381615571e-17
9.447524195381615571e-17
0.000000000000000000e+00
0.000000000000000000e+00
0.000000000000000000e+00
9.447524195381615571e-17
9.447524195381615571e-17
1.889504839076323114e-16
0.000000000000000000e+00
0.000000000000000000e+00
0.000000000000000000e+00
4.600978993589700458e-03
2.562386221919425028e-02
7.749776003382509437e-02
1.882470838041534478e-01
3.448419528712007298e-01
5.299893414382790269e-01
6.714189403359627217e-01
7.695867596389988075e-01
8.405534177984904654e-01
8.682362693773882922e-01
8.405534177984905764e-01
7.695867596389994736e-01
7.101214374494337900e-01
6.806291306590731560e-01
6.806291306590730450e-01
6.806291306590731560e-01
6.806291306590731560e-01
6.806291306590730450e-01
7.101214374494337900e-01
7.695867596389994736e-01
8.405534177984910205e-01
8.682362693773880702e-01
8.405534177984902433e-01
7.695867596389994736e-01
6.714189403359626107e-01
5.299893414382790269e-01
3.448419528712004523e-01
1.882470838041536421e-01
7.749776003382528866e-02
2.562386221919406293e-02
4.600978993589700458e-03
9.447524195381615571e-17
9.447524195381615571e-17
9.447524195381615571e-17
9.447524195381615571e-17
9.447524195381615571e-17
0.000000000000000000e+00
9.447524195381615571e-17
9.447524195381615571e-17
0.000000000000000000e+00
0.000000000000000000e+00
0.000000000000000000e+00
1.889504839076323114e-16
9.447524195381615571e-17
0.000000000000000000e+00
9.447524195381615571e-17
0.000000000000000000e+00
0.000000000000000000e+00
9.447524195381615571e-17
0.000000000000000000e+00
9.447524195381615571e-17
9.447524195381615571e-17
0.000000000000000000e+00
0.000000000000000000e+00
0.000000000000000000e+00
9.447524195381615571e-17
9.447524195381615571e-17
9.447524195381615571e-17
0.000000000000000000e+00
0.000000000000000000e+00
4.600978993589700458e-03
4.752186171943655058e-02
1.280077148055215885e-01
2.611609631406996979e-01
4.389657280888654145e-01
6.551580471287992147e-01
8.056801493188050500e-01
8.986173198166825804e-01
9.455351568129474193e-01
9.743761377808056734e-01
9.907538065777833358e-01
9.743761377808056734e-01
9.455351568129476414e-01
9.225022399661747530e-01
9.172114772635632240e-01
9.172114772635630020e-01
9.172114772635628910e-01
9.172114772635632240e-01
9.172114772635630020e-01
9.225022399661746419e-01
9.455351568129474193e-01
9.743761377808058954e-01
9.907538065777831138e-01
9.743761377808056734e-01
9.455351568129478634e-01
8.986173198166825804e-01
8.056801493188052721e-01
6.551580471287988816e-01
4.389657280888653035e-01
2.611609631406998644e-01
1.280077148055215885e-01
4.752186171943655058e-02
0.000000000000000000e+00
0.000000000000000000e+00
9.447524195381615571e-17
0.000000000000000000e+00
9.447524195381615571e-17
0.000000000000000000e+00
0.000000000000000000e+00
9.447524195381615571e-17
0.000000000000000000e+00
0.000000000000000000e+00
9.447524195381615571e-17
9.447524195381615571e-17
0.000000000000000000e+00
0.000000000000000000e+00
0.000000000000000000e+00
0.000000000000000000e+00
0.000000000000000000e+00
9.447524195381615571e-17
9.447524195381615571e-17
9.447524195381615571e-17
9.447524195381615571e-17
0.000000000000000000e+00
0.000000000000000000e+00
0.000000000000000000e+00
9.447524195381615571e-17
9.447524195381615571e-17
9.447524195381615571e-17
0.000000000000000000e+00
4.600978993589605916e-03
4.752186171943626608e-02
1.616570688389808996e-01
3.380914878862165129e-01
5.610342719111341969e-01
7.388390368592998581e-01
8.719922851944788000e-01
9.524781382805631580e-01
9.953990210064099786e-01
9.999999999999996669e-01
9.999999999999997780e-01
9.999999999999997780e-01
9.999999999999997780e-01
1.000000000000000000e+00
1.000000000000000000e+00
1.000000000000000000e+00
9.999999999999997780e-01
1.000000000000000000e+00
9.999999999999996669e-01
9.999999999999997780e-01
9.999999999999997780e-01
9.999999999999997780e-01
1.000000000000000000e+00
9.999999999999996669e-01
9.999999999999997780e-01
1.000000000000000000e+00
9.953990210064099786e-01
9.524781382805631580e-01
8.719922851944784670e-01
7.388390368593001911e-01
5.610342719111341969e-01
3.380914878862162354e-01
1.616570688389806221e-01
2.743883879414412211e-02
2.082596492689399448e-02
4.600978993589889543e-03
0.000000000000000000e+00
9.447524195381615571e-17
9.447524195381615571e-17
0.000000000000000000e+00
9.447524195381615571e-17
0.000000000000000000e+00
0.000000000000000000e+00
0.000000000000000000e+00
1.889504839076323114e-16
0.000000000000000000e+00
0.000000000000000000e+00
9.447524195381615571e-17
0.000000000000000000e+00
1.889504839076323114e-16
1.889504839076323114e-16
0.000000000000000000e+00
0.000000000000000000e+00
9.447524195381615571e-17
0.000000000000000000e+00
0.000000000000000000e+00
0.000000000000000000e+00
9.447524195381615571e-17
9.447524195381615571e-17
9.447524195381615571e-17
4.600978993589795001e-03
4.752186171943636323e-02
1.616570688389807331e-01
3.682985853357355066e-01
6.248671614373696448e-01
8.117529161958464412e-01
9.225022399661747530e-01
9.743761377808056734e-01
9.953990210064099786e-01
1.000000000000000000e+00
1.000000000000000000e+00
9.999999999999997780e-01
1.000000000000000000e+00
1.000000000000000000e+00
1.000000000000000000e+00
1.000000000000000000e+00
1.000000000000000000e+00
1.000000000000000000e+00
1.000000000000000000e+00
1.000000000000000000e+00
9.999999999999996669e-01
1.000000000000000000e+00
1.000000000000000000e+00
1.000000000000000000e+00
1.000000000000000000e+00
9.999999999999997780e-01
1.000000000000000000e+00
1.000000000000000000e+00
9.953990210064099786e-01
9.743761377808056734e-01
9.225022399661747530e-01
8.117529161958466632e-01
6.180164058714738839e-01
3.380914878862165129e-01
1.110095408131475114e-01
9.777605091636673573e-02
4.752186171943655058e-02
4.600978993589795001e-03
9.447524195381615571e-17
9.447524195381615571e-17
0.000000000000000000e+00
9.447524195381615571e-17
0.000000000000000000e+00
0.000000000000000000e+00
0.000000000000000000e+00
1.889504839076323114e-16
0.000000000000000000e+00
0.000000000000000000e+00
0.000000000000000000e+00
1.889504839076323114e-16
1.889504839076323114e-16
1.889504839076323114e-16
9.447524195381615571e-17
9.447524195381615571e-17
9.447524195381615571e-17
0.000000000000000000e+00
0.000000000000000000e+00
0.000000000000000000e+00
9.447524195381615571e-17
9.447524195381615571e-17
4.600978993589984085e-03
4.752186171943655058e-02
1.616570688389808719e-01
3.682985853357358397e-01
6.317014146642642158e-01
8.383429311610192114e-01
9.524781382805634911e-01
9.953990210064099786e-01
1.000000000000000000e+00
9.999999999999997780e-01
9.999999999999996669e-01
9.999999999999996669e-01
9.999999999999994449e-01
1.000000000000000000e+00
9.999999999999997780e-01
1.000000000000000000e+00
1.000000000000000000e+00
1.000000000000000000e+00
9.999999999999997780e-01
1.000000000000000000e+00
1.000000000000000000e+00
1.000000000000000000e+00
1.000000000000000000e+00
1.000000000000000000e+00
1.000000000000000000e+00
9.999999999999997780e-01
9.999999999999996669e-01
1.000000000000000000e+00
9.999999999999996669e-01
9.999999999999997780e-01
9.999999999999997780e-01
9.953990210064099786e-01
9.524781382805634911e-01
8.056801493188049390e-01
5.299893414382789159e-01
2.724916947434716241e-01
2.351523572151562880e-01
1.280077148055213943e-01
2.562386221919406293e-02
9.447524195381615571e-17
9.447524195381615571e-17
9.447524195381615571e-17
9.447524195381615571e-17
0.000000000000000000e+00
9.447524195381615571e-17
0.000000000000000000e+00
1.889504839076323114e-16
0.000000000000000000e+00
0.000000000000000000e+00
9.447524195381615571e-17
9.447524195381615571e-17
9.447524195381615571e-17
1.889504839076323114e-16
9.447524195381615571e-17
9.447524195381615571e-17
9.447524195381615571e-17
0.000000000000000000e+00
0.000000000000000000e+00
0.000000000000000000e+00
9.447524195381615571e-17
9.447524195381615571e-17
2.562386221919406293e-02
1.280077148055212000e-01
3.380914878862161799e-01
6.248671614373693117e-01
8.383429311610191004e-01
9.524781382805634911e-01
9.953990210064099786e-01
1.000000000000000000e+00
1.000000000000000000e+00
9.999999999999997780e-01
1.000000000000000000e+00
9.999999999999997780e-01
1.000000000000000000e+00
1.000000000000000000e+00
9.999999999999997780e-01
1.000000000000000000e+00
9.999999999999996669e-01
9.999999999999997780e-01
1.000000000000000000e+00
1.000000000000000000e+00
1.000000000000000000e+00
9.999999999999994449e-01
9.999999999999997780e-01
1.000000000000000000e+00
1.000000000000000000e+00
9.999999999999997780e-01
1.000000000000000000e+00
1.000000000000000000e+00
1.000000000000000000e+00
9.999999999999997780e-01
9.999999999999997780e-01
1.000000000000000000e+00
9.953990210064102007e-01
8.931376492370330933e-01
6.413366677382474901e-01
4.369728263510123112e-01
4.441985103162121029e-01
2.611609631407000309e-01
7.749776003382514988e-02
4.600978993589889543e-03
9.447524195381615571e-17
9.447524195381615571e-17
9.447524195381615571e-17
0.000000000000000000e+00
0.000000000000000000e+00
0.000000000000000000e+00
1.889504839076323114e-16
0.000000000000000000e+00
0.000000000000000000e+00
9.447524195381615571e-17
9.447524195381615571e-17
9.447524195381615571e-17
1.889504839076323114e-16
9.447524195381615571e-17
9.447524195381615571e-17
9.447524195381615571e-17
0.000000000000000000e+00
0.000000000000000000e+00
0.000000000000000000e+00
1.889504839076323114e-16
4.600978993589889543e-03
7.749776003382528866e-02
2.611609631406998644e-01
5.610342719111343079e-01
8.117529161958464412e-01
9.524781382805634911e-01
9.953990210064104227e-01
1.000000000000000000e+00
1.000000000000000000e+00
1.000000000000000000e+00
9.999999999999997780e-01
1.000000000000000000e+00
1.000000000000000000e+00
9.999999999999997780e-01
1.000000000000000000e+00
1.000000000000000000e+00
1.000000000000000000e+00
1.000000000000000000e+00
1.000000000000000000e+00
1.000000000000000000e+00
1.000000000000000000e+00
1.000000000000000000e+00
9.999999999999996669e-01
1.000000000000000000e+00
1.000000000000000000e+00
1.000000000000000000e+00
1.000000000000000000e+00
9.999999999999997780e-01
1.000000000000000000e+00
1.000000000000000000e+00
9.999999999999997780e-01
9.999999999999997780e-01
1.000000000000000000e+00
1.000000000000000000e+00
9.172114772635632240e-01
6.806291306590732670e-01
5.732086394959361453e-01
6.274381736138681109e-01
4.389657280888654700e-01
1.882470838041534478e-01
4.752186171943646037e-02
4.600978993589889543e-03
9.447524195381615571e-17
9.447524195381615571e-17
0.000000000000000000e+00
0.000000000000000000e+00
0.000000000000000000e+00
4.600978993589984085e-03
2.562386221919396925e-02
5.446484318705244881e-02
7.749776003382501111e-02
7.749776003382524703e-02
5.446484318705263616e-02
2.562386221919425028e-02
4.600978993589984085e-03
9.447524195381615571e-17
0.000000000000000000e+00
0.000000000000000000e+00
0.000000000000000000e+00
0.000000000000000000e+00
4.600978993589889543e-03
4.752186171943655058e-02
1.882470838041537808e-01
4.389657280888654700e-01
7.388390368592999691e-01
9.225022399661747530e-01
9.953990210064099786e-01
1.000000000000000000e+00
1.000000000000000000e+00
9.999999999999997780e-01
1.000000000000000000e+00
9.999999999999997780e-01
9.999999999999996669e-01
9.999999999999996669e-01
9.999999999999994449e-01
1.000000000000000000e+00
9.999999999999997780e-01
1.000000000000000000e+00
1.000000000000000000e+00
1.000000000000000000e+00
9.999999999999997780e-01
1.000000000000000000e+00
1.000000000000000000e+00
1.000000000000000000e+00
1.000000000000000000e+00
1.000000000000000000e+00
1.000000000000000000e+00
9.999999999999997780e-01
9.999999999999996669e-01
1.000000000000000000e+00
9.999999999999996669e-01
9.999999999999997780e-01
9.999999999999997780e-01
9.999999999999997780e-01
1.000000000000000000e+00
9.172114772635630020e-01
6.806291306590728230e-01
6.438916184515873775e-01
7.719493903963494663e-01
6.551580471287992147e-01
3.448419528712004523e-01
1.280077148055212555e-01
2.562386221919406293e-02
9.447524195381615571e-17
9.447524195381615571e-17
0.000000000000000000e+00
4.600978993589795001e-03
2.562386221919396925e-02
7.749776003382524703e-02
1.535927781907104051e-01
2.304132403610004987e-01
2.898785625505659880e-01
2.898785625505659880e-01
2.304132403610005264e-01
1.535927781907105161e-01
7.749776003382514988e-02
2.562386221919406293e-02
4.600978993589795001e-03
0.000000000000000000e+00
0.000000000000000000e+00
0.000000000000000000e+00
2.562386221919415660e-02
1.280077148055213943e-01
3.448419528712005078e-01
6.551580471287988816e-01
8.719922851944782449e-01
9.743761377808056734e-01
9.999999999999997780e-01
1.000000000000000000e+00
9.999999999999997780e-01
1.000000000000000000e+00
1.000000000000000000e+00
9.999999999999997780e-01
1.000000000000000000e+00
9.999999999999997780e-01
1.000000000000000000e+00
1.000000000000000000e+00
9.999999999999997780e-01
1.000000000000000000e+00
9.999999999999996669e-01
9.999999999999997780e-01
1.000000000000000000e+00
1.000000000000000000e+00
1.000000000000000000e+00
9.999999999999994449e-01
9.999999999999997780e-01
1.000000000000000000e+00
1.000000000000000000e+00
9.999999999999997780e-01
1.000000000000000000e+00
1.000000000000000000e+00
1.000000000000000000e+00
9.999999999999997780e-01
9.999999999999997780e-01
1.000000000000000000e+00
9.999999999999997780e-01
9.172114772635630020e-01
6.806291306590728230e-01
6.739394784350239975e-01
8.625324171122311645e-01
8.056801493188049390e-01
5.299893414382790269e-01
2.241383668261284212e-01
5.446484318705235861e-02
9.447524195381615571e-17
9.447524195381615571e-17
0.000000000000000000e+00
2.562386221919406293e-02
9.573756706824246288e-02
2.327805001306403887e-01
4.011779042873547807e-01
5.610342719111341969e-01
6.413366677382474901e-01
6.413366677382474901e-01
5.610342719111343079e-01
4.011779042873551138e-01
2.327805001306401944e-01
9.573756706824274043e-02
2.562386221919406293e-02
0.000000000000000000e+00
0.000000000000000000e+00
0.000000000000000000e+00
5.446484318705244881e-02
2.241383668261285600e-01
5.299893414382793599e-01
8.056801493188049390e-01
9.524781382805631580e-01
9.953990210064098676e-01
1.000000000000000000e+00
9.999999999999997780e-01
9.999999999999997780e-01
1.000000000000000000e+00
1.000000000000000000e+00
9.999999999999997780e-01
1.000000000000000000e+00
9.999999999999996669e-01
9.999999999999997780e-01
1.000000000000000000e+00
1.000000000000000000e+00
1.000000000000000000e+00
9.999999999999997780e-01
1.000000000000000000e+00
9.999999999999997780e-01
1.000000000000000000e+00
9.999999999999997780e-01
9.999999999999996669e-01
9.999999999999996669e-01
1.000000000000000000e+00
1.000000000000000000e+00
9.999999999999997780e-01
9.999999999999996669e-01
1.000000000000000000e+00
1.000000000000000000e+00
9.999999999999997780e-01
1.000000000000000000e+00
1.000000000000000000e+00
1.000000000000000000e+00
9.172114772635630020e-01
6.806291306590731560e-01
6.806291306590728230e-01
9.118779080271756099e-01
8.986173198166825804e-01
6.714189403359623887e-01
3.285810596640372783e-01
1.013826801833172531e-01
4.600978993589889543e-03
9.447524195381615571e-17
4.600978993589700458e-03
7.749776003382514988e-02
2.327805001306400556e-01
4.895106931800964900e-01
7.032888012790881049e-01
8.405534177984904654e-01
8.931376492370330933e-01
8.931376492370330933e-01
8.405534177984904654e-01
7.032888012790882160e-01
4.895106931800962680e-01
2.327805001306403332e-01
7.749776003382509437e-02
4.600978993589700458e-03
0.000000000000000000e+00
4.600978993589700458e-03
1.013826801833173502e-01
3.285810596640373338e-01
6.714189403359623887e-01
8.986173198166825804e-01
9.953990210064098676e-01
9.999999999999997780e-01
9.999999999999997780e-01
1.000000000000000000e+00
9.999999999999997780e-01
1.000000000000000000e+00
1.000000000000000000e+00
1.000000000000000000e+00
9.999999999999997780e-01
9.999999999999996669e-01
9.999999999999996669e-01
9.999999999999997780e-01
9.999999999999997780e-01
1.000000000000000000e+00
9.999999999999997780e-01
1.000000000000000000e+00
1.000000000000000000e+00
9.999999999999996669e-01
1.000000000000000000e+00
9.999999999999997780e-01
9.999999999999996669e-01
1.000000000000000000e+00
1.000000000000000000e+00
9.999999999999996669e-01
9.999999999999996669e-01
1.000000000000000000e+00
9.999999999999997780e-01
1.000000000000000000e+00
9.999999999999997780e-01
9.999999999999997780e-01
9.999999999999996669e-01
9.172114772635630020e-01
6.806291306590731560e-01
6.806291306590728230e-01
9.172114772635630020e-01
9.455351568129476414e-01
7.695867596389992515e-01
4.389657280888653035e-01
1.594465822015093681e-01
2.562386221919406293e-02
9.447524195381615571e-17
2.562386221919406293e-02
1.535927781907105161e-01
4.011779042873548917e-01
7.032888012790883270e-01
8.910669980491888742e-01
9.743761377808056734e-01
9.953990210064099786e-01
9.953990210064099786e-01
9.743761377808056734e-01
8.910669980491890962e-01
7.032888012790881049e-01
4.011779042873550583e-01
1.535927781907104606e-01
2.562386221919396925e-02
0.000000000000000000e+00
2.562386221919406293e-02
1.594465822015094791e-01
4.389657280888654145e-01
7.695867596389994736e-01
9.455351568129474193e-01
9.999999999999994449e-01
1.000000000000000000e+00
9.999999999999997780e-01
9.999999999999997780e-01
9.999999999999997780e-01
1.000000000000000000e+00
1.000000000000000000e+00
9.999999999999994449e-01
9.999999999999997780e-01
9.999999999999996669e-01
9.999999999999997780e-01
9.999999999999997780e-01
9.999999999999997780e-01
1.000000000000000000e+00
9.999999999999997780e-01
1.000000000000000000e+00
9.999999999999996669e-01
1.000000000000000000e+00
9.999999999999996669e-01
9.999999999999996669e-01
9.999999999999997780e-01
9.999999999999997780e-01
1.000000000000000000e+00
9.999999999999996669e-01
9.999999999999997780e-01
1.000000000000000000e+00
9.999999999999997780e-01
9.999999999999994449e-01
9.999999999999997780e-01
1.000000000000000000e+00
9.999999999999997780e-01
9.172114772635630020e-01
6.806291306590728230e-01
6.806291306590731560e-01
9.172114772635630020e-01
9.743761377808060065e-01
8.405534177984904654e-01
5.610342719111346410e-01
2.304132403610005819e-01
5.446484318705244881e-02
9.447524195381615571e-17
4.941049584574743608e-02
2.027340736516975717e-01
5.203758568784382366e-01
8.140262980517815050e-01
9.695340783491745995e-01
9.999999999999997780e-01
1.000000000000000000e+00
1.000000000000000000e+00
9.999999999999997780e-01
9.695340783491745995e-01
8.140262980517812830e-01
5.203758568784384586e-01
2.027340736516974606e-01
4.941049584574733894e-02
0.000000000000000000e+00
5.446484318705235861e-02
2.304132403610005819e-01
5.610342719111346410e-01
8.405534177984904654e-01
9.743761377808060065e-01
1.000000000000000000e+00
1.000000000000000000e+00
9.999999999999997780e-01
1.000000000000000000e+00
9.999999999999997780e-01
1.000000000000000000e+00
1.000000000000000000e+00
9.999999999999997780e-01
1.000000000000000000e+00
1.000000000000000000e+00
9.999999999999997780e-01
1.000000000000000000e+00
9.999999999999997780e-01
1.000000000000000000e+00
1.000000000000000000e+00
1.000000000000000000e+00
9.999999999999997780e-01
1.000000000000000000e+00
1.000000000000000000e+00
9.999999999999997780e-01
9.999999999999997780e-01
1.000000000000000000e+00
9.999999999999997780e-01
9.999999999999997780e-01
1.000000000000000000e+00
1.000000000000000000e+00
1.000000000000000000e+00
1.000000000000000000e+00
1.000000000000000000e+00
1.000000000000000000e+00
9.999999999999997780e-01
9.172114772635630020e-01
6.806291306590731560e-01
6.806291306590728230e-01
9.172114772635630020e-01
9.907538065777835579e-01
8.682362693773880702e-01
6.014144932541858335e-01
2.609141887415517003e-01
7.224999660067439600e-02
9.447524195381615571e-17
4.941049584574743608e-02
2.027340736516975717e-01
5.203758568784380145e-01
8.140262980517815050e-01
9.695340783491742664e-01
1.000000000000000000e+00
9.999999999999997780e-01
1.000000000000000000e+00
9.999999999999997780e-01
9.695340783491745995e-01
8.140262980517811719e-01
5.203758568784380145e-01
2.027340736516974606e-01
4.941049584574733894e-02
0.000000000000000000e+00
7.224999660067429885e-02
2.609141887415517558e-01
6.014144932541858335e-01
8.682362693773880702e-01
9.907538065777833358e-01
9.999999999999997780e-01
1.000000000000000000e+00
9.999999999999997780e-01
1.000000000000000000e+00
1.000000000000000000e+00
1.000000000000000000e+00
1.000000000000000000e+00
1.000000000000000000e+00
9.999999999999997780e-01
1.000000000000000000e+00
9.999999999999997780e-01
1.000000000000000000e+00
1.000000000000000000e+00
1.000000000000000000e+00
9.999999999999997780e-01
1.000000000000000000e+00
1.000000000000000000e+00
1.000000000000000000e+00
1.000000000000000000e+00
9.999999999999997780e-01
1.000000000000000000e+00
1.000000000000000000e+00
1.000000000000000000e+00
1.000000000000000000e+00
1.000000000000000000e+00
1.000000000000000000e+00
9.999999999999997780e-01
1.000000000000000000e+00
1.000000000000000000e+00
1.000000000000000000e+00
1.000000000000000000e+00
9.172114772635630020e-01
6.806291306590731560e-01
6.806291306590728230e-01
9.172114772635630020e-01
9.743761377808056734e-01
8.405534177984904654e-01
5.610342719111345300e-01
2.304132403610005264e-01
5.446484318705244881e-02
9.447524195381615571e-17
2.562386221919406293e-02
1.535927781907106549e-01
4.080832518155422250e-01
7.323819628513400515e-01
9.225022399661747530e-01
9.953990210064099786e-01
9.999999999999997780e-01
9.999999999999997780e-01
9.953990210064099786e-01
9.225022399661747530e-01
7.323819628513400515e-01
4.080832518155422806e-01
1.535927781907105161e-01
2.562386221919396925e-02
9.447524195381615571e-17
5.446484318705235861e-02
2.304132403610006652e-01
5.610342719111346410e-01
8.405534177984904654e-01
9.743761377808056734e-01
9.999999999999997780e-01
1.000000000000000000e+00
9.999999999999997780e-01
1.000000000000000000e+00
1.000000000000000000e+00
1.000000000000000000e+00
1.000000000000000000e+00
9.999999999999997780e-01
1.000000000000000000e+00
1.000000000000000000e+00
1.000000000000000000e+00
1.000000000000000000e+00
9.999999999999997780e-01
1.000000000000000000e+00
9.999999999999997780e-01
1.000000000000000000e+00
1.000000000000000000e+00
9.999999999999997780e-01
1.000000000000000000e+00
9.999999999999997780e-01
1.000000000000000000e+00
1.000000000000000000e+00
9.999999999999997780e-01
9.999999999999997780e-01
1.000000000000000000e+00
1.000000000000000000e+00
9.999999999999997780e-01
9.999999999999997780e-01
1.000000000000000000e+00
1.000000000000000000e+00
1.000000000000000000e+00
9.172114772635630020e-01
6.806291306590728230e-01
6.806291306590731560e-01
9.172114772635630020e-01
9.455351568129476414e-01
7.695867596389992515e-01
4.389657280888654700e-01
1.594465822015093681e-01
2.562386221919415660e-02
9.447524195381615571e-17
4.600978993589795001e-03
7.749776003382514988e-02
2.676180371486598375e-01
5.919167481844576084e-01
8.464072218092894007e-01
9.743761377808056734e-01
9.999999999999997780e-01
1.000000000000000000e+00
9.743761377808058954e-01
8.464072218092892896e-01
5.919167481844574974e-01
2.676180371486600595e-01
7.749776003382514988e-02
4.600978993589700458e-03
9.447524195381615571e-17
2.562386221919406293e-02
1.594465822015095346e-01
4.389657280888654145e-01
7.695867596389994736e-01
9.455351568129473083e-01
9.999999999999997780e-01
1.000000000000000000e+00
9.999999999999997780e-01
1.000000000000000000e+00
9.999999999999997780e-01
9.999999999999997780e-01
1.000000000000000000e+00
9.999999999999994449e-01
9.999999999999997780e-01
9.999999999999997780e-01
9.999999999999997780e-01
1.000000000000000000e+00
1.000000000000000000e+00
1.000000000000000000e+00
1.000000000000000000e+00
1.000000000000000000e+00
9.999999999999997780e-01
1.000000000000000000e+00
1.000000000000000000e+00
9.999999999999997780e-01
1.000000000000000000e+00
1.000000000000000000e+00
1.000000000000000000e+00
9.999999999999996669e-01
1.000000000000000000e+00
1.000000000000000000e+00
9.999999999999997780e-01
9.999999999999994449e-01
9.999999999999997780e-01
9.999999999999997780e-01
9.999999999999997780e-01
9.172114772635630020e-01
6.806291306590731560e-01
6.806291306590728230e-01
9.172114772635630020e-01
9.225022399661747530e-01
7.101214374494340120e-01
3.586633322617520103e-01
1.068623507629667263e-01
4.600978993589889543e-03
9.447524195381615571e-17
0.000000000000000000e+00
2.562386221919415660e-02
1.594465822015093681e-01
4.389657280888655810e-01
7.695867596389992515e-01
9.455351568129474193e-01
9.999999999999997780e-01
9.999999999999997780e-01
9.455351568129474193e-01
7.695867596389994736e-01
4.389657280888654700e-01
1.594465822015095346e-01
2.562386221919425028e-02
0.000000000000000000e+00
9.447524195381615571e-17
4.600978993589795001e-03
1.068623507629669067e-01
3.586633322617520103e-01
7.101214374494340120e-01
9.225022399661746419e-01
9.999999999999997780e-01
9.999999999999997780e-01
9.999999999999997780e-01
1.000000000000000000e+00
1.000000000000000000e+00
1.000000000000000000e+00
1.000000000000000000e+00
9.999999999999997780e-01
1.000000000000000000e+00
9.999999999999997780e-01
1.000000000000000000e+00
1.000000000000000000e+00
9.999999999999996669e-01
1.000000000000000000e+00
1.000000000000000000e+00
1.000000000000000000e+00
1.000000000000000000e+00
9.999999999999997780e-01
1.000000000000000000e+00
9.999999999999997780e-01
1.000000000000000000e+00
1.000000000000000000e+00
1.000000000000000000e+00
9.999999999999997780e-01
1.000000000000000000e+00
1.000000000000000000e+00
1.000000000000000000e+00
9.999999999999997780e-01
1.000000000000000000e+00
9.999999999999997780e-01
1.000000000000000000e+00
9.172114772635630020e-01
6.806291306590728230e-01
6.806291306590728230e-01
9.172114772635630020e-01
9.172114772635630020e-01
6.806291306590728230e-01
3.193708693409266219e-01
8.278852273643687310e-02
9.447524195381615571e-17
9.447524195381615571e-17
0.000000000000000000e+00
4.600978993589889543e-03
1.013826801833172531e-01
3.285810596640375558e-01
6.714189403359623887e-01
8.986173198166826914e-01
9.953990210064104227e-01
9.953990210064104227e-01
8.986173198166826914e-01
6.714189403359623887e-01
3.285810596640375558e-01
1.013826801833173502e-01
4.600978993589889543e-03
9.447524195381615571e-17
9.447524195381615571e-17
0.000000000000000000e+00
8.278852273643701187e-02
3.193708693409265664e-01
6.806291306590731560e-01
9.172114772635630020e-01
9.999999999999997780e-01
9.999999999999997780e-01
9.999999999999997780e-01
1.000000000000000000e+00
9.999999999999997780e-01
1.000000000000000000e+00
1.000000000000000000e+00
1.000000000000000000e+00
9.999999999999997780e-01
1.000000000000000000e+00
9.999999999999997780e-01
1.000000000000000000e+00
1.000000000000000000e+00
1.000000000000000000e+00
9.999999999999997780e-01
1.000000000000000000e+00
1.000000000000000000e+00
1.000000000000000000e+00
1.000000000000000000e+00
9.999999999999997780e-01
1.000000000000000000e+00
9.999999999999997780e-01
1.000000000000000000e+00
1.000000000000000000e+00
1.000000000000000000e+00
1.000000000000000000e+00
9.999999999999997780e-01
1.000000000000000000e+00
9.999999999999997780e-01
1.000000000000000000e+00
9.999999999999997780e-01
9.172114772635630020e-01
6.806291306590731560e-01
6.806291306590731560e-01
9.172114772635630020e-01
9.172114772635630020e-01
6.806291306590731560e-01
3.193708693409267330e-01
8.278852273643687310e-02
9.447524195381615571e-17
9.447524195381615571e-17
0.000000000000000000e+00
1.889504839076323114e-16
5.956287246496598520e-02
2.587413663079811132e-01
6.014144932541858335e-01
8.663151721642247116e-01
9.791740350731059639e-01
9.791740350731059639e-01
8.663151721642248226e-01
6.014144932541862776e-01
2.587413663079811132e-01
5.956287246496607540e-02
9.447524195381615571e-17
9.447524195381615571e-17
9.447524195381615571e-17
0.000000000000000000e+00
8.278852273643706738e-02
3.193708693409267330e-01
6.806291306590732670e-01
9.172114772635630020e-01
9.999999999999996669e-01
9.999999999999997780e-01
9.999999999999997780e-01
1.000000000000000000e+00
9.999999999999997780e-01
1.000000000000000000e+00
1.000000000000000000e+00
9.999999999999997780e-01
9.999999999999997780e-01
9.999999999999997780e-01
9.999999999999997780e-01
1.000000000000000000e+00
1.000000000000000000e+00
1.000000000000000000e+00
1.000000000000000000e+00
1.000000000000000000e+00
1.000000000000000000e+00
1.000000000000000000e+00
1.000000000000000000e+00
1.000000000000000000e+00
1.000000000000000000e+00
9.999999999999997780e-01
1.000000000000000000e+00
1.000000000000000000e+00
1.000000000000000000e+00
1.000000000000000000e+00
9.999999999999997780e-01
9.999999999999997780e-01
1.000000000000000000e+00
9.999999999999997780e-01
9.999999999999997780e-01
9.172114772635630020e-01
6.806291306590731560e-01
6.806291306590728230e-01
9.172114772635630020e-01
9.172114772635630020e-01
6.806291306590731560e-01
3.193708693409266219e-01
8.278852273643687310e-02
9.447524195381615571e-17
9.447524195381615571e-17
0.000000000000000000e+00
1.889504839076323114e-16
5.255975834982640899e-02
2.433041595383751143e-01
5.610342719111343079e-01
8.524439643578677339e-01
9.725611612058560063e-01
9.725611612058555622e-01
8.524439643578672898e-01
5.610342719111347520e-01
2.433041595383751143e-01
5.255975834982650613e-02
1.889504839076323114e-16
9.447524195381615571e-17
9.447524195381615571e-17
0.000000000000000000e+00
8.278852273643701187e-02
3.193708693409266219e-01
6.806291306590731560e-01
9.172114772635630020e-01
9.999999999999994449e-01
9.999999999999994449e-01
9.999999999999997780e-01
1.000000000000000000e+00
1.000000000000000000e+00
1.000000000000000000e+00
1.000000000000000000e+00
1.000000000000000000e+00
9.999999999999997780e-01
9.999999999999997780e-01
1.000000000000000000e+00
1.000000000000000000e+00
1.000000000000000000e+00
1.000000000000000000e+00
1.000000000000000000e+00
1.000000000000000000e+00
1.000000000000000000e+00
1.000000000000000000e+00
1.000000000000000000e+00
9.999999999999997780e-01
9.999999999999997780e-01
1.000000000000000000e+00
1.000000000000000000e+00
1.000000000000000000e+00
1.000000000000000000e+00
1.000000000000000000e+00
9.999999999999997780e-01
9.999999999999997780e-01
9.999999999999997780e-01
9.999999999999997780e-01
1.000000000000000000e+00
9.172114772635630020e-01
6.806291306590731560e-01
6.806291306590730450e-01
9.172114772635630020e-01
9.172114772635630020e-01
6.806291306590732670e-01
3.193708693409266219e-01
8.278852273643687310e-02
9.447524195381615571e-17
9.447524195381615571e-17
0.000000000000000000e+00
1.889504839076323114e-16
5.956287246496607540e-02
2.587413663079813908e-01
6.014144932541859445e-01
8.663151721642247116e-01
9.791740350731060749e-01
9.791740350731059639e-01
8.663151721642247116e-01
6.014144932541861666e-01
2.587413663079812243e-01
5.956287246496607540e-02
1.889504839076323114e-16
9.447524195381615571e-17
9.447524195381615571e-17
0.000000000000000000e+00
8.278852273643706738e-02
3.193708693409266219e-01
6.806291306590733781e-01
9.172114772635630020e-01
9.999999999999996669e-01
9.999999999999997780e-01
1.000000000000000000e+00
1.000000000000000000e+00
1.000000000000000000e+00
1.000000000000000000e+00
1.000000000000000000e+00
1.000000000000000000e+00
1.000000000000000000e+00
9.999999999999997780e-01
1.000000000000000000e+00
1.000000000000000000e+00
1.000000000000000000e+00
1.000000000000000000e+00
1.000000000000000000e+00
1.000000000000000000e+00
1.000000000000000000e+00
1.000000000000000000e+00
1.000000000000000000e+00
9.999999999999997780e-01
9.999999999999997780e-01
1.000000000000000000e+00
1.000000000000000000e+00
9.999999999999997780e-01
9.999999999999997780e-01
1.000000000000000000e+00
1.000000000000000000e+00
9.999999999999997780e-01
1.000000000000000000e+00
9.999999999999997780e-01
9.999999999999997780e-01
9.172114772635630020e-01
6.806291306590728230e-01
6.806291306590731560e-01
9.172114772635630020e-01
9.172114772635632240e-01
6.806291306590731560e-01
3.193708693409266219e-01
8.278852273643687310e-02
9.447524195381615571e-17
9.447524195381615571e-17
9.447524195381615571e-17
4.600978993589889543e-03
1.013826801833172531e-01
3.285810596640375558e-01
6.714189403359623887e-01
8.986173198166826914e-01
9.953990210064099786e-01
9.953990210064099786e-01
8.986173198166825804e-01
6.714189403359626107e-01
3.285810596640373338e-01
1.013826801833173502e-01
4.600978993589889543e-03
9.447524195381615571e-17
9.447524195381615571e-17
0.000000000000000000e+00
8.278852273643706738e-02
3.193708693409266219e-01
6.806291306590730450e-01
9.172114772635630020e-01
9.999999999999997780e-01
9.999999999999997780e-01
9.999999999999997780e-01
1.000000000000000000e+00
9.999999999999997780e-01
9.999999999999997780e-01
1.000000000000000000e+00
9.999999999999997780e-01
1.000000000000000000e+00
9.999999999999997780e-01
1.000000000000000000e+00
1.000000000000000000e+00
1.000000000000000000e+00
1.000000000000000000e+00
1.000000000000000000e+00
1.000000000000000000e+00
1.000000000000000000e+00
1.000000000000000000e+00
1.000000000000000000e+00
1.000000000000000000e+00
1.000000000000000000e+00
1.000000000000000000e+00
1.000000000000000000e+00
1.000000000000000000e+00
1.000000000000000000e+00
9.999999999999997780e-01
9.999999999999997780e-01
9.999999999999997780e-01
9.999999999999996669e-01
9.999999999999997780e-01
9.999999999999997780e-01
9.172114772635630020e-01
6.806291306590730450e-01
6.806291306590731560e-01
9.172114772635628910e-01
9.225022399661749750e-01
7.101214374494340120e-01
3.586633322617518993e-01
1.068623507629668096e-01
4.600978993589889543e-03
9.447524195381615571e-17
0.000000000000000000e+00
2.562386221919425028e-02
1.594465822015093681e-01
4.389657280888654700e-01
7.695867596389992515e-01
9.455351568129474193e-01
1.000000000000000000e+00
1.000000000000000000e+00
9.455351568129474193e-01
7.695867596389993626e-01
4.389657280888654700e-01
1.594465822015095346e-01
2.562386221919415660e-02
0.000000000000000000e+00
9.447524195381615571e-17
4.600978993589795001e-03
1.068623507629669067e-01
3.586633322617518993e-01
7.101214374494340120e-01
9.225022399661749750e-01
9.999999999999997780e-01
9.999999999999997780e-01
1.000000000000000000e+00
1.000000000000000000e+00
9.999999999999997780e-01
9.999999999999997780e-01
1.000000000000000000e+00
9.999999999999997780e-01
9.999999999999997780e-01
9.999999999999997780e-01
1.000000000000000000e+00
1.000000000000000000e+00
9.999999999999996669e-01
1.000000000000000000e+00
9.999999999999997780e-01
9.999999999999997780e-01
9.999999999999997780e-01
1.000000000000000000e+00
1.000000000000000000e+00
9.999999999999994449e-01
9.999999999999996669e-01
9.999999999999997780e-01
1.000000000000000000e+00
9.999999999999997780e-01
1.000000000000000000e+00
1.000000000000000000e+00
9.999999999999996669e-01
9.999999999999996669e-01
9.999999999999997780e-01
9.999999999999997780e-01
9.999999999999997780e-01
9.172114772635632240e-01
6.806291306590728230e-01
6.806291306590731560e-01
9.172114772635630020e-01
9.455351568129474193e-01
7.695867596389992515e-01
4.389657280888653035e-01
1.594465822015093681e-01
2.562386221919415660e-02
9.447524195381615571e-17
4.600978993589795001e-03
7.749776003382524703e-02
2.676180371486598375e-01
5.919167481844576084e-01
8.464072218092894007e-01
9.743761377808056734e-01
9.999999999999997780e-01
9.999999999999997780e-01
9.743761377808056734e-01
8.464072218092891786e-01
5.919167481844576084e-01
2.676180371486600595e-01
7.749776003382509437e-02
4.600978993589700458e-03
0.000000000000000000e+00
2.562386221919406293e-02
1.594465822015095346e-01
4.389657280888653035e-01
7.695867596389992515e-01
9.455351568129473083e-01
9.999999999999997780e-01
1.000000000000000000e+00
1.000000000000000000e+00
1.000000000000000000e+00
1.000000000000000000e+00
9.999999999999997780e-01
1.000000000000000000e+00
9.999999999999996669e-01
1.000000000000000000e+00
9.999999999999996669e-01
9.999999999999997780e-01
1.000000000000000000e+00
1.000000000000000000e+00
1.000000000000000000e+00
1.000000000000000000e+00
1.000000000000000000e+00
9.999999999999997780e-01
9.999999999999997780e-01
9.999999999999997780e-01
9.999999999999997780e-01
1.000000000000000000e+00
9.999999999999997780e-01
1.000000000000000000e+00
1.000000000000000000e+00
9.999999999999997780e-01
1.000000000000000000e+00
9.999999999999997780e-01
9.999999999999996669e-01
9.999999999999997780e-01
9.999999999999997780e-01
1.000000000000000000e+00
9.172114772635630020e-01
6.806291306590730450e-01
6.806291306590732670e-01
9.172114772635630020e-01
9.743761377808060065e-01
8.405534177984904654e-01
5.610342719111346410e-01
2.304132403610005819e-01
5.446484318705244881e-02
9.447524195381615571e-17
2.562386221919406293e-02
1.535927781907106549e-01
4.080832518155421695e-01
7.323819628513400515e-01
9.225022399661747530e-01
9.953990210064099786e-01
1.000000000000000000e+00
1.000000000000000000e+00
9.953990210064099786e-01
9.225022399661747530e-01
7.323819628513400515e-01
4.080832518155422806e-01
1.535927781907105161e-01
2.562386221919396925e-02
0.000000000000000000e+00
5.446484318705235861e-02
2.304132403610006652e-01
5.610342719111343079e-01
8.405534177984904654e-01
9.743761377808056734e-01
9.999999999999997780e-01
1.000000000000000000e+00
9.999999999999997780e-01
1.000000000000000000e+00
1.000000000000000000e+00
1.000000000000000000e+00
9.999999999999997780e-01
1.000000000000000000e+00
9.999999999999997780e-01
9.999999999999997780e-01
1.000000000000000000e+00
1.000000000000000000e+00
1.000000000000000000e+00
1.000000000000000000e+00
1.000000000000000000e+00
1.000000000000000000e+00
9.999999999999997780e-01
1.000000000000000000e+00
1.000000000000000000e+00
1.000000000000000000e+00
1.000000000000000000e+00
1.000000000000000000e+00
1.000000000000000000e+00
9.999999999999997780e-01
1.000000000000000000e+00
1.000000000000000000e+00
9.999999999999997780e-01
9.999999999999997780e-01
9.999999999999996669e-01
9.999999999999997780e-01
9.999999999999997780e-01
9.172114772635630020e-01
6.806291306590728230e-01
6.806291306590730450e-01
9.172114772635630020e-01
9.907538065777833358e-01
8.682362693773880702e-01
6.014144932541858335e-01
2.609141887415517003e-01
7.224999660067439600e-02
9.447524195381615571e-17
4.941049584574743608e-02
2.027340736516975717e-01
5.203758568784380145e-01
8.140262980517815050e-01
9.695340783491743775e-01
9.999999999999997780e-01
9.999999999999997780e-01
9.999999999999997780e-01
1.000000000000000000e+00
9.695340783491745995e-01
8.140262980517812830e-01
5.203758568784382366e-01
2.027340736516974606e-01
4.941049584574733894e-02
0.000000000000000000e+00
7.224999660067429885e-02
2.609141887415517558e-01
6.014144932541858335e-01
8.682362693773880702e-01
9.907538065777833358e-01
9.999999999999997780e-01
9.999999999999997780e-01
9.999999999999997780e-01
1.000000000000000000e+00
1.000000000000000000e+00
1.000000000000000000e+00
1.000000000000000000e+00
9.999999999999997780e-01
1.000000000000000000e+00
1.000000000000000000e+00
9.999999999999996669e-01
9.999999999999997780e-01
1.000000000000000000e+00
1.000000000000000000e+00
1.000000000000000000e+00
1.000000000000000000e+00
9.999999999999996669e-01
9.999999999999997780e-01
1.000000000000000000e+00
9.999999999999997780e-01
1.000000000000000000e+00
9.999999999999997780e-01
1.000000000000000000e+00
9.999999999999997780e-01
9.999999999999997780e-01
1.000000000000000000e+00
1.000000000000000000e+00
1.000000000000000000e+00
9.999999999999997780e-01
9.999999999999997780e-01
9.999999999999997780e-01
9.172114772635630020e-01
6.806291306590731560e-01
6.806291306590732670e-01
9.172114772635630020e-01
9.743761377808060065e-01
8.405534177984904654e-01
5.610342719111345300e-01
2.304132403610005819e-01
5.446484318705244881e-02
9.447524195381615571e-17
4.941049584574743608e-02
2.027340736516975717e-01
5.203758568784380145e-01
8.140262980517811719e-01
9.695340783491745995e-01
9.999999999999997780e-01
1.000000000000000000e+00
1.000000000000000000e+00
9.999999999999997780e-01
9.695340783491745995e-01
8.140262980517811719e-01
5.203758568784382366e-01
2.027340736516974606e-01
4.941049584574733894e-02
0.000000000000000000e+00
5.446484318705235861e-02
2.304132403610006374e-01
5.610342719111343079e-01
8.405534177984904654e-01
9.743761377808060065e-01
9.999999999999996669e-01
1.000000000000000000e+00
1.000000000000000000e+00
1.000000000000000000e+00
1.000000000000000000e+00
1.000000000000000000e+00
1.000000000000000000e+00
9.999999999999997780e-01
9.999999999999997780e-01
1.000000000000000000e+00
1.000000000000000000e+00
1.000000000000000000e+00
1.000000000000000000e+00
1.000000000000000000e+00
9.999999999999997780e-01
1.000000000000000000e+00
9.999999999999997780e-01
1.000000000000000000e+00
9.999999999999997780e-01
9.999999999999997780e-01
9.999999999999997780e-01
1.000000000000000000e+00
1.000000000000000000e+00
9.999999999999997780e-01
1.000000000000000000e+00
1.000000000000000000e+00
1.000000000000000000e+00
1.000000000000000000e+00
1.000000000000000000e+00
1.000000000000000000e+00
1.000000000000000000e+00
9.172114772635630020e-01
6.806291306590730450e-01
6.806291306590731560e-01
9.172114772635630020e-01
9.455351568129476414e-01
7.695867596389992515e-01
4.389657280888654145e-01
1.594465822015094791e-01
2.562386221919406293e-02
9.447524195381615571e-17
2.562386221919406293e-02
1.535927781907106549e-01
4.011779042873548917e-01
7.032888012790882160e-01
8.910669980491888742e-01
9.743761377808056734e-01
9.953990210064099786e-01
9.953990210064099786e-01
9.743761377808058954e-01
8.910669980491892073e-01
7.032888012790882160e-01
4.011779042873551693e-01
1.535927781907105161e-01
2.562386221919396925e-02
9.447524195381615571e-17
2.562386221919406293e-02
1.594465822015095346e-01
4.389657280888653035e-01
7.695867596389993626e-01
9.455351568129476414e-01
9.999999999999997780e-01
1.000000000000000000e+00
9.999999999999997780e-01
1.000000000000000000e+00
1.000000000000000000e+00
1.000000000000000000e+00
1.000000000000000000e+00
1.000000000000000000e+00
1.000000000000000000e+00
9.999999999999997780e-01
1.000000000000000000e+00
1.000000000000000000e+00
1.000000000000000000e+00
1.000000000000000000e+00
1.000000000000000000e+00
1.000000000000000000e+00
1.000000000000000000e+00
1.000000000000000000e+00
1.000000000000000000e+00
1.000000000000000000e+00
1.000000000000000000e+00
1.000000000000000000e+00
1.000000000000000000e+00
1.000000000000000000e+00
1.000000000000000000e+00
1.000000000000000000e+00
1.000000000000000000e+00
1.000000000000000000e+00
9.999999999999997780e-01
9.999999999999997780e-01
9.999999999999997780e-01
9.172114772635630020e-01
6.806291306590731560e-01
6.806291306590731560e-01
9.118779080271756099e-01
8.986173198166826914e-01
6.714189403359626107e-01
3.285810596640373338e-01
1.013826801833172531e-01
4.600978993589889543e-03
9.447524195381615571e-17
4.600978993589795001e-03
7.749776003382524703e-02
2.327805001306400834e-01
4.895106931800964900e-01
7.032888012790881049e-01
8.405534177984902433e-01
8.931376492370330933e-01
8.931376492370330933e-01
8.405534177984904654e-01
7.032888012790881049e-01
4.895106931800964900e-01
2.327805001306401944e-01
7.749776003382514988e-02
4.600978993589700458e-03
9.447524195381615571e-17
4.600978993589889543e-03
1.013826801833173502e-01
3.285810596640373338e-01
6.714189403359623887e-01
8.986173198166825804e-01
9.953990210064099786e-01
9.999999999999997780e-01
1.000000000000000000e+00
1.000000000000000000e+00
1.000000000000000000e+00
9.999999999999997780e-01
1.000000000000000000e+00
1.000000000000000000e+00
1.000000000000000000e+00
1.000000000000000000e+00
9.999999999999997780e-01
1.000000000000000000e+00
1.000000000000000000e+00
1.000000000000000000e+00
9.999999999999997780e-01
1.000000000000000000e+00
1.000000000000000000e+00
1.000000000000000000e+00
1.000000000000000000e+00
9.999999999999996669e-01
9.999999999999997780e-01
1.000000000000000000e+00
1.000000000000000000e+00
1.000000000000000000e+00
9.999999999999997780e-01
1.000000000000000000e+00
1.000000000000000000e+00
1.000000000000000000e+00
1.000000000000000000e+00
9.999999999999997780e-01
1.000000000000000000e+00
9.172114772635630020e-01
6.806291306590728230e-01
6.739394784350239975e-01
8.625324171122313865e-01
8.056801493188049390e-01
5.299893414382792489e-01
2.241383668261285600e-01
5.446484318705244881e-02
9.447524195381615571e-17
9.447524195381615571e-17
0.000000000000000000e+00
2.562386221919425028e-02
9.573756706824254614e-02
2.327805001306403887e-01
4.011779042873551138e-01
5.610342719111343079e-01
6.413366677382478231e-01
6.413366677382479342e-01
5.610342719111343079e-01
4.011779042873551138e-01
2.327805001306401944e-01
9.573756706824269880e-02
2.562386221919415660e-02
0.000000000000000000e+00
9.447524195381615571e-17
9.447524195381615571e-17
5.446484318705254596e-02
2.241383668261283657e-01
5.299893414382793599e-01
8.056801493188049390e-01
9.524781382805631580e-01
9.953990210064099786e-01
1.000000000000000000e+00
1.000000000000000000e+00
1.000000000000000000e+00
9.999999999999997780e-01
1.000000000000000000e+00
1.000000000000000000e+00
1.000000000000000000e+00
1.000000000000000000e+00
1.000000000000000000e+00
1.000000000000000000e+00
9.999999999999997780e-01
1.000000000000000000e+00
1.000000000000000000e+00
1.000000000000000000e+00
1.000000000000000000e+00
1.000000000000000000e+00
1.000000000000000000e+00
1.000000000000000000e+00
1.000000000000000000e+00
1.000000000000000000e+00
1.000000000000000000e+00
1.000000000000000000e+00
1.000000000000000000e+00
1.000000000000000000e+00
1.000000000000000000e+00
1.000000000000000000e+00
1.000000000000000000e+00
9.999999999999997780e-01
9.999999999999997780e-01
9.172114772635630020e-01
6.806291306590728230e-01
6.438916184515874885e-01
7.719493903963496884e-01
6.551580471287992147e-01
3.448419528712005078e-01
1.280077148055212555e-01
2.562386221919415660e-02
9.447524195381615571e-17
9.447524195381615571e-17
0.000000000000000000e+00
4.600978993589889543e-03
2.562386221919406293e-02
7.749776003382514988e-02
1.535927781907105161e-01
2.304132403610005264e-01
2.898785625505659880e-01
2.898785625505658770e-01
2.304132403610005819e-01
1.535927781907105161e-01
7.749776003382509437e-02
2.562386221919415660e-02
4.600978993589889543e-03
0.000000000000000000e+00
9.447524195381615571e-17
9.447524195381615571e-17
2.562386221919425028e-02
1.280077148055212000e-01
3.448419528712006188e-01
6.551580471287992147e-01
8.719922851944784670e-01
9.743761377808060065e-01
1.000000000000000000e+00
1.000000000000000000e+00
1.000000000000000000e+00
1.000000000000000000e+00
1.000000000000000000e+00
1.000000000000000000e+00
1.000000000000000000e+00
9.999999999999996669e-01
1.000000000000000000e+00
1.000000000000000000e+00
1.000000000000000000e+00
1.000000000000000000e+00
1.000000000000000000e+00
1.000000000000000000e+00
1.000000000000000000e+00
9.999999999999997780e-01
1.000000000000000000e+00
1.000000000000000000e+00
1.000000000000000000e+00
9.999999999999997780e-01
9.999999999999997780e-01
1.000000000000000000e+00
1.000000000000000000e+00
1.000000000000000000e+00
1.000000000000000000e+00
9.999999999999997780e-01
1.000000000000000000e+00
9.999999999999997780e-01
1.000000000000000000e+00
9.172114772635630020e-01
6.806291306590731560e-01
5.732086394959361453e-01
6.274381736138681109e-01
4.389657280888654145e-01
1.882470838041535866e-01
4.752186171943646037e-02
4.600978993589889543e-03
9.447524195381615571e-17
9.447524195381615571e-17
0.000000000000000000e+00
9.447524195381615571e-17
0.000000000000000000e+00
4.600978993589889543e-03
2.562386221919406293e-02
5.446484318705235861e-02
7.749776003382514988e-02
7.749776003382514988e-02
5.446484318705235861e-02
2.562386221919406293e-02
4.600978993589889543e-03
0.000000000000000000e+00
9.447524195381615571e-17
0.000000000000000000e+00
0.000000000000000000e+00
9.447524195381615571e-17
4.600978993589889543e-03
4.752186171943646037e-02
1.882470838041535310e-01
4.389657280888654700e-01
7.388390368592998581e-01
9.225022399661747530e-01
9.953990210064099786e-01
1.000000000000000000e+00
1.000000000000000000e+00
1.000000000000000000e+00
1.000000000000000000e+00
9.999999999999997780e-01
9.999999999999997780e-01
9.999999999999997780e-01
9.999999999999997780e-01
1.000000000000000000e+00
9.999999999999997780e-01
1.000000000000000000e+00
9.999999999999997780e-01
1.000000000000000000e+00
1.000000000000000000e+00
1.000000000000000000e+00
1.000000000000000000e+00
1.000000000000000000e+00
1.000000000000000000e+00
1.000000000000000000e+00
1.000000000000000000e+00
9.999999999999997780e-01
9.999999999999996669e-01
1.000000000000000000e+00
1.000000000000000000e+00
9.999999999999997780e-01
1.000000000000000000e+00
9.999999999999997780e-01
1.000000000000000000e+00
9.172114772635630020e-01
6.806291306590731560e-01
4.369728263510124222e-01
4.441985103162123250e-01
2.611609631406999754e-01
7.749776003382509437e-02
4.600978993589889543e-03
9.447524195381615571e-17
9.447524195381615571e-17
9.447524195381615571e-17
0.000000000000000000e+00
9.447524195381615571e-17
0.000000000000000000e+00
0.000000000000000000e+00
0.000000000000000000e+00
0.000000000000000000e+00
9.447524195381615571e-17
9.447524195381615571e-17
9.447524195381615571e-17
9.447524195381615571e-17
1.889504839076323114e-16
0.000000000000000000e+00
9.447524195381615571e-17
0.000000000000000000e+00
0.000000000000000000e+00
9.447524195381615571e-17
9.447524195381615571e-17
4.600978993589795001e-03
7.749776003382514988e-02
2.611609631406998644e-01
5.610342719111341969e-01
8.117529161958464412e-01
9.524781382805634911e-01
9.953990210064099786e-01
1.000000000000000000e+00
9.999999999999997780e-01
1.000000000000000000e+00
9.999999999999997780e-01
1.000000000000000000e+00
9.999999999999997780e-01
9.999999999999997780e-01
1.000000000000000000e+00
9.999999999999997780e-01
1.000000000000000000e+00
1.000000000000000000e+00
1.000000000000000000e+00
1.000000000000000000e+00
1.000000000000000000e+00
1.000000000000000000e+00
1.000000000000000000e+00
1.000000000000000000e+00
1.000000000000000000e+00
1.000000000000000000e+00
9.999999999999997780e-01
1.000000000000000000e+00
1.000000000000000000e+00
1.000000000000000000e+00
9.999999999999997780e-01
1.000000000000000000e+00
9.999999999999997780e-01
1.000000000000000000e+00
9.172114772635630020e-01
6.806291306590731560e-01
2.724916947434716241e-01
2.351523572151563157e-01
1.280077148055212555e-01
2.562386221919406293e-02
0.000000000000000000e+00
9.447524195381615571e-17
9.447524195381615571e-17
0.000000000000000000e+00
0.000000000000000000e+00
9.447524195381615571e-17
0.000000000000000000e+00
0.000000000000000000e+00
0.000000000000000000e+00
0.000000000000000000e+00
9.447524195381615571e-17
0.000000000000000000e+00
0.000000000000000000e+00
9.447524195381615571e-17
9.447524195381615571e-17
0.000000000000000000e+00
9.447524195381615571e-17
0.000000000000000000e+00
0.000000000000000000e+00
9.447524195381615571e-17
9.447524195381615571e-17
0.000000000000000000e+00
2.562386221919415660e-02
1.280077148055212555e-01
3.380914878862162354e-01
6.180164058714735509e-01
8.056801493188049390e-01
8.931376492370330933e-01
9.172114772635630020e-01
9.172114772635630020e-01
9.172114772635632240e-01
9.172114772635630020e-01
9.172114772635630020e-01
9.172114772635630020e-01
9.172114772635630020e-01
9.172114772635630020e-01
9.172114772635630020e-01
9.172114772635634461e-01
9.172114772635632240e-01
9.172114772635632240e-01
9.172114772635630020e-01
9.172114772635632240e-01
9.172114772635630020e-01
9.172114772635630020e-01
9.172114772635632240e-01
9.172114772635632240e-01
9.172114772635630020e-01
9.172114772635630020e-01
9.172114772635630020e-01
9.172114772635632240e-01
9.172114772635630020e-01
9.172114772635630020e-01
9.172114772635632240e-01
9.172114772635630020e-01
9.172114772635630020e-01
8.285023881579463012e-01
6.040049826548012923e-01
1.110095408131476086e-01
9.777605091636659695e-02
4.752186171943646037e-02
4.600978993589700458e-03
0.000000000000000000e+00
9.447524195381615571e-17
0.000000000000000000e+00
0.000000000000000000e+00
0.000000000000000000e+00
9.447524195381615571e-17
0.000000000000000000e+00
0.000000000000000000e+00
0.000000000000000000e+00
0.000000000000000000e+00
9.447524195381615571e-17
0.000000000000000000e+00
0.000000000000000000e+00
0.000000000000000000e+00
9.447524195381615571e-17
0.000000000000000000e+00
0.000000000000000000e+00
0.000000000000000000e+00
0.000000000000000000e+00
0.000000000000000000e+00
9.447524195381615571e-17
0.000000000000000000e+00
4.600978993589795001e-03
4.752186171943646037e-02
1.616570688389807331e-01
3.380914878862163464e-01
5.299893414382792489e-01
6.413366677382479342e-01
6.806291306590731560e-01
6.806291306590731560e-01
6.806291306590732670e-01
6.806291306590730450e-01
6.806291306590730450e-01
6.806291306590730450e-01
6.806291306590731560e-01
6.806291306590732670e-01
6.806291306590730450e-01
6.806291306590731560e-01
6.806291306590731560e-01
6.806291306590731560e-01
6.806291306590732670e-01
6.806291306590733781e-01
6.806291306590733781e-01
6.806291306590728230e-01
6.806291306590731560e-01
6.806291306590730450e-01
6.806291306590731560e-01
6.806291306590731560e-01
6.806291306590732670e-01
6.806291306590731560e-01
6.806291306590731560e-01
6.806291306590731560e-01
6.806291306590731560e-01
6.806291306590732670e-01
6.806291306590731560e-01
6.040049826548012923e-01
4.274120114933336878e-01
