4.305457449660093916e-01
5.996044313843462703e-01
6.736056461939535778e-01
6.736056461939533557e-01
6.736056461939533557e-01
6.736056461939533557e-01
6.736056461939533557e-01
6.736056461939533557e-01
6.736056461939534667e-01
6.736056461939534667e-01
6.736056461939532447e-01
6.736056461939535778e-01
6.736056461939533557e-01
6.736056461939533557e-01
6.736056461939534667e-01
6.736056461939533557e-01
6.736056461939533557e-01
6.736056461939533557e-01
6.736056461939534667e-01
6.736056461939533557e-01
6.736056461939534667e-01
6.736056461939533557e-01
6.736056461939533557e-01
6.736056461939533557e-01
6.736056461939532447e-01
6.736056461939534667e-01
6.736056461939533557e-01
6.736056461939533557e-01
6.736056461939533557e-01
6.736056461939535778e-01
6.736056461939535778e-01
6.355587770845682050e-01
5.583847633953326062e-01
4.416152366046674493e-01
3.353345532816888741e-01
2.391465100791388132e-01
1.620370731488924021e-01
8.335833830883448980e-02
2.798924046564067736e-02
5.060122901649774171e-03
5.600515256458729099e-17
0.000000000000000000e+00
5.600515256458729099e-17
0.000000000000000000e+00
0.000000000000000000e+00
0.000000000000000000e+00
0.000000000000000000e+00
0.000000000000000000e+00
0.000000000000000000e+00
5.600515256458729099e-17
0.000000000000000000e+00
5.060122901649774171e-03
2.798924046564062185e-02
8.335833830883425388e-02
1.620370731488923466e-01
2.391465100791387022e-01
3.353345532816888741e-01
4.416152366046674493e-01
5.583847633953324952e-01
5.608891429970100928e-01
4.305457449660091140e-01
5.996044313843461593e-01
8.198093142186755333e-01
9.110810720573384591e-01
9.110810720573384591e-01
9.110810720573382371e-01
9.110810720573384591e-01
9.110810720573383481e-01
9.110810720573382371e-01
9.110810720573384591e-01
9.110810720573382371e-01
9.110810720573382371e-01
9.110810720573384591e-01
9.110810720573382371e-01
9.110810720573383481e-01
9.110810720573382371e-01
9.110810720573382371e-01
9.110810720573383481e-01
9.110810720573384591e-01
9.110810720573383481e-01
9.110810720573382371e-01
9.110810720573382371e-01
9.110810720573384591e-01
9.110810720573382371e-01
9.110810720573383481e-01
9.110810720573382371e-01
9.110810720573382371e-01
9.110810720573383481e-01
9.110810720573383481e-01
9.110810720573384591e-01
9.110810720573384591e-01
9.110810720573384591e-01
8.859604984531286309e-01
8.320143920446132491e-01
7.608534899208611035e-01
6.646654467183111814e-01
5.583847633953326062e-01
4.053753104594616796e-01
2.414931752603089454e-01
1.024669799037009471e-01
2.798924046564050735e-02
5.600515256458729099e-17
0.000000000000000000e+00
5.600515256458729099e-17
0.000000000000000000e+00
0.000000000000000000e+00
0.000000000000000000e+00
0.000000000000000000e+00
0.000000000000000000e+00
0.000000000000000000e+00
5.600515256458729099e-17
0.000000000000000000e+00
2.798924046564062185e-02
1.024669799037007251e-01
2.414931752603088344e-01
4.053753104594616796e-01
5.583847633953324952e-01
6.646654467183114035e-01
7.608534899208611035e-01
8.320143920446131380e-01
7.927876347640181454e-01
5.996044313843460483e-01
6.736056461939533557e-01
9.110810720573382371e-01
1.000000000000000000e+00
9.999999999999998890e-01
9.999999999999997780e-01
1.000000000000000000e+00
1.000000000000000000e+00
9.999999999999996669e-01
9.999999999999997780e-01
1.000000000000000000e+00
9.999999999999997780e-01
1.000000000000000000e+00
9.999999999999998890e-01
9.999999999999998890e-01
1.000000000000000000e+00
1.000000000000000000e+00
9.999999999999998890e-01
9.999999999999997780e-01
1.000000000000000000e+00
1.000000000000000000e+00
9.999999999999997780e-01
9.999999999999997780e-01
9.999999999999997780e-01
1.000000000000000000e+00
1.000000000000000000e+00
9.999999999999997780e-01
1.000000000000000000e+00
9.999999999999998890e-01
9.999999999999998890e-01
1.000000000000000000e+00
1.000000000000000000e+00
9.949398770983503004e-01
9.720107595343595586e-01
9.410286925432073124e-01
8.916531783683367962e-01
8.260398565068677312e-01
6.603517690236698767e-01
4.213965426758251587e-01
1.784687654182142702e-01
5.357893372644396274e-02
0.000000000000000000e+00
0.000000000000000000e+00
5.600515256458729099e-17
0.000000000000000000e+00
0.000000000000000000e+00
0.000000000000000000e+00
0.000000000000000000e+00
0.000000000000000000e+00
0.000000000000000000e+00
5.600515256458729099e-17
5.600515256458729099e-17
5.357893372644396274e-02
1.784687654182141037e-01
4.213965426758251587e-01
6.603517690236698767e-01
8.260398565068675092e-01
8.916531783683365742e-01
9.410286925432073124e-01
9.720107595343593365e-01
9.054903736502809553e-01
6.736056461939533557e-01
6.736056461939535778e-01
9.110810720573384591e-01
1.000000000000000000e+00
1.000000000000000000e+00
9.999999999999996669e-01
1.000000000000000000e+00
9.999999999999997780e-01
9.999999999999997780e-01
9.999999999999998890e-01
1.000000000000000000e+00
9.999999999999998890e-01
9.999999999999997780e-01
1.000000000000000000e+00
9.999999999999997780e-01
1.000000000000000000e+00
1.000000000000000000e+00
1.000000000000000000e+00
1.000000000000000000e+00
9.999999999999996669e-01
9.999999999999998890e-01
1.000000000000000000e+00
1.000000000000000000e+00
9.999999999999997780e-01
9.999999999999998890e-01
9.999999999999998890e-01
9.999999999999996669e-01
1.000000000000000000e+00
9.999999999999996669e-01
1.000000000000000000e+00
1.000000000000000000e+00
1.000000000000000000e+00
1.000000000000000000e+00
1.000000000000000000e+00
9.999999999999998890e-01
9.898467477960883887e-01
9.187240791023715270e-01
7.328701829662555012e-01
4.599685445563272967e-01
1.993553117376747896e-01
5.357893372644396274e-02
0.000000000000000000e+00
0.000000000000000000e+00
5.600515256458729099e-17
0.000000000000000000e+00
0.000000000000000000e+00
0.000000000000000000e+00
0.000000000000000000e+00
0.000000000000000000e+00
0.000000000000000000e+00
5.600515256458729099e-17
0.000000000000000000e+00
5.357893372644396274e-02
1.993553117376745676e-01
4.599685445563271302e-01
7.328701829662555012e-01
9.187240791023714159e-01
9.898467477960883887e-01
9.999999999999998890e-01
1.000000000000000000e+00
9.110810720573384591e-01
6.736056461939533557e-01
6.736056461939535778e-01
9.110810720573384591e-01
9.999999999999997780e-01
9.999999999999997780e-01
9.999999999999997780e-01
1.000000000000000000e+00
9.999999999999997780e-01
9.999999999999997780e-01
9.999999999999996669e-01
1.000000000000000000e+00
9.999999999999997780e-01
1.000000000000000000e+00
1.000000000000000000e+00
9.999999999999998890e-01
9.999999999999997780e-01
9.999999999999998890e-01
1.000000000000000000e+00
1.000000000000000000e+00
1.000000000000000000e+00
1.000000000000000000e+00
9.999999999999997780e-01
9.999999999999998890e-01
9.999999999999998890e-01
1.000000000000000000e+00
9.999999999999997780e-01
9.999999999999997780e-01
9.999999999999997780e-01
9.999999999999997780e-01
9.999999999999997780e-01
1.000000000000000000e+00
9.999999999999998890e-01
9.999999999999996669e-01
1.000000000000000000e+00
9.949398770983503004e-01
9.484399431783865353e-01
8.297715650801199549e-01
6.196768438722451977e-01
3.445514267737675995e-01
1.358756608542902866e-01
2.798924046564050735e-02
0.000000000000000000e+00
0.000000000000000000e+00
5.600515256458729099e-17
0.000000000000000000e+00
0.000000000000000000e+00
0.000000000000000000e+00
0.000000000000000000e+00
0.000000000000000000e+00
0.000000000000000000e+00
5.600515256458729099e-17
0.000000000000000000e+00
2.798924046564062185e-02
1.358756608542902311e-01
3.445514267737674885e-01
6.196768438722449757e-01
8.297715650801199549e-01
9.484399431783867573e-01
9.949398770983503004e-01
9.999999999999998890e-01
9.110810720573384591e-01
6.736056461939532447e-01
6.736056461939534667e-01
9.110810720573383481e-01
9.999999999999998890e-01
9.999999999999997780e-01
9.999999999999996669e-01
1.000000000000000000e+00
1.000000000000000000e+00
1.000000000000000000e+00
1.000000000000000000e+00
9.999999999999997780e-01
9.999999999999997780e-01
1.000000000000000000e+00
1.000000000000000000e+00
9.999999999999998890e-01
9.999999999999998890e-01
9.999999999999998890e-01
9.999999999999998890e-01
1.000000000000000000e+00
1.000000000000000000e+00
9.999999999999998890e-01
9.999999999999998890e-01
9.999999999999998890e-01
1.000000000000000000e+00
1.000000000000000000e+00
9.999999999999998890e-01
9.999999999999996669e-01
9.999999999999997780e-01
9.999999999999997780e-01
9.999999999999997780e-01
1.000000000000000000e+00
1.000000000000000000e+00
1.000000000000000000e+00
1.000000000000000000e+00
9.772168158136215199e-01
8.897346025730887842e-01
6.932464966102764858e-01
4.097667195591754852e-01
1.762126522771552406e-01
5.156005682161322184e-02
5.060122901649662282e-03
0.000000000000000000e+00
0.000000000000000000e+00
0.000000000000000000e+00
0.000000000000000000e+00
0.000000000000000000e+00
0.000000000000000000e+00
0.000000000000000000e+00
0.000000000000000000e+00
0.000000000000000000e+00
5.600515256458729099e-17
0.000000000000000000e+00
5.060122901649774171e-03
5.156005682161316633e-02
1.762126522771550186e-01
4.097667195591754852e-01
6.932464966102763748e-01
8.897346025730891173e-01
9.772168158136215199e-01
9.999999999999997780e-01
9.110810720573382371e-01
6.736056461939533557e-01
6.736056461939533557e-01
9.110810720573383481e-01
1.000000000000000000e+00
9.999999999999997780e-01
9.999999999999997780e-01
1.000000000000000000e+00
1.000000000000000000e+00
9.999999999999997780e-01
9.999999999999998890e-01
9.999999999999998890e-01
1.000000000000000000e+00
1.000000000000000000e+00
1.000000000000000000e+00
1.000000000000000000e+00
9.999999999999997780e-01
9.999999999999996669e-01
1.000000000000000000e+00
1.000000000000000000e+00
1.000000000000000000e+00
1.000000000000000000e+00
9.999999999999996669e-01
9.999999999999997780e-01
9.999999999999997780e-01
1.000000000000000000e+00
9.999999999999996669e-01
9.999999999999996669e-01
9.999999999999998890e-01
9.999999999999996669e-01
9.999999999999997780e-01
1.000000000000000000e+00
1.000000000000000000e+00
1.000000000000000000e+00
1.000000000000000000e+00
9.700453947404602539e-01
8.558733395986980463e-01
6.240408147260163574e-01
3.554198014463201827e-01
1.397334754415677227e-01
3.322767696518002384e-02
5.060122901649662282e-03
0.000000000000000000e+00
0.000000000000000000e+00
0.000000000000000000e+00
0.000000000000000000e+00
0.000000000000000000e+00
0.000000000000000000e+00
0.000000000000000000e+00
0.000000000000000000e+00
0.000000000000000000e+00
5.600515256458729099e-17
0.000000000000000000e+00
5.060122901649774171e-03
3.322767696517996833e-02
1.397334754415675562e-01
3.554198014463199606e-01
6.240408147260163574e-01
8.558733395986983794e-01
9.700453947404601429e-01
9.999999999999997780e-01
9.110810720573384591e-01
6.736056461939533557e-01
6.736056461939534667e-01
9.110810720573384591e-01
1.000000000000000000e+00
9.999999999999998890e-01
1.000000000000000000e+00
9.999999999999998890e-01
1.000000000000000000e+00
1.000000000000000000e+00
1.000000000000000000e+00
9.999999999999998890e-01
9.999999999999997780e-01
1.000000000000000000e+00
9.999999999999997780e-01
9.999999999999997780e-01
9.999999999999996669e-01
9.999999999999996669e-01
9.999999999999996669e-01
1.000000000000000000e+00
1.000000000000000000e+00
1.000000000000000000e+00
9.999999999999996669e-01
1.000000000000000000e+00
1.000000000000000000e+00
1.000000000000000000e+00
9.999999999999997780e-01
1.000000000000000000e+00
9.999999999999998890e-01
9.999999999999996669e-01
9.999999999999996669e-01
1.000000000000000000e+00
9.999999999999998890e-01
1.000000000000000000e+00
1.000000000000000000e+00
9.772168158136212979e-01
8.897346025730891173e-01
7.217529057703484519e-01
4.780069659304552743e-01
2.758566583858206855e-01
1.358756608542902311e-01
5.156005682161305531e-02
5.060122901649662282e-03
0.000000000000000000e+00
0.000000000000000000e+00
0.000000000000000000e+00
0.000000000000000000e+00
0.000000000000000000e+00
0.000000000000000000e+00
0.000000000000000000e+00
0.000000000000000000e+00
5.600515256458729099e-17
5.060122901649550392e-03
5.156005682161316633e-02
1.358756608542902311e-01
2.758566583858206300e-01
4.780069659304553298e-01
7.217529057703482298e-01
8.897346025730891173e-01
9.772168158136212979e-01
1.000000000000000000e+00
9.110810720573382371e-01
6.736056461939533557e-01
6.736056461939534667e-01
9.110810720573386812e-01
1.000000000000000000e+00
1.000000000000000000e+00
9.999999999999996669e-01
1.000000000000000000e+00
1.000000000000000000e+00
9.999999999999996669e-01
9.999999999999996669e-01
9.999999999999997780e-01
9.999999999999996669e-01
9.999999999999997780e-01
9.999999999999998890e-01
1.000000000000000000e+00
9.999999999999997780e-01
9.999999999999996669e-01
1.000000000000000000e+00
1.000000000000000000e+00
9.999999999999996669e-01
9.999999999999997780e-01
9.999999999999997780e-01
9.999999999999996669e-01
9.999999999999996669e-01
1.000000000000000000e+00
9.999999999999998890e-01
9.999999999999996669e-01
1.000000000000000000e+00
9.999999999999997780e-01
1.000000000000000000e+00
1.000000000000000000e+00
1.000000000000000000e+00
1.000000000000000000e+00
1.000000000000000000e+00
9.949398770983505225e-01
9.484399431783867573e-01
8.641243391457097411e-01
7.304895483947118073e-01
5.583847633953322731e-01
3.445514267737677105e-01
1.702284349198801006e-01
5.156005682161316633e-02
5.060122901649550392e-03
0.000000000000000000e+00
0.000000000000000000e+00
0.000000000000000000e+00
0.000000000000000000e+00
0.000000000000000000e+00
0.000000000000000000e+00
0.000000000000000000e+00
5.060122901649662282e-03
5.156005682161305531e-02
1.702284349198801006e-01
3.445514267737674885e-01
5.583847633953321621e-01
7.304895483947120294e-01
8.641243391457096301e-01
9.484399431783867573e-01
9.949398770983505225e-01
9.999999999999997780e-01
9.110810720573382371e-01
6.736056461939535778e-01
6.736056461939534667e-01
9.110810720573386812e-01
1.000000000000000000e+00
9.999999999999998890e-01
9.999999999999997780e-01
1.000000000000000000e+00
9.999999999999997780e-01
1.000000000000000000e+00
1.000000000000000000e+00
9.999999999999998890e-01
1.000000000000000000e+00
1.000000000000000000e+00
9.999999999999997780e-01
1.000000000000000000e+00
1.000000000000000000e+00
1.000000000000000000e+00
9.999999999999998890e-01
9.999999999999998890e-01
9.999999999999998890e-01
9.999999999999996669e-01
9.999999999999997780e-01
1.000000000000000000e+00
9.999999999999998890e-01
9.999999999999996669e-01
1.000000000000000000e+00
9.999999999999997780e-01
9.999999999999998890e-01
9.999999999999998890e-01
9.999999999999997780e-01
1.000000000000000000e+00
1.000000000000000000e+00
9.999999999999997780e-01
1.000000000000000000e+00
1.000000000000000000e+00
9.949398770983503004e-01
9.720107595343596696e-01
9.166416616911654547e-01
8.029329790045933724e-01
6.196768438722455308e-01
3.737368722122143549e-01
1.702284349198800451e-01
5.156005682161305531e-02
5.060122901649662282e-03
0.000000000000000000e+00
0.000000000000000000e+00
0.000000000000000000e+00
0.000000000000000000e+00
0.000000000000000000e+00
5.060122901649494014e-03
5.156005682161316633e-02
1.702284349198800451e-01
3.737368722122144660e-01
6.196768438722455308e-01
8.029329790045931503e-01
9.166416616911654547e-01
9.720107595343595586e-01
9.949398770983503004e-01
9.999999999999998890e-01
1.000000000000000000e+00
9.110810720573385701e-01
6.736056461939530227e-01
6.736056461939534667e-01
9.110810720573385701e-01
1.000000000000000000e+00
1.000000000000000000e+00
9.999999999999998890e-01
9.999999999999998890e-01
1.000000000000000000e+00
9.999999999999998890e-01
1.000000000000000000e+00
9.999999999999996669e-01
9.999999999999996669e-01
9.999999999999996669e-01
1.000000000000000000e+00
1.000000000000000000e+00
9.999999999999998890e-01
9.999999999999998890e-01
9.999999999999998890e-01
1.000000000000000000e+00
9.999999999999997780e-01
9.999999999999998890e-01
9.999999999999996669e-01
1.000000000000000000e+00
1.000000000000000000e+00
1.000000000000000000e+00
9.999999999999997780e-01
9.999999999999998890e-01
1.000000000000000000e+00
9.999999999999994449e-01
1.000000000000000000e+00
1.000000000000000000e+00
1.000000000000000000e+00
1.000000000000000000e+00
1.000000000000000000e+00
9.999999999999997780e-01
1.000000000000000000e+00
1.000000000000000000e+00
9.949398770983503004e-01
9.484399431783867573e-01
8.297715650801199549e-01
6.262631277877854785e-01
3.737368722122144660e-01
1.702284349198799340e-01
5.156005682161305531e-02
5.060122901649550392e-03
0.000000000000000000e+00
0.000000000000000000e+00
0.000000000000000000e+00
5.060122901649662282e-03
5.156005682161288184e-02
1.702284349198800451e-01
3.737368722122143549e-01
6.262631277877854785e-01
8.297715650801197329e-01
9.484399431783867573e-01
9.949398770983503004e-01
1.000000000000000000e+00
1.000000000000000000e+00
9.999999999999997780e-01
1.000000000000000000e+00
9.110810720573384591e-01
6.736056461939533557e-01
6.736056461939535778e-01
9.110810720573384591e-01
1.000000000000000000e+00
1.000000000000000000e+00
9.999999999999997780e-01
1.000000000000000000e+00
1.000000000000000000e+00
9.999999999999998890e-01
1.000000000000000000e+00
1.000000000000000000e+00
9.999999999999996669e-01
1.000000000000000000e+00
1.000000000000000000e+00
9.999999999999998890e-01
9.999999999999998890e-01
1.000000000000000000e+00
1.000000000000000000e+00
1.000000000000000000e+00
1.000000000000000000e+00
9.999999999999996669e-01
9.999999999999997780e-01
1.000000000000000000e+00
1.000000000000000000e+00
1.000000000000000000e+00
1.000000000000000000e+00
9.999999999999997780e-01
1.000000000000000000e+00
9.999999999999997780e-01
9.999999999999997780e-01
1.000000000000000000e+00
1.000000000000000000e+00
9.999999999999998890e-01
1.000000000000000000e+00
1.000000000000000000e+00
1.000000000000000000e+00
1.000000000000000000e+00
9.999999999999997780e-01
9.949398770983505225e-01
9.484399431783867573e-01
8.297715650801200660e-01
6.196768438722454198e-01
3.445514267737675995e-01
1.358756608542902866e-01
2.798924046564050735e-02
0.000000000000000000e+00
0.000000000000000000e+00
0.000000000000000000e+00
2.798924046564050735e-02
1.358756608542901201e-01
3.445514267737675995e-01
6.196768438722455308e-01
8.297715650801200660e-01
9.484399431783867573e-01
9.949398770983505225e-01
9.999999999999997780e-01
1.000000000000000000e+00
1.000000000000000000e+00
1.000000000000000000e+00
1.000000000000000000e+00
9.110810720573384591e-01
6.736056461939530227e-01
6.736056461939534667e-01
9.110810720573382371e-01
1.000000000000000000e+00
1.000000000000000000e+00
1.000000000000000000e+00
1.000000000000000000e+00
9.999999999999997780e-01
1.000000000000000000e+00
9.999999999999997780e-01
1.000000000000000000e+00
1.000000000000000000e+00
1.000000000000000000e+00
9.999999999999998890e-01
1.000000000000000000e+00
9.999999999999997780e-01
9.999999999999996669e-01
1.000000000000000000e+00
1.000000000000000000e+00
1.000000000000000000e+00
9.999999999999998890e-01
1.000000000000000000e+00
1.000000000000000000e+00
1.000000000000000000e+00
1.000000000000000000e+00
1.000000000000000000e+00
1.000000000000000000e+00
1.000000000000000000e+00
9.999999999999997780e-01
1.000000000000000000e+00
1.000000000000000000e+00
1.000000000000000000e+00
1.000000000000000000e+00
1.000000000000000000e+00
1.000000000000000000e+00
1.000000000000000000e+00
1.000000000000000000e+00
1.000000000000000000e+00
1.000000000000000000e+00
9.949398770983503004e-01
9.484399431783867573e-01
8.029329790045931503e-01
5.583847633953322731e-01
2.695104516052880261e-01
8.335833830883430939e-02
5.060122901649550392e-03
0.000000000000000000e+00
5.060122901649550392e-03
8.335833830883430939e-02
2.695104516052878041e-01
5.583847633953322731e-01
8.029329790045933724e-01
9.484399431783867573e-01
9.949398770983503004e-01
1.000000000000000000e+00
9.999999999999997780e-01
9.999999999999997780e-01
1.000000000000000000e+00
1.000000000000000000e+00
9.999999999999996669e-01
9.110810720573383481e-01
6.736056461939535778e-01
6.736056461939533557e-01
9.110810720573384591e-01
1.000000000000000000e+00
1.000000000000000000e+00
1.000000000000000000e+00
9.999999999999997780e-01
1.000000000000000000e+00
1.000000000000000000e+00
1.000000000000000000e+00
1.000000000000000000e+00
9.999999999999997780e-01
9.999999999999998890e-01
1.000000000000000000e+00
1.000000000000000000e+00
1.000000000000000000e+00
1.000000000000000000e+00
9.999999999999997780e-01
1.000000000000000000e+00
1.000000000000000000e+00
1.000000000000000000e+00
9.999999999999998890e-01
1.000000000000000000e+00
9.999999999999997780e-01
1.000000000000000000e+00
1.000000000000000000e+00
1.000000000000000000e+00
1.000000000000000000e+00
1.000000000000000000e+00
1.000000000000000000e+00
1.000000000000000000e+00
1.000000000000000000e+00
9.999999999999997780e-01
1.000000000000000000e+00
9.999999999999998890e-01
9.999999999999998890e-01
1.000000000000000000e+00
1.000000000000000000e+00
9.999999999999998890e-01
1.000000000000000000e+00
9.949398770983503004e-01
9.166416616911654547e-01
7.241433416141791479e-01
4.120061549578563631e-01
1.620370731488924576e-01
2.798924046564045184e-02
0.000000000000000000e+00
2.798924046564045184e-02
1.620370731488924576e-01
4.120061549578561966e-01
7.241433416141789259e-01
9.166416616911654547e-01
9.949398770983503004e-01
9.999999999999998890e-01
9.999999999999996669e-01
9.999999999999997780e-01
9.999999999999997780e-01
1.000000000000000000e+00
9.999999999999997780e-01
1.000000000000000000e+00
9.110810720573384591e-01
6.736056461939530227e-01
6.736056461939535778e-01
9.110810720573384591e-01
9.999999999999997780e-01
1.000000000000000000e+00
9.999999999999997780e-01
9.999999999999997780e-01
9.999999999999997780e-01
9.999999999999996669e-01
9.999999999999997780e-01
1.000000000000000000e+00
9.999999999999996669e-01
1.000000000000000000e+00
9.999999999999996669e-01
9.999999999999996669e-01
9.999999999999997780e-01
9.999999999999997780e-01
9.999999999999997780e-01
9.999999999999997780e-01
1.000000000000000000e+00
9.999999999999998890e-01
9.999999999999997780e-01
9.999999999999997780e-01
9.999999999999997780e-01
9.999999999999998890e-01
1.000000000000000000e+00
9.999999999999997780e-01
1.000000000000000000e+00
9.999999999999997780e-01
9.999999999999997780e-01
1.000000000000000000e+00
1.000000000000000000e+00
1.000000000000000000e+00
1.000000000000000000e+00
1.000000000000000000e+00
1.000000000000000000e+00
1.000000000000000000e+00
1.000000000000000000e+00
1.000000000000000000e+00
1.000000000000000000e+00
9.999999999999998890e-01
9.667723230348199692e-01
8.052178492660492237e-01
5.194809349539634136e-01
2.115868003459119850e-01
5.357893372644385171e-02
0.000000000000000000e+00
5.357893372644374069e-02
2.115868003459119850e-01
5.194809349539634136e-01
8.052178492660492237e-01
9.667723230348198582e-01
9.999999999999997780e-01
1.000000000000000000e+00
9.999999999999997780e-01
9.999999999999998890e-01
9.999999999999997780e-01
1.000000000000000000e+00
1.000000000000000000e+00
1.000000000000000000e+00
9.110810720573384591e-01
6.736056461939533557e-01
6.736056461939530227e-01
9.110810720573383481e-01
9.999999999999997780e-01
1.000000000000000000e+00
9.999999999999997780e-01
9.999999999999997780e-01
9.999999999999997780e-01
1.000000000000000000e+00
9.999999999999996669e-01
9.999999999999998890e-01
9.999999999999996669e-01
1.000000000000000000e+00
1.000000000000000000e+00
1.000000000000000000e+00
1.000000000000000000e+00
1.000000000000000000e+00
9.999999999999997780e-01
9.999999999999998890e-01
9.999999999999997780e-01
1.000000000000000000e+00
9.999999999999998890e-01
9.999999999999997780e-01
1.000000000000000000e+00
9.999999999999998890e-01
1.000000000000000000e+00
9.999999999999998890e-01
1.000000000000000000e+00
9.999999999999996669e-01
1.000000000000000000e+00
1.000000000000000000e+00
1.000000000000000000e+00
1.000000000000000000e+00
1.000000000000000000e+00
1.000000000000000000e+00
1.000000000000000000e+00
1.000000000000000000e+00
1.000000000000000000e+00
9.999999999999998890e-01
1.000000000000000000e+00
1.000000000000000000e+00
9.667723230348199692e-01
8.052178492660492237e-01
5.194809349539635246e-01
2.115868003459119850e-01
5.357893372644385171e-02
0.000000000000000000e+00
5.357893372644374069e-02
2.115868003459119850e-01
5.194809349539634136e-01
8.052178492660492237e-01
9.667723230348199692e-01
9.999999999999997780e-01
1.000000000000000000e+00
9.999999999999997780e-01
1.000000000000000000e+00
9.999999999999997780e-01
1.000000000000000000e+00
1.000000000000000000e+00
1.000000000000000000e+00
9.110810720573384591e-01
6.736056461939533557e-01
6.736056461939530227e-01
9.110810720573382371e-01
1.000000000000000000e+00
1.000000000000000000e+00
9.999999999999997780e-01
9.999999999999998890e-01
9.999999999999997780e-01
9.999999999999998890e-01
9.999999999999997780e-01
9.999999999999998890e-01
9.999999999999992228e-01
9.999999999999997780e-01
1.000000000000000000e+00
1.000000000000000000e+00
9.999999999999997780e-01
1.000000000000000000e+00
1.000000000000000000e+00
1.000000000000000000e+00
9.999999999999998890e-01
9.999999999999998890e-01
9.999999999999997780e-01
9.999999999999997780e-01
9.999999999999998890e-01
1.000000000000000000e+00
1.000000000000000000e+00
9.999999999999997780e-01
9.999999999999997780e-01
9.999999999999997780e-01
9.999999999999997780e-01
1.000000000000000000e+00
1.000000000000000000e+00
9.999999999999997780e-01
1.000000000000000000e+00
1.000000000000000000e+00
9.999999999999997780e-01
9.999999999999998890e-01
9.999999999999998890e-01
9.999999999999997780e-01
1.000000000000000000e+00
9.949398770983500784e-01
9.166416616911654547e-01
7.241433416141789259e-01
4.120061549578564741e-01
1.620370731488924576e-01
2.798924046564050735e-02
0.000000000000000000e+00
2.798924046564045184e-02
1.620370731488924576e-01
4.120061549578562521e-01
7.241433416141787038e-01
9.166416616911654547e-01
9.949398770983503004e-01
1.000000000000000000e+00
9.999999999999996669e-01
9.999999999999996669e-01
9.999999999999997780e-01
9.999999999999998890e-01
9.999999999999998890e-01
9.999999999999996669e-01
9.110810720573382371e-01
6.736056461939530227e-01
6.736056461939535778e-01
9.110810720573384591e-01
9.999999999999997780e-01
1.000000000000000000e+00
9.999999999999996669e-01
1.000000000000000000e+00
9.999999999999997780e-01
1.000000000000000000e+00
1.000000000000000000e+00
9.999999999999997780e-01
9.999999999999997780e-01
1.000000000000000000e+00
1.000000000000000000e+00
1.000000000000000000e+00
9.999999999999997780e-01
1.000000000000000000e+00
1.000000000000000000e+00
9.999999999999998890e-01
9.999999999999998890e-01
1.000000000000000000e+00
9.999999999999996669e-01
1.000000000000000000e+00
1.000000000000000000e+00
1.000000000000000000e+00
1.000000000000000000e+00
1.000000000000000000e+00
1.000000000000000000e+00
9.999999999999997780e-01
1.000000000000000000e+00
1.000000000000000000e+00
1.000000000000000000e+00
9.999999999999997780e-01
1.000000000000000000e+00
1.000000000000000000e+00
1.000000000000000000e+00
1.000000000000000000e+00
1.000000000000000000e+00
1.000000000000000000e+00
9.949398770983503004e-01
9.484399431783867573e-01
8.029329790045931503e-01
5.583847633953322731e-01
2.695104516052880261e-01
8.335833830883436490e-02
5.060122901649662282e-03
0.000000000000000000e+00
5.060122901649550392e-03
8.335833830883430939e-02
2.695104516052880261e-01
5.583847633953322731e-01
8.029329790045931503e-01
9.484399431783867573e-01
9.949398770983503004e-01
9.999999999999997780e-01
1.000000000000000000e+00
9.999999999999998890e-01
1.000000000000000000e+00
9.999999999999997780e-01
9.999999999999997780e-01
9.110810720573385701e-01
6.736056461939532447e-01
6.736056461939535778e-01
9.110810720573382371e-01
1.000000000000000000e+00
1.000000000000000000e+00
9.999999999999998890e-01
1.000000000000000000e+00
9.999999999999996669e-01
1.000000000000000000e+00
9.999999999999997780e-01
1.000000000000000000e+00
9.999999999999998890e-01
1.000000000000000000e+00
9.999999999999997780e-01
1.000000000000000000e+00
9.999999999999996669e-01
9.999999999999997780e-01
9.999999999999998890e-01
1.000000000000000000e+00
1.000000000000000000e+00
9.999999999999998890e-01
9.999999999999998890e-01
1.000000000000000000e+00
1.000000000000000000e+00
9.999999999999997780e-01
1.000000000000000000e+00
9.999999999999997780e-01
1.000000000000000000e+00
9.999999999999996669e-01
1.000000000000000000e+00
9.999999999999998890e-01
1.000000000000000000e+00
1.000000000000000000e+00
1.000000000000000000e+00
1.000000000000000000e+00
1.000000000000000000e+00
1.000000000000000000e+00
9.999999999999997780e-01
9.949398770983500784e-01
9.484399431783869794e-01
8.297715650801200660e-01
6.196768438722451977e-01
3.445514267737674885e-01
1.358756608542902311e-01
2.798924046564050735e-02
0.000000000000000000e+00
0.000000000000000000e+00
0.000000000000000000e+00
2.798924046564050735e-02
1.358756608542901201e-01
3.445514267737675995e-01
6.196768438722451977e-01
8.297715650801197329e-01
9.484399431783867573e-01
9.949398770983500784e-01
9.999999999999997780e-01
9.999999999999997780e-01
1.000000000000000000e+00
9.999999999999997780e-01
9.999999999999997780e-01
9.110810720573383481e-01
6.736056461939530227e-01
6.736056461939534667e-01
9.110810720573383481e-01
1.000000000000000000e+00
1.000000000000000000e+00
9.999999999999997780e-01
1.000000000000000000e+00
9.999999999999998890e-01
9.999999999999997780e-01
1.000000000000000000e+00
9.999999999999997780e-01
9.999999999999994449e-01
1.000000000000000000e+00
9.999999999999998890e-01
1.000000000000000000e+00
9.999999999999997780e-01
9.999999999999996669e-01
1.000000000000000000e+00
1.000000000000000000e+00
9.999999999999997780e-01
9.999999999999997780e-01
9.999999999999997780e-01
1.000000000000000000e+00
9.999999999999997780e-01
1.000000000000000000e+00
1.000000000000000000e+00
1.000000000000000000e+00
1.000000000000000000e+00
1.000000000000000000e+00
9.999999999999997780e-01
1.000000000000000000e+00
1.000000000000000000e+00
1.000000000000000000e+00
1.000000000000000000e+00
1.000000000000000000e+00
9.999999999999997780e-01
1.000000000000000000e+00
9.949398770983500784e-01
9.484399431783867573e-01
8.297715650801197329e-01
6.262631277877854785e-01
3.737368722122143549e-01
1.702284349198800451e-01
5.156005682161305531e-02
5.060122901649662282e-03
0.000000000000000000e+00
0.000000000000000000e+00
0.000000000000000000e+00
5.060122901649662282e-03
5.156005682161294429e-02
1.702284349198799340e-01
3.737368722122144660e-01
6.262631277877854785e-01
8.297715650801197329e-01
9.484399431783865353e-01
9.949398770983500784e-01
1.000000000000000000e+00
1.000000000000000000e+00
9.999999999999997780e-01
9.999999999999997780e-01
9.110810720573384591e-01
6.736056461939533557e-01
6.736056461939534667e-01
9.110810720573382371e-01
9.999999999999998890e-01
9.999999999999997780e-01
1.000000000000000000e+00
1.000000000000000000e+00
9.999999999999998890e-01
1.000000000000000000e+00
9.999999999999996669e-01
9.999999999999997780e-01
9.999999999999997780e-01
1.000000000000000000e+00
9.999999999999997780e-01
1.000000000000000000e+00
9.999999999999996669e-01
9.999999999999997780e-01
1.000000000000000000e+00
9.999999999999998890e-01
9.999999999999997780e-01
9.999999999999998890e-01
9.999999999999997780e-01
9.999999999999997780e-01
9.999999999999998890e-01
9.999999999999997780e-01
1.000000000000000000e+00
1.000000000000000000e+00
9.999999999999997780e-01
9.999999999999996669e-01
1.000000000000000000e+00
1.000000000000000000e+00
1.000000000000000000e+00
1.000000000000000000e+00
1.000000000000000000e+00
1.000000000000000000e+00
9.949398770983503004e-01
9.720107595343595586e-01
9.166416616911654547e-01
8.029329790045933724e-01
6.196768438722451977e-01
3.737368722122146325e-01
1.702284349198800451e-01
5.156005682161305531e-02
5.060122901649662282e-03
5.600515256458729099e-17
0.000000000000000000e+00
0.000000000000000000e+00
0.000000000000000000e+00
5.600515256458729099e-17
5.060122901649550392e-03
5.156005682161316633e-02
1.702284349198800451e-01
3.737368722122144660e-01
6.196768438722451977e-01
8.029329790045931503e-01
9.166416616911654547e-01
9.720107595343593365e-01
9.949398770983505225e-01
9.999999999999997780e-01
1.000000000000000000e+00
9.110810720573384591e-01
6.736056461939533557e-01
6.736056461939534667e-01
9.110810720573385701e-01
1.000000000000000000e+00
9.999999999999998890e-01
9.999999999999997780e-01
1.000000000000000000e+00
9.999999999999997780e-01
1.000000000000000000e+00
9.999999999999997780e-01
9.999999999999997780e-01
1.000000000000000000e+00
1.000000000000000000e+00
9.999999999999997780e-01
9.999999999999997780e-01
9.999999999999994449e-01
9.999999999999997780e-01
9.999999999999998890e-01
9.999999999999998890e-01
9.999999999999997780e-01
9.999999999999997780e-01
9.999999999999997780e-01
9.999999999999997780e-01
9.999999999999998890e-01
9.999999999999997780e-01
1.000000000000000000e+00
9.999999999999998890e-01
9.999999999999997780e-01
9.999999999999997780e-01
1.000000000000000000e+00
9.999999999999997780e-01
1.000000000000000000e+00
1.000000000000000000e+00
9.999999999999998890e-01
9.949398770983500784e-01
9.484399431783865353e-01
8.641243391457097411e-01
7.304895483947118073e-01
5.583847633953322731e-01
3.445514267737674885e-01
1.702284349198801006e-01
5.156005682161316633e-02
5.060122901649662282e-03
0.000000000000000000e+00
5.600515256458729099e-17
0.000000000000000000e+00
0.000000000000000000e+00
0.000000000000000000e+00
0.000000000000000000e+00
0.000000000000000000e+00
5.060122901649662282e-03
5.156005682161316633e-02
1.702284349198800451e-01
3.445514267737677105e-01
5.583847633953321621e-01
7.304895483947118073e-01
8.641243391457098522e-01
9.484399431783867573e-01
9.949398770983500784e-01
9.999999999999997780e-01
9.110810720573385701e-01
6.736056461939533557e-01
6.736056461939535778e-01
9.110810720573382371e-01
1.000000000000000000e+00
9.999999999999997780e-01
9.999999999999997780e-01
1.000000000000000000e+00
1.000000000000000000e+00
1.000000000000000000e+00
9.999999999999998890e-01
1.000000000000000000e+00
9.999999999999998890e-01
9.999999999999998890e-01
1.000000000000000000e+00
1.000000000000000000e+00
9.999999999999996669e-01
9.999999999999997780e-01
1.000000000000000000e+00
1.000000000000000000e+00
9.999999999999998890e-01
9.999999999999998890e-01
1.000000000000000000e+00
9.999999999999997780e-01
9.999999999999998890e-01
1.000000000000000000e+00
9.999999999999996669e-01
9.999999999999998890e-01
9.999999999999998890e-01
9.999999999999997780e-01
9.999999999999997780e-01
1.000000000000000000e+00
1.000000000000000000e+00
9.999999999999998890e-01
1.000000000000000000e+00
9.772168158136217420e-01
8.897346025730887842e-01
7.217529057703484519e-01
4.780069659304553853e-01
2.758566583858209076e-01
1.358756608542902866e-01
5.156005682161327736e-02
5.060122901649662282e-03
0.000000000000000000e+00
0.000000000000000000e+00
5.600515256458729099e-17
0.000000000000000000e+00
0.000000000000000000e+00
0.000000000000000000e+00
5.600515256458729099e-17
0.000000000000000000e+00
5.600515256458729099e-17
5.060122901649662282e-03
5.156005682161316633e-02
1.358756608542902311e-01
2.758566583858207966e-01
4.780069659304555518e-01
7.217529057703484519e-01
8.897346025730891173e-01
9.772168158136215199e-01
1.000000000000000000e+00
9.110810720573384591e-01
6.736056461939532447e-01
6.736056461939535778e-01
9.110810720573382371e-01
1.000000000000000000e+00
1.000000000000000000e+00
1.000000000000000000e+00
1.000000000000000000e+00
1.000000000000000000e+00
1.000000000000000000e+00
9.999999999999997780e-01
1.000000000000000000e+00
1.000000000000000000e+00
1.000000000000000000e+00
1.000000000000000000e+00
9.999999999999998890e-01
1.000000000000000000e+00
1.000000000000000000e+00
1.000000000000000000e+00
1.000000000000000000e+00
9.999999999999998890e-01
1.000000000000000000e+00
9.999999999999996669e-01
9.999999999999996669e-01
1.000000000000000000e+00
9.999999999999998890e-01
1.000000000000000000e+00
1.000000000000000000e+00
9.999999999999998890e-01
1.000000000000000000e+00
9.999999999999998890e-01
9.999999999999997780e-01
1.000000000000000000e+00
1.000000000000000000e+00
9.999999999999997780e-01
9.700453947404602539e-01
8.558733395986978243e-01
6.240408147260168015e-01
3.554198014463201827e-01
1.397334754415676672e-01
3.322767696518002384e-02
5.060122901649662282e-03
5.600515256458729099e-17
0.000000000000000000e+00
0.000000000000000000e+00
5.600515256458729099e-17
0.000000000000000000e+00
0.000000000000000000e+00
0.000000000000000000e+00
0.000000000000000000e+00
0.000000000000000000e+00
5.600515256458729099e-17
5.600515256458729099e-17
5.060122901649662282e-03
3.322767696517996833e-02
1.397334754415676117e-01
3.554198014463202937e-01
6.240408147260168015e-01
8.558733395986978243e-01
9.700453947404601429e-01
9.999999999999998890e-01
9.110810720573384591e-01
6.736056461939530227e-01
6.736056461939535778e-01
9.110810720573384591e-01
1.000000000000000000e+00
1.000000000000000000e+00
9.999999999999997780e-01
1.000000000000000000e+00
1.000000000000000000e+00
1.000000000000000000e+00
9.999999999999998890e-01
9.999999999999997780e-01
9.999999999999998890e-01
9.999999999999998890e-01
9.999999999999994449e-01
9.999999999999998890e-01
9.999999999999998890e-01
1.000000000000000000e+00
9.999999999999997780e-01
9.999999999999997780e-01
9.999999999999998890e-01
9.999999999999998890e-01
9.999999999999997780e-01
1.000000000000000000e+00
1.000000000000000000e+00
9.999999999999998890e-01
1.000000000000000000e+00
9.999999999999997780e-01
1.000000000000000000e+00
9.999999999999997780e-01
9.999999999999997780e-01
9.999999999999997780e-01
1.000000000000000000e+00
1.000000000000000000e+00
1.000000000000000000e+00
9.772168158136215199e-01
8.897346025730887842e-01
6.932464966102765969e-01
4.097667195591753742e-01
1.762126522771550741e-01
5.156005682161316633e-02
5.060122901649662282e-03
0.000000000000000000e+00
0.000000000000000000e+00
0.000000000000000000e+00
5.600515256458729099e-17
0.000000000000000000e+00
0.000000000000000000e+00
0.000000000000000000e+00
0.000000000000000000e+00
0.000000000000000000e+00
0.000000000000000000e+00
0.000000000000000000e+00
5.060122901649662282e-03
5.156005682161316633e-02
1.762126522771550186e-01
4.097667195591753742e-01
6.932464966102764858e-01
8.897346025730891173e-01
9.772168158136212979e-01
1.000000000000000000e+00
9.110810720573384591e-01
6.736056461939533557e-01
6.736056461939535778e-01
9.110810720573384591e-01
1.000000000000000000e+00
1.000000000000000000e+00
9.999999999999997780e-01
1.000000000000000000e+00
1.000000000000000000e+00
9.999999999999998890e-01
1.000000000000000000e+00
9.999999999999997780e-01
1.000000000000000000e+00
1.000000000000000000e+00
1.000000000000000000e+00
9.999999999999997780e-01
9.999999999999994449e-01
9.999999999999996669e-01
1.000000000000000000e+00
1.000000000000000000e+00
9.999999999999998890e-01
1.000000000000000000e+00
1.000000000000000000e+00
1.000000000000000000e+00
9.999999999999997780e-01
1.000000000000000000e+00
9.999999999999997780e-01
9.999999999999998890e-01
1.000000000000000000e+00
9.999999999999998890e-01
9.999999999999997780e-01
1.000000000000000000e+00
1.000000000000000000e+00
1.000000000000000000e+00
1.000000000000000000e+00
9.949398770983505225e-01
9.484399431783867573e-01
8.297715650801197329e-01
6.196768438722451977e-01
3.445514267737674885e-01
1.358756608542902866e-01
2.798924046564050735e-02
0.000000000000000000e+00
0.000000000000000000e+00
5.600515256458729099e-17
5.600515256458729099e-17
0.000000000000000000e+00
0.000000000000000000e+00
0.000000000000000000e+00
5.600515256458729099e-17
0.000000000000000000e+00
5.600515256458729099e-17
0.000000000000000000e+00
2.798924046564062185e-02
1.358756608542902866e-01
3.445514267737673775e-01
6.196768438722454198e-01
8.297715650801199549e-01
9.484399431783867573e-01
9.949398770983503004e-01
1.000000000000000000e+00
9.110810720573385701e-01
6.736056461939533557e-01
6.736056461939534667e-01
9.110810720573383481e-01
9.999999999999998890e-01
1.000000000000000000e+00
9.999999999999998890e-01
1.000000000000000000e+00
9.999999999999997780e-01
1.000000000000000000e+00
1.000000000000000000e+00
9.999999999999996669e-01
9.999999999999998890e-01
9.999999999999998890e-01
1.000000000000000000e+00
1.000000000000000000e+00
9.999999999999998890e-01
1.000000000000000000e+00
1.000000000000000000e+00
1.000000000000000000e+00
9.999999999999997780e-01
9.999999999999996669e-01
9.999999999999996669e-01
1.000000000000000000e+00
1.000000000000000000e+00
9.999999999999992228e-01
9.999999999999998890e-01
9.999999999999998890e-01
1.000000000000000000e+00
9.999999999999996669e-01
1.000000000000000000e+00
9.999999999999998890e-01
1.000000000000000000e+00
9.999999999999998890e-01
1.000000000000000000e+00
9.999999999999998890e-01
9.898467477960883887e-01
9.187240791023715270e-01
7.328701829662551681e-01
4.599685445563272412e-01
1.993553117376745676e-01
5.357893372644390723e-02
0.000000000000000000e+00
0.000000000000000000e+00
0.000000000000000000e+00
5.600515256458729099e-17
0.000000000000000000e+00
0.000000000000000000e+00
0.000000000000000000e+00
5.600515256458729099e-17
0.000000000000000000e+00
5.600515256458729099e-17
0.000000000000000000e+00
5.357893372644385171e-02
1.993553117376746231e-01
4.599685445563271302e-01
7.328701829662552791e-01
9.187240791023714159e-01
9.898467477960883887e-01
9.999999999999998890e-01
1.000000000000000000e+00
9.110810720573383481e-01
6.736056461939533557e-01
6.736056461939535778e-01
9.110810720573382371e-01
9.999999999999997780e-01
1.000000000000000000e+00
1.000000000000000000e+00
1.000000000000000000e+00
9.999999999999998890e-01
9.999999999999998890e-01
9.999999999999997780e-01
9.999999999999998890e-01
9.999999999999997780e-01
9.999999999999998890e-01
9.999999999999997780e-01
9.999999999999997780e-01
1.000000000000000000e+00
1.000000000000000000e+00
9.999999999999996669e-01
9.999999999999998890e-01
9.999999999999997780e-01
9.999999999999997780e-01
9.999999999999998890e-01
9.999999999999996669e-01
1.000000000000000000e+00
9.999999999999997780e-01
1.000000000000000000e+00
1.000000000000000000e+00
1.000000000000000000e+00
9.999999999999996669e-01
1.000000000000000000e+00
9.999999999999997780e-01
1.000000000000000000e+00
9.949398770983503004e-01
9.720107595343593365e-01
9.410286925432073124e-01
8.916531783683367962e-01
8.260398565068677312e-01
6.603517690236698767e-01
4.213965426758251032e-01
1.784687654182141037e-01
5.357893372644385171e-02
5.600515256458729099e-17
0.000000000000000000e+00
0.000000000000000000e+00
5.600515256458729099e-17
0.000000000000000000e+00
0.000000000000000000e+00
0.000000000000000000e+00
5.600515256458729099e-17
0.000000000000000000e+00
5.600515256458729099e-17
0.000000000000000000e+00
5.357893372644385171e-02
1.784687654182139926e-01
4.213965426758250477e-01
6.603517690236698767e-01
8.260398565068677312e-01
8.916531783683367962e-01
9.410286925432073124e-01
9.720107595343593365e-01
9.054903736502807332e-01
6.736056461939533557e-01
6.736056461939533557e-01
9.110810720573384591e-01
1.000000000000000000e+00
1.000000000000000000e+00
1.000000000000000000e+00
1.000000000000000000e+00
1.000000000000000000e+00
1.000000000000000000e+00
9.999999999999998890e-01
1.000000000000000000e+00
9.999999999999998890e-01
1.000000000000000000e+00
1.000000000000000000e+00
1.000000000000000000e+00
1.000000000000000000e+00
1.000000000000000000e+00
1.000000000000000000e+00
1.000000000000000000e+00
1.000000000000000000e+00
1.000000000000000000e+00
9.999999999999996669e-01
9.999999999999998890e-01
9.999999999999998890e-01
1.000000000000000000e+00
1.000000000000000000e+00
1.000000000000000000e+00
1.000000000000000000e+00
9.999999999999998890e-01
1.000000000000000000e+00
9.949398770983503004e-01
9.720107595343595586e-01
9.166416616911656767e-01
8.379629268511075146e-01
7.608534899208613256e-01
6.646654467183114035e-01
5.583847633953326062e-01
4.053753104594614576e-01
2.414931752603088899e-01
1.024669799037007806e-01
2.798924046564050735e-02
5.600515256458729099e-17
0.000000000000000000e+00
5.600515256458729099e-17
5.600515256458729099e-17
0.000000000000000000e+00
0.000000000000000000e+00
0.000000000000000000e+00
0.000000000000000000e+00
0.000000000000000000e+00
1.680154576937618606e-16
0.000000000000000000e+00
2.798924046564050735e-02
1.024669799037007251e-01
2.414931752603087234e-01
4.053753104594616241e-01
5.583847633953324952e-01
6.646654467183114035e-01
7.608534899208613256e-01
8.379629268511075146e-01
8.198093142186753113e-01
6.380257372447322162e-01
6.736056461939533557e-01
9.110810720573385701e-01
1.000000000000000000e+00
1.000000000000000000e+00
1.000000000000000000e+00
9.999999999999998890e-01
1.000000000000000000e+00
9.999999999999998890e-01
1.000000000000000000e+00
1.000000000000000000e+00
9.999999999999998890e-01
1.000000000000000000e+00
9.999999999999997780e-01
1.000000000000000000e+00
9.999999999999997780e-01
9.999999999999997780e-01
1.000000000000000000e+00
1.000000000000000000e+00
9.999999999999998890e-01
9.999999999999998890e-01
1.000000000000000000e+00
1.000000000000000000e+00
9.999999999999998890e-01
1.000000000000000000e+00
9.999999999999996669e-01
1.000000000000000000e+00
1.000000000000000000e+00
1.000000000000000000e+00
9.949398770983503004e-01
9.484399431783867573e-01
8.641243391457098522e-01
7.304895483947120294e-01
5.879938450421433593e-01
4.416152366046676159e-01
3.353345532816888741e-01
2.391465100791387577e-01
1.620370731488925686e-01
8.335833830883436490e-02
2.798924046564050735e-02
5.060122901649662282e-03
5.600515256458729099e-17
0.000000000000000000e+00
5.600515256458729099e-17
5.600515256458729099e-17
0.000000000000000000e+00
0.000000000000000000e+00
0.000000000000000000e+00
5.600515256458729099e-17
0.000000000000000000e+00
1.680154576937618606e-16
0.000000000000000000e+00
5.060122901649662282e-03
2.798924046564050735e-02
8.335833830883419837e-02
1.620370731488924021e-01
2.391465100791386467e-01
3.353345532816887631e-01
4.416152366046675048e-01
5.879938450421433593e-01
6.221539062783411067e-01
5.083689478521050686e-01
6.736056461939535778e-01
9.110810720573382371e-01
1.000000000000000000e+00
9.999999999999997780e-01
1.000000000000000000e+00
1.000000000000000000e+00
9.999999999999997780e-01
1.000000000000000000e+00
9.999999999999998890e-01
1.000000000000000000e+00
9.999999999999996669e-01
9.999999999999998890e-01
1.000000000000000000e+00
1.000000000000000000e+00
1.000000000000000000e+00
9.999999999999998890e-01
1.000000000000000000e+00
1.000000000000000000e+00
9.999999999999998890e-01
9.999999999999996669e-01
1.000000000000000000e+00
1.000000000000000000e+00
1.000000000000000000e+00
9.999999999999996669e-01
1.000000000000000000e+00
1.000000000000000000e+00
9.999999999999997780e-01
9.999999999999997780e-01
9.720107595343593365e-01
8.641243391457094081e-01
6.843699354826662251e-01
4.482809366609769586e-01
2.758566583858208521e-01
1.679856079553867509e-01
1.083468216316631760e-01
5.897130745679266678e-02
2.798924046564045184e-02
5.060122901649662282e-03
5.600515256458729099e-17
0.000000000000000000e+00
5.600515256458729099e-17
0.000000000000000000e+00
5.600515256458729099e-17
5.600515256458729099e-17
0.000000000000000000e+00
0.000000000000000000e+00
0.000000000000000000e+00
0.000000000000000000e+00
0.000000000000000000e+00
1.680154576937618606e-16
0.000000000000000000e+00
5.600515256458729099e-17
5.600515256458729099e-17
5.060122901649550392e-03
2.798924046564050735e-02
5.897130745679255576e-02
1.083468216316631760e-01
1.679856079553866954e-01
2.758566583858206855e-01
3.377817584920883021e-01
3.156300645173338304e-01
6.355587770845683160e-01
8.859604984531287419e-01
9.949398770983503004e-01
1.000000000000000000e+00
9.999999999999997780e-01
9.999999999999998890e-01
1.000000000000000000e+00
9.999999999999998890e-01
1.000000000000000000e+00
9.999999999999998890e-01
9.999999999999996669e-01
1.000000000000000000e+00
1.000000000000000000e+00
1.000000000000000000e+00
9.999999999999998890e-01
1.000000000000000000e+00
9.999999999999998890e-01
1.000000000000000000e+00
1.000000000000000000e+00
9.999999999999998890e-01
9.999999999999998890e-01
1.000000000000000000e+00
1.000000000000000000e+00
1.000000000000000000e+00
9.999999999999996669e-01
9.999999999999998890e-01
9.999999999999998890e-01
9.949398770983503004e-01
9.166416616911657878e-01
7.304895483947120294e-01
4.482809366609772361e-01
2.243852595969973995e-01
8.335833830883448980e-02
2.798924046564050735e-02
5.060122901649662282e-03
1.680154576937618606e-16
0.000000000000000000e+00
0.000000000000000000e+00
0.000000000000000000e+00
0.000000000000000000e+00
5.600515256458729099e-17
0.000000000000000000e+00
5.600515256458729099e-17
5.600515256458729099e-17
0.000000000000000000e+00
0.000000000000000000e+00
0.000000000000000000e+00
5.600515256458729099e-17
0.000000000000000000e+00
1.680154576937618606e-16
0.000000000000000000e+00
0.000000000000000000e+00
5.600515256458729099e-17
0.000000000000000000e+00
0.000000000000000000e+00
0.000000000000000000e+00
5.060122901649774171e-03
2.798924046564062185e-02
8.335833830883430939e-02
1.300748441807640376e-01
1.240815674327282736e-01
5.583847633953322731e-01
8.320143920446134711e-01
9.720107595343595586e-01
1.000000000000000000e+00
1.000000000000000000e+00
9.999999999999998890e-01
1.000000000000000000e+00
9.999999999999998890e-01
1.000000000000000000e+00
1.000000000000000000e+00
9.999999999999998890e-01
1.000000000000000000e+00
9.999999999999997780e-01
1.000000000000000000e+00
9.999999999999997780e-01
9.999999999999997780e-01
1.000000000000000000e+00
1.000000000000000000e+00
9.999999999999998890e-01
9.999999999999998890e-01
1.000000000000000000e+00
1.000000000000000000e+00
9.999999999999998890e-01
1.000000000000000000e+00
9.999999999999996669e-01
1.000000000000000000e+00
1.000000000000000000e+00
9.720107595343595586e-01
8.379629268511075146e-01
5.879938450421433593e-01
2.758566583858209076e-01
8.335833830883436490e-02
5.060122901649662282e-03
5.600515256458729099e-17
5.600515256458729099e-17
0.000000000000000000e+00
0.000000000000000000e+00
5.600515256458729099e-17
0.000000000000000000e+00
0.000000000000000000e+00
5.600515256458729099e-17
0.000000000000000000e+00
5.600515256458729099e-17
5.600515256458729099e-17
0.000000000000000000e+00
0.000000000000000000e+00
0.000000000000000000e+00
5.600515256458729099e-17
0.000000000000000000e+00
1.680154576937618606e-16
0.000000000000000000e+00
5.600515256458729099e-17
5.600515256458729099e-17
0.000000000000000000e+00
0.000000000000000000e+00
0.000000000000000000e+00
5.600515256458729099e-17
0.000000000000000000e+00
5.060122901649550392e-03
2.278318418637843498e-02
2.995460525953948933e-02
4.416152366046677824e-01
7.608534899208611035e-01
9.410286925432073124e-01
9.999999999999997780e-01
9.949398770983505225e-01
9.772168158136217420e-01
9.700453947404602539e-01
9.772168158136215199e-01
9.949398770983503004e-01
1.000000000000000000e+00
9.999999999999996669e-01
9.999999999999998890e-01
1.000000000000000000e+00
1.000000000000000000e+00
1.000000000000000000e+00
9.999999999999998890e-01
1.000000000000000000e+00
1.000000000000000000e+00
9.999999999999998890e-01
9.999999999999996669e-01
1.000000000000000000e+00
9.949398770983503004e-01
9.772168158136217420e-01
9.700453947404601429e-01
9.772168158136217420e-01
9.949398770983503004e-01
9.999999999999997780e-01
9.410286925432068683e-01
7.608534899208612146e-01
4.416152366046671718e-01
1.679856079553869175e-01
2.798924046564045184e-02
0.000000000000000000e+00
5.600515256458729099e-17
5.600515256458729099e-17
5.600515256458729099e-17
0.000000000000000000e+00
0.000000000000000000e+00
5.600515256458729099e-17
5.600515256458729099e-17
5.600515256458729099e-17
0.000000000000000000e+00
5.600515256458729099e-17
5.600515256458729099e-17
0.000000000000000000e+00
0.000000000000000000e+00
0.000000000000000000e+00
5.600515256458729099e-17
0.000000000000000000e+00
1.680154576937618606e-16
0.000000000000000000e+00
5.600515256458729099e-17
5.600515256458729099e-17
0.000000000000000000e+00
5.600515256458729099e-17
0.000000000000000000e+00
5.600515256458729099e-17
0.000000000000000000e+00
0.000000000000000000e+00
5.600515256458729099e-17
0.000000000000000000e+00
3.353345532816888741e-01
6.646654467183114035e-01
8.916531783683367962e-01
9.898467477960883887e-01
9.484399431783865353e-01
8.897346025730888952e-01
8.558733395986983794e-01
8.897346025730888952e-01
9.484399431783869794e-01
9.949398770983503004e-01
9.999999999999996669e-01
1.000000000000000000e+00
1.000000000000000000e+00
1.000000000000000000e+00
9.999999999999998890e-01
1.000000000000000000e+00
9.999999999999998890e-01
1.000000000000000000e+00
1.000000000000000000e+00
9.999999999999998890e-01
9.949398770983500784e-01
9.484399431783872014e-01
8.897346025730891173e-01
8.558733395986980463e-01
8.897346025730886732e-01
9.484399431783867573e-01
9.898467477960883887e-01
8.916531783683367962e-01
6.646654467183114035e-01
3.353345532816887631e-01
1.083468216316634675e-01
5.060122901649774171e-03
5.600515256458729099e-17
5.600515256458729099e-17
5.600515256458729099e-17
1.680154576937618606e-16
5.600515256458729099e-17
5.600515256458729099e-17
5.600515256458729099e-17
5.600515256458729099e-17
5.600515256458729099e-17
0.000000000000000000e+00
5.600515256458729099e-17
5.600515256458729099e-17
0.000000000000000000e+00
0.000000000000000000e+00
0.000000000000000000e+00
5.600515256458729099e-17
0.000000000000000000e+00
1.680154576937618606e-16
0.000000000000000000e+00
5.600515256458729099e-17
5.600515256458729099e-17
0.000000000000000000e+00
5.600515256458729099e-17
0.000000000000000000e+00
5.600515256458729099e-17
1.680154576937618606e-16
5.600515256458729099e-17
5.600515256458729099e-17
5.600515256458729099e-17
2.391465100791387577e-01
5.583847633953322731e-01
8.260398565068677312e-01
9.187240791023715270e-01
8.297715650801196219e-01
6.932464966102769299e-01
6.240408147260163574e-01
7.217529057703487849e-01
8.641243391457097411e-01
9.720107595343591145e-01
9.999999999999998890e-01
9.999999999999998890e-01
1.000000000000000000e+00
1.000000000000000000e+00
9.999999999999998890e-01
1.000000000000000000e+00
1.000000000000000000e+00
1.000000000000000000e+00
9.999999999999997780e-01
9.999999999999997780e-01
9.720107595343591145e-01
8.641243391457097411e-01
7.217529057703487849e-01
6.240408147260160243e-01
6.932464966102763748e-01
8.297715650801199549e-01
9.187240791023714159e-01
8.260398565068675092e-01
5.583847633953326062e-01
2.391465100791384801e-01
5.897130745679266678e-02
2.240206102583491640e-16
0.000000000000000000e+00
2.240206102583491640e-16
0.000000000000000000e+00
1.680154576937618606e-16
0.000000000000000000e+00
5.600515256458729099e-17
5.600515256458729099e-17
5.600515256458729099e-17
5.600515256458729099e-17
0.000000000000000000e+00
5.600515256458729099e-17
5.600515256458729099e-17
0.000000000000000000e+00
0.000000000000000000e+00
0.000000000000000000e+00
5.600515256458729099e-17
0.000000000000000000e+00
1.680154576937618606e-16
0.000000000000000000e+00
5.600515256458729099e-17
5.600515256458729099e-17
0.000000000000000000e+00
0.000000000000000000e+00
5.600515256458729099e-17
0.000000000000000000e+00
2.240206102583491640e-16
0.000000000000000000e+00
0.000000000000000000e+00
0.000000000000000000e+00
1.620370731488926797e-01
4.053753104594616241e-01
6.603517690236698767e-01
7.328701829662557232e-01
6.196768438722456418e-01
4.097667195591754852e-01
3.554198014463202937e-01
4.780069659304553853e-01
7.304895483947116963e-01
9.166416616911656767e-01
9.949398770983503004e-01
9.999999999999998890e-01
9.999999999999997780e-01
9.999999999999997780e-01
1.000000000000000000e+00
1.000000000000000000e+00
9.999999999999996669e-01
9.999999999999998890e-01
9.999999999999997780e-01
9.949398770983500784e-01
9.166416616911656767e-01
7.304895483947115853e-01
4.780069659304556073e-01
3.554198014463201827e-01
4.097667195591757627e-01
6.196768438722455308e-01
7.328701829662556122e-01
6.603517690236696547e-01
4.053753104594616796e-01
1.620370731488922356e-01
2.798924046564067736e-02
0.000000000000000000e+00
0.000000000000000000e+00
0.000000000000000000e+00
1.680154576937618606e-16
0.000000000000000000e+00
0.000000000000000000e+00
0.000000000000000000e+00
0.000000000000000000e+00
5.600515256458729099e-17
5.600515256458729099e-17
0.000000000000000000e+00
5.600515256458729099e-17
5.600515256458729099e-17
0.000000000000000000e+00
0.000000000000000000e+00
0.000000000000000000e+00
5.600515256458729099e-17
0.000000000000000000e+00
1.680154576937618606e-16
0.000000000000000000e+00
5.600515256458729099e-17
5.600515256458729099e-17
0.000000000000000000e+00
5.600515256458729099e-17
0.000000000000000000e+00
0.000000000000000000e+00
5.600515256458729099e-17
0.000000000000000000e+00
5.600515256458729099e-17
5.600515256458729099e-17
8.335833830883448980e-02
2.414931752603093340e-01
4.213965426758254362e-01
4.599685445563275188e-01
3.445514267737675995e-01
1.762126522771550186e-01
1.397334754415676672e-01
2.758566583858209076e-01
5.583847633953322731e-01
8.029329790045933724e-01
9.484399431783867573e-01
9.949398770983507445e-01
1.000000000000000000e+00
1.000000000000000000e+00
1.000000000000000000e+00
1.000000000000000000e+00
1.000000000000000000e+00
1.000000000000000000e+00
9.949398770983505225e-01
9.484399431783867573e-01
8.029329790045929283e-01
5.583847633953322731e-01
2.758566583858210186e-01
1.397334754415676672e-01
1.762126522771553516e-01
3.445514267737678771e-01
4.599685445563272412e-01
4.213965426758252697e-01
2.414931752603091675e-01
8.335833830883425388e-02
5.060122901649774171e-03
2.240206102583491640e-16
0.000000000000000000e+00
0.000000000000000000e+00
0.000000000000000000e+00
1.680154576937618606e-16
0.000000000000000000e+00
0.000000000000000000e+00
0.000000000000000000e+00
5.600515256458729099e-17
5.600515256458729099e-17
0.000000000000000000e+00
5.600515256458729099e-17
5.600515256458729099e-17
0.000000000000000000e+00
0.000000000000000000e+00
0.000000000000000000e+00
5.600515256458729099e-17
0.000000000000000000e+00
5.600515256458729099e-17
0.000000000000000000e+00
1.680154576937618606e-16
1.680154576937618606e-16
0.000000000000000000e+00
5.600515256458729099e-17
5.600515256458729099e-17
0.000000000000000000e+00
0.000000000000000000e+00
5.600515256458729099e-17
5.600515256458729099e-17
0.000000000000000000e+00
2.798924046564062185e-02
1.024669799037008361e-01
1.784687654182142702e-01
1.993553117376746786e-01
1.358756608542902866e-01
5.156005682161322184e-02
3.322767696517985730e-02
1.358756608542903976e-01
3.445514267737673775e-01
6.196768438722451977e-01
8.297715650801197329e-01
9.484399431783869794e-01
9.949398770983503004e-01
9.999999999999998890e-01
1.000000000000000000e+00
1.000000000000000000e+00
1.000000000000000000e+00
9.949398770983505225e-01
9.484399431783867573e-01
8.297715650801200660e-01
6.196768438722449757e-01
3.445514267737673775e-01
1.358756608542904532e-01
3.322767696517996833e-02
5.156005682161327736e-02
1.358756608542902866e-01
1.993553117376745676e-01
1.784687654182141037e-01
1.024669799037009471e-01
2.798924046564050735e-02
0.000000000000000000e+00
0.000000000000000000e+00
5.600515256458729099e-17
5.600515256458729099e-17
0.000000000000000000e+00
1.680154576937618606e-16
5.600515256458729099e-17
0.000000000000000000e+00
0.000000000000000000e+00
0.000000000000000000e+00
5.600515256458729099e-17
0.000000000000000000e+00
5.600515256458729099e-17
5.600515256458729099e-17
0.000000000000000000e+00
0.000000000000000000e+00
0.000000000000000000e+00
5.600515256458729099e-17
0.000000000000000000e+00
5.600515256458729099e-17
0.000000000000000000e+00
5.600515256458729099e-17
0.000000000000000000e+00
0.000000000000000000e+00
1.680154576937618606e-16
5.600515256458729099e-17
5.600515256458729099e-17
5.600515256458729099e-17
5.600515256458729099e-17
5.600515256458729099e-17
5.600515256458729099e-17
5.060122901649830550e-03
2.798924046564045184e-02
5.357893372644412927e-02
5.357893372644396274e-02
2.798924046564034082e-02
5.060122901649494014e-03
5.060122901649662282e-03
5.156005682161316633e-02
1.702284349198797675e-01
3.737368722122144660e-01
6.262631277877853675e-01
8.297715650801196219e-01
9.484399431783865353e-01
9.949398770983500784e-01
9.999999999999998890e-01
1.000000000000000000e+00
9.949398770983503004e-01
9.484399431783865353e-01
8.297715650801199549e-01
6.262631277877857006e-01
3.737368722122144105e-01
1.702284349198799340e-01
5.156005682161338838e-02
5.060122901649382124e-03
5.060122901649774171e-03
2.798924046564050735e-02
5.357893372644412927e-02
5.357893372644374069e-02
2.798924046564050735e-02
5.060122901649326613e-03
1.680154576937618606e-16
0.000000000000000000e+00
0.000000000000000000e+00
1.680154576937618606e-16
5.600515256458729099e-17
0.000000000000000000e+00
1.680154576937618606e-16
0.000000000000000000e+00
0.000000000000000000e+00
5.600515256458729099e-17
5.600515256458729099e-17
0.000000000000000000e+00
5.600515256458729099e-17
0.000000000000000000e+00
0.000000000000000000e+00
0.000000000000000000e+00
0.000000000000000000e+00
5.600515256458729099e-17
0.000000000000000000e+00
5.600515256458729099e-17
0.000000000000000000e+00
5.600515256458729099e-17
5.600515256458729099e-17
0.000000000000000000e+00
5.600515256458729099e-17
0.000000000000000000e+00
5.600515256458729099e-17
5.600515256458729099e-17
0.000000000000000000e+00
5.600515256458729099e-17
0.000000000000000000e+00
1.680154576937618606e-16
0.000000000000000000e+00
2.240206102583491640e-16
0.000000000000000000e+00
0.000000000000000000e+00
0.000000000000000000e+00
2.240206102583491640e-16
5.060122901649662282e-03
5.156005682161316633e-02
1.702284349198801561e-01
3.737368722122146880e-01
6.196768438722451977e-01
8.029329790045934834e-01
9.166416616911654547e-01
9.667723230348194141e-01
9.667723230348197472e-01
9.166416616911656767e-01
8.029329790045935944e-01
6.196768438722454198e-01
3.737368722122147990e-01
1.702284349198799340e-01
5.156005682161322184e-02
5.060122901649662282e-03
2.240206102583491640e-16
0.000000000000000000e+00
5.600515256458729099e-17
0.000000000000000000e+00
0.000000000000000000e+00
0.000000000000000000e+00
0.000000000000000000e+00
5.600515256458729099e-17
5.600515256458729099e-17
0.000000000000000000e+00
0.000000000000000000e+00
5.600515256458729099e-17
5.600515256458729099e-17
5.600515256458729099e-17
5.600515256458729099e-17
0.000000000000000000e+00
5.600515256458729099e-17
5.600515256458729099e-17
0.000000000000000000e+00
5.600515256458729099e-17
0.000000000000000000e+00
0.000000000000000000e+00
0.000000000000000000e+00
0.000000000000000000e+00
5.600515256458729099e-17
0.000000000000000000e+00
5.600515256458729099e-17
5.600515256458729099e-17
5.600515256458729099e-17
1.680154576937618606e-16
0.000000000000000000e+00
5.600515256458729099e-17
0.000000000000000000e+00
5.600515256458729099e-17
0.000000000000000000e+00
0.000000000000000000e+00
5.600515256458729099e-17
0.000000000000000000e+00
2.240206102583491640e-16
5.600515256458729099e-17
0.000000000000000000e+00
5.600515256458729099e-17
0.000000000000000000e+00
5.600515256458729099e-17
0.000000000000000000e+00
1.680154576937618606e-16
5.060122901649494014e-03
5.156005682161327736e-02
1.702284349198796010e-01
3.445514267737677105e-01
5.583847633953321621e-01
7.241433416141791479e-01
8.052178492660490017e-01
8.052178492660491127e-01
7.241433416141791479e-01
5.583847633953322731e-01
3.445514267737674885e-01
1.702284349198797675e-01
5.156005682161305531e-02
5.060122901649774171e-03
5.600515256458729099e-17
0.000000000000000000e+00
5.600515256458729099e-17
5.600515256458729099e-17
0.000000000000000000e+00
0.000000000000000000e+00
0.000000000000000000e+00
0.000000000000000000e+00
0.000000000000000000e+00
0.000000000000000000e+00
5.600515256458729099e-17
5.600515256458729099e-17
0.000000000000000000e+00
0.000000000000000000e+00
0.000000000000000000e+00
1.680154576937618606e-16
0.000000000000000000e+00
5.600515256458729099e-17
5.600515256458729099e-17
0.000000000000000000e+00
5.600515256458729099e-17
0.000000000000000000e+00
0.000000000000000000e+00
0.000000000000000000e+00
0.000000000000000000e+00
5.600515256458729099e-17
0.000000000000000000e+00
5.600515256458729099e-17
0.000000000000000000e+00
0.000000000000000000e+00
5.600515256458729099e-17
0.000000000000000000e+00
5.600515256458729099e-17
0.000000000000000000e+00
0.000000000000000000e+00
5.600515256458729099e-17
5.600515256458729099e-17
5.600515256458729099e-17
0.000000000000000000e+00
5.600515256458729099e-17
5.600515256458729099e-17
0.000000000000000000e+00
5.600515256458729099e-17
0.000000000000000000e+00
0.000000000000000000e+00
5.600515256458729099e-17
0.000000000000000000e+00
0.000000000000000000e+00
5.060122901649494014e-03
5.156005682161305531e-02
1.358756608542902866e-01
2.695104516052880261e-01
4.120061549578560856e-01
5.194809349539631915e-01
5.194809349539633025e-01
4.120061549578562521e-01
2.695104516052881372e-01
1.358756608542901201e-01
5.156005682161305531e-02
5.060122901649382124e-03
0.000000000000000000e+00
2.240206102583491640e-16
0.000000000000000000e+00
0.000000000000000000e+00
5.600515256458729099e-17
0.000000000000000000e+00
0.000000000000000000e+00
1.680154576937618606e-16
0.000000000000000000e+00
0.000000000000000000e+00
0.000000000000000000e+00
0.000000000000000000e+00
0.000000000000000000e+00
5.600515256458729099e-17
0.000000000000000000e+00
0.000000000000000000e+00
5.600515256458729099e-17
0.000000000000000000e+00
1.680154576937618606e-16
0.000000000000000000e+00
0.000000000000000000e+00
5.600515256458729099e-17
0.000000000000000000e+00
0.000000000000000000e+00
0.000000000000000000e+00
0.000000000000000000e+00
5.600515256458729099e-17
0.000000000000000000e+00
0.000000000000000000e+00
0.000000000000000000e+00
0.000000000000000000e+00
5.600515256458729099e-17
0.000000000000000000e+00
0.000000000000000000e+00
0.000000000000000000e+00
5.600515256458729099e-17
0.000000000000000000e+00
0.000000000000000000e+00
0.000000000000000000e+00
0.000000000000000000e+00
2.240206102583491640e-16
5.600515256458729099e-17
5.600515256458729099e-17
5.600515256458729099e-17
0.000000000000000000e+00
0.000000000000000000e+00
2.240206102583491640e-16
0.000000000000000000e+00
0.000000000000000000e+00
0.000000000000000000e+00
5.060122901649494014e-03
2.798924046564050735e-02
8.335833830883448980e-02
1.620370731488926797e-01
2.115868003459117630e-01
2.115868003459119295e-01
1.620370731488926797e-01
8.335833830883436490e-02
2.798924046564050735e-02
5.060122901649662282e-03
0.000000000000000000e+00
1.680154576937618606e-16
0.000000000000000000e+00
5.600515256458729099e-17
0.000000000000000000e+00
0.000000000000000000e+00
0.000000000000000000e+00
5.600515256458729099e-17
0.000000000000000000e+00
5.600515256458729099e-17
0.000000000000000000e+00
0.000000000000000000e+00
0.000000000000000000e+00
0.000000000000000000e+00
5.600515256458729099e-17
0.000000000000000000e+00
0.000000000000000000e+00
0.000000000000000000e+00
0.000000000000000000e+00
5.600515256458729099e-17
0.000000000000000000e+00
0.000000000000000000e+00
5.600515256458729099e-17
0.000000000000000000e+00
0.000000000000000000e+00
0.000000000000000000e+00
0.000000000000000000e+00
5.600515256458729099e-17
0.000000000000000000e+00
5.600515256458729099e-17
0.000000000000000000e+00
5.600515256458729099e-17
1.680154576937618606e-16
0.000000000000000000e+00
5.600515256458729099e-17
0.000000000000000000e+00
5.600515256458729099e-17
0.000000000000000000e+00
0.000000000000000000e+00
5.600515256458729099e-17
0.000000000000000000e+00
5.600515256458729099e-17
5.600515256458729099e-17
2.240206102583491640e-16
2.240206102583491640e-16
0.000000000000000000e+00
5.600515256458729099e-17
0.000000000000000000e+00
3.360309153875237213e-16
0.000000000000000000e+00
2.240206102583491640e-16
0.000000000000000000e+00
5.600515256458729099e-17
5.060122901649830550e-03
2.798924046564067736e-02
5.357893372644390723e-02
5.357893372644412927e-02
2.798924046564078838e-02
5.060122901649942440e-03
5.600515256458729099e-17
0.000000000000000000e+00
0.000000000000000000e+00
0.000000000000000000e+00
2.240206102583491640e-16
0.000000000000000000e+00
2.240206102583491640e-16
0.000000000000000000e+00
1.680154576937618606e-16
0.000000000000000000e+00
1.680154576937618606e-16
0.000000000000000000e+00
5.600515256458729099e-17
5.600515256458729099e-17
0.000000000000000000e+00
0.000000000000000000e+00
0.000000000000000000e+00
0.000000000000000000e+00
0.000000000000000000e+00
5.600515256458729099e-17
5.600515256458729099e-17
5.600515256458729099e-17
5.600515256458729099e-17
5.600515256458729099e-17
5.600515256458729099e-17
0.000000000000000000e+00
0.000000000000000000e+00
0.000000000000000000e+00
0.000000000000000000e+00
5.600515256458729099e-17
0.000000000000000000e+00
5.600515256458729099e-17
5.600515256458729099e-17
5.600515256458729099e-17
3.360309153875237213e-16
0.000000000000000000e+00
0.000000000000000000e+00
0.000000000000000000e+00
5.600515256458729099e-17
0.000000000000000000e+00
5.600515256458729099e-17
3.360309153875237213e-16
5.600515256458729099e-17
2.240206102583491640e-16
0.000000000000000000e+00
2.240206102583491640e-16
1.680154576937618606e-16
0.000000000000000000e+00
5.600515256458729099e-17
5.600515256458729099e-17
1.680154576937618606e-16
0.000000000000000000e+00
1.680154576937618606e-16
0.000000000000000000e+00
5.600515256458729099e-17
5.600515256458729099e-17
2.240206102583491640e-16
5.600515256458729099e-17
1.680154576937618606e-16
2.240206102583491640e-16
3.360309153875237213e-16
0.000000000000000000e+00
0.000000000000000000e+00
0.000000000000000000e+00
3.360309153875237213e-16
5.600515256458729099e-17
0.000000000000000000e+00
0.000000000000000000e+00
0.000000000000000000e+00
5.600515256458729099e-17
0.000000000000000000e+00
5.600515256458729099e-17
0.000000000000000000e+00
2.240206102583491640e-16
0.000000000000000000e+00
0.000000000000000000e+00
0.000000000000000000e+00
5.600515256458729099e-17
5.600515256458729099e-17
0.000000000000000000e+00
0.000000000000000000e+00
0.000000000000000000e+00
1.680154576937618606e-16
0.000000000000000000e+00
0.000000000000000000e+00
5.600515256458729099e-17
0.000000000000000000e+00
0.000000000000000000e+00
0.000000000000000000e+00
0.000000000000000000e+00
5.600515256458729099e-17
0.000000000000000000e+00
0.000000000000000000e+00
0.000000000000000000e+00
5.600515256458729099e-17
0.000000000000000000e+00
0.000000000000000000e+00
0.000000000000000000e+00
0.000000000000000000e+00
5.600515256458729099e-17
5.600515256458729099e-17
0.000000000000000000e+00
0.000000000000000000e+00
0.000000000000000000e+00
5.600515256458729099e-17
0.000000000000000000e+00
2.240206102583491640e-16
0.000000000000000000e+00
0.000000000000000000e+00
5.600515256458729099e-17
2.240206102583491640e-16
0.000000000000000000e+00
0.000000000000000000e+00
1.680154576937618606e-16
0.000000000000000000e+00
2.240206102583491640e-16
5.060122901649830550e-03
2.798924046564106941e-02
5.357893372644385171e-02
5.357893372644374069e-02
2.798924046564106941e-02
5.060122901649830550e-03
0.000000000000000000e+00
5.600515256458729099e-17
1.680154576937618606e-16
1.680154576937618606e-16
5.600515256458729099e-17
0.000000000000000000e+00
1.680154576937618606e-16
5.600515256458729099e-17
5.600515256458729099e-17
3.360309153875237213e-16
1.680154576937618606e-16
0.000000000000000000e+00
0.000000000000000000e+00
5.600515256458729099e-17
0.000000000000000000e+00
2.240206102583491640e-16
0.000000000000000000e+00
5.600515256458729099e-17
0.000000000000000000e+00
0.000000000000000000e+00
0.000000000000000000e+00
5.600515256458729099e-17
5.600515256458729099e-17
5.600515256458729099e-17
5.600515256458729099e-17
0.000000000000000000e+00
0.000000000000000000e+00
0.000000000000000000e+00
0.000000000000000000e+00
5.600515256458729099e-17
0.000000000000000000e+00
0.000000000000000000e+00
5.600515256458729099e-17
0.000000000000000000e+00
5.600515256458729099e-17
5.600515256458729099e-17
0.000000000000000000e+00
0.000000000000000000e+00
5.600515256458729099e-17
5.600515256458729099e-17
0.000000000000000000e+00
0.000000000000000000e+00
0.000000000000000000e+00
5.600515256458729099e-17
0.000000000000000000e+00
0.000000000000000000e+00
5.600515256458729099e-17
0.000000000000000000e+00
0.000000000000000000e+00
0.000000000000000000e+00
0.000000000000000000e+00
0.000000000000000000e+00
1.680154576937618606e-16
5.060122901649494014e-03
2.798924046564050735e-02
8.335833830883419837e-02
1.620370731488924021e-01
2.115868003459119295e-01
2.115868003459119850e-01
1.620370731488922356e-01
8.335833830883425388e-02
2.798924046564045184e-02
5.060122901649774171e-03
0.000000000000000000e+00
5.600515256458729099e-17
0.000000000000000000e+00
0.000000000000000000e+00
1.680154576937618606e-16
0.000000000000000000e+00
5.600515256458729099e-17
0.000000000000000000e+00
5.600515256458729099e-17
0.000000000000000000e+00
0.000000000000000000e+00
0.000000000000000000e+00
0.000000000000000000e+00
0.000000000000000000e+00
0.000000000000000000e+00
5.600515256458729099e-17
0.000000000000000000e+00
5.600515256458729099e-17
0.000000000000000000e+00
5.600515256458729099e-17
0.000000000000000000e+00
0.000000000000000000e+00
1.680154576937618606e-16
0.000000000000000000e+00
0.000000000000000000e+00
0.000000000000000000e+00
0.000000000000000000e+00
5.600515256458729099e-17
0.000000000000000000e+00
1.680154576937618606e-16
0.000000000000000000e+00
5.600515256458729099e-17
0.000000000000000000e+00
0.000000000000000000e+00
0.000000000000000000e+00
0.000000000000000000e+00
0.000000000000000000e+00
0.000000000000000000e+00
1.680154576937618606e-16
5.600515256458729099e-17
0.000000000000000000e+00
2.240206102583491640e-16
0.000000000000000000e+00
2.240206102583491640e-16
2.240206102583491640e-16
0.000000000000000000e+00
0.000000000000000000e+00
2.240206102583491640e-16
2.240206102583491640e-16
5.600515256458729099e-17
5.060122901649774171e-03
5.156005682161294429e-02
1.358756608542904532e-01
2.695104516052881372e-01
4.120061549578568072e-01
5.194809349539638577e-01
5.194809349539638577e-01
4.120061549578563631e-01
2.695104516052881372e-01
1.358756608542901201e-01
5.156005682161316633e-02
5.060122901649662282e-03
2.240206102583491640e-16
2.240206102583491640e-16
5.600515256458729099e-17
5.600515256458729099e-17
0.000000000000000000e+00
5.600515256458729099e-17
5.600515256458729099e-17
1.680154576937618606e-16
0.000000000000000000e+00
2.240206102583491640e-16
0.000000000000000000e+00
0.000000000000000000e+00
0.000000000000000000e+00
2.240206102583491640e-16
0.000000000000000000e+00
0.000000000000000000e+00
5.600515256458729099e-17
0.000000000000000000e+00
0.000000000000000000e+00
0.000000000000000000e+00
0.000000000000000000e+00
1.680154576937618606e-16
0.000000000000000000e+00
0.000000000000000000e+00
0.000000000000000000e+00
0.000000000000000000e+00
5.600515256458729099e-17
0.000000000000000000e+00
0.000000000000000000e+00
0.000000000000000000e+00
5.600515256458729099e-17
0.000000000000000000e+00
0.000000000000000000e+00
5.600515256458729099e-17
0.000000000000000000e+00
2.240206102583491640e-16
5.600515256458729099e-17
5.600515256458729099e-17
5.600515256458729099e-17
0.000000000000000000e+00
5.600515256458729099e-17
0.000000000000000000e+00
5.600515256458729099e-17
5.600515256458729099e-17
5.600515256458729099e-17
0.000000000000000000e+00
5.600515256458729099e-17
0.000000000000000000e+00
5.060122901649662282e-03
5.156005682161344389e-02
1.702284349198798230e-01
3.445514267737674885e-01
5.583847633953326062e-01
7.241433416141793700e-01
8.052178492660492237e-01
8.052178492660496678e-01
7.241433416141793700e-01
5.583847633953327172e-01
3.445514267737673775e-01
1.702284349198802671e-01
5.156005682161316633e-02
5.060122901649774171e-03
0.000000000000000000e+00
5.600515256458729099e-17
0.000000000000000000e+00
0.000000000000000000e+00
0.000000000000000000e+00
0.000000000000000000e+00
1.680154576937618606e-16
0.000000000000000000e+00
0.000000000000000000e+00
0.000000000000000000e+00
0.000000000000000000e+00
0.000000000000000000e+00
0.000000000000000000e+00
0.000000000000000000e+00
5.600515256458729099e-17
5.600515256458729099e-17
5.600515256458729099e-17
0.000000000000000000e+00
5.600515256458729099e-17
0.000000000000000000e+00
5.600515256458729099e-17
0.000000000000000000e+00
0.000000000000000000e+00
0.000000000000000000e+00
0.000000000000000000e+00
5.600515256458729099e-17
0.000000000000000000e+00
0.000000000000000000e+00
5.600515256458729099e-17
5.600515256458729099e-17
2.240206102583491640e-16
0.000000000000000000e+00
2.240206102583491640e-16
0.000000000000000000e+00
0.000000000000000000e+00
5.600515256458729099e-17
5.600515256458729099e-17
5.600515256458729099e-17
5.600515256458729099e-17
1.680154576937618606e-16
0.000000000000000000e+00
2.240206102583491640e-16
1.680154576937618606e-16
0.000000000000000000e+00
0.000000000000000000e+00
5.600515256458729099e-17
5.060122901649774171e-03
5.156005682161316633e-02
1.702284349198801561e-01
3.737368722122141329e-01
6.196768438722455308e-01
8.029329790045933724e-01
9.166416616911656767e-01
9.667723230348198582e-01
9.667723230348201913e-01
9.166416616911657878e-01
8.029329790045933724e-01
6.196768438722451977e-01
3.737368722122141329e-01
1.702284349198799340e-01
5.156005682161338838e-02
5.060122901649830550e-03
0.000000000000000000e+00
5.600515256458729099e-17
0.000000000000000000e+00
5.600515256458729099e-17
5.600515256458729099e-17
0.000000000000000000e+00
0.000000000000000000e+00
5.600515256458729099e-17
0.000000000000000000e+00
0.000000000000000000e+00
5.600515256458729099e-17
0.000000000000000000e+00
0.000000000000000000e+00
5.600515256458729099e-17
5.600515256458729099e-17
0.000000000000000000e+00
0.000000000000000000e+00
5.600515256458729099e-17
0.000000000000000000e+00
1.680154576937618606e-16
0.000000000000000000e+00
0.000000000000000000e+00
0.000000000000000000e+00
0.000000000000000000e+00
0.000000000000000000e+00
0.000000000000000000e+00
5.600515256458729099e-17
5.600515256458729099e-17
5.600515256458729099e-17
1.680154576937618606e-16
0.000000000000000000e+00
5.600515256458729099e-17
0.000000000000000000e+00
0.000000000000000000e+00
0.000000000000000000e+00
0.000000000000000000e+00
0.000000000000000000e+00
0.000000000000000000e+00
5.060122901649830550e-03
2.798924046564062185e-02
5.357893372644424029e-02
5.357893372644401825e-02
2.798924046564050735e-02
5.060122901649494014e-03
5.060122901649774171e-03
5.156005682161316633e-02
1.702284349198799340e-01
3.737368722122147990e-01
6.262631277877852565e-01
8.297715650801197329e-01
9.484399431783867573e-01
9.949398770983503004e-01
9.999999999999997780e-01
9.999999999999996669e-01
9.949398770983503004e-01
9.484399431783867573e-01
8.297715650801199549e-01
6.262631277877853675e-01
3.737368722122145215e-01
1.702284349198799340e-01
5.156005682161322184e-02
5.060122901649550392e-03
5.060122901649494014e-03
2.798924046564062185e-02
5.357893372644396274e-02
5.357893372644374069e-02
2.798924046564062185e-02
5.060122901649382124e-03
5.600515256458729099e-17
0.000000000000000000e+00
0.000000000000000000e+00
0.000000000000000000e+00
1.680154576937618606e-16
5.600515256458729099e-17
0.000000000000000000e+00
0.000000000000000000e+00
0.000000000000000000e+00
5.600515256458729099e-17
0.000000000000000000e+00
0.000000000000000000e+00
5.600515256458729099e-17
0.000000000000000000e+00
0.000000000000000000e+00
0.000000000000000000e+00
0.000000000000000000e+00
5.600515256458729099e-17
0.000000000000000000e+00
5.600515256458729099e-17
0.000000000000000000e+00
2.240206102583491640e-16
0.000000000000000000e+00
0.000000000000000000e+00
1.680154576937618606e-16
5.600515256458729099e-17
5.600515256458729099e-17
1.680154576937618606e-16
5.600515256458729099e-17
0.000000000000000000e+00
0.000000000000000000e+00
2.798924046564062185e-02
1.024669799037008361e-01
1.784687654182145755e-01
1.993553117376746786e-01
1.358756608542904532e-01
5.156005682161294429e-02
3.322767696517996833e-02
1.358756608542902866e-01
3.445514267737678771e-01
6.196768438722457528e-01
8.297715650801197329e-01
9.484399431783867573e-01
9.949398770983503004e-01
1.000000000000000000e+00
1.000000000000000000e+00
1.000000000000000000e+00
1.000000000000000000e+00
9.949398770983503004e-01
9.484399431783869794e-01
8.297715650801197329e-01
6.196768438722454198e-01
3.445514267737679326e-01
1.358756608542905087e-01
3.322767696517996833e-02
5.156005682161316633e-02
1.358756608542903976e-01
1.993553117376746786e-01
1.784687654182142702e-01
1.024669799037006696e-01
2.798924046564034082e-02
0.000000000000000000e+00
1.680154576937618606e-16
0.000000000000000000e+00
0.000000000000000000e+00
0.000000000000000000e+00
0.000000000000000000e+00
0.000000000000000000e+00
0.000000000000000000e+00
0.000000000000000000e+00
0.000000000000000000e+00
0.000000000000000000e+00
0.000000000000000000e+00
1.680154576937618606e-16
0.000000000000000000e+00
0.000000000000000000e+00
0.000000000000000000e+00
0.000000000000000000e+00
0.000000000000000000e+00
0.000000000000000000e+00
0.000000000000000000e+00
5.600515256458729099e-17
5.600515256458729099e-17
0.000000000000000000e+00
0.000000000000000000e+00
0.000000000000000000e+00
0.000000000000000000e+00
5.600515256458729099e-17
0.000000000000000000e+00
0.000000000000000000e+00
5.600515256458729099e-17
0.000000000000000000e+00
8.335833830883430939e-02
2.414931752603092230e-01
4.213965426758255473e-01
4.599685445563276298e-01
3.445514267737673775e-01
1.762126522771549630e-01
1.397334754415678892e-01
2.758566583858206300e-01
5.583847633953320511e-01
8.029329790045933724e-01
9.484399431783867573e-01
9.949398770983503004e-01
9.999999999999998890e-01
1.000000000000000000e+00
9.999999999999997780e-01
9.999999999999998890e-01
1.000000000000000000e+00
1.000000000000000000e+00
9.949398770983498563e-01
9.484399431783867573e-01
8.029329790045931503e-01
5.583847633953320511e-01
2.758566583858209076e-01
1.397334754415678892e-01
1.762126522771550186e-01
3.445514267737673775e-01
4.599685445563275188e-01
4.213965426758251587e-01
2.414931752603088344e-01
8.335833830883419837e-02
5.060122901649942440e-03
0.000000000000000000e+00
0.000000000000000000e+00
1.680154576937618606e-16
5.600515256458729099e-17
5.600515256458729099e-17
0.000000000000000000e+00
5.600515256458729099e-17
5.600515256458729099e-17
5.600515256458729099e-17
5.600515256458729099e-17
0.000000000000000000e+00
5.600515256458729099e-17
0.000000000000000000e+00
0.000000000000000000e+00
0.000000000000000000e+00
0.000000000000000000e+00
0.000000000000000000e+00
0.000000000000000000e+00
1.680154576937618606e-16
0.000000000000000000e+00
1.680154576937618606e-16
5.600515256458729099e-17
0.000000000000000000e+00
1.680154576937618606e-16
2.240206102583491640e-16
5.600515256458729099e-17
5.600515256458729099e-17
0.000000000000000000e+00
2.240206102583491640e-16
0.000000000000000000e+00
1.620370731488925686e-01
4.053753104594619572e-01
6.603517690236705429e-01
7.328701829662552791e-01
6.196768438722455308e-01
4.097667195591758182e-01
3.554198014463204047e-01
4.780069659304552743e-01
7.304895483947120294e-01
9.166416616911656767e-01
9.949398770983503004e-01
1.000000000000000000e+00
9.999999999999997780e-01
1.000000000000000000e+00
1.000000000000000000e+00
1.000000000000000000e+00
9.999999999999998890e-01
9.999999999999998890e-01
9.999999999999998890e-01
9.949398770983500784e-01
9.166416616911654547e-01
7.304895483947120294e-01
4.780069659304557184e-01
3.554198014463200717e-01
4.097667195591757627e-01
6.196768438722455308e-01
7.328701829662552791e-01
6.603517690236700988e-01
4.053753104594613466e-01
1.620370731488924021e-01
2.798924046564050735e-02
1.680154576937618606e-16
0.000000000000000000e+00
5.600515256458729099e-17
1.680154576937618606e-16
0.000000000000000000e+00
0.000000000000000000e+00
5.600515256458729099e-17
5.600515256458729099e-17
1.680154576937618606e-16
1.680154576937618606e-16
0.000000000000000000e+00
1.680154576937618606e-16
0.000000000000000000e+00
0.000000000000000000e+00
0.000000000000000000e+00
5.600515256458729099e-17
0.000000000000000000e+00
0.000000000000000000e+00
5.600515256458729099e-17
0.000000000000000000e+00
1.680154576937618606e-16
5.600515256458729099e-17
0.000000000000000000e+00
5.600515256458729099e-17
5.600515256458729099e-17
0.000000000000000000e+00
0.000000000000000000e+00
5.600515256458729099e-17
2.240206102583491640e-16
0.000000000000000000e+00
2.391465100791387022e-01
5.583847633953326062e-01
8.260398565068677312e-01
9.187240791023714159e-01
8.297715650801199549e-01
6.932464966102763748e-01
6.240408147260168015e-01
7.217529057703483408e-01
8.641243391457098522e-01
9.720107595343593365e-01
9.999999999999998890e-01
9.999999999999996669e-01
1.000000000000000000e+00
1.000000000000000000e+00
1.000000000000000000e+00
9.999999999999998890e-01
1.000000000000000000e+00
1.000000000000000000e+00
9.999999999999997780e-01
9.999999999999998890e-01
9.720107595343591145e-01
8.641243391457098522e-01
7.217529057703484519e-01
6.240408147260168015e-01
6.932464966102764858e-01
8.297715650801199549e-01
9.187240791023714159e-01
8.260398565068675092e-01
5.583847633953323841e-01
2.391465100791385912e-01
5.897130745679255576e-02
0.000000000000000000e+00
0.000000000000000000e+00
1.680154576937618606e-16
0.000000000000000000e+00
5.600515256458729099e-17
1.680154576937618606e-16
0.000000000000000000e+00
2.240206102583491640e-16
5.600515256458729099e-17
1.680154576937618606e-16
0.000000000000000000e+00
1.680154576937618606e-16
5.600515256458729099e-17
0.000000000000000000e+00
0.000000000000000000e+00
5.600515256458729099e-17
0.000000000000000000e+00
0.000000000000000000e+00
1.680154576937618606e-16
0.000000000000000000e+00
0.000000000000000000e+00
1.680154576937618606e-16
0.000000000000000000e+00
0.000000000000000000e+00
5.600515256458729099e-17
0.000000000000000000e+00
0.000000000000000000e+00
5.600515256458729099e-17
5.600515256458729099e-17
5.600515256458729099e-17
3.353345532816887631e-01
6.646654467183111814e-01
8.916531783683367962e-01
9.898467477960882777e-01
9.484399431783865353e-01
8.897346025730888952e-01
8.558733395986980463e-01
8.897346025730891173e-01
9.484399431783867573e-01
9.949398770983503004e-01
9.999999999999997780e-01
1.000000000000000000e+00
1.000000000000000000e+00
9.999999999999998890e-01
9.999999999999998890e-01
9.999999999999998890e-01
9.999999999999998890e-01
1.000000000000000000e+00
1.000000000000000000e+00
9.999999999999998890e-01
9.949398770983500784e-01
9.484399431783867573e-01
8.897346025730888952e-01
8.558733395986980463e-01
8.897346025730888952e-01
9.484399431783865353e-01
9.898467477960882777e-01
8.916531783683365742e-01
6.646654467183109594e-01
3.353345532816885965e-01
1.083468216316633564e-01
5.060122901649662282e-03
0.000000000000000000e+00
0.000000000000000000e+00
1.680154576937618606e-16
0.000000000000000000e+00
0.000000000000000000e+00
5.600515256458729099e-17
5.600515256458729099e-17
5.600515256458729099e-17
1.680154576937618606e-16
0.000000000000000000e+00
1.680154576937618606e-16
5.600515256458729099e-17
5.600515256458729099e-17
0.000000000000000000e+00
5.600515256458729099e-17
0.000000000000000000e+00
0.000000000000000000e+00
5.600515256458729099e-17
0.000000000000000000e+00
5.600515256458729099e-17
5.600515256458729099e-17
0.000000000000000000e+00
5.600515256458729099e-17
0.000000000000000000e+00
5.600515256458729099e-17
0.000000000000000000e+00
0.000000000000000000e+00
0.000000000000000000e+00
0.000000000000000000e+00
4.416152366046676159e-01
7.608534899208612146e-01
9.410286925432073124e-01
9.999999999999997780e-01
9.949398770983500784e-01
9.772168158136215199e-01
9.700453947404605870e-01
9.772168158136212979e-01
9.949398770983500784e-01
1.000000000000000000e+00
1.000000000000000000e+00
1.000000000000000000e+00
1.000000000000000000e+00
1.000000000000000000e+00
9.999999999999997780e-01
9.999999999999996669e-01
1.000000000000000000e+00
1.000000000000000000e+00
1.000000000000000000e+00
1.000000000000000000e+00
9.999999999999996669e-01
9.949398770983503004e-01
9.772168158136215199e-01
9.700453947404602539e-01
9.772168158136212979e-01
9.949398770983500784e-01
9.999999999999996669e-01
9.410286925432068683e-01
7.608534899208611035e-01
4.416152366046676159e-01
1.679856079553870285e-01
2.798924046564050735e-02
5.600515256458729099e-17
5.600515256458729099e-17
5.600515256458729099e-17
0.000000000000000000e+00
5.600515256458729099e-17
5.600515256458729099e-17
1.680154576937618606e-16
5.600515256458729099e-17
1.680154576937618606e-16
0.000000000000000000e+00
1.680154576937618606e-16
5.600515256458729099e-17
0.000000000000000000e+00
0.000000000000000000e+00
5.600515256458729099e-17
0.000000000000000000e+00
0.000000000000000000e+00
5.600515256458729099e-17
0.000000000000000000e+00
1.680154576937618606e-16
5.600515256458729099e-17
0.000000000000000000e+00
5.600515256458729099e-17
1.680154576937618606e-16
5.600515256458729099e-17
0.000000000000000000e+00
5.600515256458729099e-17
5.600515256458729099e-17
0.000000000000000000e+00
5.583847633953326062e-01
8.320143920446133601e-01
9.720107595343595586e-01
9.999999999999998890e-01
1.000000000000000000e+00
9.999999999999998890e-01
1.000000000000000000e+00
1.000000000000000000e+00
1.000000000000000000e+00
1.000000000000000000e+00
1.000000000000000000e+00
1.000000000000000000e+00
9.999999999999997780e-01
9.999999999999997780e-01
9.999999999999998890e-01
9.999999999999998890e-01
9.999999999999998890e-01
1.000000000000000000e+00
1.000000000000000000e+00
1.000000000000000000e+00
9.999999999999996669e-01
1.000000000000000000e+00
1.000000000000000000e+00
1.000000000000000000e+00
1.000000000000000000e+00
1.000000000000000000e+00
9.999999999999998890e-01
9.720107595343591145e-01
8.379629268511072926e-01
5.879938450421434704e-01
2.758566583858207411e-01
8.335833830883436490e-02
5.060122901649662282e-03
1.680154576937618606e-16
5.600515256458729099e-17
0.000000000000000000e+00
0.000000000000000000e+00
0.000000000000000000e+00
5.600515256458729099e-17
5.600515256458729099e-17
0.000000000000000000e+00
0.000000000000000000e+00
5.600515256458729099e-17
5.600515256458729099e-17
0.000000000000000000e+00
0.000000000000000000e+00
5.600515256458729099e-17
0.000000000000000000e+00
0.000000000000000000e+00
5.600515256458729099e-17
0.000000000000000000e+00
0.000000000000000000e+00
5.600515256458729099e-17
0.000000000000000000e+00
5.600515256458729099e-17
5.600515256458729099e-17
5.600515256458729099e-17
5.600515256458729099e-17
5.060122901649662282e-03
2.278318418637860152e-02
2.995460525953965933e-02
5.608891429970102038e-01
7.927876347640177013e-01
9.054903736502809553e-01
9.110810720573385701e-01
9.110810720573382371e-01
9.110810720573385701e-01
9.110810720573384591e-01
9.110810720573382371e-01
9.110810720573384591e-01
9.110810720573384591e-01
9.110810720573382371e-01
9.110810720573384591e-01
9.110810720573383481e-01
9.110810720573383481e-01
9.110810720573384591e-01
9.110810720573384591e-01
9.110810720573383481e-01
9.110810720573382371e-01
9.110810720573382371e-01
9.110810720573384591e-01
9.110810720573382371e-01
9.110810720573384591e-01
9.110810720573382371e-01
9.110810720573384591e-01
9.110810720573384591e-01
9.110810720573382371e-01
9.110810720573384591e-01
9.054903736502807332e-01
8.198093142186750892e-01
6.221539062783411067e-01
3.377817584920884131e-01
1.300748441807637601e-01
2.278318418637860152e-02
1.680154576937618606e-16
2.240206102583491640e-16
0.000000000000000000e+00
0.000000000000000000e+00
0.000000000000000000e+00
0.000000000000000000e+00
0.000000000000000000e+00
0.000000000000000000e+00
0.000000000000000000e+00
5.600515256458729099e-17
0.000000000000000000e+00
0.000000000000000000e+00
0.000000000000000000e+00
0.000000000000000000e+00
0.000000000000000000e+00
0.000000000000000000e+00
5.600515256458729099e-17
0.000000000000000000e+00
5.600515256458729099e-17
5.600515256458729099e-17
0.000000000000000000e+00
5.600515256458729099e-17
0.000000000000000000e+00
0.000000000000000000e+00
5.600515256458729099e-17
2.278318418637843498e-02
4.801335344919458598e-02
6.100644106762617008e-02
4.305457449660093916e-01
5.996044313843462703e-01
6.736056461939535778e-01
6.736056461939534667e-01
6.736056461939530227e-01
6.736056461939533557e-01
6.736056461939533557e-01
6.736056461939533557e-01
6.736056461939534667e-01
6.736056461939535778e-01
6.736056461939532447e-01
6.736056461939530227e-01
6.736056461939533557e-01
6.736056461939533557e-01
6.736056461939533557e-01
6.736056461939533557e-01
6.736056461939533557e-01
6.736056461939535778e-01
6.736056461939529116e-01
6.736056461939532447e-01
6.736056461939533557e-01
6.736056461939533557e-01
6.736056461939533557e-01
6.736056461939532447e-01
6.736056461939534667e-01
6.736056461939529116e-01
6.736056461939534667e-01
6.736056461939529116e-01
6.380257372447322162e-01
5.083689478521052907e-01
3.156300645173339969e-01
1.240815674327282736e-01
2.995460525953948933e-02
0.000000000000000000e+00
2.240206102583491640e-16
0.000000000000000000e+00
0.000000000000000000e+00
0.000000000000000000e+00
5.600515256458729099e-17
0.000000000000000000e+00
5.600515256458729099e-17
0.000000000000000000e+00
5.600515256458729099e-17
0.000000000000000000e+00
0.000000000000000000e+00
0.000000000000000000e+00
0.000000000000000000e+00
0.000000000000000000e+00
0.000000000000000000e+00
5.600515256458729099e-17
0.000000000000000000e+00
0.000000000000000000e+00
5.600515256458729099e-17
0.000000000000000000e+00
5.600515256458729099e-17
0.000000000000000000e+00
0.000000000000000000e+00
0.000000000000000000e+00
2.995460525953948933e-02
6.100644106762628804e-02
9.311927539747054394e-02
