4.284567855732985819e-01
6.025389341798775833e-01
6.782960902790531321e-01
6.782960902790529101e-01
6.782960902790529101e-01
6.782960902790529101e-01
6.782960902790529101e-01
6.782960902790529101e-01
6.782960902790530211e-01
6.782960902790530211e-01
6.782960902790527991e-01
6.782960902790531321e-01
6.782960902790529101e-01
6.782960902790529101e-01
6.782960902790530211e-01
6.782960902790529101e-01
6.782960902790529101e-01
6.782960902790529101e-01
6.782960902790530211e-01
6.782960902790529101e-01
6.782960902790530211e-01
6.782960902790529101e-01
6.782960902790529101e-01
6.782960902790529101e-01
6.782960902790527991e-01
6.782960902790530211e-01
6.782960902790529101e-01
6.782960902790529101e-01
6.782960902790529101e-01
6.782960902790531321e-01
6.782960902790531321e-01
6.394141075828361220e-01
5.601507564885396251e-01
4.398492435114604859e-01
3.308254011875179645e-01
2.332981745038720245e-01
1.563631402363379608e-01
7.940316685456090540e-02
2.638701818871324462e-02
4.748594839680966330e-03
9.909133386381721415e-17
0.000000000000000000e+00
9.909133386381721415e-17
0.000000000000000000e+00
0.000000000000000000e+00
0.000000000000000000e+00
0.000000000000000000e+00
0.000000000000000000e+00
0.000000000000000000e+00
9.909133386381721415e-17
0.000000000000000000e+00
4.748594839681065209e-03
2.638701818871324462e-02
7.940316685456075274e-02
1.563631402363379053e-01
2.332981745038719412e-01
3.308254011875179645e-01
4.398492435114604859e-01
5.601507564885395141e-01
5.627286930675896581e-01
4.284567855732983044e-01
6.025389341798774723e-01
8.256452970162027061e-01
9.152169293821125207e-01
9.152169293821125207e-01
9.152169293821122986e-01
9.152169293821125207e-01
9.152169293821125207e-01
9.152169293821122986e-01
9.152169293821125207e-01
9.152169293821122986e-01
9.152169293821122986e-01
9.152169293821125207e-01
9.152169293821122986e-01
9.152169293821125207e-01
9.152169293821122986e-01
9.152169293821122986e-01
9.152169293821125207e-01
9.152169293821125207e-01
9.152169293821125207e-01
9.152169293821122986e-01
9.152169293821122986e-01
9.152169293821125207e-01
9.152169293821122986e-01
9.152169293821125207e-01
9.152169293821122986e-01
9.152169293821122986e-01
9.152169293821125207e-01
9.152169293821125207e-01
9.152169293821125207e-01
9.152169293821125207e-01
9.152169293821125207e-01
8.907953628060006901e-01
8.377502995829380072e-01
7.667018254961278645e-01
6.691745988124822020e-01
5.601507564885396251e-01
4.025764698702349320e-01
2.356591484625072674e-01
9.793069057289098545e-02
2.638701818871314400e-02
9.909133386381721415e-17
0.000000000000000000e+00
9.909133386381721415e-17
0.000000000000000000e+00
0.000000000000000000e+00
0.000000000000000000e+00
0.000000000000000000e+00
0.000000000000000000e+00
0.000000000000000000e+00
9.909133386381721415e-17
0.000000000000000000e+00
2.638701818871324462e-02
9.793069057289077728e-02
2.356591484625071564e-01
4.025764698702349320e-01
5.601507564885395141e-01
6.691745988124823130e-01
7.667018254961278645e-01
8.377502995829380072e-01
7.987218230164312427e-01
6.025389341798773613e-01
6.782960902790529101e-01
9.152169293821122986e-01
1.000000000000000000e+00
9.999999999999997780e-01
9.999999999999997780e-01
1.000000000000000000e+00
1.000000000000000000e+00
9.999999999999995559e-01
9.999999999999997780e-01
1.000000000000000000e+00
9.999999999999997780e-01
1.000000000000000000e+00
9.999999999999997780e-01
9.999999999999997780e-01
1.000000000000000000e+00
1.000000000000000000e+00
9.999999999999997780e-01
9.999999999999997780e-01
1.000000000000000000e+00
1.000000000000000000e+00
9.999999999999997780e-01
9.999999999999997780e-01
9.999999999999997780e-01
1.000000000000000000e+00
1.000000000000000000e+00
9.999999999999997780e-01
1.000000000000000000e+00
9.999999999999997780e-01
9.999999999999997780e-01
1.000000000000000000e+00
1.000000000000000000e+00
9.952514051603190692e-01
9.736129818112867484e-01
9.440747457452051128e-01
8.963460857147343974e-01
8.318292444394237428e-01
6.647699907068067571e-01
4.190452533137205560e-01
1.726447335964824692e-01
5.076035493002255261e-02
0.000000000000000000e+00
0.000000000000000000e+00
9.909133386381721415e-17
0.000000000000000000e+00
0.000000000000000000e+00
0.000000000000000000e+00
0.000000000000000000e+00
0.000000000000000000e+00
0.000000000000000000e+00
9.909133386381721415e-17
9.909133386381721415e-17
5.076035493002264976e-02
1.726447335964823582e-01
4.190452533137205560e-01
6.647699907068067571e-01
8.318292444394235208e-01
8.963460857147341754e-01
9.440747457452051128e-01
9.736129818112867484e-01
9.097982427561328578e-01
6.782960902790529101e-01
6.782960902790531321e-01
9.152169293821125207e-01
1.000000000000000000e+00
1.000000000000000000e+00
9.999999999999995559e-01
1.000000000000000000e+00
9.999999999999997780e-01
9.999999999999997780e-01
9.999999999999997780e-01
1.000000000000000000e+00
9.999999999999997780e-01
9.999999999999997780e-01
1.000000000000000000e+00
9.999999999999997780e-01
1.000000000000000000e+00
1.000000000000000000e+00
1.000000000000000000e+00
1.000000000000000000e+00
9.999999999999995559e-01
9.999999999999997780e-01
1.000000000000000000e+00
1.000000000000000000e+00
9.999999999999997780e-01
9.999999999999997780e-01
9.999999999999997780e-01
9.999999999999995559e-01
1.000000000000000000e+00
9.999999999999995559e-01
1.000000000000000000e+00
1.000000000000000000e+00
1.000000000000000000e+00
1.000000000000000000e+00
1.000000000000000000e+00
9.999999999999997780e-01
9.904619517685361307e-01
9.226090910971356251e-01
7.384819685102597120e-01
4.587489708520711140e-01
1.934327637439734182e-01
5.076035493002255261e-02
0.000000000000000000e+00
0.000000000000000000e+00
9.909133386381721415e-17
0.000000000000000000e+00
0.000000000000000000e+00
0.000000000000000000e+00
0.000000000000000000e+00
0.000000000000000000e+00
0.000000000000000000e+00
9.909133386381721415e-17
0.000000000000000000e+00
5.076035493002264976e-02
1.934327637439732239e-01
4.587489708520709475e-01
7.384819685102597120e-01
9.226090910971354031e-01
9.904619517685361307e-01
9.999999999999997780e-01
1.000000000000000000e+00
9.152169293821125207e-01
6.782960902790529101e-01
6.782960902790531321e-01
9.152169293821125207e-01
9.999999999999997780e-01
9.999999999999997780e-01
9.999999999999997780e-01
1.000000000000000000e+00
9.999999999999997780e-01
9.999999999999997780e-01
9.999999999999995559e-01
1.000000000000000000e+00
9.999999999999997780e-01
1.000000000000000000e+00
1.000000000000000000e+00
9.999999999999997780e-01
9.999999999999997780e-01
9.999999999999997780e-01
1.000000000000000000e+00
1.000000000000000000e+00
1.000000000000000000e+00
1.000000000000000000e+00
9.999999999999997780e-01
9.999999999999997780e-01
9.999999999999997780e-01
1.000000000000000000e+00
9.999999999999997780e-01
9.999999999999997780e-01
9.999999999999997780e-01
9.999999999999997780e-01
9.999999999999997780e-01
1.000000000000000000e+00
9.999999999999997780e-01
9.999999999999995559e-01
1.000000000000000000e+00
9.952514051603190692e-01
9.511708244406691382e-01
8.355285699345500472e-01
6.231391000983060868e-01
3.402391938277949945e-01
1.305818465135338002e-01
2.638701818871314400e-02
0.000000000000000000e+00
0.000000000000000000e+00
9.909133386381721415e-17
0.000000000000000000e+00
0.000000000000000000e+00
0.000000000000000000e+00
0.000000000000000000e+00
0.000000000000000000e+00
0.000000000000000000e+00
9.909133386381721415e-17
0.000000000000000000e+00
2.638701818871324462e-02
1.305818465135337447e-01
3.402391938277948280e-01
6.231391000983057538e-01
8.355285699345500472e-01
9.511708244406691382e-01
9.952514051603190692e-01
9.999999999999997780e-01
9.152169293821125207e-01
6.782960902790527991e-01
6.782960902790530211e-01
9.152169293821125207e-01
9.999999999999997780e-01
9.999999999999997780e-01
9.999999999999995559e-01
1.000000000000000000e+00
1.000000000000000000e+00
1.000000000000000000e+00
1.000000000000000000e+00
9.999999999999997780e-01
9.999999999999997780e-01
1.000000000000000000e+00
1.000000000000000000e+00
9.999999999999997780e-01
9.999999999999997780e-01
9.999999999999997780e-01
9.999999999999997780e-01
1.000000000000000000e+00
1.000000000000000000e+00
9.999999999999997780e-01
9.999999999999997780e-01
9.999999999999997780e-01
1.000000000000000000e+00
1.000000000000000000e+00
9.999999999999997780e-01
9.999999999999995559e-01
9.999999999999997780e-01
9.999999999999997780e-01
9.999999999999997780e-01
1.000000000000000000e+00
1.000000000000000000e+00
1.000000000000000000e+00
1.000000000000000000e+00
9.785430589297426929e-01
8.944764087981584844e-01
6.982990196919408588e-01
4.070889274568156857e-01
1.704053472515861811e-01
4.882917555933081327e-02
4.748594839680867451e-03
0.000000000000000000e+00
0.000000000000000000e+00
0.000000000000000000e+00
0.000000000000000000e+00
0.000000000000000000e+00
0.000000000000000000e+00
0.000000000000000000e+00
0.000000000000000000e+00
0.000000000000000000e+00
9.909133386381721415e-17
0.000000000000000000e+00
4.748594839680966330e-03
4.882917555933071613e-02
1.704053472515859313e-01
4.070889274568156857e-01
6.982990196919406367e-01
8.944764087981588174e-01
9.785430589297426929e-01
9.999999999999997780e-01
9.152169293821122986e-01
6.782960902790529101e-01
6.782960902790529101e-01
9.152169293821125207e-01
1.000000000000000000e+00
9.999999999999997780e-01
9.999999999999997780e-01
1.000000000000000000e+00
1.000000000000000000e+00
9.999999999999997780e-01
9.999999999999997780e-01
9.999999999999997780e-01
1.000000000000000000e+00
1.000000000000000000e+00
1.000000000000000000e+00
1.000000000000000000e+00
9.999999999999997780e-01
9.999999999999995559e-01
1.000000000000000000e+00
1.000000000000000000e+00
1.000000000000000000e+00
1.000000000000000000e+00
9.999999999999995559e-01
9.999999999999997780e-01
9.999999999999997780e-01
1.000000000000000000e+00
9.999999999999995559e-01
9.999999999999995559e-01
9.999999999999997780e-01
9.999999999999995559e-01
9.999999999999997780e-01
1.000000000000000000e+00
1.000000000000000000e+00
1.000000000000000000e+00
1.000000000000000000e+00
9.717492474036328876e-01
8.613064243317298807e-01
6.276133842994854328e-01
3.513520621520856424e-01
1.343722709816560779e-01
3.135765436183719779e-02
4.748594839680867451e-03
0.000000000000000000e+00
0.000000000000000000e+00
0.000000000000000000e+00
0.000000000000000000e+00
0.000000000000000000e+00
0.000000000000000000e+00
0.000000000000000000e+00
0.000000000000000000e+00
0.000000000000000000e+00
9.909133386381721415e-17
0.000000000000000000e+00
4.748594839680966330e-03
3.135765436183710064e-02
1.343722709816558836e-01
3.513520621520854204e-01
6.276133842994854328e-01
8.613064243317303248e-01
9.717492474036326655e-01
9.999999999999997780e-01
9.152169293821125207e-01
6.782960902790529101e-01
6.782960902790530211e-01
9.152169293821125207e-01
1.000000000000000000e+00
9.999999999999997780e-01
1.000000000000000000e+00
9.999999999999997780e-01
1.000000000000000000e+00
1.000000000000000000e+00
1.000000000000000000e+00
9.999999999999997780e-01
9.999999999999997780e-01
1.000000000000000000e+00
9.999999999999997780e-01
9.999999999999997780e-01
9.999999999999995559e-01
9.999999999999995559e-01
9.999999999999995559e-01
1.000000000000000000e+00
1.000000000000000000e+00
1.000000000000000000e+00
9.999999999999995559e-01
1.000000000000000000e+00
1.000000000000000000e+00
1.000000000000000000e+00
9.999999999999997780e-01
1.000000000000000000e+00
9.999999999999997780e-01
9.999999999999995559e-01
9.999999999999995559e-01
1.000000000000000000e+00
9.999999999999997780e-01
1.000000000000000000e+00
1.000000000000000000e+00
9.785430589297424708e-01
8.944764087981588174e-01
7.272327712918504883e-01
4.773339719581683460e-01
2.703467021899181311e-01
1.305818465135337447e-01
4.882917555933071613e-02
4.748594839680867451e-03
0.000000000000000000e+00
0.000000000000000000e+00
0.000000000000000000e+00
0.000000000000000000e+00
0.000000000000000000e+00
0.000000000000000000e+00
0.000000000000000000e+00
0.000000000000000000e+00
9.909133386381721415e-17
4.748594839680768571e-03
4.882917555933071613e-02
1.305818465135337447e-01
2.703467021899180756e-01
4.773339719581683460e-01
7.272327712918502662e-01
8.944764087981588174e-01
9.785430589297424708e-01
1.000000000000000000e+00
9.152169293821122986e-01
6.782960902790529101e-01
6.782960902790530211e-01
9.152169293821127427e-01
1.000000000000000000e+00
1.000000000000000000e+00
9.999999999999995559e-01
1.000000000000000000e+00
1.000000000000000000e+00
9.999999999999995559e-01
9.999999999999995559e-01
9.999999999999997780e-01
9.999999999999995559e-01
9.999999999999997780e-01
9.999999999999997780e-01
1.000000000000000000e+00
9.999999999999997780e-01
9.999999999999995559e-01
1.000000000000000000e+00
1.000000000000000000e+00
9.999999999999995559e-01
9.999999999999997780e-01
9.999999999999997780e-01
9.999999999999995559e-01
9.999999999999995559e-01
1.000000000000000000e+00
9.999999999999997780e-01
9.999999999999995559e-01
1.000000000000000000e+00
9.999999999999997780e-01
1.000000000000000000e+00
1.000000000000000000e+00
1.000000000000000000e+00
1.000000000000000000e+00
1.000000000000000000e+00
9.952514051603191803e-01
9.511708244406691382e-01
8.694181534864662275e-01
7.360748213554860753e-01
5.601507564885391810e-01
3.402391938277951056e-01
1.644714300654500083e-01
4.882917555933071613e-02
4.748594839680768571e-03
0.000000000000000000e+00
0.000000000000000000e+00
0.000000000000000000e+00
0.000000000000000000e+00
0.000000000000000000e+00
0.000000000000000000e+00
0.000000000000000000e+00
4.748594839680867451e-03
4.882917555933071613e-02
1.644714300654500083e-01
3.402391938277949390e-01
5.601507564885390700e-01
7.360748213554862973e-01
8.694181534864660055e-01
9.511708244406691382e-01
9.952514051603191803e-01
9.999999999999997780e-01
9.152169293821122986e-01
6.782960902790531321e-01
6.782960902790530211e-01
9.152169293821127427e-01
1.000000000000000000e+00
9.999999999999997780e-01
9.999999999999997780e-01
1.000000000000000000e+00
9.999999999999997780e-01
1.000000000000000000e+00
1.000000000000000000e+00
9.999999999999997780e-01
1.000000000000000000e+00
1.000000000000000000e+00
9.999999999999997780e-01
1.000000000000000000e+00
1.000000000000000000e+00
1.000000000000000000e+00
9.999999999999997780e-01
9.999999999999997780e-01
9.999999999999997780e-01
9.999999999999995559e-01
9.999999999999997780e-01
1.000000000000000000e+00
9.999999999999997780e-01
9.999999999999995559e-01
1.000000000000000000e+00
9.999999999999997780e-01
9.999999999999997780e-01
9.999999999999997780e-01
9.999999999999997780e-01
1.000000000000000000e+00
1.000000000000000000e+00
9.999999999999997780e-01
1.000000000000000000e+00
1.000000000000000000e+00
9.952514051603190692e-01
9.736129818112871925e-01
9.205968331454390530e-01
8.088495793644463472e-01
6.231391000983063089e-01
3.701087815111017698e-01
1.644714300654499251e-01
4.882917555933071613e-02
4.748594839680867451e-03
0.000000000000000000e+00
0.000000000000000000e+00
0.000000000000000000e+00
0.000000000000000000e+00
0.000000000000000000e+00
4.748594839680768571e-03
4.882917555933081327e-02
1.644714300654499251e-01
3.701087815111019363e-01
6.231391000983063089e-01
8.088495793644460141e-01
9.205968331454390530e-01
9.736129818112867484e-01
9.952514051603190692e-01
9.999999999999997780e-01
1.000000000000000000e+00
9.152169293821127427e-01
6.782960902790525770e-01
6.782960902790530211e-01
9.152169293821127427e-01
1.000000000000000000e+00
1.000000000000000000e+00
9.999999999999997780e-01
9.999999999999997780e-01
1.000000000000000000e+00
9.999999999999997780e-01
1.000000000000000000e+00
9.999999999999995559e-01
9.999999999999995559e-01
9.999999999999995559e-01
1.000000000000000000e+00
1.000000000000000000e+00
9.999999999999997780e-01
9.999999999999997780e-01
9.999999999999997780e-01
1.000000000000000000e+00
9.999999999999997780e-01
9.999999999999997780e-01
9.999999999999995559e-01
1.000000000000000000e+00
1.000000000000000000e+00
1.000000000000000000e+00
9.999999999999997780e-01
9.999999999999997780e-01
1.000000000000000000e+00
9.999999999999994449e-01
1.000000000000000000e+00
1.000000000000000000e+00
1.000000000000000000e+00
1.000000000000000000e+00
1.000000000000000000e+00
9.999999999999997780e-01
1.000000000000000000e+00
1.000000000000000000e+00
9.952514051603190692e-01
9.511708244406691382e-01
8.355285699345500472e-01
6.298912184888979526e-01
3.701087815111019363e-01
1.644714300654498695e-01
4.882917555933071613e-02
4.748594839680768571e-03
0.000000000000000000e+00
0.000000000000000000e+00
0.000000000000000000e+00
4.748594839680867451e-03
4.882917555933051490e-02
1.644714300654499251e-01
3.701087815111017698e-01
6.298912184888979526e-01
8.355285699345498251e-01
9.511708244406691382e-01
9.952514051603190692e-01
1.000000000000000000e+00
1.000000000000000000e+00
9.999999999999997780e-01
1.000000000000000000e+00
9.152169293821125207e-01
6.782960902790529101e-01
6.782960902790531321e-01
9.152169293821125207e-01
1.000000000000000000e+00
1.000000000000000000e+00
9.999999999999997780e-01
1.000000000000000000e+00
1.000000000000000000e+00
9.999999999999997780e-01
1.000000000000000000e+00
1.000000000000000000e+00
9.999999999999995559e-01
1.000000000000000000e+00
1.000000000000000000e+00
9.999999999999997780e-01
9.999999999999997780e-01
1.000000000000000000e+00
1.000000000000000000e+00
1.000000000000000000e+00
1.000000000000000000e+00
9.999999999999995559e-01
9.999999999999997780e-01
1.000000000000000000e+00
1.000000000000000000e+00
1.000000000000000000e+00
1.000000000000000000e+00
9.999999999999997780e-01
1.000000000000000000e+00
9.999999999999997780e-01
9.999999999999997780e-01
1.000000000000000000e+00
1.000000000000000000e+00
9.999999999999997780e-01
1.000000000000000000e+00
1.000000000000000000e+00
1.000000000000000000e+00
1.000000000000000000e+00
9.999999999999997780e-01
9.952514051603191803e-01
9.511708244406691382e-01
8.355285699345501582e-01
6.231391000983063089e-01
3.402391938277949945e-01
1.305818465135338002e-01
2.638701818871314400e-02
0.000000000000000000e+00
0.000000000000000000e+00
0.000000000000000000e+00
2.638701818871314400e-02
1.305818465135336059e-01
3.402391938277949945e-01
6.231391000983063089e-01
8.355285699345501582e-01
9.511708244406691382e-01
9.952514051603191803e-01
9.999999999999997780e-01
1.000000000000000000e+00
1.000000000000000000e+00
1.000000000000000000e+00
1.000000000000000000e+00
9.152169293821125207e-01
6.782960902790525770e-01
6.782960902790530211e-01
9.152169293821122986e-01
1.000000000000000000e+00
1.000000000000000000e+00
1.000000000000000000e+00
1.000000000000000000e+00
9.999999999999997780e-01
1.000000000000000000e+00
9.999999999999997780e-01
1.000000000000000000e+00
1.000000000000000000e+00
1.000000000000000000e+00
9.999999999999997780e-01
1.000000000000000000e+00
9.999999999999997780e-01
9.999999999999995559e-01
1.000000000000000000e+00
1.000000000000000000e+00
1.000000000000000000e+00
9.999999999999997780e-01
1.000000000000000000e+00
1.000000000000000000e+00
1.000000000000000000e+00
1.000000000000000000e+00
1.000000000000000000e+00
1.000000000000000000e+00
1.000000000000000000e+00
9.999999999999997780e-01
1.000000000000000000e+00
1.000000000000000000e+00
1.000000000000000000e+00
1.000000000000000000e+00
1.000000000000000000e+00
1.000000000000000000e+00
1.000000000000000000e+00
1.000000000000000000e+00
1.000000000000000000e+00
1.000000000000000000e+00
9.952514051603190692e-01
9.511708244406691382e-01
8.088495793644460141e-01
5.601507564885391810e-01
2.639251786445137027e-01
7.940316685456079437e-02
4.748594839680768571e-03
0.000000000000000000e+00
4.748594839680768571e-03
7.940316685456079437e-02
2.639251786445134806e-01
5.601507564885391810e-01
8.088495793644461251e-01
9.511708244406691382e-01
9.952514051603190692e-01
1.000000000000000000e+00
9.999999999999997780e-01
9.999999999999997780e-01
1.000000000000000000e+00
1.000000000000000000e+00
9.999999999999995559e-01
9.152169293821125207e-01
6.782960902790531321e-01
6.782960902790529101e-01
9.152169293821125207e-01
1.000000000000000000e+00
1.000000000000000000e+00
1.000000000000000000e+00
9.999999999999997780e-01
1.000000000000000000e+00
1.000000000000000000e+00
1.000000000000000000e+00
1.000000000000000000e+00
9.999999999999997780e-01
9.999999999999997780e-01
1.000000000000000000e+00
1.000000000000000000e+00
1.000000000000000000e+00
1.000000000000000000e+00
9.999999999999997780e-01
1.000000000000000000e+00
1.000000000000000000e+00
1.000000000000000000e+00
9.999999999999997780e-01
1.000000000000000000e+00
9.999999999999997780e-01
1.000000000000000000e+00
1.000000000000000000e+00
1.000000000000000000e+00
1.000000000000000000e+00
1.000000000000000000e+00
1.000000000000000000e+00
1.000000000000000000e+00
1.000000000000000000e+00
9.999999999999997780e-01
1.000000000000000000e+00
9.999999999999997780e-01
9.999999999999997780e-01
1.000000000000000000e+00
1.000000000000000000e+00
9.999999999999997780e-01
1.000000000000000000e+00
9.952514051603190692e-01
9.205968331454390530e-01
7.296532978100815914e-01
4.093905819051683603e-01
1.563631402363379885e-01
2.638701818871304686e-02
0.000000000000000000e+00
2.638701818871304686e-02
1.563631402363379885e-01
4.093905819051681383e-01
7.296532978100814804e-01
9.205968331454390530e-01
9.952514051603190692e-01
9.999999999999997780e-01
9.999999999999995559e-01
9.999999999999997780e-01
9.999999999999997780e-01
1.000000000000000000e+00
9.999999999999997780e-01
1.000000000000000000e+00
9.152169293821125207e-01
6.782960902790525770e-01
6.782960902790531321e-01
9.152169293821125207e-01
9.999999999999997780e-01
1.000000000000000000e+00
9.999999999999997780e-01
9.999999999999997780e-01
9.999999999999997780e-01
9.999999999999995559e-01
9.999999999999997780e-01
1.000000000000000000e+00
9.999999999999995559e-01
1.000000000000000000e+00
9.999999999999995559e-01
9.999999999999995559e-01
9.999999999999997780e-01
9.999999999999997780e-01
9.999999999999997780e-01
9.999999999999997780e-01
1.000000000000000000e+00
9.999999999999997780e-01
9.999999999999997780e-01
9.999999999999997780e-01
9.999999999999997780e-01
9.999999999999997780e-01
1.000000000000000000e+00
9.999999999999997780e-01
1.000000000000000000e+00
9.999999999999997780e-01
9.999999999999997780e-01
1.000000000000000000e+00
1.000000000000000000e+00
1.000000000000000000e+00
1.000000000000000000e+00
1.000000000000000000e+00
1.000000000000000000e+00
1.000000000000000000e+00
1.000000000000000000e+00
1.000000000000000000e+00
1.000000000000000000e+00
9.999999999999997780e-01
9.686423456381627606e-01
8.111273431075501916e-01
5.200773026547539368e-01
2.056519263499042571e-01
5.076035493002245547e-02
0.000000000000000000e+00
5.076035493002235832e-02
2.056519263499042571e-01
5.200773026547539368e-01
8.111273431075501916e-01
9.686423456381626496e-01
9.999999999999997780e-01
1.000000000000000000e+00
9.999999999999997780e-01
9.999999999999997780e-01
9.999999999999997780e-01
1.000000000000000000e+00
1.000000000000000000e+00
1.000000000000000000e+00
9.152169293821125207e-01
6.782960902790529101e-01
6.782960902790525770e-01
9.152169293821125207e-01
9.999999999999997780e-01
1.000000000000000000e+00
9.999999999999997780e-01
9.999999999999997780e-01
9.999999999999997780e-01
1.000000000000000000e+00
9.999999999999995559e-01
9.999999999999997780e-01
9.999999999999995559e-01
1.000000000000000000e+00
1.000000000000000000e+00
1.000000000000000000e+00
1.000000000000000000e+00
1.000000000000000000e+00
9.999999999999997780e-01
9.999999999999997780e-01
9.999999999999997780e-01
1.000000000000000000e+00
9.999999999999997780e-01
9.999999999999997780e-01
1.000000000000000000e+00
9.999999999999997780e-01
1.000000000000000000e+00
9.999999999999997780e-01
1.000000000000000000e+00
9.999999999999995559e-01
1.000000000000000000e+00
1.000000000000000000e+00
1.000000000000000000e+00
1.000000000000000000e+00
1.000000000000000000e+00
1.000000000000000000e+00
1.000000000000000000e+00
1.000000000000000000e+00
1.000000000000000000e+00
9.999999999999997780e-01
1.000000000000000000e+00
1.000000000000000000e+00
9.686423456381627606e-01
8.111273431075501916e-01
5.200773026547540479e-01
2.056519263499042571e-01
5.076035493002245547e-02
0.000000000000000000e+00
5.076035493002235832e-02
2.056519263499042571e-01
5.200773026547539368e-01
8.111273431075501916e-01
9.686423456381627606e-01
9.999999999999997780e-01
1.000000000000000000e+00
9.999999999999997780e-01
1.000000000000000000e+00
9.999999999999997780e-01
1.000000000000000000e+00
1.000000000000000000e+00
1.000000000000000000e+00
9.152169293821125207e-01
6.782960902790529101e-01
6.782960902790525770e-01
9.152169293821122986e-01
1.000000000000000000e+00
1.000000000000000000e+00
9.999999999999997780e-01
9.999999999999997780e-01
9.999999999999997780e-01
9.999999999999997780e-01
9.999999999999997780e-01
9.999999999999997780e-01
9.999999999999994449e-01
9.999999999999997780e-01
1.000000000000000000e+00
1.000000000000000000e+00
9.999999999999997780e-01
1.000000000000000000e+00
1.000000000000000000e+00
1.000000000000000000e+00
9.999999999999997780e-01
9.999999999999997780e-01
9.999999999999997780e-01
9.999999999999997780e-01
9.999999999999997780e-01
1.000000000000000000e+00
1.000000000000000000e+00
9.999999999999997780e-01
9.999999999999997780e-01
9.999999999999997780e-01
9.999999999999997780e-01
1.000000000000000000e+00
1.000000000000000000e+00
9.999999999999997780e-01
1.000000000000000000e+00
1.000000000000000000e+00
9.999999999999997780e-01
9.999999999999997780e-01
9.999999999999997780e-01
9.999999999999997780e-01
1.000000000000000000e+00
9.952514051603188472e-01
9.205968331454390530e-01
7.296532978100814804e-01
4.093905819051685269e-01
1.563631402363379885e-01
2.638701818871314400e-02
0.000000000000000000e+00
2.638701818871304686e-02
1.563631402363379885e-01
4.093905819051682493e-01
7.296532978100812583e-01
9.205968331454390530e-01
9.952514051603190692e-01
1.000000000000000000e+00
9.999999999999995559e-01
9.999999999999995559e-01
9.999999999999997780e-01
9.999999999999997780e-01
9.999999999999997780e-01
9.999999999999995559e-01
9.152169293821122986e-01
6.782960902790525770e-01
6.782960902790531321e-01
9.152169293821125207e-01
9.999999999999997780e-01
1.000000000000000000e+00
9.999999999999995559e-01
1.000000000000000000e+00
9.999999999999997780e-01
1.000000000000000000e+00
1.000000000000000000e+00
9.999999999999997780e-01
9.999999999999997780e-01
1.000000000000000000e+00
1.000000000000000000e+00
1.000000000000000000e+00
9.999999999999997780e-01
1.000000000000000000e+00
1.000000000000000000e+00
9.999999999999997780e-01
9.999999999999997780e-01
1.000000000000000000e+00
9.999999999999995559e-01
1.000000000000000000e+00
1.000000000000000000e+00
1.000000000000000000e+00
1.000000000000000000e+00
1.000000000000000000e+00
1.000000000000000000e+00
9.999999999999997780e-01
1.000000000000000000e+00
1.000000000000000000e+00
1.000000000000000000e+00
9.999999999999997780e-01
1.000000000000000000e+00
1.000000000000000000e+00
1.000000000000000000e+00
1.000000000000000000e+00
1.000000000000000000e+00
1.000000000000000000e+00
9.952514051603190692e-01
9.511708244406691382e-01
8.088495793644460141e-01
5.601507564885391810e-01
2.639251786445136472e-01
7.940316685456090540e-02
4.748594839680867451e-03
0.000000000000000000e+00
4.748594839680768571e-03
7.940316685456079437e-02
2.639251786445136472e-01
5.601507564885391810e-01
8.088495793644460141e-01
9.511708244406691382e-01
9.952514051603190692e-01
9.999999999999997780e-01
1.000000000000000000e+00
9.999999999999997780e-01
1.000000000000000000e+00
9.999999999999997780e-01
9.999999999999997780e-01
9.152169293821127427e-01
6.782960902790527991e-01
6.782960902790531321e-01
9.152169293821122986e-01
1.000000000000000000e+00
1.000000000000000000e+00
9.999999999999997780e-01
1.000000000000000000e+00
9.999999999999995559e-01
1.000000000000000000e+00
9.999999999999997780e-01
1.000000000000000000e+00
9.999999999999997780e-01
1.000000000000000000e+00
9.999999999999997780e-01
1.000000000000000000e+00
9.999999999999995559e-01
9.999999999999997780e-01
9.999999999999997780e-01
1.000000000000000000e+00
1.000000000000000000e+00
9.999999999999997780e-01
9.999999999999997780e-01
1.000000000000000000e+00
1.000000000000000000e+00
9.999999999999997780e-01
1.000000000000000000e+00
9.999999999999997780e-01
1.000000000000000000e+00
9.999999999999995559e-01
1.000000000000000000e+00
9.999999999999997780e-01
1.000000000000000000e+00
1.000000000000000000e+00
1.000000000000000000e+00
1.000000000000000000e+00
1.000000000000000000e+00
1.000000000000000000e+00
9.999999999999997780e-01
9.952514051603188472e-01
9.511708244406692492e-01
8.355285699345501582e-01
6.231391000983060868e-01
3.402391938277949390e-01
1.305818465135337447e-01
2.638701818871314400e-02
0.000000000000000000e+00
0.000000000000000000e+00
0.000000000000000000e+00
2.638701818871314400e-02
1.305818465135336059e-01
3.402391938277949945e-01
6.231391000983060868e-01
8.355285699345498251e-01
9.511708244406691382e-01
9.952514051603186251e-01
9.999999999999997780e-01
9.999999999999997780e-01
1.000000000000000000e+00
9.999999999999997780e-01
9.999999999999997780e-01
9.152169293821125207e-01
6.782960902790525770e-01
6.782960902790530211e-01
9.152169293821125207e-01
1.000000000000000000e+00
1.000000000000000000e+00
9.999999999999997780e-01
1.000000000000000000e+00
9.999999999999997780e-01
9.999999999999997780e-01
1.000000000000000000e+00
9.999999999999997780e-01
9.999999999999994449e-01
1.000000000000000000e+00
9.999999999999997780e-01
1.000000000000000000e+00
9.999999999999997780e-01
9.999999999999995559e-01
1.000000000000000000e+00
1.000000000000000000e+00
9.999999999999997780e-01
9.999999999999997780e-01
9.999999999999997780e-01
1.000000000000000000e+00
9.999999999999997780e-01
1.000000000000000000e+00
1.000000000000000000e+00
1.000000000000000000e+00
1.000000000000000000e+00
1.000000000000000000e+00
9.999999999999997780e-01
1.000000000000000000e+00
1.000000000000000000e+00
1.000000000000000000e+00
1.000000000000000000e+00
1.000000000000000000e+00
9.999999999999997780e-01
1.000000000000000000e+00
9.952514051603186251e-01
9.511708244406691382e-01
8.355285699345498251e-01
6.298912184888979526e-01
3.701087815111017698e-01
1.644714300654499251e-01
4.882917555933071613e-02
4.748594839680867451e-03
0.000000000000000000e+00
0.000000000000000000e+00
0.000000000000000000e+00
4.748594839680867451e-03
4.882917555933061898e-02
1.644714300654498695e-01
3.701087815111019363e-01
6.298912184888979526e-01
8.355285699345498251e-01
9.511708244406691382e-01
9.952514051603186251e-01
1.000000000000000000e+00
1.000000000000000000e+00
9.999999999999997780e-01
9.999999999999997780e-01
9.152169293821125207e-01
6.782960902790529101e-01
6.782960902790530211e-01
9.152169293821122986e-01
9.999999999999997780e-01
9.999999999999997780e-01
1.000000000000000000e+00
1.000000000000000000e+00
9.999999999999997780e-01
1.000000000000000000e+00
9.999999999999995559e-01
9.999999999999997780e-01
9.999999999999997780e-01
1.000000000000000000e+00
9.999999999999997780e-01
1.000000000000000000e+00
9.999999999999995559e-01
9.999999999999997780e-01
1.000000000000000000e+00
9.999999999999997780e-01
9.999999999999997780e-01
9.999999999999997780e-01
9.999999999999997780e-01
9.999999999999997780e-01
9.999999999999997780e-01
9.999999999999997780e-01
1.000000000000000000e+00
1.000000000000000000e+00
9.999999999999997780e-01
9.999999999999995559e-01
1.000000000000000000e+00
1.000000000000000000e+00
1.000000000000000000e+00
1.000000000000000000e+00
1.000000000000000000e+00
1.000000000000000000e+00
9.952514051603190692e-01
9.736129818112869705e-01
9.205968331454390530e-01
8.088495793644463472e-01
6.231391000983060868e-01
3.701087815111021029e-01
1.644714300654499251e-01
4.882917555933071613e-02
4.748594839680867451e-03
9.909133386381721415e-17
0.000000000000000000e+00
0.000000000000000000e+00
0.000000000000000000e+00
9.909133386381721415e-17
4.748594839680768571e-03
4.882917555933071613e-02
1.644714300654499251e-01
3.701087815111019363e-01
6.231391000983060868e-01
8.088495793644460141e-01
9.205968331454390530e-01
9.736129818112867484e-01
9.952514051603191803e-01
9.999999999999997780e-01
1.000000000000000000e+00
9.152169293821125207e-01
6.782960902790529101e-01
6.782960902790530211e-01
9.152169293821127427e-01
1.000000000000000000e+00
9.999999999999997780e-01
9.999999999999997780e-01
1.000000000000000000e+00
9.999999999999997780e-01
1.000000000000000000e+00
9.999999999999997780e-01
9.999999999999997780e-01
1.000000000000000000e+00
1.000000000000000000e+00
9.999999999999997780e-01
9.999999999999997780e-01
9.999999999999994449e-01
9.999999999999997780e-01
9.999999999999997780e-01
9.999999999999997780e-01
9.999999999999997780e-01
9.999999999999997780e-01
9.999999999999997780e-01
9.999999999999997780e-01
9.999999999999997780e-01
9.999999999999997780e-01
1.000000000000000000e+00
9.999999999999997780e-01
9.999999999999997780e-01
9.999999999999997780e-01
1.000000000000000000e+00
9.999999999999997780e-01
1.000000000000000000e+00
1.000000000000000000e+00
9.999999999999997780e-01
9.952514051603188472e-01
9.511708244406691382e-01
8.694181534864662275e-01
7.360748213554860753e-01
5.601507564885391810e-01
3.402391938277949390e-01
1.644714300654500083e-01
4.882917555933081327e-02
4.748594839680867451e-03
0.000000000000000000e+00
9.909133386381721415e-17
0.000000000000000000e+00
0.000000000000000000e+00
0.000000000000000000e+00
0.000000000000000000e+00
0.000000000000000000e+00
4.748594839680867451e-03
4.882917555933081327e-02
1.644714300654499251e-01
3.402391938277951056e-01
5.601507564885390700e-01
7.360748213554860753e-01
8.694181534864662275e-01
9.511708244406691382e-01
9.952514051603188472e-01
9.999999999999997780e-01
9.152169293821127427e-01
6.782960902790529101e-01
6.782960902790531321e-01
9.152169293821122986e-01
1.000000000000000000e+00
9.999999999999997780e-01
9.999999999999997780e-01
1.000000000000000000e+00
1.000000000000000000e+00
1.000000000000000000e+00
9.999999999999997780e-01
1.000000000000000000e+00
9.999999999999997780e-01
9.999999999999997780e-01
1.000000000000000000e+00
1.000000000000000000e+00
9.999999999999995559e-01
9.999999999999997780e-01
1.000000000000000000e+00
1.000000000000000000e+00
9.999999999999997780e-01
9.999999999999997780e-01
1.000000000000000000e+00
9.999999999999997780e-01
9.999999999999997780e-01
1.000000000000000000e+00
9.999999999999995559e-01
9.999999999999997780e-01
9.999999999999997780e-01
9.999999999999997780e-01
9.999999999999997780e-01
1.000000000000000000e+00
1.000000000000000000e+00
9.999999999999997780e-01
1.000000000000000000e+00
9.785430589297429149e-01
8.944764087981584844e-01
7.272327712918504883e-01
4.773339719581684570e-01
2.703467021899183531e-01
1.305818465135338002e-01
4.882917555933081327e-02
4.748594839680867451e-03
0.000000000000000000e+00
0.000000000000000000e+00
9.909133386381721415e-17
0.000000000000000000e+00
0.000000000000000000e+00
0.000000000000000000e+00
9.909133386381721415e-17
0.000000000000000000e+00
9.909133386381721415e-17
4.748594839680867451e-03
4.882917555933081327e-02
1.305818465135337447e-01
2.703467021899182421e-01
4.773339719581685126e-01
7.272327712918504883e-01
8.944764087981588174e-01
9.785430589297426929e-01
1.000000000000000000e+00
9.152169293821125207e-01
6.782960902790527991e-01
6.782960902790531321e-01
9.152169293821122986e-01
1.000000000000000000e+00
1.000000000000000000e+00
1.000000000000000000e+00
1.000000000000000000e+00
1.000000000000000000e+00
1.000000000000000000e+00
9.999999999999997780e-01
1.000000000000000000e+00
1.000000000000000000e+00
1.000000000000000000e+00
1.000000000000000000e+00
9.999999999999997780e-01
1.000000000000000000e+00
1.000000000000000000e+00
1.000000000000000000e+00
1.000000000000000000e+00
9.999999999999997780e-01
1.000000000000000000e+00
9.999999999999995559e-01
9.999999999999995559e-01
1.000000000000000000e+00
9.999999999999997780e-01
1.000000000000000000e+00
1.000000000000000000e+00
9.999999999999997780e-01
1.000000000000000000e+00
9.999999999999997780e-01
9.999999999999997780e-01
1.000000000000000000e+00
1.000000000000000000e+00
9.999999999999997780e-01
9.717492474036328876e-01
8.613064243317297697e-01
6.276133842994856549e-01
3.513520621520856424e-01
1.343722709816559946e-01
3.135765436183719779e-02
4.748594839680867451e-03
9.909133386381721415e-17
0.000000000000000000e+00
0.000000000000000000e+00
9.909133386381721415e-17
0.000000000000000000e+00
0.000000000000000000e+00
0.000000000000000000e+00
0.000000000000000000e+00
0.000000000000000000e+00
9.909133386381721415e-17
9.909133386381721415e-17
4.748594839680867451e-03
3.135765436183710064e-02
1.343722709816559391e-01
3.513520621520857534e-01
6.276133842994856549e-01
8.613064243317297697e-01
9.717492474036326655e-01
9.999999999999997780e-01
9.152169293821125207e-01
6.782960902790525770e-01
6.782960902790531321e-01
9.152169293821125207e-01
1.000000000000000000e+00
1.000000000000000000e+00
9.999999999999997780e-01
1.000000000000000000e+00
1.000000000000000000e+00
1.000000000000000000e+00
9.999999999999997780e-01
9.999999999999997780e-01
9.999999999999997780e-01
9.999999999999997780e-01
9.999999999999994449e-01
9.999999999999997780e-01
9.999999999999997780e-01
1.000000000000000000e+00
9.999999999999997780e-01
9.999999999999997780e-01
9.999999999999997780e-01
9.999999999999997780e-01
9.999999999999997780e-01
1.000000000000000000e+00
1.000000000000000000e+00
9.999999999999997780e-01
1.000000000000000000e+00
9.999999999999997780e-01
1.000000000000000000e+00
9.999999999999997780e-01
9.999999999999997780e-01
9.999999999999997780e-01
1.000000000000000000e+00
1.000000000000000000e+00
1.000000000000000000e+00
9.785430589297426929e-01
8.944764087981584844e-01
6.982990196919409698e-01
4.070889274568155747e-01
1.704053472515859868e-01
4.882917555933071613e-02
4.748594839680867451e-03
0.000000000000000000e+00
0.000000000000000000e+00
0.000000000000000000e+00
9.909133386381721415e-17
0.000000000000000000e+00
0.000000000000000000e+00
0.000000000000000000e+00
0.000000000000000000e+00
0.000000000000000000e+00
0.000000000000000000e+00
0.000000000000000000e+00
4.748594839680867451e-03
4.882917555933081327e-02
1.704053472515858758e-01
4.070889274568156302e-01
6.982990196919408588e-01
8.944764087981588174e-01
9.785430589297424708e-01
1.000000000000000000e+00
9.152169293821125207e-01
6.782960902790529101e-01
6.782960902790531321e-01
9.152169293821125207e-01
1.000000000000000000e+00
1.000000000000000000e+00
9.999999999999997780e-01
1.000000000000000000e+00
1.000000000000000000e+00
9.999999999999997780e-01
1.000000000000000000e+00
9.999999999999997780e-01
1.000000000000000000e+00
1.000000000000000000e+00
1.000000000000000000e+00
9.999999999999997780e-01
9.999999999999994449e-01
9.999999999999995559e-01
1.000000000000000000e+00
1.000000000000000000e+00
9.999999999999997780e-01
1.000000000000000000e+00
1.000000000000000000e+00
1.000000000000000000e+00
9.999999999999997780e-01
1.000000000000000000e+00
9.999999999999997780e-01
9.999999999999997780e-01
1.000000000000000000e+00
9.999999999999997780e-01
9.999999999999997780e-01
1.000000000000000000e+00
1.000000000000000000e+00
1.000000000000000000e+00
1.000000000000000000e+00
9.952514051603191803e-01
9.511708244406691382e-01
8.355285699345498251e-01
6.231391000983060868e-01
3.402391938277949390e-01
1.305818465135338002e-01
2.638701818871314400e-02
0.000000000000000000e+00
0.000000000000000000e+00
9.909133386381721415e-17
9.909133386381721415e-17
0.000000000000000000e+00
0.000000000000000000e+00
0.000000000000000000e+00
9.909133386381721415e-17
0.000000000000000000e+00
9.909133386381721415e-17
0.000000000000000000e+00
2.638701818871324462e-02
1.305818465135338002e-01
3.402391938277948280e-01
6.231391000983063089e-01
8.355285699345500472e-01
9.511708244406691382e-01
9.952514051603190692e-01
1.000000000000000000e+00
9.152169293821127427e-01
6.782960902790529101e-01
6.782960902790530211e-01
9.152169293821125207e-01
9.999999999999997780e-01
1.000000000000000000e+00
9.999999999999997780e-01
1.000000000000000000e+00
9.999999999999997780e-01
1.000000000000000000e+00
1.000000000000000000e+00
9.999999999999995559e-01
9.999999999999997780e-01
9.999999999999997780e-01
1.000000000000000000e+00
1.000000000000000000e+00
9.999999999999997780e-01
1.000000000000000000e+00
1.000000000000000000e+00
1.000000000000000000e+00
9.999999999999997780e-01
9.999999999999995559e-01
9.999999999999995559e-01
1.000000000000000000e+00
1.000000000000000000e+00
9.999999999999994449e-01
9.999999999999997780e-01
9.999999999999997780e-01
1.000000000000000000e+00
9.999999999999995559e-01
1.000000000000000000e+00
9.999999999999997780e-01
1.000000000000000000e+00
9.999999999999997780e-01
1.000000000000000000e+00
9.999999999999997780e-01
9.904619517685361307e-01
9.226090910971356251e-01
7.384819685102594899e-01
4.587489708520710030e-01
1.934327637439732239e-01
5.076035493002245547e-02
0.000000000000000000e+00
0.000000000000000000e+00
0.000000000000000000e+00
9.909133386381721415e-17
0.000000000000000000e+00
0.000000000000000000e+00
0.000000000000000000e+00
9.909133386381721415e-17
0.000000000000000000e+00
9.909133386381721415e-17
0.000000000000000000e+00
5.076035493002245547e-02
1.934327637439732794e-01
4.587489708520709475e-01
7.384819685102596010e-01
9.226090910971354031e-01
9.904619517685361307e-01
9.999999999999997780e-01
1.000000000000000000e+00
9.152169293821125207e-01
6.782960902790529101e-01
6.782960902790531321e-01
9.152169293821122986e-01
9.999999999999997780e-01
1.000000000000000000e+00
1.000000000000000000e+00
1.000000000000000000e+00
9.999999999999997780e-01
9.999999999999997780e-01
9.999999999999997780e-01
9.999999999999997780e-01
9.999999999999997780e-01
9.999999999999997780e-01
9.999999999999997780e-01
9.999999999999997780e-01
1.000000000000000000e+00
1.000000000000000000e+00
9.999999999999995559e-01
9.999999999999997780e-01
9.999999999999997780e-01
9.999999999999997780e-01
9.999999999999997780e-01
9.999999999999995559e-01
1.000000000000000000e+00
9.999999999999997780e-01
1.000000000000000000e+00
1.000000000000000000e+00
1.000000000000000000e+00
9.999999999999995559e-01
1.000000000000000000e+00
9.999999999999997780e-01
1.000000000000000000e+00
9.952514051603190692e-01
9.736129818112867484e-01
9.440747457452051128e-01
8.963460857147343974e-01
8.318292444394237428e-01
6.647699907068066461e-01
4.190452533137205005e-01
1.726447335964823582e-01
5.076035493002245547e-02
9.909133386381721415e-17
0.000000000000000000e+00
0.000000000000000000e+00
9.909133386381721415e-17
0.000000000000000000e+00
0.000000000000000000e+00
0.000000000000000000e+00
9.909133386381721415e-17
0.000000000000000000e+00
9.909133386381721415e-17
0.000000000000000000e+00
5.076035493002245547e-02
1.726447335964822749e-01
4.190452533137204449e-01
6.647699907068067571e-01
8.318292444394237428e-01
8.963460857147343974e-01
9.440747457452051128e-01
9.736129818112867484e-01
9.097982427561326357e-01
6.782960902790529101e-01
6.782960902790529101e-01
9.152169293821125207e-01
1.000000000000000000e+00
1.000000000000000000e+00
1.000000000000000000e+00
1.000000000000000000e+00
1.000000000000000000e+00
1.000000000000000000e+00
9.999999999999997780e-01
1.000000000000000000e+00
9.999999999999997780e-01
1.000000000000000000e+00
1.000000000000000000e+00
1.000000000000000000e+00
1.000000000000000000e+00
1.000000000000000000e+00
1.000000000000000000e+00
1.000000000000000000e+00
1.000000000000000000e+00
1.000000000000000000e+00
9.999999999999995559e-01
9.999999999999997780e-01
9.999999999999997780e-01
1.000000000000000000e+00
1.000000000000000000e+00
1.000000000000000000e+00
1.000000000000000000e+00
9.999999999999997780e-01
1.000000000000000000e+00
9.952514051603190692e-01
9.736129818112867484e-01
9.205968331454390530e-01
8.436368597636620947e-01
7.667018254961281976e-01
6.691745988124823130e-01
5.601507564885396251e-01
4.025764698702348210e-01
2.356591484625072119e-01
9.793069057289087442e-02
2.638701818871314400e-02
9.909133386381721415e-17
0.000000000000000000e+00
9.909133386381721415e-17
9.909133386381721415e-17
0.000000000000000000e+00
0.000000000000000000e+00
0.000000000000000000e+00
0.000000000000000000e+00
0.000000000000000000e+00
1.981826677276344283e-16
0.000000000000000000e+00
2.638701818871314400e-02
9.793069057289077728e-02
2.356591484625070454e-01
4.025764698702349320e-01
5.601507564885395141e-01
6.691745988124823130e-01
7.667018254961281976e-01
8.436368597636618727e-01
8.256452970162024840e-01
6.419399706171208253e-01
6.782960902790529101e-01
9.152169293821127427e-01
1.000000000000000000e+00
1.000000000000000000e+00
1.000000000000000000e+00
9.999999999999997780e-01
1.000000000000000000e+00
9.999999999999997780e-01
1.000000000000000000e+00
1.000000000000000000e+00
9.999999999999997780e-01
1.000000000000000000e+00
9.999999999999997780e-01
1.000000000000000000e+00
9.999999999999997780e-01
9.999999999999997780e-01
1.000000000000000000e+00
1.000000000000000000e+00
9.999999999999997780e-01
9.999999999999997780e-01
1.000000000000000000e+00
1.000000000000000000e+00
9.999999999999997780e-01
1.000000000000000000e+00
9.999999999999995559e-01
1.000000000000000000e+00
1.000000000000000000e+00
1.000000000000000000e+00
9.952514051603190692e-01
9.511708244406691382e-01
8.694181534864662275e-01
7.360748213554862973e-01
5.906094180948313621e-01
4.398492435114606525e-01
3.308254011875179645e-01
2.332981745038719967e-01
1.563631402363380996e-01
7.940316685456090540e-02
2.638701818871314400e-02
4.748594839680867451e-03
9.909133386381721415e-17
0.000000000000000000e+00
9.909133386381721415e-17
9.909133386381721415e-17
0.000000000000000000e+00
0.000000000000000000e+00
0.000000000000000000e+00
9.909133386381721415e-17
0.000000000000000000e+00
1.981826677276344283e-16
0.000000000000000000e+00
4.748594839680867451e-03
2.638701818871314400e-02
7.940316685456075274e-02
1.563631402363379608e-01
2.332981745038718302e-01
3.308254011875178535e-01
4.398492435114605970e-01
5.906094180948313621e-01
6.256789850060271441e-01
5.086254578604946230e-01
6.782960902790531321e-01
9.152169293821122986e-01
1.000000000000000000e+00
9.999999999999997780e-01
1.000000000000000000e+00
1.000000000000000000e+00
9.999999999999997780e-01
1.000000000000000000e+00
9.999999999999997780e-01
1.000000000000000000e+00
9.999999999999995559e-01
9.999999999999997780e-01
1.000000000000000000e+00
1.000000000000000000e+00
1.000000000000000000e+00
9.999999999999997780e-01
1.000000000000000000e+00
1.000000000000000000e+00
9.999999999999997780e-01
9.999999999999995559e-01
1.000000000000000000e+00
1.000000000000000000e+00
1.000000000000000000e+00
9.999999999999995559e-01
1.000000000000000000e+00
1.000000000000000000e+00
9.999999999999997780e-01
9.999999999999997780e-01
9.736129818112867484e-01
8.694181534864657834e-01
6.892652130363261520e-01
4.467119853034425825e-01
2.703467021899182976e-01
1.622497004170618817e-01
1.036539142852656720e-01
5.592525425479479700e-02
2.638701818871304686e-02
4.748594839680867451e-03
9.909133386381721415e-17
0.000000000000000000e+00
9.909133386381721415e-17
0.000000000000000000e+00
9.909133386381721415e-17
9.909133386381721415e-17
0.000000000000000000e+00
0.000000000000000000e+00
0.000000000000000000e+00
0.000000000000000000e+00
0.000000000000000000e+00
1.981826677276344283e-16
0.000000000000000000e+00
9.909133386381721415e-17
9.909133386381721415e-17
4.748594839680768571e-03
2.638701818871314400e-02
5.592525425479465129e-02
1.036539142852656720e-01
1.622497004170618540e-01
2.703467021899181311e-01
3.333239226363652885e-01
3.107347869636739590e-01
6.394141075828363441e-01
8.907953628060008011e-01
9.952514051603190692e-01
1.000000000000000000e+00
9.999999999999997780e-01
9.999999999999997780e-01
1.000000000000000000e+00
9.999999999999997780e-01
1.000000000000000000e+00
9.999999999999997780e-01
9.999999999999995559e-01
1.000000000000000000e+00
1.000000000000000000e+00
1.000000000000000000e+00
9.999999999999997780e-01
1.000000000000000000e+00
9.999999999999997780e-01
1.000000000000000000e+00
1.000000000000000000e+00
9.999999999999997780e-01
9.999999999999997780e-01
1.000000000000000000e+00
1.000000000000000000e+00
1.000000000000000000e+00
9.999999999999995559e-01
9.999999999999997780e-01
9.999999999999997780e-01
9.952514051603190692e-01
9.205968331454393860e-01
7.360748213554862973e-01
4.467119853034428600e-01
2.184714815852823455e-01
7.940316685456090540e-02
2.638701818871314400e-02
4.748594839680867451e-03
1.981826677276344283e-16
0.000000000000000000e+00
0.000000000000000000e+00
0.000000000000000000e+00
0.000000000000000000e+00
9.909133386381721415e-17
0.000000000000000000e+00
9.909133386381721415e-17
9.909133386381721415e-17
0.000000000000000000e+00
0.000000000000000000e+00
0.000000000000000000e+00
9.909133386381721415e-17
0.000000000000000000e+00
1.981826677276344283e-16
0.000000000000000000e+00
0.000000000000000000e+00
9.909133386381721415e-17
0.000000000000000000e+00
0.000000000000000000e+00
0.000000000000000000e+00
4.748594839680966330e-03
2.638701818871324462e-02
7.940316685456079437e-02
1.248899809343281125e-01
1.190190307905237277e-01
5.601507564885391810e-01
8.377502995829382293e-01
9.736129818112869705e-01
1.000000000000000000e+00
1.000000000000000000e+00
9.999999999999997780e-01
1.000000000000000000e+00
9.999999999999997780e-01
1.000000000000000000e+00
1.000000000000000000e+00
9.999999999999997780e-01
1.000000000000000000e+00
9.999999999999997780e-01
1.000000000000000000e+00
9.999999999999997780e-01
9.999999999999997780e-01
1.000000000000000000e+00
1.000000000000000000e+00
9.999999999999997780e-01
9.999999999999997780e-01
1.000000000000000000e+00
1.000000000000000000e+00
9.999999999999997780e-01
1.000000000000000000e+00
9.999999999999995559e-01
1.000000000000000000e+00
1.000000000000000000e+00
9.736129818112869705e-01
8.436368597636620947e-01
5.906094180948313621e-01
2.703467021899183531e-01
7.940316685456090540e-02
4.748594839680867451e-03
9.909133386381721415e-17
9.909133386381721415e-17
0.000000000000000000e+00
0.000000000000000000e+00
9.909133386381721415e-17
0.000000000000000000e+00
0.000000000000000000e+00
9.909133386381721415e-17
0.000000000000000000e+00
9.909133386381721415e-17
9.909133386381721415e-17
0.000000000000000000e+00
0.000000000000000000e+00
0.000000000000000000e+00
9.909133386381721415e-17
0.000000000000000000e+00
1.981826677276344283e-16
0.000000000000000000e+00
9.909133386381721415e-17
9.909133386381721415e-17
0.000000000000000000e+00
0.000000000000000000e+00
0.000000000000000000e+00
9.909133386381721415e-17
0.000000000000000000e+00
4.748594839680768571e-03
2.145694107025721345e-02
2.825075259636691816e-02
4.398492435114608190e-01
7.667018254961278645e-01
9.440747457452053348e-01
9.999999999999997780e-01
9.952514051603191803e-01
9.785430589297429149e-01
9.717492474036328876e-01
9.785430589297426929e-01
9.952514051603190692e-01
1.000000000000000000e+00
9.999999999999995559e-01
9.999999999999997780e-01
1.000000000000000000e+00
1.000000000000000000e+00
1.000000000000000000e+00
9.999999999999997780e-01
1.000000000000000000e+00
1.000000000000000000e+00
9.999999999999997780e-01
9.999999999999995559e-01
1.000000000000000000e+00
9.952514051603190692e-01
9.785430589297429149e-01
9.717492474036326655e-01
9.785430589297429149e-01
9.952514051603190692e-01
9.999999999999997780e-01
9.440747457452048907e-01
7.667018254961280865e-01
4.398492435114602084e-01
1.622497004170620483e-01
2.638701818871304686e-02
0.000000000000000000e+00
9.909133386381721415e-17
9.909133386381721415e-17
9.909133386381721415e-17
0.000000000000000000e+00
0.000000000000000000e+00
9.909133386381721415e-17
9.909133386381721415e-17
9.909133386381721415e-17
0.000000000000000000e+00
9.909133386381721415e-17
9.909133386381721415e-17
0.000000000000000000e+00
0.000000000000000000e+00
0.000000000000000000e+00
9.909133386381721415e-17
0.000000000000000000e+00
1.981826677276344283e-16
0.000000000000000000e+00
9.909133386381721415e-17
9.909133386381721415e-17
0.000000000000000000e+00
9.909133386381721415e-17
0.000000000000000000e+00
9.909133386381721415e-17
0.000000000000000000e+00
0.000000000000000000e+00
9.909133386381721415e-17
0.000000000000000000e+00
3.308254011875179645e-01
6.691745988124823130e-01
8.963460857147343974e-01
9.904619517685361307e-01
9.511708244406691382e-01
8.944764087981585954e-01
8.613064243317303248e-01
8.944764087981585954e-01
9.511708244406694712e-01
9.952514051603190692e-01
9.999999999999995559e-01
1.000000000000000000e+00
1.000000000000000000e+00
1.000000000000000000e+00
9.999999999999997780e-01
1.000000000000000000e+00
9.999999999999997780e-01
1.000000000000000000e+00
1.000000000000000000e+00
9.999999999999997780e-01
9.952514051603188472e-01
9.511708244406694712e-01
8.944764087981588174e-01
8.613064243317298807e-01
8.944764087981584844e-01
9.511708244406691382e-01
9.904619517685361307e-01
8.963460857147343974e-01
6.691745988124823130e-01
3.308254011875178535e-01
1.036539142852659218e-01
4.748594839681065209e-03
9.909133386381721415e-17
9.909133386381721415e-17
9.909133386381721415e-17
1.981826677276344283e-16
9.909133386381721415e-17
9.909133386381721415e-17
9.909133386381721415e-17
9.909133386381721415e-17
9.909133386381721415e-17
0.000000000000000000e+00
9.909133386381721415e-17
9.909133386381721415e-17
0.000000000000000000e+00
0.000000000000000000e+00
0.000000000000000000e+00
9.909133386381721415e-17
0.000000000000000000e+00
1.981826677276344283e-16
0.000000000000000000e+00
9.909133386381721415e-17
9.909133386381721415e-17
0.000000000000000000e+00
9.909133386381721415e-17
0.000000000000000000e+00
9.909133386381721415e-17
1.981826677276344283e-16
9.909133386381721415e-17
9.909133386381721415e-17
9.909133386381721415e-17
2.332981745038719967e-01
5.601507564885391810e-01
8.318292444394235208e-01
9.226090910971356251e-01
8.355285699345497141e-01
6.982990196919411918e-01
6.276133842994854328e-01
7.272327712918508213e-01
8.694181534864662275e-01
9.736129818112865264e-01
9.999999999999997780e-01
9.999999999999997780e-01
1.000000000000000000e+00
1.000000000000000000e+00
9.999999999999997780e-01
1.000000000000000000e+00
1.000000000000000000e+00
1.000000000000000000e+00
9.999999999999997780e-01
9.999999999999997780e-01
9.736129818112865264e-01
8.694181534864662275e-01
7.272327712918508213e-01
6.276133842994850998e-01
6.982990196919406367e-01
8.355285699345500472e-01
9.226090910971354031e-01
8.318292444394232987e-01
5.601507564885396251e-01
2.332981745038716914e-01
5.592525425479469986e-02
1.981826677276344283e-16
0.000000000000000000e+00
1.981826677276344283e-16
0.000000000000000000e+00
1.981826677276344283e-16
0.000000000000000000e+00
9.909133386381721415e-17
9.909133386381721415e-17
9.909133386381721415e-17
9.909133386381721415e-17
0.000000000000000000e+00
9.909133386381721415e-17
9.909133386381721415e-17
0.000000000000000000e+00
0.000000000000000000e+00
0.000000000000000000e+00
9.909133386381721415e-17
0.000000000000000000e+00
1.981826677276344283e-16
0.000000000000000000e+00
9.909133386381721415e-17
9.909133386381721415e-17
0.000000000000000000e+00
0.000000000000000000e+00
9.909133386381721415e-17
0.000000000000000000e+00
1.981826677276344283e-16
0.000000000000000000e+00
0.000000000000000000e+00
0.000000000000000000e+00
1.563631402363382106e-01
4.025764698702349320e-01
6.647699907068067571e-01
7.384819685102600451e-01
6.231391000983065309e-01
4.070889274568156857e-01
3.513520621520857534e-01
4.773339719581684570e-01
7.360748213554859642e-01
9.205968331454390530e-01
9.952514051603190692e-01
9.999999999999997780e-01
9.999999999999997780e-01
9.999999999999997780e-01
1.000000000000000000e+00
1.000000000000000000e+00
9.999999999999995559e-01
9.999999999999997780e-01
9.999999999999997780e-01
9.952514051603186251e-01
9.205968331454390530e-01
7.360748213554859642e-01
4.773339719581686236e-01
3.513520621520856424e-01
4.070889274568160188e-01
6.231391000983063089e-01
7.384819685102599340e-01
6.647699907068066461e-01
4.025764698702349320e-01
1.563631402363377942e-01
2.638701818871334176e-02
0.000000000000000000e+00
0.000000000000000000e+00
0.000000000000000000e+00
1.981826677276344283e-16
0.000000000000000000e+00
0.000000000000000000e+00
0.000000000000000000e+00
0.000000000000000000e+00
9.909133386381721415e-17
9.909133386381721415e-17
0.000000000000000000e+00
9.909133386381721415e-17
9.909133386381721415e-17
0.000000000000000000e+00
0.000000000000000000e+00
0.000000000000000000e+00
9.909133386381721415e-17
0.000000000000000000e+00
1.981826677276344283e-16
0.000000000000000000e+00
9.909133386381721415e-17
9.909133386381721415e-17
0.000000000000000000e+00
9.909133386381721415e-17
0.000000000000000000e+00
0.000000000000000000e+00
9.909133386381721415e-17
0.000000000000000000e+00
9.909133386381721415e-17
9.909133386381721415e-17
7.940316685456090540e-02
2.356591484625076560e-01
4.190452533137208890e-01
4.587489708520714471e-01
3.402391938277949945e-01
1.704053472515859313e-01
1.343722709816559946e-01
2.703467021899183531e-01
5.601507564885391810e-01
8.088495793644463472e-01
9.511708244406691382e-01
9.952514051603194023e-01
1.000000000000000000e+00
1.000000000000000000e+00
1.000000000000000000e+00
1.000000000000000000e+00
1.000000000000000000e+00
1.000000000000000000e+00
9.952514051603191803e-01
9.511708244406691382e-01
8.088495793644459031e-01
5.601507564885391810e-01
2.703467021899185196e-01
1.343722709816559946e-01
1.704053472515862921e-01
3.402391938277953276e-01
4.587489708520710030e-01
4.190452533137206670e-01
2.356591484625074617e-01
7.940316685456075274e-02
4.748594839681065209e-03
1.981826677276344283e-16
0.000000000000000000e+00
0.000000000000000000e+00
0.000000000000000000e+00
1.981826677276344283e-16
0.000000000000000000e+00
0.000000000000000000e+00
0.000000000000000000e+00
9.909133386381721415e-17
9.909133386381721415e-17
0.000000000000000000e+00
9.909133386381721415e-17
9.909133386381721415e-17
0.000000000000000000e+00
0.000000000000000000e+00
0.000000000000000000e+00
9.909133386381721415e-17
0.000000000000000000e+00
9.909133386381721415e-17
0.000000000000000000e+00
1.981826677276344283e-16
1.981826677276344283e-16
0.000000000000000000e+00
9.909133386381721415e-17
9.909133386381721415e-17
0.000000000000000000e+00
0.000000000000000000e+00
9.909133386381721415e-17
9.909133386381721415e-17
0.000000000000000000e+00
2.638701818871324462e-02
9.793069057289087442e-02
1.726447335964824692e-01
1.934327637439733072e-01
1.305818465135338002e-01
4.882917555933081327e-02
3.135765436183710064e-02
1.305818465135339390e-01
3.402391938277947170e-01
6.231391000983060868e-01
8.355285699345498251e-01
9.511708244406692492e-01
9.952514051603190692e-01
9.999999999999997780e-01
1.000000000000000000e+00
1.000000000000000000e+00
1.000000000000000000e+00
9.952514051603191803e-01
9.511708244406691382e-01
8.355285699345501582e-01
6.231391000983057538e-01
3.402391938277948280e-01
1.305818465135339945e-01
3.135765436183710064e-02
4.882917555933081327e-02
1.305818465135338002e-01
1.934327637439732239e-01
1.726447335964823582e-01
9.793069057289098545e-02
2.638701818871314400e-02
0.000000000000000000e+00
0.000000000000000000e+00
9.909133386381721415e-17
9.909133386381721415e-17
0.000000000000000000e+00
1.981826677276344283e-16
9.909133386381721415e-17
0.000000000000000000e+00
0.000000000000000000e+00
0.000000000000000000e+00
9.909133386381721415e-17
0.000000000000000000e+00
9.909133386381721415e-17
9.909133386381721415e-17
0.000000000000000000e+00
0.000000000000000000e+00
0.000000000000000000e+00
9.909133386381721415e-17
0.000000000000000000e+00
9.909133386381721415e-17
0.000000000000000000e+00
9.909133386381721415e-17
0.000000000000000000e+00
0.000000000000000000e+00
1.981826677276344283e-16
9.909133386381721415e-17
9.909133386381721415e-17
9.909133386381721415e-17
9.909133386381721415e-17
9.909133386381721415e-17
9.909133386381721415e-17
4.748594839681065209e-03
2.638701818871304686e-02
5.076035493002275384e-02
5.076035493002264976e-02
2.638701818871294624e-02
4.748594839680768571e-03
4.748594839680867451e-03
4.882917555933071613e-02
1.644714300654496753e-01
3.701087815111019363e-01
6.298912184888978416e-01
8.355285699345497141e-01
9.511708244406689161e-01
9.952514051603188472e-01
9.999999999999997780e-01
1.000000000000000000e+00
9.952514051603190692e-01
9.511708244406691382e-01
8.355285699345500472e-01
6.298912184888981747e-01
3.701087815111018253e-01
1.644714300654498695e-01
4.882917555933101450e-02
4.748594839680668825e-03
4.748594839680966330e-03
2.638701818871314400e-02
5.076035493002275384e-02
5.076035493002235832e-02
2.638701818871314400e-02
4.748594839680569946e-03
1.981826677276344283e-16
0.000000000000000000e+00
0.000000000000000000e+00
1.981826677276344283e-16
9.909133386381721415e-17
0.000000000000000000e+00
1.981826677276344283e-16
0.000000000000000000e+00
0.000000000000000000e+00
9.909133386381721415e-17
9.909133386381721415e-17
0.000000000000000000e+00
9.909133386381721415e-17
0.000000000000000000e+00
0.000000000000000000e+00
0.000000000000000000e+00
0.000000000000000000e+00
9.909133386381721415e-17
0.000000000000000000e+00
9.909133386381721415e-17
0.000000000000000000e+00
9.909133386381721415e-17
9.909133386381721415e-17
0.000000000000000000e+00
9.909133386381721415e-17
0.000000000000000000e+00
9.909133386381721415e-17
9.909133386381721415e-17
0.000000000000000000e+00
9.909133386381721415e-17
0.000000000000000000e+00
1.981826677276344283e-16
0.000000000000000000e+00
1.981826677276344283e-16
0.000000000000000000e+00
0.000000000000000000e+00
0.000000000000000000e+00
2.972740015914516548e-16
4.748594839680867451e-03
4.882917555933071613e-02
1.644714300654500638e-01
3.701087815111021584e-01
6.231391000983060868e-01
8.088495793644463472e-01
9.205968331454390530e-01
9.686423456381622055e-01
9.686423456381626496e-01
9.205968331454391640e-01
8.088495793644465692e-01
6.231391000983063089e-01
3.701087815111022139e-01
1.644714300654498695e-01
4.882917555933081327e-02
4.748594839680867451e-03
2.972740015914516548e-16
0.000000000000000000e+00
9.909133386381721415e-17
0.000000000000000000e+00
0.000000000000000000e+00
0.000000000000000000e+00
0.000000000000000000e+00
9.909133386381721415e-17
9.909133386381721415e-17
0.000000000000000000e+00
0.000000000000000000e+00
9.909133386381721415e-17
9.909133386381721415e-17
9.909133386381721415e-17
9.909133386381721415e-17
0.000000000000000000e+00
9.909133386381721415e-17
9.909133386381721415e-17
0.000000000000000000e+00
9.909133386381721415e-17
0.000000000000000000e+00
0.000000000000000000e+00
0.000000000000000000e+00
0.000000000000000000e+00
9.909133386381721415e-17
0.000000000000000000e+00
9.909133386381721415e-17
9.909133386381721415e-17
9.909133386381721415e-17
1.981826677276344283e-16
0.000000000000000000e+00
9.909133386381721415e-17
0.000000000000000000e+00
9.909133386381721415e-17
0.000000000000000000e+00
0.000000000000000000e+00
9.909133386381721415e-17
0.000000000000000000e+00
1.981826677276344283e-16
9.909133386381721415e-17
0.000000000000000000e+00
9.909133386381721415e-17
0.000000000000000000e+00
9.909133386381721415e-17
0.000000000000000000e+00
1.981826677276344283e-16
4.748594839680768571e-03
4.882917555933081327e-02
1.644714300654495365e-01
3.402391938277951056e-01
5.601507564885390700e-01
7.296532978100818134e-01
8.111273431075498586e-01
8.111273431075498586e-01
7.296532978100818134e-01
5.601507564885391810e-01
3.402391938277948280e-01
1.644714300654496753e-01
4.882917555933071613e-02
4.748594839681065209e-03
9.909133386381721415e-17
0.000000000000000000e+00
9.909133386381721415e-17
9.909133386381721415e-17
0.000000000000000000e+00
0.000000000000000000e+00
0.000000000000000000e+00
0.000000000000000000e+00
0.000000000000000000e+00
0.000000000000000000e+00
9.909133386381721415e-17
9.909133386381721415e-17
0.000000000000000000e+00
0.000000000000000000e+00
0.000000000000000000e+00
1.981826677276344283e-16
0.000000000000000000e+00
9.909133386381721415e-17
9.909133386381721415e-17
0.000000000000000000e+00
9.909133386381721415e-17
0.000000000000000000e+00
0.000000000000000000e+00
0.000000000000000000e+00
0.000000000000000000e+00
9.909133386381721415e-17
0.000000000000000000e+00
9.909133386381721415e-17
0.000000000000000000e+00
0.000000000000000000e+00
9.909133386381721415e-17
0.000000000000000000e+00
9.909133386381721415e-17
0.000000000000000000e+00
0.000000000000000000e+00
9.909133386381721415e-17
9.909133386381721415e-17
9.909133386381721415e-17
0.000000000000000000e+00
9.909133386381721415e-17
9.909133386381721415e-17
0.000000000000000000e+00
9.909133386381721415e-17
0.000000000000000000e+00
0.000000000000000000e+00
9.909133386381721415e-17
0.000000000000000000e+00
0.000000000000000000e+00
4.748594839680768571e-03
4.882917555933071613e-02
1.305818465135338002e-01
2.639251786445137027e-01
4.093905819051680828e-01
5.200773026547537148e-01
5.200773026547538258e-01
4.093905819051682493e-01
2.639251786445138137e-01
1.305818465135336059e-01
4.882917555933071613e-02
4.748594839680668825e-03
0.000000000000000000e+00
1.981826677276344283e-16
0.000000000000000000e+00
0.000000000000000000e+00
9.909133386381721415e-17
0.000000000000000000e+00
0.000000000000000000e+00
1.981826677276344283e-16
0.000000000000000000e+00
0.000000000000000000e+00
0.000000000000000000e+00
0.000000000000000000e+00
0.000000000000000000e+00
9.909133386381721415e-17
0.000000000000000000e+00
0.000000000000000000e+00
9.909133386381721415e-17
0.000000000000000000e+00
1.981826677276344283e-16
0.000000000000000000e+00
0.000000000000000000e+00
9.909133386381721415e-17
0.000000000000000000e+00
0.000000000000000000e+00
0.000000000000000000e+00
0.000000000000000000e+00
9.909133386381721415e-17
0.000000000000000000e+00
0.000000000000000000e+00
0.000000000000000000e+00
0.000000000000000000e+00
9.909133386381721415e-17
0.000000000000000000e+00
0.000000000000000000e+00
0.000000000000000000e+00
9.909133386381721415e-17
0.000000000000000000e+00
0.000000000000000000e+00
0.000000000000000000e+00
0.000000000000000000e+00
1.981826677276344283e-16
9.909133386381721415e-17
9.909133386381721415e-17
9.909133386381721415e-17
0.000000000000000000e+00
0.000000000000000000e+00
2.972740015914516548e-16
0.000000000000000000e+00
0.000000000000000000e+00
0.000000000000000000e+00
4.748594839680768571e-03
2.638701818871314400e-02
7.940316685456100254e-02
1.563631402363382106e-01
2.056519263499040628e-01
2.056519263499042016e-01
1.563631402363382106e-01
7.940316685456090540e-02
2.638701818871314400e-02
4.748594839680867451e-03
0.000000000000000000e+00
1.981826677276344283e-16
0.000000000000000000e+00
9.909133386381721415e-17
0.000000000000000000e+00
0.000000000000000000e+00
0.000000000000000000e+00
9.909133386381721415e-17
0.000000000000000000e+00
9.909133386381721415e-17
0.000000000000000000e+00
0.000000000000000000e+00
0.000000000000000000e+00
0.000000000000000000e+00
9.909133386381721415e-17
0.000000000000000000e+00
0.000000000000000000e+00
0.000000000000000000e+00
0.000000000000000000e+00
9.909133386381721415e-17
0.000000000000000000e+00
0.000000000000000000e+00
9.909133386381721415e-17
0.000000000000000000e+00
0.000000000000000000e+00
0.000000000000000000e+00
0.000000000000000000e+00
9.909133386381721415e-17
0.000000000000000000e+00
9.909133386381721415e-17
0.000000000000000000e+00
9.909133386381721415e-17
1.981826677276344283e-16
0.000000000000000000e+00
9.909133386381721415e-17
0.000000000000000000e+00
9.909133386381721415e-17
0.000000000000000000e+00
0.000000000000000000e+00
9.909133386381721415e-17
0.000000000000000000e+00
9.909133386381721415e-17
9.909133386381721415e-17
2.972740015914516548e-16
2.972740015914516548e-16
0.000000000000000000e+00
9.909133386381721415e-17
0.000000000000000000e+00
2.972740015914516548e-16
0.000000000000000000e+00
2.972740015914516548e-16
0.000000000000000000e+00
9.909133386381721415e-17
4.748594839681065209e-03
2.638701818871334176e-02
5.076035493002245547e-02
5.076035493002275384e-02
2.638701818871344237e-02
4.748594839681164956e-03
9.909133386381721415e-17
0.000000000000000000e+00
0.000000000000000000e+00
0.000000000000000000e+00
2.972740015914516548e-16
0.000000000000000000e+00
1.981826677276344283e-16
0.000000000000000000e+00
1.981826677276344283e-16
0.000000000000000000e+00
1.981826677276344283e-16
0.000000000000000000e+00
9.909133386381721415e-17
9.909133386381721415e-17
0.000000000000000000e+00
0.000000000000000000e+00
0.000000000000000000e+00
0.000000000000000000e+00
0.000000000000000000e+00
9.909133386381721415e-17
9.909133386381721415e-17
9.909133386381721415e-17
9.909133386381721415e-17
9.909133386381721415e-17
9.909133386381721415e-17
0.000000000000000000e+00
0.000000000000000000e+00
0.000000000000000000e+00
0.000000000000000000e+00
9.909133386381721415e-17
0.000000000000000000e+00
9.909133386381721415e-17
9.909133386381721415e-17
9.909133386381721415e-17
3.963653354552688566e-16
0.000000000000000000e+00
0.000000000000000000e+00
0.000000000000000000e+00
9.909133386381721415e-17
0.000000000000000000e+00
9.909133386381721415e-17
2.972740015914516548e-16
9.909133386381721415e-17
1.981826677276344283e-16
0.000000000000000000e+00
2.972740015914516548e-16
1.981826677276344283e-16
0.000000000000000000e+00
9.909133386381721415e-17
9.909133386381721415e-17
1.981826677276344283e-16
0.000000000000000000e+00
1.981826677276344283e-16
0.000000000000000000e+00
9.909133386381721415e-17
9.909133386381721415e-17
1.981826677276344283e-16
9.909133386381721415e-17
1.981826677276344283e-16
1.981826677276344283e-16
2.972740015914516548e-16
0.000000000000000000e+00
0.000000000000000000e+00
0.000000000000000000e+00
3.963653354552688566e-16
9.909133386381721415e-17
0.000000000000000000e+00
0.000000000000000000e+00
0.000000000000000000e+00
9.909133386381721415e-17
0.000000000000000000e+00
9.909133386381721415e-17
0.000000000000000000e+00
1.981826677276344283e-16
0.000000000000000000e+00
0.000000000000000000e+00
0.000000000000000000e+00
9.909133386381721415e-17
9.909133386381721415e-17
0.000000000000000000e+00
0.000000000000000000e+00
0.000000000000000000e+00
1.981826677276344283e-16
0.000000000000000000e+00
0.000000000000000000e+00
9.909133386381721415e-17
0.000000000000000000e+00
0.000000000000000000e+00
0.000000000000000000e+00
0.000000000000000000e+00
9.909133386381721415e-17
0.000000000000000000e+00
0.000000000000000000e+00
0.000000000000000000e+00
9.909133386381721415e-17
0.000000000000000000e+00
0.000000000000000000e+00
0.000000000000000000e+00
0.000000000000000000e+00
9.909133386381721415e-17
9.909133386381721415e-17
0.000000000000000000e+00
0.000000000000000000e+00
0.000000000000000000e+00
9.909133386381721415e-17
0.000000000000000000e+00
1.981826677276344283e-16
0.000000000000000000e+00
0.000000000000000000e+00
9.909133386381721415e-17
1.981826677276344283e-16
0.000000000000000000e+00
0.000000000000000000e+00
1.981826677276344283e-16
0.000000000000000000e+00
1.981826677276344283e-16
4.748594839681065209e-03
2.638701818871364013e-02
5.076035493002245547e-02
5.076035493002235832e-02
2.638701818871364013e-02
4.748594839681065209e-03
0.000000000000000000e+00
9.909133386381721415e-17
1.981826677276344283e-16
1.981826677276344283e-16
9.909133386381721415e-17
0.000000000000000000e+00
1.981826677276344283e-16
9.909133386381721415e-17
9.909133386381721415e-17
2.972740015914516548e-16
1.981826677276344283e-16
0.000000000000000000e+00
0.000000000000000000e+00
9.909133386381721415e-17
0.000000000000000000e+00
1.981826677276344283e-16
0.000000000000000000e+00
9.909133386381721415e-17
0.000000000000000000e+00
0.000000000000000000e+00
0.000000000000000000e+00
9.909133386381721415e-17
9.909133386381721415e-17
9.909133386381721415e-17
9.909133386381721415e-17
0.000000000000000000e+00
0.000000000000000000e+00
0.000000000000000000e+00
0.000000000000000000e+00
9.909133386381721415e-17
0.000000000000000000e+00
0.000000000000000000e+00
9.909133386381721415e-17
0.000000000000000000e+00
9.909133386381721415e-17
9.909133386381721415e-17
0.000000000000000000e+00
0.000000000000000000e+00
9.909133386381721415e-17
9.909133386381721415e-17
0.000000000000000000e+00
0.000000000000000000e+00
0.000000000000000000e+00
9.909133386381721415e-17
0.000000000000000000e+00
0.000000000000000000e+00
9.909133386381721415e-17
0.000000000000000000e+00
0.000000000000000000e+00
0.000000000000000000e+00
0.000000000000000000e+00
0.000000000000000000e+00
1.981826677276344283e-16
4.748594839680768571e-03
2.638701818871314400e-02
7.940316685456075274e-02
1.563631402363379608e-01
2.056519263499042016e-01
2.056519263499042571e-01
1.563631402363377942e-01
7.940316685456075274e-02
2.638701818871304686e-02
4.748594839680966330e-03
0.000000000000000000e+00
9.909133386381721415e-17
0.000000000000000000e+00
0.000000000000000000e+00
1.981826677276344283e-16
0.000000000000000000e+00
9.909133386381721415e-17
0.000000000000000000e+00
9.909133386381721415e-17
0.000000000000000000e+00
0.000000000000000000e+00
0.000000000000000000e+00
0.000000000000000000e+00
0.000000000000000000e+00
0.000000000000000000e+00
9.909133386381721415e-17
0.000000000000000000e+00
9.909133386381721415e-17
0.000000000000000000e+00
9.909133386381721415e-17
0.000000000000000000e+00
0.000000000000000000e+00
1.981826677276344283e-16
0.000000000000000000e+00
0.000000000000000000e+00
0.000000000000000000e+00
0.000000000000000000e+00
9.909133386381721415e-17
0.000000000000000000e+00
1.981826677276344283e-16
0.000000000000000000e+00
9.909133386381721415e-17
0.000000000000000000e+00
0.000000000000000000e+00
0.000000000000000000e+00
0.000000000000000000e+00
0.000000000000000000e+00
0.000000000000000000e+00
1.981826677276344283e-16
9.909133386381721415e-17
0.000000000000000000e+00
2.972740015914516548e-16
0.000000000000000000e+00
2.972740015914516548e-16
2.972740015914516548e-16
0.000000000000000000e+00
0.000000000000000000e+00
2.972740015914516548e-16
1.981826677276344283e-16
9.909133386381721415e-17
4.748594839680966330e-03
4.882917555933051490e-02
1.305818465135339945e-01
2.639251786445137582e-01
4.093905819051688044e-01
5.200773026547544919e-01
5.200773026547544919e-01
4.093905819051683603e-01
2.639251786445138137e-01
1.305818465135336059e-01
4.882917555933081327e-02
4.748594839680867451e-03
2.972740015914516548e-16
1.981826677276344283e-16
9.909133386381721415e-17
9.909133386381721415e-17
0.000000000000000000e+00
9.909133386381721415e-17
9.909133386381721415e-17
1.981826677276344283e-16
0.000000000000000000e+00
2.972740015914516548e-16
0.000000000000000000e+00
0.000000000000000000e+00
0.000000000000000000e+00
2.972740015914516548e-16
0.000000000000000000e+00
0.000000000000000000e+00
9.909133386381721415e-17
0.000000000000000000e+00
0.000000000000000000e+00
0.000000000000000000e+00
0.000000000000000000e+00
1.981826677276344283e-16
0.000000000000000000e+00
0.000000000000000000e+00
0.000000000000000000e+00
0.000000000000000000e+00
9.909133386381721415e-17
0.000000000000000000e+00
0.000000000000000000e+00
0.000000000000000000e+00
9.909133386381721415e-17
0.000000000000000000e+00
0.000000000000000000e+00
9.909133386381721415e-17
0.000000000000000000e+00
2.972740015914516548e-16
9.909133386381721415e-17
9.909133386381721415e-17
9.909133386381721415e-17
0.000000000000000000e+00
9.909133386381721415e-17
0.000000000000000000e+00
9.909133386381721415e-17
9.909133386381721415e-17
9.909133386381721415e-17
0.000000000000000000e+00
9.909133386381721415e-17
0.000000000000000000e+00
4.748594839680867451e-03
4.882917555933111164e-02
1.644714300654497308e-01
3.402391938277948280e-01
5.601507564885396251e-01
7.296532978100819244e-01
8.111273431075501916e-01
8.111273431075504137e-01
7.296532978100819244e-01
5.601507564885397361e-01
3.402391938277948280e-01
1.644714300654501749e-01
4.882917555933071613e-02
4.748594839681065209e-03
0.000000000000000000e+00
9.909133386381721415e-17
0.000000000000000000e+00
0.000000000000000000e+00
0.000000000000000000e+00
0.000000000000000000e+00
1.981826677276344283e-16
0.000000000000000000e+00
0.000000000000000000e+00
0.000000000000000000e+00
0.000000000000000000e+00
0.000000000000000000e+00
0.000000000000000000e+00
0.000000000000000000e+00
9.909133386381721415e-17
9.909133386381721415e-17
9.909133386381721415e-17
0.000000000000000000e+00
9.909133386381721415e-17
0.000000000000000000e+00
9.909133386381721415e-17
0.000000000000000000e+00
0.000000000000000000e+00
0.000000000000000000e+00
0.000000000000000000e+00
9.909133386381721415e-17
0.000000000000000000e+00
0.000000000000000000e+00
9.909133386381721415e-17
9.909133386381721415e-17
2.972740015914516548e-16
0.000000000000000000e+00
1.981826677276344283e-16
0.000000000000000000e+00
0.000000000000000000e+00
9.909133386381721415e-17
9.909133386381721415e-17
9.909133386381721415e-17
9.909133386381721415e-17
1.981826677276344283e-16
0.000000000000000000e+00
1.981826677276344283e-16
1.981826677276344283e-16
0.000000000000000000e+00
0.000000000000000000e+00
9.909133386381721415e-17
4.748594839680966330e-03
4.882917555933081327e-02
1.644714300654500638e-01
3.701087815111015478e-01
6.231391000983063089e-01
8.088495793644463472e-01
9.205968331454390530e-01
9.686423456381626496e-01
9.686423456381629826e-01
9.205968331454393860e-01
8.088495793644463472e-01
6.231391000983060868e-01
3.701087815111016033e-01
1.644714300654498695e-01
4.882917555933101450e-02
4.748594839681065209e-03
0.000000000000000000e+00
9.909133386381721415e-17
0.000000000000000000e+00
9.909133386381721415e-17
9.909133386381721415e-17
0.000000000000000000e+00
0.000000000000000000e+00
9.909133386381721415e-17
0.000000000000000000e+00
0.000000000000000000e+00
9.909133386381721415e-17
0.000000000000000000e+00
0.000000000000000000e+00
9.909133386381721415e-17
9.909133386381721415e-17
0.000000000000000000e+00
0.000000000000000000e+00
9.909133386381721415e-17
0.000000000000000000e+00
1.981826677276344283e-16
0.000000000000000000e+00
0.000000000000000000e+00
0.000000000000000000e+00
0.000000000000000000e+00
0.000000000000000000e+00
0.000000000000000000e+00
9.909133386381721415e-17
9.909133386381721415e-17
9.909133386381721415e-17
1.981826677276344283e-16
0.000000000000000000e+00
9.909133386381721415e-17
0.000000000000000000e+00
0.000000000000000000e+00
0.000000000000000000e+00
0.000000000000000000e+00
0.000000000000000000e+00
0.000000000000000000e+00
4.748594839681065209e-03
2.638701818871324462e-02
5.076035493002285098e-02
5.076035493002264976e-02
2.638701818871314400e-02
4.748594839680768571e-03
4.748594839681065209e-03
4.882917555933081327e-02
1.644714300654498695e-01
3.701087815111022139e-01
6.298912184888977306e-01
8.355285699345498251e-01
9.511708244406691382e-01
9.952514051603190692e-01
9.999999999999997780e-01
9.999999999999995559e-01
9.952514051603190692e-01
9.511708244406691382e-01
8.355285699345500472e-01
6.298912184888978416e-01
3.701087815111019363e-01
1.644714300654498695e-01
4.882917555933081327e-02
4.748594839680768571e-03
4.748594839680768571e-03
2.638701818871324462e-02
5.076035493002264976e-02
5.076035493002235832e-02
2.638701818871324462e-02
4.748594839680668825e-03
9.909133386381721415e-17
0.000000000000000000e+00
0.000000000000000000e+00
0.000000000000000000e+00
1.981826677276344283e-16
9.909133386381721415e-17
0.000000000000000000e+00
0.000000000000000000e+00
0.000000000000000000e+00
9.909133386381721415e-17
0.000000000000000000e+00
0.000000000000000000e+00
9.909133386381721415e-17
0.000000000000000000e+00
0.000000000000000000e+00
0.000000000000000000e+00
0.000000000000000000e+00
9.909133386381721415e-17
0.000000000000000000e+00
9.909133386381721415e-17
0.000000000000000000e+00
1.981826677276344283e-16
0.000000000000000000e+00
0.000000000000000000e+00
1.981826677276344283e-16
9.909133386381721415e-17
9.909133386381721415e-17
1.981826677276344283e-16
9.909133386381721415e-17
0.000000000000000000e+00
0.000000000000000000e+00
2.638701818871324462e-02
9.793069057289087442e-02
1.726447335964828023e-01
1.934327637439733072e-01
1.305818465135339945e-01
4.882917555933051490e-02
3.135765436183719779e-02
1.305818465135338002e-01
3.402391938277953276e-01
6.231391000983066419e-01
8.355285699345498251e-01
9.511708244406691382e-01
9.952514051603190692e-01
1.000000000000000000e+00
1.000000000000000000e+00
1.000000000000000000e+00
1.000000000000000000e+00
9.952514051603190692e-01
9.511708244406692492e-01
8.355285699345498251e-01
6.231391000983063089e-01
3.402391938277953276e-01
1.305818465135339945e-01
3.135765436183719779e-02
4.882917555933081327e-02
1.305818465135339390e-01
1.934327637439733072e-01
1.726447335964824692e-01
9.793069057289073565e-02
2.638701818871294624e-02
0.000000000000000000e+00
1.981826677276344283e-16
0.000000000000000000e+00
0.000000000000000000e+00
0.000000000000000000e+00
0.000000000000000000e+00
0.000000000000000000e+00
0.000000000000000000e+00
0.000000000000000000e+00
0.000000000000000000e+00
0.000000000000000000e+00
0.000000000000000000e+00
1.981826677276344283e-16
0.000000000000000000e+00
0.000000000000000000e+00
0.000000000000000000e+00
0.000000000000000000e+00
0.000000000000000000e+00
0.000000000000000000e+00
0.000000000000000000e+00
9.909133386381721415e-17
9.909133386381721415e-17
0.000000000000000000e+00
0.000000000000000000e+00
0.000000000000000000e+00
0.000000000000000000e+00
9.909133386381721415e-17
0.000000000000000000e+00
0.000000000000000000e+00
9.909133386381721415e-17
0.000000000000000000e+00
7.940316685456079437e-02
2.356591484625074895e-01
4.190452533137210001e-01
4.587489708520715026e-01
3.402391938277948280e-01
1.704053472515858481e-01
1.343722709816562721e-01
2.703467021899180756e-01
5.601507564885389590e-01
8.088495793644463472e-01
9.511708244406691382e-01
9.952514051603190692e-01
9.999999999999997780e-01
1.000000000000000000e+00
9.999999999999997780e-01
9.999999999999997780e-01
1.000000000000000000e+00
1.000000000000000000e+00
9.952514051603186251e-01
9.511708244406691382e-01
8.088495793644460141e-01
5.601507564885389590e-01
2.703467021899183531e-01
1.343722709816562721e-01
1.704053472515858758e-01
3.402391938277948280e-01
4.587489708520714471e-01
4.190452533137205560e-01
2.356591484625071564e-01
7.940316685456075274e-02
4.748594839681164956e-03
0.000000000000000000e+00
0.000000000000000000e+00
1.981826677276344283e-16
9.909133386381721415e-17
9.909133386381721415e-17
0.000000000000000000e+00
9.909133386381721415e-17
9.909133386381721415e-17
9.909133386381721415e-17
9.909133386381721415e-17
0.000000000000000000e+00
9.909133386381721415e-17
0.000000000000000000e+00
0.000000000000000000e+00
0.000000000000000000e+00
0.000000000000000000e+00
0.000000000000000000e+00
0.000000000000000000e+00
1.981826677276344283e-16
0.000000000000000000e+00
1.981826677276344283e-16
9.909133386381721415e-17
0.000000000000000000e+00
1.981826677276344283e-16
1.981826677276344283e-16
9.909133386381721415e-17
9.909133386381721415e-17
0.000000000000000000e+00
1.981826677276344283e-16
0.000000000000000000e+00
1.563631402363380996e-01
4.025764698702353206e-01
6.647699907068074232e-01
7.384819685102596010e-01
6.231391000983063089e-01
4.070889274568160188e-01
3.513520621520858644e-01
4.773339719581683460e-01
7.360748213554862973e-01
9.205968331454390530e-01
9.952514051603190692e-01
1.000000000000000000e+00
9.999999999999997780e-01
1.000000000000000000e+00
1.000000000000000000e+00
1.000000000000000000e+00
9.999999999999997780e-01
9.999999999999997780e-01
9.999999999999997780e-01
9.952514051603188472e-01
9.205968331454390530e-01
7.360748213554862973e-01
4.773339719581687346e-01
3.513520621520854759e-01
4.070889274568160188e-01
6.231391000983063089e-01
7.384819685102596010e-01
6.647699907068068681e-01
4.025764698702346545e-01
1.563631402363379608e-01
2.638701818871314400e-02
1.981826677276344283e-16
0.000000000000000000e+00
9.909133386381721415e-17
1.981826677276344283e-16
0.000000000000000000e+00
0.000000000000000000e+00
9.909133386381721415e-17
9.909133386381721415e-17
1.981826677276344283e-16
1.981826677276344283e-16
0.000000000000000000e+00
1.981826677276344283e-16
0.000000000000000000e+00
0.000000000000000000e+00
0.000000000000000000e+00
9.909133386381721415e-17
0.000000000000000000e+00
0.000000000000000000e+00
9.909133386381721415e-17
0.000000000000000000e+00
1.981826677276344283e-16
9.909133386381721415e-17
0.000000000000000000e+00
9.909133386381721415e-17
9.909133386381721415e-17
0.000000000000000000e+00
0.000000000000000000e+00
9.909133386381721415e-17
1.981826677276344283e-16
0.000000000000000000e+00
2.332981745038719412e-01
5.601507564885396251e-01
8.318292444394237428e-01
9.226090910971354031e-01
8.355285699345500472e-01
6.982990196919406367e-01
6.276133842994856549e-01
7.272327712918503773e-01
8.694181534864662275e-01
9.736129818112867484e-01
9.999999999999997780e-01
9.999999999999995559e-01
1.000000000000000000e+00
1.000000000000000000e+00
1.000000000000000000e+00
9.999999999999997780e-01
1.000000000000000000e+00
1.000000000000000000e+00
9.999999999999997780e-01
9.999999999999997780e-01
9.736129818112863044e-01
8.694181534864662275e-01
7.272327712918504883e-01
6.276133842994856549e-01
6.982990196919408588e-01
8.355285699345500472e-01
9.226090910971354031e-01
8.318292444394232987e-01
5.601507564885394030e-01
2.332981745038717747e-01
5.592525425479465129e-02
0.000000000000000000e+00
0.000000000000000000e+00
1.981826677276344283e-16
0.000000000000000000e+00
9.909133386381721415e-17
1.981826677276344283e-16
0.000000000000000000e+00
1.981826677276344283e-16
9.909133386381721415e-17
1.981826677276344283e-16
0.000000000000000000e+00
1.981826677276344283e-16
9.909133386381721415e-17
0.000000000000000000e+00
0.000000000000000000e+00
9.909133386381721415e-17
0.000000000000000000e+00
0.000000000000000000e+00
1.981826677276344283e-16
0.000000000000000000e+00
0.000000000000000000e+00
1.981826677276344283e-16
0.000000000000000000e+00
0.000000000000000000e+00
9.909133386381721415e-17
0.000000000000000000e+00
0.000000000000000000e+00
9.909133386381721415e-17
9.909133386381721415e-17
9.909133386381721415e-17
3.308254011875178535e-01
6.691745988124822020e-01
8.963460857147343974e-01
9.904619517685361307e-01
9.511708244406689161e-01
8.944764087981585954e-01
8.613064243317298807e-01
8.944764087981588174e-01
9.511708244406691382e-01
9.952514051603190692e-01
9.999999999999997780e-01
1.000000000000000000e+00
1.000000000000000000e+00
9.999999999999997780e-01
9.999999999999997780e-01
9.999999999999997780e-01
9.999999999999997780e-01
1.000000000000000000e+00
1.000000000000000000e+00
9.999999999999997780e-01
9.952514051603188472e-01
9.511708244406691382e-01
8.944764087981585954e-01
8.613064243317298807e-01
8.944764087981585954e-01
9.511708244406691382e-01
9.904619517685361307e-01
8.963460857147339533e-01
6.691745988124819799e-01
3.308254011875177425e-01
1.036539142852658246e-01
4.748594839680867451e-03
0.000000000000000000e+00
0.000000000000000000e+00
1.981826677276344283e-16
0.000000000000000000e+00
0.000000000000000000e+00
9.909133386381721415e-17
9.909133386381721415e-17
9.909133386381721415e-17
1.981826677276344283e-16
0.000000000000000000e+00
1.981826677276344283e-16
9.909133386381721415e-17
9.909133386381721415e-17
0.000000000000000000e+00
9.909133386381721415e-17
0.000000000000000000e+00
0.000000000000000000e+00
9.909133386381721415e-17
0.000000000000000000e+00
9.909133386381721415e-17
9.909133386381721415e-17
0.000000000000000000e+00
9.909133386381721415e-17
0.000000000000000000e+00
9.909133386381721415e-17
0.000000000000000000e+00
0.000000000000000000e+00
0.000000000000000000e+00
0.000000000000000000e+00
4.398492435114606525e-01
7.667018254961280865e-01
9.440747457452051128e-01
9.999999999999997780e-01
9.952514051603186251e-01
9.785430589297426929e-01
9.717492474036333316e-01
9.785430589297424708e-01
9.952514051603188472e-01
1.000000000000000000e+00
1.000000000000000000e+00
1.000000000000000000e+00
1.000000000000000000e+00
1.000000000000000000e+00
9.999999999999997780e-01
9.999999999999995559e-01
1.000000000000000000e+00
1.000000000000000000e+00
1.000000000000000000e+00
1.000000000000000000e+00
9.999999999999995559e-01
9.952514051603190692e-01
9.785430589297426929e-01
9.717492474036328876e-01
9.785430589297424708e-01
9.952514051603188472e-01
9.999999999999995559e-01
9.440747457452046687e-01
7.667018254961278645e-01
4.398492435114606525e-01
1.622497004170621315e-01
2.638701818871314400e-02
9.909133386381721415e-17
9.909133386381721415e-17
9.909133386381721415e-17
0.000000000000000000e+00
9.909133386381721415e-17
9.909133386381721415e-17
1.981826677276344283e-16
9.909133386381721415e-17
1.981826677276344283e-16
0.000000000000000000e+00
1.981826677276344283e-16
9.909133386381721415e-17
0.000000000000000000e+00
0.000000000000000000e+00
9.909133386381721415e-17
0.000000000000000000e+00
0.000000000000000000e+00
9.909133386381721415e-17
0.000000000000000000e+00
1.981826677276344283e-16
9.909133386381721415e-17
0.000000000000000000e+00
9.909133386381721415e-17
1.981826677276344283e-16
9.909133386381721415e-17
0.000000000000000000e+00
9.909133386381721415e-17
9.909133386381721415e-17
0.000000000000000000e+00
5.601507564885396251e-01
8.377502995829381183e-01
9.736129818112867484e-01
9.999999999999997780e-01
1.000000000000000000e+00
9.999999999999997780e-01
1.000000000000000000e+00
1.000000000000000000e+00
1.000000000000000000e+00
1.000000000000000000e+00
1.000000000000000000e+00
1.000000000000000000e+00
9.999999999999997780e-01
9.999999999999997780e-01
9.999999999999997780e-01
9.999999999999997780e-01
9.999999999999997780e-01
1.000000000000000000e+00
1.000000000000000000e+00
1.000000000000000000e+00
9.999999999999995559e-01
1.000000000000000000e+00
1.000000000000000000e+00
1.000000000000000000e+00
1.000000000000000000e+00
1.000000000000000000e+00
9.999999999999997780e-01
9.736129818112863044e-01
8.436368597636618727e-01
5.906094180948315842e-01
2.703467021899181866e-01
7.940316685456090540e-02
4.748594839680867451e-03
1.981826677276344283e-16
9.909133386381721415e-17
0.000000000000000000e+00
0.000000000000000000e+00
0.000000000000000000e+00
9.909133386381721415e-17
9.909133386381721415e-17
0.000000000000000000e+00
0.000000000000000000e+00
9.909133386381721415e-17
9.909133386381721415e-17
0.000000000000000000e+00
0.000000000000000000e+00
9.909133386381721415e-17
0.000000000000000000e+00
0.000000000000000000e+00
9.909133386381721415e-17
0.000000000000000000e+00
0.000000000000000000e+00
9.909133386381721415e-17
0.000000000000000000e+00
9.909133386381721415e-17
9.909133386381721415e-17
9.909133386381721415e-17
9.909133386381721415e-17
4.748594839680867451e-03
2.145694107025731406e-02
2.825075259636711938e-02
5.627286930675897692e-01
7.987218230164309096e-01
9.097982427561328578e-01
9.152169293821127427e-01
9.152169293821122986e-01
9.152169293821127427e-01
9.152169293821125207e-01
9.152169293821122986e-01
9.152169293821125207e-01
9.152169293821125207e-01
9.152169293821122986e-01
9.152169293821125207e-01
9.152169293821125207e-01
9.152169293821125207e-01
9.152169293821125207e-01
9.152169293821125207e-01
9.152169293821125207e-01
9.152169293821122986e-01
9.152169293821122986e-01
9.152169293821125207e-01
9.152169293821122986e-01
9.152169293821125207e-01
9.152169293821122986e-01
9.152169293821125207e-01
9.152169293821125207e-01
9.152169293821122986e-01
9.152169293821125207e-01
9.097982427561326357e-01
8.256452970162023730e-01
6.256789850060271441e-01
3.333239226363653995e-01
1.248899809343278627e-01
2.145694107025731406e-02
1.981826677276344283e-16
2.972740015914516548e-16
0.000000000000000000e+00
0.000000000000000000e+00
0.000000000000000000e+00
0.000000000000000000e+00
0.000000000000000000e+00
0.000000000000000000e+00
0.000000000000000000e+00
9.909133386381721415e-17
0.000000000000000000e+00
0.000000000000000000e+00
0.000000000000000000e+00
0.000000000000000000e+00
0.000000000000000000e+00
0.000000000000000000e+00
9.909133386381721415e-17
0.000000000000000000e+00
9.909133386381721415e-17
9.909133386381721415e-17
0.000000000000000000e+00
9.909133386381721415e-17
0.000000000000000000e+00
0.000000000000000000e+00
9.909133386381721415e-17
2.145694107025721345e-02
4.543990835689787344e-02
5.787707475908474702e-02
4.284567855732985819e-01
6.025389341798775833e-01
6.782960902790531321e-01
6.782960902790530211e-01
6.782960902790525770e-01
6.782960902790529101e-01
6.782960902790529101e-01
6.782960902790529101e-01
6.782960902790530211e-01
6.782960902790531321e-01
6.782960902790527991e-01
6.782960902790525770e-01
6.782960902790529101e-01
6.782960902790529101e-01
6.782960902790529101e-01
6.782960902790529101e-01
6.782960902790529101e-01
6.782960902790531321e-01
6.782960902790524660e-01
6.782960902790527991e-01
6.782960902790529101e-01
6.782960902790529101e-01
6.782960902790529101e-01
6.782960902790527991e-01
6.782960902790530211e-01
6.782960902790524660e-01
6.782960902790530211e-01
6.782960902790524660e-01
6.419399706171208253e-01
5.086254578604949561e-01
3.107347869636740700e-01
1.190190307905236861e-01
2.825075259636691816e-02
0.000000000000000000e+00
2.972740015914516548e-16
0.000000000000000000e+00
0.000000000000000000e+00
0.000000000000000000e+00
9.909133386381721415e-17
0.000000000000000000e+00
9.909133386381721415e-17
0.000000000000000000e+00
9.909133386381721415e-17
0.000000000000000000e+00
0.000000000000000000e+00
0.000000000000000000e+00
0.000000000000000000e+00
0.000000000000000000e+00
0.000000000000000000e+00
9.909133386381721415e-17
0.000000000000000000e+00
0.000000000000000000e+00
9.909133386381721415e-17
0.000000000000000000e+00
9.909133386381721415e-17
0.000000000000000000e+00
0.000000000000000000e+00
0.000000000000000000e+00
2.825075259636701877e-02
5.787707475908494825e-02
8.885328759236849061e-02
