0.000000000000000000e+00
0.000000000000000000e+00
0.000000000000000000e+00
0.000000000000000000e+00
0.000000000000000000e+00
5.008480546672760929e-03
2.772441081715777689e-02
8.270873678998050260e-02
1.961052174770891721e-01
3.504132934069399408e-01
5.288153055333267849e-01
6.361799128154153049e-01
6.743624011645407146e-01
6.743624011645407146e-01
6.743624011645409366e-01
6.743624011645408256e-01
6.743624011645409366e-01
6.743624011645407146e-01
6.361799128154153049e-01
5.288153055333267849e-01
3.504132934069399408e-01
1.961052174770891721e-01
8.270873678998055811e-02
2.772441081715783240e-02
5.008480546672871084e-03
0.000000000000000000e+00
0.000000000000000000e+00
0.000000000000000000e+00
0.000000000000000000e+00
2.967304534326129298e-02
1.175305885770399489e-01
2.861521874229749907e-01
4.692615863410379284e-01
6.092166865537612663e-01
6.678461285115632196e-01
6.743624011645408256e-01
6.743624011645407146e-01
6.743624011645407146e-01
6.743624011645403815e-01
6.361799128154151939e-01
5.288153055333271180e-01
3.438561941939600741e-01
1.692906011139025946e-01
5.110994413116060064e-02
5.008480546672760929e-03
0.000000000000000000e+00
5.008480546672760929e-03
5.110994413116060064e-02
1.692906011139027611e-01
3.438561941939600741e-01
5.288153055333267849e-01
6.361799128154151939e-01
6.743624011645407146e-01
6.743624011645407146e-01
6.743624011645409366e-01
6.743624011645409366e-01
6.678461285115632196e-01
6.092166865537612663e-01
4.692615863410378729e-01
2.861521874229749907e-01
1.175305885770397268e-01
0.000000000000000000e+00
0.000000000000000000e+00
0.000000000000000000e+00
0.000000000000000000e+00
5.008480546672651641e-03
5.110994413116054513e-02
1.350107068183161452e-01
2.686068067648735846e-01
4.413312269035771229e-01
6.495867065930599482e-01
7.978015897015470204e-01
8.867520983221323094e-01
9.117599503652050741e-01
9.117599503652050741e-01
9.117599503652052961e-01
9.117599503652050741e-01
9.117599503652050741e-01
9.117599503652054072e-01
8.867520983221323094e-01
7.978015897015470204e-01
6.495867065930598372e-01
4.413312269035771229e-01
2.686068067648736402e-01
1.350107068183162562e-01
5.110994413116060064e-02
5.008480546672871084e-03
0.000000000000000000e+00
0.000000000000000000e+00
0.000000000000000000e+00
2.256382905249874546e-02
1.038391575176521864e-01
2.709947214272848681e-01
5.151277822519265692e-01
7.274271066440551881e-01
8.553102755039585503e-01
9.061970753240028431e-01
9.117599503652048520e-01
9.117599503652049631e-01
9.117599503652050741e-01
8.867520983221319764e-01
7.978015897015467983e-01
6.202343790326646511e-01
3.731525184986451693e-01
1.692906011139027611e-01
5.110994413116060064e-02
1.005133660521712914e-02
5.110994413116060064e-02
1.692906011139027056e-01
3.731525184986451693e-01
6.202343790326646511e-01
7.978015897015466873e-01
8.867520983221320874e-01
9.117599503652050741e-01
9.117599503652050741e-01
9.117599503652049631e-01
9.061970753240029541e-01
8.553102755039585503e-01
7.274271066440551881e-01
5.151277822519265692e-01
2.709947214272848681e-01
1.038391575176520754e-01
0.000000000000000000e+00
0.000000000000000000e+00
5.008480546672760929e-03
2.772441081715772138e-02
8.270873678998050260e-02
1.961052174770889500e-01
3.504132934069398297e-01
5.586687730964224885e-01
7.313931932351263043e-01
8.649892931816838271e-01
9.488900558688392328e-01
9.949915194533270890e-01
9.999999999999997780e-01
9.999999999999997780e-01
1.000000000000000000e+00
9.999999999999997780e-01
9.999999999999997780e-01
9.999999999999997780e-01
9.949915194533270890e-01
9.488900558688392328e-01
8.649892931816834940e-01
7.313931932351265264e-01
5.586687730964229326e-01
3.504132934069399408e-01
1.961052174770891721e-01
8.270873678998055811e-02
2.772441081715772138e-02
5.008480546672651641e-03
0.000000000000000000e+00
5.008480546672871084e-03
5.110994413116065616e-02
1.692906011139027611e-01
3.797656209673351824e-01
6.561438058060398149e-01
8.649892931816837160e-01
9.722755891828422925e-01
1.000000000000000000e+00
1.000000000000000000e+00
9.999999999999997780e-01
9.949915194533268670e-01
9.488900558688393438e-01
8.307093988860971834e-01
6.202343790326646511e-01
3.438561941939601851e-01
1.350107068183161452e-01
5.645277331521454667e-02
1.350107068183161452e-01
3.438561941939601851e-01
6.202343790326649842e-01
8.307093988860971834e-01
9.488900558688393438e-01
9.949915194533268670e-01
1.000000000000000000e+00
9.999999999999997780e-01
1.000000000000000000e+00
9.722755891828422925e-01
8.649892931816838271e-01
6.561438058060398149e-01
3.797656209673351269e-01
1.692906011139023725e-01
5.110994413116054513e-02
0.000000000000000000e+00
0.000000000000000000e+00
2.772441081715772138e-02
1.017234106991201092e-01
2.405477025197720053e-01
4.346392435603656512e-01
6.495867065930597262e-01
8.038947825229108002e-01
9.172912632100196362e-01
9.722755891828420705e-01
9.949915194533273111e-01
1.000000000000000000e+00
9.999999999999997780e-01
1.000000000000000000e+00
9.999999999999997780e-01
1.000000000000000000e+00
1.000000000000000000e+00
9.999999999999997780e-01
9.999999999999997780e-01
9.949915194533270890e-01
9.722755891828420705e-01
9.172912632100194141e-01
8.038947825229109112e-01
6.495867065930599482e-01
4.346392435603657622e-01
2.405477025197722274e-01
1.017234106991200537e-01
2.772441081715777689e-02
0.000000000000000000e+00
0.000000000000000000e+00
5.008480546672760929e-03
5.110994413116033003e-02
1.961052174770891721e-01
4.413312269035773450e-01
7.313931932351260823e-01
9.172912632100198582e-01
9.949915194533270890e-01
9.999999999999997780e-01
9.999999999999997780e-01
1.000000000000000000e+00
9.949915194533273111e-01
9.435472266847854117e-01
7.703723918514226998e-01
4.896651269150011365e-01
2.044953918734052356e-01
1.097057832121935139e-01
2.044953918734052356e-01
4.896651269150011365e-01
7.703723918514226998e-01
9.435472266847851897e-01
9.949915194533270890e-01
1.000000000000000000e+00
1.000000000000000000e+00
9.999999999999997780e-01
9.949915194533270890e-01
9.172912632100198582e-01
7.313931932351263043e-01
4.413312269035772339e-01
1.961052174770891721e-01
5.110994413116054513e-02
5.008480546672760929e-03
0.000000000000000000e+00
5.008480546672871084e-03
8.270873678998050260e-02
2.405477025197721164e-01
4.899224785202606069e-01
7.029318693904822446e-01
8.649892931816834940e-01
9.488900558688393438e-01
9.949915194533270890e-01
1.000000000000000000e+00
9.999999999999997780e-01
1.000000000000000000e+00
1.000000000000000000e+00
1.000000000000000000e+00
1.000000000000000000e+00
1.000000000000000000e+00
1.000000000000000000e+00
1.000000000000000000e+00
9.999999999999997780e-01
9.999999999999997780e-01
9.999999999999997780e-01
9.949915194533268670e-01
9.488900558688394549e-01
8.649892931816838271e-01
7.029318693904825777e-01
4.899224785202608845e-01
2.405477025197721719e-01
8.270873678998050260e-02
5.008480546672760929e-03
0.000000000000000000e+00
1.094792635452646026e-16
5.008480546672760929e-03
8.270873678998028056e-02
2.686068067648736402e-01
5.586687730964224885e-01
8.038947825229108002e-01
9.488900558688393438e-01
9.949915194533268670e-01
1.000000000000000000e+00
9.999999999999997780e-01
1.000000000000000000e+00
9.670812187405384286e-01
8.061786627128808558e-01
5.195768089354795283e-01
2.106230486467718932e-01
1.097057832121934584e-01
2.106230486467718932e-01
5.195768089354795283e-01
8.061786627128810778e-01
9.670812187405386506e-01
1.000000000000000000e+00
9.999999999999997780e-01
1.000000000000000000e+00
9.949915194533268670e-01
9.488900558688395659e-01
8.038947825229106892e-01
5.586687730964227105e-01
2.686068067648736402e-01
8.270873678998044709e-02
5.008480546672760929e-03
0.000000000000000000e+00
5.008480546672871084e-03
5.110994413116044105e-02
1.961052174770892276e-01
4.346392435603656512e-01
7.029318693904825777e-01
8.846128939260314850e-01
9.722755891828422925e-01
9.949915194533270890e-01
1.000000000000000000e+00
9.999999999999997780e-01
1.000000000000000000e+00
1.000000000000000000e+00
9.999999999999997780e-01
1.000000000000000000e+00
1.000000000000000000e+00
1.000000000000000000e+00
1.000000000000000000e+00
1.000000000000000000e+00
1.000000000000000000e+00
1.000000000000000000e+00
9.999999999999997780e-01
1.000000000000000000e+00
9.949915194533270890e-01
9.722755891828422925e-01
8.846128939260315960e-01
7.029318693904826887e-01
4.346392435603655402e-01
1.961052174770892276e-01
5.110994413116060064e-02
5.008480546672760929e-03
0.000000000000000000e+00
1.094792635452646026e-16
2.772441081715772138e-02
1.350107068183160342e-01
3.438561941939602962e-01
6.202343790326649842e-01
8.307093988860970724e-01
9.488900558688394549e-01
9.949915194533270890e-01
9.999999999999997780e-01
9.949915194533273111e-01
9.172912632100194141e-01
7.250344875547515278e-01
4.115852958883707280e-01
1.611121416766069236e-01
5.645277331521454667e-02
1.611121416766069236e-01
4.115852958883707280e-01
7.250344875547518608e-01
9.172912632100194141e-01
9.949915194533270890e-01
9.999999999999997780e-01
9.949915194533273111e-01
9.488900558688393438e-01
8.307093988860971834e-01
6.202343790326649842e-01
3.438561941939602962e-01
1.350107068183163117e-01
2.772441081715772138e-02
0.000000000000000000e+00
0.000000000000000000e+00
2.772441081715777689e-02
1.350107068183162562e-01
3.504132934069399408e-01
6.495867065930599482e-01
8.649892931816838271e-01
9.722755891828422925e-01
9.999999999999997780e-01
1.000000000000000000e+00
1.000000000000000000e+00
1.000000000000000000e+00
9.999999999999997780e-01
1.000000000000000000e+00
1.000000000000000000e+00
1.000000000000000000e+00
1.000000000000000000e+00
1.000000000000000000e+00
1.000000000000000000e+00
9.999999999999997780e-01
1.000000000000000000e+00
9.999999999999997780e-01
9.999999999999997780e-01
1.000000000000000000e+00
9.999999999999997780e-01
1.000000000000000000e+00
9.722755891828422925e-01
8.649892931816839381e-01
6.495867065930599482e-01
3.504132934069399408e-01
1.350107068183161452e-01
2.772441081715793995e-02
1.094792635452646026e-16
0.000000000000000000e+00
5.008480546672542354e-03
5.110994413116065616e-02
1.692906011139025946e-01
3.797656209673353489e-01
6.561438058060398149e-01
8.649892931816834940e-01
9.722755891828418484e-01
9.949915194533273111e-01
9.488900558688393438e-01
8.038947825229109112e-01
5.586687730964223775e-01
2.686068067648735291e-01
8.270873678998050260e-02
1.005133660521712914e-02
8.270873678998050260e-02
2.686068067648735291e-01
5.586687730964225995e-01
8.038947825229106892e-01
9.488900558688393438e-01
9.949915194533273111e-01
9.722755891828422925e-01
8.649892931816834940e-01
6.561438058060398149e-01
3.797656209673353489e-01
1.692906011139027056e-01
5.110994413116054513e-02
5.008480546672760929e-03
0.000000000000000000e+00
0.000000000000000000e+00
8.270873678998055811e-02
2.686068067648735846e-01
5.586687730964229326e-01
8.038947825229109112e-01
9.488900558688391218e-01
9.949915194533270890e-01
9.999999999999997780e-01
1.000000000000000000e+00
9.999999999999997780e-01
1.000000000000000000e+00
9.999999999999997780e-01
1.000000000000000000e+00
9.999999999999997780e-01
1.000000000000000000e+00
1.000000000000000000e+00
1.000000000000000000e+00
9.999999999999997780e-01
1.000000000000000000e+00
9.999999999999997780e-01
9.999999999999997780e-01
9.999999999999997780e-01
1.000000000000000000e+00
1.000000000000000000e+00
9.999999999999997780e-01
9.949915194533273111e-01
9.488900558688394549e-01
8.038947825229108002e-01
5.586687730964227105e-01
2.686068067648735291e-01
8.270873678998012790e-02
5.008480546672871084e-03
0.000000000000000000e+00
0.000000000000000000e+00
5.008480546672760929e-03
5.110994413116054513e-02
1.961052174770888390e-01
4.413312269035772895e-01
7.313931932351263043e-01
9.117599503652050741e-01
9.435472266847854117e-01
8.307093988860975164e-01
6.202343790326649842e-01
3.438561941939600741e-01
1.350107068183161452e-01
2.772441081715777689e-02
0.000000000000000000e+00
2.772441081715777689e-02
1.350107068183161452e-01
3.438561941939600741e-01
6.202343790326649842e-01
8.307093988860975164e-01
9.435472266847851897e-01
9.117599503652050741e-01
7.313931932351266374e-01
4.413312269035772895e-01
1.961052174770889500e-01
5.110994413116060064e-02
5.008480546672542354e-03
1.094792635452646026e-16
1.094792635452646026e-16
0.000000000000000000e+00
1.961052174770891166e-01
4.413312269035776780e-01
7.313931932351265264e-01
9.172912632100196362e-01
9.949915194533270890e-01
1.000000000000000000e+00
9.999999999999997780e-01
1.000000000000000000e+00
1.000000000000000000e+00
9.999999999999997780e-01
1.000000000000000000e+00
1.000000000000000000e+00
1.000000000000000000e+00
1.000000000000000000e+00
1.000000000000000000e+00
1.000000000000000000e+00
1.000000000000000000e+00
1.000000000000000000e+00
9.999999999999997780e-01
1.000000000000000000e+00
9.999999999999997780e-01
1.000000000000000000e+00
1.000000000000000000e+00
9.999999999999997780e-01
1.000000000000000000e+00
9.949915194533270890e-01
9.172912632100194141e-01
7.313931932351263043e-01
4.413312269035770119e-01
1.961052174770885614e-01
5.110994413116065616e-02
5.008480546672760929e-03
0.000000000000000000e+00
0.000000000000000000e+00
5.008480546672651641e-03
8.270873678998055811e-02
2.749655124452479726e-01
5.884147041116289945e-01
8.061786627128810778e-01
8.329489617751555386e-01
6.561438058060398149e-01
3.797656209673349048e-01
1.692906011139025946e-01
5.110994413116060064e-02
5.008480546672760929e-03
0.000000000000000000e+00
5.008480546672760929e-03
5.110994413116054513e-02
1.692906011139027056e-01
3.797656209673351269e-01
6.561438058060398149e-01
8.329489617751553165e-01
8.061786627128815219e-01
5.884147041116292165e-01
2.749655124452481947e-01
8.270873678998055811e-02
5.008480546672651641e-03
0.000000000000000000e+00
0.000000000000000000e+00
0.000000000000000000e+00
0.000000000000000000e+00
3.504132934069400518e-01
6.495867065930602813e-01
8.649892931816839381e-01
9.722755891828422925e-01
9.999999999999997780e-01
9.999999999999997780e-01
1.000000000000000000e+00
1.000000000000000000e+00
1.000000000000000000e+00
1.000000000000000000e+00
1.000000000000000000e+00
1.000000000000000000e+00
9.999999999999997780e-01
9.999999999999997780e-01
9.999999999999997780e-01
9.999999999999997780e-01
9.999999999999997780e-01
9.999999999999997780e-01
1.000000000000000000e+00
1.000000000000000000e+00
9.999999999999997780e-01
1.000000000000000000e+00
1.000000000000000000e+00
1.000000000000000000e+00
9.999999999999997780e-01
1.000000000000000000e+00
9.722755891828422925e-01
8.649892931816837160e-01
6.495867065930598372e-01
3.504132934069399408e-01
1.350107068183163117e-01
2.772441081715761382e-02
0.000000000000000000e+00
0.000000000000000000e+00
0.000000000000000000e+00
2.772441081715772138e-02
1.670510382248445169e-01
4.413312269035772895e-01
6.900283893859477935e-01
6.964888881446775759e-01
4.711846944666733816e-01
2.021984102984531462e-01
5.110994413116054513e-02
5.008480546672760929e-03
0.000000000000000000e+00
0.000000000000000000e+00
0.000000000000000000e+00
5.008480546672760929e-03
5.110994413116054513e-02
2.021984102984532017e-01
4.711846944666732151e-01
6.964888881446773539e-01
6.900283893859477935e-01
4.413312269035772339e-01
1.670510382248444614e-01
2.772441081715783240e-02
0.000000000000000000e+00
0.000000000000000000e+00
0.000000000000000000e+00
0.000000000000000000e+00
0.000000000000000000e+00
5.288153055333267849e-01
7.978015897015466873e-01
9.488900558688393438e-01
9.949915194533275331e-01
9.999999999999997780e-01
9.999999999999997780e-01
1.000000000000000000e+00
1.000000000000000000e+00
1.000000000000000000e+00
9.999999999999997780e-01
1.000000000000000000e+00
1.000000000000000000e+00
1.000000000000000000e+00
1.000000000000000000e+00
1.000000000000000000e+00
1.000000000000000000e+00
1.000000000000000000e+00
1.000000000000000000e+00
1.000000000000000000e+00
1.000000000000000000e+00
9.999999999999997780e-01
1.000000000000000000e+00
9.999999999999997780e-01
1.000000000000000000e+00
1.000000000000000000e+00
9.999999999999997780e-01
9.949915194533270890e-01
9.488900558688393438e-01
7.978015897015467983e-01
5.288153055333267849e-01
2.319649311919487200e-01
5.846967461043119790e-02
0.000000000000000000e+00
0.000000000000000000e+00
0.000000000000000000e+00
5.008480546672651641e-03
1.132479016778677183e-01
3.638200871845846951e-01
6.000767313320195528e-01
6.000767313320195528e-01
3.638200871845849727e-01
1.132479016778675518e-01
5.008480546672760929e-03
0.000000000000000000e+00
0.000000000000000000e+00
1.094792635452646026e-16
0.000000000000000000e+00
0.000000000000000000e+00
5.008480546672760929e-03
1.132479016778677183e-01
3.638200871845848061e-01
6.000767313320191088e-01
6.000767313320196639e-01
3.638200871845848061e-01
1.132479016778677183e-01
5.008480546672760929e-03
0.000000000000000000e+00
0.000000000000000000e+00
0.000000000000000000e+00
0.000000000000000000e+00
0.000000000000000000e+00
6.361799128154153049e-01
8.867520983221323094e-01
9.949915194533270890e-01
1.000000000000000000e+00
1.000000000000000000e+00
1.000000000000000000e+00
1.000000000000000000e+00
9.999999999999997780e-01
1.000000000000000000e+00
9.999999999999997780e-01
1.000000000000000000e+00
1.000000000000000000e+00
9.999999999999997780e-01
9.999999999999997780e-01
1.000000000000000000e+00
1.000000000000000000e+00
9.999999999999997780e-01
9.999999999999997780e-01
1.000000000000000000e+00
1.000000000000000000e+00
9.999999999999997780e-01
9.999999999999997780e-01
1.000000000000000000e+00
1.000000000000000000e+00
1.000000000000000000e+00
1.000000000000000000e+00
9.999999999999997780e-01
9.949915194533270890e-01
8.867520983221325315e-01
6.361799128154154159e-01
2.968216647796203533e-01
8.270873678998028056e-02
0.000000000000000000e+00
0.000000000000000000e+00
0.000000000000000000e+00
0.000000000000000000e+00
8.824004963479482877e-02
3.256375988354590634e-01
5.637004129772414940e-01
5.637004129772413830e-01
3.256375988354591744e-01
8.824004963479482877e-02
0.000000000000000000e+00
0.000000000000000000e+00
0.000000000000000000e+00
1.094792635452646026e-16
0.000000000000000000e+00
0.000000000000000000e+00
0.000000000000000000e+00
8.824004963479492591e-02
3.256375988354590634e-01
5.637004129772411609e-01
5.637004129772416050e-01
3.256375988354592299e-01
8.824004963479488428e-02
0.000000000000000000e+00
0.000000000000000000e+00
0.000000000000000000e+00
0.000000000000000000e+00
0.000000000000000000e+00
0.000000000000000000e+00
6.743624011645407146e-01
9.117599503652050741e-01
1.000000000000000000e+00
1.000000000000000000e+00
1.000000000000000000e+00
1.000000000000000000e+00
1.000000000000000000e+00
1.000000000000000000e+00
1.000000000000000000e+00
1.000000000000000000e+00
9.999999999999997780e-01
1.000000000000000000e+00
1.000000000000000000e+00
1.000000000000000000e+00
1.000000000000000000e+00
1.000000000000000000e+00
1.000000000000000000e+00
1.000000000000000000e+00
1.000000000000000000e+00
1.000000000000000000e+00
1.000000000000000000e+00
1.000000000000000000e+00
1.000000000000000000e+00
9.999999999999997780e-01
1.000000000000000000e+00
1.000000000000000000e+00
1.000000000000000000e+00
1.000000000000000000e+00
9.117599503652050741e-01
6.743624011645407146e-01
3.256375988354592299e-01
8.824004963479482877e-02
0.000000000000000000e+00
0.000000000000000000e+00
0.000000000000000000e+00
0.000000000000000000e+00
8.824004963479488428e-02
3.256375988354590634e-01
5.637004129772413830e-01
5.637004129772413830e-01
3.256375988354593964e-01
8.824004963479471775e-02
0.000000000000000000e+00
0.000000000000000000e+00
0.000000000000000000e+00
0.000000000000000000e+00
0.000000000000000000e+00
0.000000000000000000e+00
1.094792635452646026e-16
8.824004963479488428e-02
3.256375988354591744e-01
5.637004129772411609e-01
5.637004129772413830e-01
3.256375988354590634e-01
8.824004963479482877e-02
0.000000000000000000e+00
0.000000000000000000e+00
0.000000000000000000e+00
0.000000000000000000e+00
0.000000000000000000e+00
0.000000000000000000e+00
6.743624011645406036e-01
9.117599503652050741e-01
9.999999999999997780e-01
9.999999999999997780e-01
1.000000000000000000e+00
9.999999999999997780e-01
1.000000000000000000e+00
1.000000000000000000e+00
1.000000000000000000e+00
1.000000000000000000e+00
1.000000000000000000e+00
1.000000000000000000e+00
1.000000000000000000e+00
1.000000000000000000e+00
1.000000000000000000e+00
1.000000000000000000e+00
1.000000000000000000e+00
1.000000000000000000e+00
9.999999999999997780e-01
1.000000000000000000e+00
1.000000000000000000e+00
9.999999999999997780e-01
9.999999999999997780e-01
9.999999999999997780e-01
9.999999999999997780e-01
1.000000000000000000e+00
9.999999999999997780e-01
9.999999999999995559e-01
9.117599503652046300e-01
6.743624011645403815e-01
3.256375988354590634e-01
8.824004963479471775e-02
0.000000000000000000e+00
0.000000000000000000e+00
0.000000000000000000e+00
0.000000000000000000e+00
8.824004963479488428e-02
3.256375988354590634e-01
5.637004129772412719e-01
5.637004129772414940e-01
3.256375988354592299e-01
8.824004963479482877e-02
0.000000000000000000e+00
0.000000000000000000e+00
0.000000000000000000e+00
0.000000000000000000e+00
0.000000000000000000e+00
0.000000000000000000e+00
0.000000000000000000e+00
8.824004963479492591e-02
3.256375988354591744e-01
5.637004129772411609e-01
5.637004129772413830e-01
3.256375988354590634e-01
8.824004963479488428e-02
1.094792635452646026e-16
0.000000000000000000e+00
0.000000000000000000e+00
0.000000000000000000e+00
0.000000000000000000e+00
0.000000000000000000e+00
6.743624011645407146e-01
9.117599503652052961e-01
1.000000000000000000e+00
1.000000000000000000e+00
1.000000000000000000e+00
1.000000000000000000e+00
1.000000000000000000e+00
9.999999999999997780e-01
1.000000000000000000e+00
9.999999999999997780e-01
1.000000000000000000e+00
1.000000000000000000e+00
1.000000000000000000e+00
9.999999999999997780e-01
9.999999999999997780e-01
1.000000000000000000e+00
1.000000000000000000e+00
9.999999999999997780e-01
1.000000000000000000e+00
1.000000000000000000e+00
9.999999999999997780e-01
1.000000000000000000e+00
9.999999999999997780e-01
9.999999999999997780e-01
1.000000000000000000e+00
1.000000000000000000e+00
1.000000000000000000e+00
9.999999999999997780e-01
9.117599503652049631e-01
6.743624011645407146e-01
3.256375988354590634e-01
8.824004963479488428e-02
0.000000000000000000e+00
0.000000000000000000e+00
0.000000000000000000e+00
0.000000000000000000e+00
8.824004963479488428e-02
3.256375988354590634e-01
5.637004129772413830e-01
5.637004129772411609e-01
3.256375988354592854e-01
8.824004963479471775e-02
0.000000000000000000e+00
0.000000000000000000e+00
0.000000000000000000e+00
0.000000000000000000e+00
0.000000000000000000e+00
0.000000000000000000e+00
0.000000000000000000e+00
8.824004963479488428e-02
3.256375988354590634e-01
5.637004129772411609e-01
5.637004129772413830e-01
3.256375988354590634e-01
8.824004963479488428e-02
1.094792635452646026e-16
0.000000000000000000e+00
0.000000000000000000e+00
0.000000000000000000e+00
0.000000000000000000e+00
0.000000000000000000e+00
6.743624011645407146e-01
9.117599503652049631e-01
1.000000000000000000e+00
1.000000000000000000e+00
1.000000000000000000e+00
9.999999999999997780e-01
1.000000000000000000e+00
1.000000000000000000e+00
1.000000000000000000e+00
9.999999999999997780e-01
1.000000000000000000e+00
1.000000000000000000e+00
1.000000000000000000e+00
1.000000000000000000e+00
1.000000000000000000e+00
1.000000000000000000e+00
1.000000000000000000e+00
1.000000000000000000e+00
1.000000000000000000e+00
1.000000000000000000e+00
1.000000000000000000e+00
9.999999999999997780e-01
1.000000000000000000e+00
1.000000000000000000e+00
9.999999999999997780e-01
1.000000000000000000e+00
9.999999999999997780e-01
1.000000000000000000e+00
9.117599503652049631e-01
6.743624011645406036e-01
3.256375988354589524e-01
8.824004963479488428e-02
0.000000000000000000e+00
0.000000000000000000e+00
0.000000000000000000e+00
0.000000000000000000e+00
8.824004963479488428e-02
3.256375988354590634e-01
5.637004129772414940e-01
5.637004129772413830e-01
3.256375988354593964e-01
8.824004963479471775e-02
0.000000000000000000e+00
0.000000000000000000e+00
0.000000000000000000e+00
0.000000000000000000e+00
0.000000000000000000e+00
0.000000000000000000e+00
0.000000000000000000e+00
8.824004963479488428e-02
3.256375988354592299e-01
5.637004129772411609e-01
5.637004129772413830e-01
3.256375988354592299e-01
8.824004963479471775e-02
0.000000000000000000e+00
0.000000000000000000e+00
0.000000000000000000e+00
0.000000000000000000e+00
0.000000000000000000e+00
0.000000000000000000e+00
6.743624011645407146e-01
9.117599503652050741e-01
9.999999999999997780e-01
9.999999999999997780e-01
1.000000000000000000e+00
9.999999999999997780e-01
1.000000000000000000e+00
9.999999999999997780e-01
9.999999999999997780e-01
9.999999999999995559e-01
1.000000000000000000e+00
9.999999999999997780e-01
9.999999999999997780e-01
1.000000000000000000e+00
9.999999999999997780e-01
1.000000000000000000e+00
1.000000000000000000e+00
9.999999999999997780e-01
9.999999999999997780e-01
1.000000000000000000e+00
9.999999999999997780e-01
1.000000000000000000e+00
1.000000000000000000e+00
1.000000000000000000e+00
1.000000000000000000e+00
1.000000000000000000e+00
1.000000000000000000e+00
9.999999999999997780e-01
9.117599503652048520e-01
6.743624011645407146e-01
3.256375988354590634e-01
8.824004963479482877e-02
0.000000000000000000e+00
0.000000000000000000e+00
0.000000000000000000e+00
0.000000000000000000e+00
8.824004963479488428e-02
3.256375988354592299e-01
5.637004129772411609e-01
5.637004129772412719e-01
3.256375988354592854e-01
8.824004963479482877e-02
0.000000000000000000e+00
0.000000000000000000e+00
0.000000000000000000e+00
0.000000000000000000e+00
0.000000000000000000e+00
0.000000000000000000e+00
0.000000000000000000e+00
8.824004963479492591e-02
3.256375988354591744e-01
5.637004129772410499e-01
5.637004129772413830e-01
3.256375988354592854e-01
8.824004963479482877e-02
1.094792635452646026e-16
0.000000000000000000e+00
0.000000000000000000e+00
0.000000000000000000e+00
0.000000000000000000e+00
0.000000000000000000e+00
6.743624011645407146e-01
9.117599503652050741e-01
1.000000000000000000e+00
1.000000000000000000e+00
1.000000000000000000e+00
1.000000000000000000e+00
1.000000000000000000e+00
9.999999999999997780e-01
1.000000000000000000e+00
1.000000000000000000e+00
9.999999999999997780e-01
9.999999999999997780e-01
1.000000000000000000e+00
1.000000000000000000e+00
1.000000000000000000e+00
1.000000000000000000e+00
1.000000000000000000e+00
1.000000000000000000e+00
9.999999999999997780e-01
1.000000000000000000e+00
1.000000000000000000e+00
9.999999999999997780e-01
1.000000000000000000e+00
9.999999999999997780e-01
1.000000000000000000e+00
1.000000000000000000e+00
9.999999999999997780e-01
1.000000000000000000e+00
9.117599503652048520e-01
6.743624011645408256e-01
3.256375988354590634e-01
8.824004963479488428e-02
0.000000000000000000e+00
0.000000000000000000e+00
1.094792635452646026e-16
0.000000000000000000e+00
8.824004963479488428e-02
3.256375988354591744e-01
5.637004129772413830e-01
5.637004129772411609e-01
3.256375988354592299e-01
8.824004963479482877e-02
0.000000000000000000e+00
0.000000000000000000e+00
0.000000000000000000e+00
0.000000000000000000e+00
0.000000000000000000e+00
0.000000000000000000e+00
0.000000000000000000e+00
8.824004963479498143e-02
3.256375988354591744e-01
5.637004129772409389e-01
5.637004129772412719e-01
3.256375988354592854e-01
8.824004963479482877e-02
1.094792635452646026e-16
0.000000000000000000e+00
0.000000000000000000e+00
0.000000000000000000e+00
0.000000000000000000e+00
0.000000000000000000e+00
6.361799128154148608e-01
8.867520983221325315e-01
9.949915194533270890e-01
1.000000000000000000e+00
1.000000000000000000e+00
1.000000000000000000e+00
9.999999999999997780e-01
1.000000000000000000e+00
1.000000000000000000e+00
9.999999999999997780e-01
1.000000000000000000e+00
1.000000000000000000e+00
9.999999999999997780e-01
9.999999999999997780e-01
9.999999999999997780e-01
1.000000000000000000e+00
9.999999999999997780e-01
9.999999999999997780e-01
1.000000000000000000e+00
1.000000000000000000e+00
9.999999999999997780e-01
9.999999999999997780e-01
9.999999999999997780e-01
9.999999999999997780e-01
9.999999999999997780e-01
1.000000000000000000e+00
1.000000000000000000e+00
9.949915194533270890e-01
8.867520983221317543e-01
6.361799128154151939e-01
2.968216647796203533e-01
8.270873678998050260e-02
0.000000000000000000e+00
0.000000000000000000e+00
1.094792635452646026e-16
1.094792635452646026e-16
8.824004963479492591e-02
3.256375988354590634e-01
5.637004129772414940e-01
5.637004129772411609e-01
3.256375988354592299e-01
8.824004963479482877e-02
0.000000000000000000e+00
0.000000000000000000e+00
0.000000000000000000e+00
0.000000000000000000e+00
0.000000000000000000e+00
0.000000000000000000e+00
0.000000000000000000e+00
8.824004963479488428e-02
3.256375988354592299e-01
5.637004129772410499e-01
5.637004129772413830e-01
3.256375988354592299e-01
8.824004963479488428e-02
1.094792635452646026e-16
0.000000000000000000e+00
0.000000000000000000e+00
0.000000000000000000e+00
0.000000000000000000e+00
0.000000000000000000e+00
5.288153055333265629e-01
7.978015897015469093e-01
9.488900558688392328e-01
9.949915194533270890e-01
9.999999999999997780e-01
9.999999999999997780e-01
9.999999999999997780e-01
9.999999999999997780e-01
1.000000000000000000e+00
9.999999999999997780e-01
9.999999999999997780e-01
1.000000000000000000e+00
9.999999999999997780e-01
9.999999999999997780e-01
1.000000000000000000e+00
1.000000000000000000e+00
1.000000000000000000e+00
1.000000000000000000e+00
1.000000000000000000e+00
9.999999999999997780e-01
9.999999999999997780e-01
9.999999999999997780e-01
1.000000000000000000e+00
1.000000000000000000e+00
9.999999999999993339e-01
1.000000000000000000e+00
9.949915194533270890e-01
9.488900558688393438e-01
7.978015897015467983e-01
5.288153055333266739e-01
2.319649311919487755e-01
5.846967461043146852e-02
0.000000000000000000e+00
0.000000000000000000e+00
0.000000000000000000e+00
5.008480546672760929e-03
1.132479016778677183e-01
3.638200871845848061e-01
6.000767313320195528e-01
6.000767313320196639e-01
3.638200871845849727e-01
1.132479016778677183e-01
5.008480546672760929e-03
0.000000000000000000e+00
0.000000000000000000e+00
1.094792635452646026e-16
0.000000000000000000e+00
0.000000000000000000e+00
5.008480546672760929e-03
1.132479016778678849e-01
3.638200871845849171e-01
6.000767313320194418e-01
6.000767313320196639e-01
3.638200871845849171e-01
1.132479016778676628e-01
5.008480546672871084e-03
0.000000000000000000e+00
0.000000000000000000e+00
0.000000000000000000e+00
0.000000000000000000e+00
0.000000000000000000e+00
3.504132934069398297e-01
6.495867065930597262e-01
8.649892931816833830e-01
9.722755891828422925e-01
1.000000000000000000e+00
9.999999999999997780e-01
9.999999999999997780e-01
9.999999999999997780e-01
9.999999999999997780e-01
9.999999999999997780e-01
9.999999999999997780e-01
1.000000000000000000e+00
1.000000000000000000e+00
1.000000000000000000e+00
1.000000000000000000e+00
1.000000000000000000e+00
1.000000000000000000e+00
1.000000000000000000e+00
1.000000000000000000e+00
1.000000000000000000e+00
9.999999999999997780e-01
9.999999999999997780e-01
9.999999999999997780e-01
9.999999999999997780e-01
9.999999999999997780e-01
1.000000000000000000e+00
9.722755891828422925e-01
8.649892931816833830e-01
6.495867065930596151e-01
3.504132934069398297e-01
1.350107068183159786e-01
2.772441081715777689e-02
0.000000000000000000e+00
0.000000000000000000e+00
0.000000000000000000e+00
2.772441081715777689e-02
1.670510382248444614e-01
4.413312269035771229e-01
6.900283893859477935e-01
6.964888881446774649e-01
4.711846944666733261e-01
2.021984102984531462e-01
5.110994413116054513e-02
5.008480546672760929e-03
0.000000000000000000e+00
0.000000000000000000e+00
0.000000000000000000e+00
5.008480546672760929e-03
5.110994413116054513e-02
2.021984102984531462e-01
4.711846944666731596e-01
6.964888881446776869e-01
6.900283893859480155e-01
4.413312269035771784e-01
1.670510382248443504e-01
2.772441081715783240e-02
0.000000000000000000e+00
0.000000000000000000e+00
0.000000000000000000e+00
0.000000000000000000e+00
0.000000000000000000e+00
1.961052174770891721e-01
4.413312269035772339e-01
7.313931932351261933e-01
9.172912632100198582e-01
9.949915194533270890e-01
9.999999999999997780e-01
9.999999999999997780e-01
9.999999999999995559e-01
1.000000000000000000e+00
9.999999999999997780e-01
1.000000000000000000e+00
1.000000000000000000e+00
1.000000000000000000e+00
1.000000000000000000e+00
1.000000000000000000e+00
1.000000000000000000e+00
9.999999999999997780e-01
1.000000000000000000e+00
9.999999999999997780e-01
1.000000000000000000e+00
9.999999999999995559e-01
1.000000000000000000e+00
9.999999999999997780e-01
1.000000000000000000e+00
9.999999999999997780e-01
9.949915194533270890e-01
9.172912632100196362e-01
7.313931932351261933e-01
4.413312269035767899e-01
1.961052174770891166e-01
5.110994413116054513e-02
5.008480546672760929e-03
0.000000000000000000e+00
0.000000000000000000e+00
5.008480546672760929e-03
8.270873678998044709e-02
2.749655124452480282e-01
5.884147041116292165e-01
8.061786627128810778e-01
8.329489617751553165e-01
6.561438058060395928e-01
3.797656209673349048e-01
1.692906011139024836e-01
5.110994413116054513e-02
5.008480546672760929e-03
0.000000000000000000e+00
5.008480546672760929e-03
5.110994413116054513e-02
1.692906011139025946e-01
3.797656209673351269e-01
6.561438058060397038e-01
8.329489617751553165e-01
8.061786627128812999e-01
5.884147041116292165e-01
2.749655124452480837e-01
8.270873678998050260e-02
5.008480546672651641e-03
0.000000000000000000e+00
0.000000000000000000e+00
0.000000000000000000e+00
0.000000000000000000e+00
8.270873678998050260e-02
2.686068067648735291e-01
5.586687730964223775e-01
8.038947825229111332e-01
9.488900558688393438e-01
9.949915194533270890e-01
9.999999999999997780e-01
9.999999999999997780e-01
9.999999999999997780e-01
9.999999999999997780e-01
1.000000000000000000e+00
1.000000000000000000e+00
9.999999999999997780e-01
9.999999999999997780e-01
9.999999999999997780e-01
9.999999999999997780e-01
1.000000000000000000e+00
9.999999999999997780e-01
9.999999999999997780e-01
1.000000000000000000e+00
9.999999999999997780e-01
9.999999999999997780e-01
1.000000000000000000e+00
9.999999999999997780e-01
9.949915194533270890e-01
9.488900558688393438e-01
8.038947825229108002e-01
5.586687730964223775e-01
2.686068067648734181e-01
8.270873678998044709e-02
5.008480546672651641e-03
0.000000000000000000e+00
0.000000000000000000e+00
5.008480546672651641e-03
5.110994413116044105e-02
1.961052174770888945e-01
4.413312269035772339e-01
7.313931932351263043e-01
9.117599503652050741e-01
9.435472266847851897e-01
8.307093988860975164e-01
6.202343790326646511e-01
3.438561941939599631e-01
1.350107068183161452e-01
2.772441081715777689e-02
0.000000000000000000e+00
2.772441081715777689e-02
1.350107068183161452e-01
3.438561941939600741e-01
6.202343790326646511e-01
8.307093988860971834e-01
9.435472266847850786e-01
9.117599503652050741e-01
7.313931932351263043e-01
4.413312269035772339e-01
1.961052174770889500e-01
5.110994413116033003e-02
5.008480546672651641e-03
0.000000000000000000e+00
0.000000000000000000e+00
0.000000000000000000e+00
2.772441081715793995e-02
1.350107068183163117e-01
3.504132934069400518e-01
6.495867065930602813e-01
8.649892931816837160e-01
9.722755891828422925e-01
1.000000000000000000e+00
9.999999999999997780e-01
1.000000000000000000e+00
9.999999999999997780e-01
1.000000000000000000e+00
9.999999999999997780e-01
9.999999999999997780e-01
1.000000000000000000e+00
1.000000000000000000e+00
9.999999999999997780e-01
1.000000000000000000e+00
9.999999999999997780e-01
9.999999999999997780e-01
1.000000000000000000e+00
1.000000000000000000e+00
1.000000000000000000e+00
9.999999999999997780e-01
1.000000000000000000e+00
9.722755891828424035e-01
8.649892931816839381e-01
6.495867065930599482e-01
3.504132934069397742e-01
1.350107068183159786e-01
2.772441081715772138e-02
0.000000000000000000e+00
0.000000000000000000e+00
5.008480546672871084e-03
5.110994413116054513e-02
1.692906011139024836e-01
3.797656209673351269e-01
6.561438058060395928e-01
8.649892931816834940e-01
9.722755891828422925e-01
9.949915194533270890e-01
9.488900558688393438e-01
8.038947825229109112e-01
5.586687730964223775e-01
2.686068067648735291e-01
8.270873678998044709e-02
1.005133660521718292e-02
8.270873678998050260e-02
2.686068067648735291e-01
5.586687730964227105e-01
8.038947825229109112e-01
9.488900558688393438e-01
9.949915194533270890e-01
9.722755891828420705e-01
8.649892931816834940e-01
6.561438058060395928e-01
3.797656209673351269e-01
1.692906011139024836e-01
5.110994413116054513e-02
5.008480546672871084e-03
0.000000000000000000e+00
0.000000000000000000e+00
5.008480546672871084e-03
5.110994413116054513e-02
1.961052174770888945e-01
4.346392435603660953e-01
7.029318693904825777e-01
8.846128939260313739e-01
9.722755891828422925e-01
9.949915194533270890e-01
1.000000000000000000e+00
1.000000000000000000e+00
1.000000000000000000e+00
9.999999999999997780e-01
9.999999999999997780e-01
9.999999999999997780e-01
9.999999999999997780e-01
1.000000000000000000e+00
1.000000000000000000e+00
9.999999999999997780e-01
9.999999999999993339e-01
1.000000000000000000e+00
1.000000000000000000e+00
9.999999999999997780e-01
9.949915194533270890e-01
9.722755891828422925e-01
8.846128939260315960e-01
7.029318693904827997e-01
4.346392435603662063e-01
1.961052174770888945e-01
5.110994413116044105e-02
5.008480546672760929e-03
0.000000000000000000e+00
0.000000000000000000e+00
2.772441081715772138e-02
1.350107068183160342e-01
3.438561941939600741e-01
6.202343790326646511e-01
8.307093988860969613e-01
9.488900558688393438e-01
9.949915194533270890e-01
9.999999999999997780e-01
9.949915194533273111e-01
9.172912632100194141e-01
7.250344875547517498e-01
4.115852958883707280e-01
1.611121416766069236e-01
5.645277331521454667e-02
1.611121416766069792e-01
4.115852958883707280e-01
7.250344875547519718e-01
9.172912632100194141e-01
9.949915194533270890e-01
1.000000000000000000e+00
9.949915194533270890e-01
9.488900558688393438e-01
8.307093988860970724e-01
6.202343790326649842e-01
3.438561941939599631e-01
1.350107068183161452e-01
2.772441081715793995e-02
0.000000000000000000e+00
0.000000000000000000e+00
0.000000000000000000e+00
5.008480546672760929e-03
8.270873678998061362e-02
2.405477025197722274e-01
4.899224785202608290e-01
7.029318693904825777e-01
8.649892931816838271e-01
9.488900558688393438e-01
9.949915194533270890e-01
9.999999999999997780e-01
9.999999999999997780e-01
9.999999999999997780e-01
1.000000000000000000e+00
1.000000000000000000e+00
9.999999999999997780e-01
1.000000000000000000e+00
9.999999999999997780e-01
9.999999999999997780e-01
9.999999999999997780e-01
9.999999999999997780e-01
9.999999999999997780e-01
9.949915194533270890e-01
9.488900558688393438e-01
8.649892931816838271e-01
7.029318693904825777e-01
4.899224785202609955e-01
2.405477025197720609e-01
8.270873678998072465e-02
5.008480546672542354e-03
0.000000000000000000e+00
0.000000000000000000e+00
5.008480546672651641e-03
8.270873678998039158e-02
2.686068067648734736e-01
5.586687730964224885e-01
8.038947825229109112e-01
9.488900558688393438e-01
9.949915194533270890e-01
1.000000000000000000e+00
1.000000000000000000e+00
1.000000000000000000e+00
9.670812187405386506e-01
8.061786627128810778e-01
5.195768089354795283e-01
2.106230486467718932e-01
1.097057832121935139e-01
2.106230486467720597e-01
5.195768089354795283e-01
8.061786627128810778e-01
9.670812187405387617e-01
1.000000000000000000e+00
9.999999999999997780e-01
1.000000000000000000e+00
9.949915194533270890e-01
9.488900558688393438e-01
8.038947825229109112e-01
5.586687730964224885e-01
2.686068067648735846e-01
8.270873678998039158e-02
5.008480546672871084e-03
0.000000000000000000e+00
0.000000000000000000e+00
0.000000000000000000e+00
2.772441081715777689e-02
1.017234106991199427e-01
2.405477025197720053e-01
4.346392435603657067e-01
6.495867065930602813e-01
8.038947825229103561e-01
9.172912632100196362e-01
9.722755891828422925e-01
9.949915194533270890e-01
9.999999999999997780e-01
9.999999999999997780e-01
9.999999999999997780e-01
9.999999999999997780e-01
9.999999999999997780e-01
9.999999999999997780e-01
9.999999999999997780e-01
9.999999999999997780e-01
9.949915194533268670e-01
9.722755891828422925e-01
9.172912632100196362e-01
8.038947825229106892e-01
6.495867065930599482e-01
4.346392435603659843e-01
2.405477025197724217e-01
1.017234106991201092e-01
2.772441081715793995e-02
0.000000000000000000e+00
0.000000000000000000e+00
5.008480546672760929e-03
5.110994413116044105e-02
1.961052174770892276e-01
4.413312269035776780e-01
7.313931932351261933e-01
9.172912632100194141e-01
9.949915194533270890e-01
9.999999999999997780e-01
9.999999999999997780e-01
9.999999999999997780e-01
9.949915194533273111e-01
9.435472266847854117e-01
7.703723918514226998e-01
4.896651269150011365e-01
2.044953918734052356e-01
1.097057832121935139e-01
2.044953918734052911e-01
4.896651269150010810e-01
7.703723918514230329e-01
9.435472266847856337e-01
9.949915194533270890e-01
9.999999999999997780e-01
9.999999999999997780e-01
9.999999999999997780e-01
9.949915194533270890e-01
9.172912632100194141e-01
7.313931932351260823e-01
4.413312269035773450e-01
1.961052174770894496e-01
5.110994413116060064e-02
5.008480546672651641e-03
0.000000000000000000e+00
0.000000000000000000e+00
5.008480546672760929e-03
2.772441081715777689e-02
8.270873678998050260e-02
1.961052174770889500e-01
3.504132934069399408e-01
5.586687730964224885e-01
7.313931932351261933e-01
8.649892931816837160e-01
9.488900558688393438e-01
9.949915194533270890e-01
9.999999999999997780e-01
1.000000000000000000e+00
9.999999999999997780e-01
1.000000000000000000e+00
1.000000000000000000e+00
9.999999999999997780e-01
9.949915194533268670e-01
9.488900558688393438e-01
8.649892931816834940e-01
7.313931932351263043e-01
5.586687730964225995e-01
3.504132934069400518e-01
1.961052174770890055e-01
8.270873678998078016e-02
2.772441081715772138e-02
5.008480546672760929e-03
0.000000000000000000e+00
5.008480546672542354e-03
5.110994413116065616e-02
1.692906011139027611e-01
3.797656209673351269e-01
6.561438058060398149e-01
8.649892931816834940e-01
9.722755891828418484e-01
9.999999999999997780e-01
1.000000000000000000e+00
9.999999999999997780e-01
9.949915194533270890e-01
9.488900558688395659e-01
8.307093988860971834e-01
6.202343790326646511e-01
3.438561941939601851e-01
1.350107068183161452e-01
5.645277331521454667e-02
1.350107068183162562e-01
3.438561941939601851e-01
6.202343790326649842e-01
8.307093988860971834e-01
9.488900558688392328e-01
9.949915194533270890e-01
9.999999999999997780e-01
1.000000000000000000e+00
1.000000000000000000e+00
9.722755891828422925e-01
8.649892931816834940e-01
6.561438058060398149e-01
3.797656209673351269e-01
1.692906011139028166e-01
5.110994413116060064e-02
0.000000000000000000e+00
0.000000000000000000e+00
0.000000000000000000e+00
0.000000000000000000e+00
5.008480546672760929e-03
5.110994413116033003e-02
1.350107068183161452e-01
2.686068067648736402e-01
4.413312269035772339e-01
6.495867065930599482e-01
7.978015897015469093e-01
8.867520983221323094e-01
9.117599503652049631e-01
9.117599503652050741e-01
9.117599503652050741e-01
9.117599503652050741e-01
9.117599503652052961e-01
9.117599503652050741e-01
8.867520983221320874e-01
7.978015897015469093e-01
6.495867065930596151e-01
4.413312269035773450e-01
2.686068067648735291e-01
1.350107068183161452e-01
5.110994413116065616e-02
5.008480546672980371e-03
0.000000000000000000e+00
0.000000000000000000e+00
5.008480546672760929e-03
5.110994413116054513e-02
1.692906011139024836e-01
3.731525184986449473e-01
6.268474815013542756e-01
8.307093988860974054e-01
9.488900558688388998e-01
9.949915194533270890e-01
1.000000000000000000e+00
9.999999999999997780e-01
9.949915194533270890e-01
9.488900558688393438e-01
8.307093988860975164e-01
6.268474815013549417e-01
3.731525184986451693e-01
1.692906011139027056e-01
5.110994413116060064e-02
1.005133660521718292e-02
5.110994413116065616e-02
1.692906011139027611e-01
3.731525184986455024e-01
6.268474815013549417e-01
8.307093988860974054e-01
9.488900558688393438e-01
9.949915194533273111e-01
1.000000000000000000e+00
1.000000000000000000e+00
9.949915194533270890e-01
9.488900558688392328e-01
8.307093988860971834e-01
6.268474815013542756e-01
3.731525184986452248e-01
1.692906011139024836e-01
2.967304534326129298e-02
2.256382905249879750e-02
5.008480546672760929e-03
1.094792635452646026e-16
0.000000000000000000e+00
5.008480546672760929e-03
2.772441081715777689e-02
8.270873678998050260e-02
1.961052174770890055e-01
3.504132934069399408e-01
5.288153055333268959e-01
6.361799128154154159e-01
6.743624011645408256e-01
6.743624011645407146e-01
6.743624011645409366e-01
6.743624011645409366e-01
6.743624011645409366e-01
6.743624011645409366e-01
6.361799128154153049e-01
5.288153055333271180e-01
3.504132934069400518e-01
1.961052174770890055e-01
8.270873678998050260e-02
2.772441081715783240e-02
5.008480546672760929e-03
1.094792635452646026e-16
0.000000000000000000e+00
5.008480546672980371e-03
5.110994413116065616e-02
1.692906011139024836e-01
3.731525184986450583e-01
6.268474815013547197e-01
8.307093988860969613e-01
9.488900558688393438e-01
9.949915194533268670e-01
1.000000000000000000e+00
9.999999999999997780e-01
1.000000000000000000e+00
9.722755891828422925e-01
8.649892931816834940e-01
6.561438058060400369e-01
3.797656209673351269e-01
1.692906011139024836e-01
5.110994413116044105e-02
5.008480546672760929e-03
0.000000000000000000e+00
5.008480546672760929e-03
5.110994413116060064e-02
1.692906011139028166e-01
3.797656209673352934e-01
6.561438058060398149e-01
8.649892931816838271e-01
9.722755891828422925e-01
1.000000000000000000e+00
9.999999999999997780e-01
9.999999999999997780e-01
9.949915194533268670e-01
9.488900558688392328e-01
8.307093988860970724e-01
6.202343790326649842e-01
3.438561941939600741e-01
1.175305885770397823e-01
1.038391575176522419e-01
5.110994413116071167e-02
5.008480546672760929e-03
1.094792635452646026e-16
0.000000000000000000e+00
0.000000000000000000e+00
5.008480546672651641e-03
5.110994413116044105e-02
1.350107068183161452e-01
2.319649311919488310e-01
2.968216647796203533e-01
3.256375988354592299e-01
3.256375988354594520e-01
3.256375988354592299e-01
3.256375988354593964e-01
3.256375988354592299e-01
3.256375988354592854e-01
2.968216647796205199e-01
2.319649311919488310e-01
1.350107068183159786e-01
5.110994413116071167e-02
5.008480546672871084e-03
1.094792635452646026e-16
0.000000000000000000e+00
2.189585270905292053e-16
5.008480546672980371e-03
5.110994413116071167e-02
1.692906011139027611e-01
3.731525184986450583e-01
6.268474815013547197e-01
8.307093988860970724e-01
9.488900558688393438e-01
9.949915194533270890e-01
9.999999999999997780e-01
9.999999999999997780e-01
1.000000000000000000e+00
9.949915194533270890e-01
9.172912632100191921e-01
7.313931932351265264e-01
4.413312269035773450e-01
1.961052174770888945e-01
5.110994413116054513e-02
5.008480546672651641e-03
0.000000000000000000e+00
0.000000000000000000e+00
0.000000000000000000e+00
5.008480546672760929e-03
5.110994413116065616e-02
1.961052174770890055e-01
4.413312269035772339e-01
7.313931932351263043e-01
9.172912632100194141e-01
9.949915194533270890e-01
1.000000000000000000e+00
1.000000000000000000e+00
1.000000000000000000e+00
9.949915194533268670e-01
9.488900558688393438e-01
7.978015897015467983e-01
5.288153055333266739e-01
2.861521874229749907e-01
2.709947214272851457e-01
1.692906011139027611e-01
5.110994413116054513e-02
5.008480546672760929e-03
0.000000000000000000e+00
1.094792635452646026e-16
0.000000000000000000e+00
5.008480546672651641e-03
2.772441081715777689e-02
5.846967461043157954e-02
8.270873678998044709e-02
8.824004963479482877e-02
8.824004963479471775e-02
8.824004963479482877e-02
8.824004963479492591e-02
8.824004963479492591e-02
8.824004963479488428e-02
8.270873678998055811e-02
5.846967461043169056e-02
2.772441081715777689e-02
5.008480546672651641e-03
1.094792635452646026e-16
0.000000000000000000e+00
0.000000000000000000e+00
5.008480546673089659e-03
5.110994413116060064e-02
1.692906011139028166e-01
3.731525184986451693e-01
6.268474815013547197e-01
8.307093988860971834e-01
9.488900558688388998e-01
9.949915194533270890e-01
1.000000000000000000e+00
9.999999999999995559e-01
1.000000000000000000e+00
9.949915194533268670e-01
9.488900558688393438e-01
8.038947825229106892e-01
5.586687730964224885e-01
2.686068067648736402e-01
8.270873678998044709e-02
5.008480546672760929e-03
0.000000000000000000e+00
0.000000000000000000e+00
0.000000000000000000e+00
0.000000000000000000e+00
0.000000000000000000e+00
5.008480546672871084e-03
8.270873678998055811e-02
2.686068067648734736e-01
5.586687730964225995e-01
8.038947825229108002e-01
9.488900558688394549e-01
9.949915194533268670e-01
1.000000000000000000e+00
9.999999999999997780e-01
9.999999999999997780e-01
9.949915194533268670e-01
8.867520983221325315e-01
6.361799128154153049e-01
4.692615863410377064e-01
5.151277822519265692e-01
3.797656209673351269e-01
1.961052174770891721e-01
8.270873678998050260e-02
2.772441081715777689e-02
5.008480546672760929e-03
0.000000000000000000e+00
0.000000000000000000e+00
0.000000000000000000e+00
0.000000000000000000e+00
0.000000000000000000e+00
0.000000000000000000e+00
0.000000000000000000e+00
1.094792635452646026e-16
2.189585270905292053e-16
2.189585270905292053e-16
1.094792635452646026e-16
0.000000000000000000e+00
1.094792635452646026e-16
0.000000000000000000e+00
0.000000000000000000e+00
0.000000000000000000e+00
5.008480546672871084e-03
2.772441081715772138e-02
8.270873678998072465e-02
1.961052174770891721e-01
3.797656209673353489e-01
6.268474815013546086e-01
8.307093988860971834e-01
9.488900558688393438e-01
9.949915194533270890e-01
9.999999999999995559e-01
9.999999999999997780e-01
9.999999999999997780e-01
9.949915194533270890e-01
9.488900558688392328e-01
8.307093988860971834e-01
6.202343790326648731e-01
3.438561941939602962e-01
1.350107068183163672e-01
2.772441081715772138e-02
0.000000000000000000e+00
0.000000000000000000e+00
0.000000000000000000e+00
0.000000000000000000e+00
0.000000000000000000e+00
0.000000000000000000e+00
1.094792635452646026e-16
2.772441081715777689e-02
1.350107068183161452e-01
3.438561941939600741e-01
6.202343790326649842e-01
8.307093988860971834e-01
9.488900558688393438e-01
9.949915194533270890e-01
9.999999999999997780e-01
9.999999999999997780e-01
9.999999999999997780e-01
9.117599503652050741e-01
6.743624011645408256e-01
6.092166865537612663e-01
7.274271066440551881e-01
6.561438058060397038e-01
4.413312269035773450e-01
2.686068067648736957e-01
1.350107068183160342e-01
5.110994413116054513e-02
5.008480546672651641e-03
0.000000000000000000e+00
0.000000000000000000e+00
0.000000000000000000e+00
0.000000000000000000e+00
0.000000000000000000e+00
2.189585270905292053e-16
1.094792635452646026e-16
0.000000000000000000e+00
1.094792635452646026e-16
0.000000000000000000e+00
0.000000000000000000e+00
0.000000000000000000e+00
0.000000000000000000e+00
1.094792635452646026e-16
5.008480546672871084e-03
5.110994413116065616e-02
1.350107068183161452e-01
2.686068067648738622e-01
4.413312269035775670e-01
6.561438058060400369e-01
8.307093988860974054e-01
9.488900558688393438e-01
9.949915194533270890e-01
9.999999999999997780e-01
9.999999999999997780e-01
1.000000000000000000e+00
9.949915194533270890e-01
9.488900558688393438e-01
8.307093988860976275e-01
6.268474815013549417e-01
3.731525184986450583e-01
1.692906011139027611e-01
5.110994413116071167e-02
5.008480546672760929e-03
0.000000000000000000e+00
0.000000000000000000e+00
0.000000000000000000e+00
0.000000000000000000e+00
0.000000000000000000e+00
0.000000000000000000e+00
0.000000000000000000e+00
5.008480546672760929e-03
5.110994413116054513e-02
1.692906011139025946e-01
3.731525184986451693e-01
6.268474815013547197e-01
8.307093988860975164e-01
9.488900558688393438e-01
9.949915194533273111e-01
9.999999999999997780e-01
9.999999999999997780e-01
9.117599503652050741e-01
6.743624011645407146e-01
6.678461285115633306e-01
8.553102755039585503e-01
8.649892931816839381e-01
7.313931932351261933e-01
5.586687730964223775e-01
3.438561941939600741e-01
1.692906011139027611e-01
5.110994413116065616e-02
5.008480546672760929e-03
0.000000000000000000e+00
2.189585270905292053e-16
0.000000000000000000e+00
0.000000000000000000e+00
0.000000000000000000e+00
0.000000000000000000e+00
1.094792635452646026e-16
1.094792635452646026e-16
0.000000000000000000e+00
1.094792635452646026e-16
2.189585270905292053e-16
0.000000000000000000e+00
5.008480546672651641e-03
5.110994413116071167e-02
1.692906011139024836e-01
3.438561941939599631e-01
5.586687730964227105e-01
7.313931932351265264e-01
8.649892931816838271e-01
9.488900558688392328e-01
9.949915194533273111e-01
9.999999999999997780e-01
9.999999999999995559e-01
1.000000000000000000e+00
9.949915194533270890e-01
9.488900558688392328e-01
8.307093988860974054e-01
6.268474815013544976e-01
3.731525184986453914e-01
1.692906011139027056e-01
5.110994413116065616e-02
5.008480546672871084e-03
0.000000000000000000e+00
1.094792635452646026e-16
0.000000000000000000e+00
0.000000000000000000e+00
0.000000000000000000e+00
0.000000000000000000e+00
0.000000000000000000e+00
1.094792635452646026e-16
1.094792635452646026e-16
5.008480546672760929e-03
5.110994413116060064e-02
1.692906011139025946e-01
3.731525184986453914e-01
6.268474815013544976e-01
8.307093988860976275e-01
9.488900558688393438e-01
9.949915194533268670e-01
9.999999999999997780e-01
9.117599503652050741e-01
6.743624011645407146e-01
6.743624011645406036e-01
9.061970753240029541e-01
9.722755891828422925e-01
9.172912632100194141e-01
8.038947825229106892e-01
6.202343790326646511e-01
3.797656209673353489e-01
1.961052174770888945e-01
8.270873678998044709e-02
2.772441081715777689e-02
5.008480546672760929e-03
0.000000000000000000e+00
0.000000000000000000e+00
0.000000000000000000e+00
0.000000000000000000e+00
0.000000000000000000e+00
0.000000000000000000e+00
0.000000000000000000e+00
0.000000000000000000e+00
5.008480546672760929e-03
2.772441081715777689e-02
8.270873678998044709e-02
1.961052174770890055e-01
3.797656209673351824e-01
6.202343790326646511e-01
8.038947825229111332e-01
9.172912632100196362e-01
9.722755891828424035e-01
9.949915194533270890e-01
1.000000000000000000e+00
1.000000000000000000e+00
9.999999999999997780e-01
9.949915194533270890e-01
9.488900558688394549e-01
8.307093988860971834e-01
6.268474815013546086e-01
3.731525184986450583e-01
1.692906011139027611e-01
5.110994413116054513e-02
5.008480546672542354e-03
1.094792635452646026e-16
1.094792635452646026e-16
1.094792635452646026e-16
0.000000000000000000e+00
0.000000000000000000e+00
0.000000000000000000e+00
0.000000000000000000e+00
0.000000000000000000e+00
2.189585270905292053e-16
2.189585270905292053e-16
0.000000000000000000e+00
5.008480546672542354e-03
5.110994413116054513e-02
1.692906011139027611e-01
3.731525184986451693e-01
6.268474815013549417e-01
8.307093988860970724e-01
9.488900558688393438e-01
9.949915194533273111e-01
9.117599503652049631e-01
6.743624011645407146e-01
6.743624011645408256e-01
9.117599503652050741e-01
9.999999999999997780e-01
9.949915194533270890e-01
9.488900558688393438e-01
8.307093988860971834e-01
6.561438058060397038e-01
4.413312269035772895e-01
2.749655124452479726e-01
1.670510382248445169e-01
1.132479016778677738e-01
8.824004963479482877e-02
8.824004963479460673e-02
8.824004963479488428e-02
8.824004963479482877e-02
8.824004963479471775e-02
8.824004963479482877e-02
8.824004963479471775e-02
8.824004963479471775e-02
1.132479016778677183e-01
1.670510382248444614e-01
2.749655124452479726e-01
4.413312269035772895e-01
6.561438058060397038e-01
8.307093988860971834e-01
9.488900558688395659e-01
9.949915194533270890e-01
9.999999999999997780e-01
9.999999999999997780e-01
1.000000000000000000e+00
1.000000000000000000e+00
9.949915194533273111e-01
9.488900558688393438e-01
8.307093988860971834e-01
6.268474815013544976e-01
3.731525184986450583e-01
1.692906011139025946e-01
5.110994413116044105e-02
5.008480546672760929e-03
0.000000000000000000e+00
3.284377906357938079e-16
0.000000000000000000e+00
0.000000000000000000e+00
0.000000000000000000e+00
0.000000000000000000e+00
0.000000000000000000e+00
0.000000000000000000e+00
0.000000000000000000e+00
0.000000000000000000e+00
0.000000000000000000e+00
1.094792635452646026e-16
1.094792635452646026e-16
5.008480546672760929e-03
5.110994413116044105e-02
1.692906011139027056e-01
3.731525184986453914e-01
6.268474815013544976e-01
8.307093988860971834e-01
9.488900558688393438e-01
9.061970753240029541e-01
6.743624011645407146e-01
6.743624011645407146e-01
9.117599503652049631e-01
1.000000000000000000e+00
1.000000000000000000e+00
9.949915194533270890e-01
9.488900558688393438e-01
8.649892931816834940e-01
7.313931932351263043e-01
5.884147041116293275e-01
4.413312269035772895e-01
3.638200871845848061e-01
3.256375988354593964e-01
3.256375988354591744e-01
3.256375988354590634e-01
3.256375988354589524e-01
3.256375988354591744e-01
3.256375988354593964e-01
3.256375988354590634e-01
3.256375988354590634e-01
3.638200871845850837e-01
4.413312269035769564e-01
5.884147041116292165e-01
7.313931932351261933e-01
8.649892931816837160e-01
9.488900558688393438e-01
9.949915194533273111e-01
1.000000000000000000e+00
1.000000000000000000e+00
9.999999999999997780e-01
1.000000000000000000e+00
9.949915194533270890e-01
9.488900558688392328e-01
8.307093988860967393e-01
6.268474815013546086e-01
3.731525184986451693e-01
1.692906011139025946e-01
5.110994413116071167e-02
5.008480546672871084e-03
0.000000000000000000e+00
0.000000000000000000e+00
0.000000000000000000e+00
0.000000000000000000e+00
0.000000000000000000e+00
0.000000000000000000e+00
0.000000000000000000e+00
0.000000000000000000e+00
0.000000000000000000e+00
0.000000000000000000e+00
0.000000000000000000e+00
2.189585270905292053e-16
0.000000000000000000e+00
0.000000000000000000e+00
2.189585270905292053e-16
5.008480546672760929e-03
5.110994413116071167e-02
1.692906011139024836e-01
3.731525184986450028e-01
6.268474815013544976e-01
8.307093988860967393e-01
8.553102755039587723e-01
6.678461285115631085e-01
6.743624011645409366e-01
9.117599503652050741e-01
1.000000000000000000e+00
9.999999999999997780e-01
9.999999999999997780e-01
9.949915194533270890e-01
9.722755891828422925e-01
9.117599503652050741e-01
8.061786627128812999e-01
6.900283893859477935e-01
6.000767313320199969e-01
5.637004129772413830e-01
5.637004129772413830e-01
5.637004129772412719e-01
5.637004129772411609e-01
5.637004129772413830e-01
5.637004129772416050e-01
5.637004129772413830e-01
5.637004129772411609e-01
6.000767313320196639e-01
6.900283893859480155e-01
8.061786627128812999e-01
9.117599503652050741e-01
9.722755891828422925e-01
9.949915194533270890e-01
1.000000000000000000e+00
9.999999999999997780e-01
1.000000000000000000e+00
9.949915194533268670e-01
9.722755891828422925e-01
9.172912632100190811e-01
8.038947825229109112e-01
6.202343790326646511e-01
3.731525184986450583e-01
1.692906011139025946e-01
5.110994413116054513e-02
5.008480546672760929e-03
0.000000000000000000e+00
2.189585270905292053e-16
2.189585270905292053e-16
1.094792635452646026e-16
0.000000000000000000e+00
1.094792635452646026e-16
0.000000000000000000e+00
0.000000000000000000e+00
0.000000000000000000e+00
0.000000000000000000e+00
0.000000000000000000e+00
1.094792635452646026e-16
0.000000000000000000e+00
0.000000000000000000e+00
0.000000000000000000e+00
2.189585270905292053e-16
0.000000000000000000e+00
5.008480546672760929e-03
5.110994413116065616e-02
1.692906011139024836e-01
3.731525184986451693e-01
6.202343790326646511e-01
6.989129201945387670e-01
5.703879115352675777e-01
6.361799128154148608e-01
8.867520983221323094e-01
9.949915194533268670e-01
1.000000000000000000e+00
1.000000000000000000e+00
9.999999999999997780e-01
9.949915194533270890e-01
9.435472266847854117e-01
8.329489617751555386e-01
6.964888881446776869e-01
6.000767313320196639e-01
5.637004129772410499e-01
5.637004129772411609e-01
5.637004129772413830e-01
5.637004129772413830e-01
5.637004129772411609e-01
5.637004129772414940e-01
5.637004129772411609e-01
5.637004129772410499e-01
6.000767313320196639e-01
6.964888881446776869e-01
8.329489617751554276e-01
9.435472266847854117e-01
9.949915194533270890e-01
9.999999999999997780e-01
1.000000000000000000e+00
1.000000000000000000e+00
9.949915194533268670e-01
9.488900558688393438e-01
8.649892931816839381e-01
7.313931932351259713e-01
5.586687730964224885e-01
3.438561941939600741e-01
1.692906011139024836e-01
5.110994413116071167e-02
5.008480546672871084e-03
2.189585270905292053e-16
0.000000000000000000e+00
0.000000000000000000e+00
0.000000000000000000e+00
0.000000000000000000e+00
0.000000000000000000e+00
0.000000000000000000e+00
0.000000000000000000e+00
0.000000000000000000e+00
0.000000000000000000e+00
1.094792635452646026e-16
1.094792635452646026e-16
0.000000000000000000e+00
3.284377906357938079e-16
0.000000000000000000e+00
0.000000000000000000e+00
2.189585270905292053e-16
0.000000000000000000e+00
0.000000000000000000e+00
5.008480546672760929e-03
5.110994413116054513e-02
1.692906011139024836e-01
3.438561941939601851e-01
4.530670202366556265e-01
3.913766694021313386e-01
5.288153055333267849e-01
7.978015897015467983e-01
9.488900558688395659e-01
9.949915194533270890e-01
1.000000000000000000e+00
9.949915194533270890e-01
9.488900558688393438e-01
8.307093988860974054e-01
6.561438058060398149e-01
4.711846944666731596e-01
3.638200871845845841e-01
3.256375988354591744e-01
3.256375988354595630e-01
3.256375988354595630e-01
3.256375988354591744e-01
3.256375988354594520e-01
3.256375988354591744e-01
3.256375988354591744e-01
3.256375988354590634e-01
3.638200871845845841e-01
4.711846944666732151e-01
6.561438058060397038e-01
8.307093988860971834e-01
9.488900558688392328e-01
9.949915194533270890e-01
1.000000000000000000e+00
9.949915194533268670e-01
9.488900558688395659e-01
8.307093988860974054e-01
6.561438058060397038e-01
4.413312269035772339e-01
2.686068067648736402e-01
1.350107068183160342e-01
5.110994413116044105e-02
5.008480546672871084e-03
0.000000000000000000e+00
0.000000000000000000e+00
0.000000000000000000e+00
0.000000000000000000e+00
2.189585270905292053e-16
0.000000000000000000e+00
0.000000000000000000e+00
0.000000000000000000e+00
0.000000000000000000e+00
1.094792635452646026e-16
0.000000000000000000e+00
0.000000000000000000e+00
0.000000000000000000e+00
0.000000000000000000e+00
0.000000000000000000e+00
0.000000000000000000e+00
0.000000000000000000e+00
0.000000000000000000e+00
0.000000000000000000e+00
0.000000000000000000e+00
0.000000000000000000e+00
5.008480546672542354e-03
5.110994413116054513e-02
1.350107068183159786e-01
1.983927057868699051e-01
1.775206458054193470e-01
3.438561941939600741e-01
6.202343790326646511e-01
8.307093988860970724e-01
9.435472266847854117e-01
9.670812187405386506e-01
9.172912632100189700e-01
8.038947825229109112e-01
6.202343790326646511e-01
3.797656209673349048e-01
2.021984102984531462e-01
1.132479016778674963e-01
8.824004963479492591e-02
8.824004963479460673e-02
8.824004963479503694e-02
8.824004963479488428e-02
8.824004963479488428e-02
8.824004963479488428e-02
8.824004963479482877e-02
8.824004963479488428e-02
1.132479016778674963e-01
2.021984102984530351e-01
3.797656209673349048e-01
6.202343790326646511e-01
8.038947825229104671e-01
9.172912632100194141e-01
9.670812187405386506e-01
9.435472266847854117e-01
8.307093988860970724e-01
6.268474815013546086e-01
3.797656209673350158e-01
1.961052174770889500e-01
8.270873678998050260e-02
2.772441081715772138e-02
5.008480546672760929e-03
0.000000000000000000e+00
0.000000000000000000e+00
0.000000000000000000e+00
0.000000000000000000e+00
1.094792635452646026e-16
0.000000000000000000e+00
0.000000000000000000e+00
0.000000000000000000e+00
0.000000000000000000e+00
0.000000000000000000e+00
0.000000000000000000e+00
0.000000000000000000e+00
0.000000000000000000e+00
0.000000000000000000e+00
0.000000000000000000e+00
0.000000000000000000e+00
0.000000000000000000e+00
0.000000000000000000e+00
0.000000000000000000e+00
0.000000000000000000e+00
0.000000000000000000e+00
0.000000000000000000e+00
0.000000000000000000e+00
5.008480546672651641e-03
2.772441081715772138e-02
5.311447500525015575e-02
5.311447500525026677e-02
1.692906011139027056e-01
3.731525184986451693e-01
6.202343790326646511e-01
7.703723918514231439e-01
8.061786627128808558e-01
7.250344875547518608e-01
5.586687730964223775e-01
3.438561941939599631e-01
1.692906011139025946e-01
5.110994413116033003e-02
5.008480546672760929e-03
0.000000000000000000e+00
0.000000000000000000e+00
0.000000000000000000e+00
0.000000000000000000e+00
0.000000000000000000e+00
0.000000000000000000e+00
0.000000000000000000e+00
0.000000000000000000e+00
5.008480546672760929e-03
5.110994413116033003e-02
1.692906011139027611e-01
3.438561941939598521e-01
5.586687730964223775e-01
7.250344875547514167e-01
8.061786627128810778e-01
7.703723918514230329e-01
6.202343790326646511e-01
3.731525184986449473e-01
1.692906011139025391e-01
5.110994413116044105e-02
5.008480546672651641e-03
0.000000000000000000e+00
0.000000000000000000e+00
1.094792635452646026e-16
0.000000000000000000e+00
0.000000000000000000e+00
0.000000000000000000e+00
0.000000000000000000e+00
2.189585270905292053e-16
2.189585270905292053e-16
0.000000000000000000e+00
0.000000000000000000e+00
0.000000000000000000e+00
0.000000000000000000e+00
0.000000000000000000e+00
0.000000000000000000e+00
0.000000000000000000e+00
0.000000000000000000e+00
1.094792635452646026e-16
0.000000000000000000e+00
0.000000000000000000e+00
2.189585270905292053e-16
0.000000000000000000e+00
0.000000000000000000e+00
0.000000000000000000e+00
0.000000000000000000e+00
0.000000000000000000e+00
0.000000000000000000e+00
0.000000000000000000e+00
0.000000000000000000e+00
5.110994413116054513e-02
1.692906011139027056e-01
3.438561941939600741e-01
4.896651269150014141e-01
5.195768089354795283e-01
4.115852958883705059e-01
2.686068067648736402e-01
1.350107068183161452e-01
5.110994413116054513e-02
5.008480546672760929e-03
1.094792635452646026e-16
0.000000000000000000e+00
0.000000000000000000e+00
0.000000000000000000e+00
0.000000000000000000e+00
0.000000000000000000e+00
1.094792635452646026e-16
0.000000000000000000e+00
0.000000000000000000e+00
1.094792635452646026e-16
5.008480546672760929e-03
5.110994413116060064e-02
1.350107068183163672e-01
2.686068067648736402e-01
4.115852958883706170e-01
5.195768089354793062e-01
4.896651269150011365e-01
3.438561941939598521e-01
1.692906011139024280e-01
5.110994413116054513e-02
5.008480546672760929e-03
0.000000000000000000e+00
0.000000000000000000e+00
0.000000000000000000e+00
0.000000000000000000e+00
0.000000000000000000e+00
1.094792635452646026e-16
0.000000000000000000e+00
0.000000000000000000e+00
0.000000000000000000e+00
1.094792635452646026e-16
0.000000000000000000e+00
1.094792635452646026e-16
0.000000000000000000e+00
0.000000000000000000e+00
0.000000000000000000e+00
0.000000000000000000e+00
0.000000000000000000e+00
0.000000000000000000e+00
0.000000000000000000e+00
0.000000000000000000e+00
0.000000000000000000e+00
0.000000000000000000e+00
0.000000000000000000e+00
0.000000000000000000e+00
0.000000000000000000e+00
0.000000000000000000e+00
0.000000000000000000e+00
0.000000000000000000e+00
0.000000000000000000e+00
0.000000000000000000e+00
5.008480546672871084e-03
5.110994413116071167e-02
1.350107068183162562e-01
2.044953918734054021e-01
2.106230486467721708e-01
1.611121416766069792e-01
8.270873678998039158e-02
2.772441081715793995e-02
5.008480546672760929e-03
0.000000000000000000e+00
2.189585270905292053e-16
0.000000000000000000e+00
0.000000000000000000e+00
0.000000000000000000e+00
0.000000000000000000e+00
0.000000000000000000e+00
0.000000000000000000e+00
0.000000000000000000e+00
0.000000000000000000e+00
0.000000000000000000e+00
0.000000000000000000e+00
5.008480546672542354e-03
2.772441081715805097e-02
8.270873678998007239e-02
1.611121416766069792e-01
2.106230486467722818e-01
2.044953918734052911e-01
1.350107068183160342e-01
5.110994413116044105e-02
5.008480546672760929e-03
0.000000000000000000e+00
0.000000000000000000e+00
0.000000000000000000e+00
0.000000000000000000e+00
0.000000000000000000e+00
0.000000000000000000e+00
0.000000000000000000e+00
0.000000000000000000e+00
0.000000000000000000e+00
0.000000000000000000e+00
1.094792635452646026e-16
0.000000000000000000e+00
0.000000000000000000e+00
0.000000000000000000e+00
0.000000000000000000e+00
0.000000000000000000e+00
0.000000000000000000e+00
0.000000000000000000e+00
0.000000000000000000e+00
1.094792635452646026e-16
0.000000000000000000e+00
0.000000000000000000e+00
0.000000000000000000e+00
0.000000000000000000e+00
0.000000000000000000e+00
0.000000000000000000e+00
0.000000000000000000e+00
0.000000000000000000e+00
0.000000000000000000e+00
0.000000000000000000e+00
0.000000000000000000e+00
0.000000000000000000e+00
1.005133660521718292e-02
5.645277331521433156e-02
1.097057832121935694e-01
1.097057832121934584e-01
5.645277331521471320e-02
1.005133660521712914e-02
0.000000000000000000e+00
0.000000000000000000e+00
0.000000000000000000e+00
0.000000000000000000e+00
0.000000000000000000e+00
0.000000000000000000e+00
0.000000000000000000e+00
0.000000000000000000e+00
2.189585270905292053e-16
0.000000000000000000e+00
0.000000000000000000e+00
0.000000000000000000e+00
0.000000000000000000e+00
0.000000000000000000e+00
0.000000000000000000e+00
0.000000000000000000e+00
1.005133660521701812e-02
5.645277331521454667e-02
1.097057832121937221e-01
1.097057832121934584e-01
5.645277331521433156e-02
1.005133660521701812e-02
0.000000000000000000e+00
0.000000000000000000e+00
0.000000000000000000e+00
0.000000000000000000e+00
0.000000000000000000e+00
0.000000000000000000e+00
1.094792635452646026e-16
1.094792635452646026e-16
0.000000000000000000e+00
1.094792635452646026e-16
0.000000000000000000e+00
0.000000000000000000e+00
0.000000000000000000e+00
0.000000000000000000e+00
0.000000000000000000e+00
0.000000000000000000e+00
0.000000000000000000e+00
0.000000000000000000e+00
0.000000000000000000e+00
1.094792635452646026e-16
0.000000000000000000e+00
0.000000000000000000e+00
0.000000000000000000e+00
0.000000000000000000e+00
0.000000000000000000e+00
0.000000000000000000e+00
0.000000000000000000e+00
0.000000000000000000e+00
0.000000000000000000e+00
0.000000000000000000e+00
0.000000000000000000e+00
0.000000000000000000e+00
5.008480546672651641e-03
5.110994413116065616e-02
1.350107068183161452e-01
2.044953918734054021e-01
2.106230486467718932e-01
1.611121416766065906e-01
8.270873678998050260e-02
2.772441081715805097e-02
5.008480546672871084e-03
2.189585270905292053e-16
0.000000000000000000e+00
0.000000000000000000e+00
0.000000000000000000e+00
0.000000000000000000e+00
0.000000000000000000e+00
1.094792635452646026e-16
1.094792635452646026e-16
0.000000000000000000e+00
0.000000000000000000e+00
0.000000000000000000e+00
0.000000000000000000e+00
5.008480546672760929e-03
2.772441081715793995e-02
8.270873678998061362e-02
1.611121416766065906e-01
2.106230486467721708e-01
2.044953918734052356e-01
1.350107068183160342e-01
5.110994413116060064e-02
5.008480546672651641e-03
0.000000000000000000e+00
0.000000000000000000e+00
0.000000000000000000e+00
0.000000000000000000e+00
0.000000000000000000e+00
0.000000000000000000e+00
0.000000000000000000e+00
0.000000000000000000e+00
0.000000000000000000e+00
1.094792635452646026e-16
0.000000000000000000e+00
0.000000000000000000e+00
0.000000000000000000e+00
0.000000000000000000e+00
0.000000000000000000e+00
0.000000000000000000e+00
0.000000000000000000e+00
0.000000000000000000e+00
1.094792635452646026e-16
0.000000000000000000e+00
0.000000000000000000e+00
0.000000000000000000e+00
0.000000000000000000e+00
0.000000000000000000e+00
0.000000000000000000e+00
0.000000000000000000e+00
0.000000000000000000e+00
0.000000000000000000e+00
0.000000000000000000e+00
0.000000000000000000e+00
0.000000000000000000e+00
5.110994413116054513e-02
1.692906011139027611e-01
3.438561941939600741e-01
4.896651269150012475e-01
5.195768089354796393e-01
4.115852958883708945e-01
2.686068067648739177e-01
1.350107068183161452e-01
5.110994413116054513e-02
5.008480546672542354e-03
0.000000000000000000e+00
0.000000000000000000e+00
0.000000000000000000e+00
0.000000000000000000e+00
0.000000000000000000e+00
2.189585270905292053e-16
2.189585270905292053e-16
0.000000000000000000e+00
0.000000000000000000e+00
0.000000000000000000e+00
5.008480546672760929e-03
5.110994413116071167e-02
1.350107068183159786e-01
2.686068067648736402e-01
4.115852958883710611e-01
5.195768089354795283e-01
4.896651269150011920e-01
3.438561941939599631e-01
1.692906011139024836e-01
5.110994413116033003e-02
5.008480546672651641e-03
0.000000000000000000e+00
0.000000000000000000e+00
0.000000000000000000e+00
0.000000000000000000e+00
0.000000000000000000e+00
0.000000000000000000e+00
0.000000000000000000e+00
0.000000000000000000e+00
1.094792635452646026e-16
0.000000000000000000e+00
0.000000000000000000e+00
0.000000000000000000e+00
0.000000000000000000e+00
0.000000000000000000e+00
0.000000000000000000e+00
0.000000000000000000e+00
0.000000000000000000e+00
0.000000000000000000e+00
1.094792635452646026e-16
0.000000000000000000e+00
0.000000000000000000e+00
0.000000000000000000e+00
0.000000000000000000e+00
0.000000000000000000e+00
1.094792635452646026e-16
0.000000000000000000e+00
0.000000000000000000e+00
0.000000000000000000e+00
0.000000000000000000e+00
0.000000000000000000e+00
1.692906011139025946e-01
3.731525184986451693e-01
6.202343790326649842e-01
7.703723918514226998e-01
8.061786627128815219e-01
7.250344875547519718e-01
5.586687730964227105e-01
3.438561941939606292e-01
1.692906011139027611e-01
5.110994413116044105e-02
5.008480546672651641e-03
0.000000000000000000e+00
0.000000000000000000e+00
0.000000000000000000e+00
0.000000000000000000e+00
2.189585270905292053e-16
0.000000000000000000e+00
0.000000000000000000e+00
0.000000000000000000e+00
5.008480546672760929e-03
5.110994413116033003e-02
1.692906011139025946e-01
3.438561941939602962e-01
5.586687730964225995e-01
7.250344875547517498e-01
8.061786627128817440e-01
7.703723918514225888e-01
6.202343790326646511e-01
3.731525184986451693e-01
1.692906011139024280e-01
5.110994413116044105e-02
5.008480546672651641e-03
0.000000000000000000e+00
0.000000000000000000e+00
0.000000000000000000e+00
0.000000000000000000e+00
0.000000000000000000e+00
0.000000000000000000e+00
2.189585270905292053e-16
0.000000000000000000e+00
1.094792635452646026e-16
0.000000000000000000e+00
0.000000000000000000e+00
0.000000000000000000e+00
0.000000000000000000e+00
0.000000000000000000e+00
0.000000000000000000e+00
0.000000000000000000e+00
0.000000000000000000e+00
1.094792635452646026e-16
0.000000000000000000e+00
0.000000000000000000e+00
0.000000000000000000e+00
0.000000000000000000e+00
0.000000000000000000e+00
0.000000000000000000e+00
0.000000000000000000e+00
0.000000000000000000e+00
0.000000000000000000e+00
0.000000000000000000e+00
0.000000000000000000e+00
3.438561941939600741e-01
6.202343790326648731e-01
8.307093988860971834e-01
9.435472266847854117e-01
9.670812187405387617e-01
9.172912632100194141e-01
8.038947825229109112e-01
6.202343790326649842e-01
3.797656209673351269e-01
2.021984102984530907e-01
1.132479016778677183e-01
8.824004963479482877e-02
8.824004963479460673e-02
8.824004963479492591e-02
8.824004963479471775e-02
8.824004963479488428e-02
8.824004963479488428e-02
8.824004963479471775e-02
8.824004963479455121e-02
1.132479016778677738e-01
2.021984102984530351e-01
3.797656209673355154e-01
6.202343790326646511e-01
8.038947825229109112e-01
9.172912632100196362e-01
9.670812187405388727e-01
9.435472266847851897e-01
8.307093988860971834e-01
6.268474815013546086e-01
3.797656209673351269e-01
1.961052174770888945e-01
8.270873678998028056e-02
2.772441081715761382e-02
5.008480546672542354e-03
0.000000000000000000e+00
0.000000000000000000e+00
0.000000000000000000e+00
0.000000000000000000e+00
0.000000000000000000e+00
2.189585270905292053e-16
1.094792635452646026e-16
0.000000000000000000e+00
0.000000000000000000e+00
0.000000000000000000e+00
0.000000000000000000e+00
0.000000000000000000e+00
0.000000000000000000e+00
0.000000000000000000e+00
1.094792635452646026e-16
0.000000000000000000e+00
0.000000000000000000e+00
0.000000000000000000e+00
0.000000000000000000e+00
0.000000000000000000e+00
0.000000000000000000e+00
0.000000000000000000e+00
0.000000000000000000e+00
5.008480546672651641e-03
2.772441081715761382e-02
5.311447500525021126e-02
5.311447500525010024e-02
5.288153055333267849e-01
7.978015897015469093e-01
9.488900558688393438e-01
9.949915194533275331e-01
1.000000000000000000e+00
9.949915194533275331e-01
9.488900558688395659e-01
8.307093988860974054e-01
6.561438058060395928e-01
4.711846944666729931e-01
3.638200871845848061e-01
3.256375988354591744e-01
3.256375988354590634e-01
3.256375988354589524e-01
3.256375988354589524e-01
3.256375988354592299e-01
3.256375988354590634e-01
3.256375988354590634e-01
3.256375988354592299e-01
3.638200871845845841e-01
4.711846944666729931e-01
6.561438058060397038e-01
8.307093988860976275e-01
9.488900558688394549e-01
9.949915194533270890e-01
1.000000000000000000e+00
9.949915194533270890e-01
9.488900558688393438e-01
8.307093988860975164e-01
6.561438058060400369e-01
4.413312269035772339e-01
2.686068067648735291e-01
1.350107068183160342e-01
5.110994413116038554e-02
5.008480546672760929e-03
0.000000000000000000e+00
0.000000000000000000e+00
0.000000000000000000e+00
0.000000000000000000e+00
1.094792635452646026e-16
1.094792635452646026e-16
0.000000000000000000e+00
0.000000000000000000e+00
0.000000000000000000e+00
1.094792635452646026e-16
0.000000000000000000e+00
0.000000000000000000e+00
0.000000000000000000e+00
0.000000000000000000e+00
1.094792635452646026e-16
0.000000000000000000e+00
0.000000000000000000e+00
0.000000000000000000e+00
0.000000000000000000e+00
0.000000000000000000e+00
0.000000000000000000e+00
5.008480546672651641e-03
5.110994413116060064e-02
1.350107068183160897e-01
1.983927057868698496e-01
1.775206458054193470e-01
6.361799128154148608e-01
8.867520983221320874e-01
9.949915194533270890e-01
1.000000000000000000e+00
1.000000000000000000e+00
1.000000000000000000e+00
9.949915194533275331e-01
9.435472266847856337e-01
8.329489617751554276e-01
6.964888881446774649e-01
6.000767313320195528e-01
5.637004129772414940e-01
5.637004129772411609e-01
5.637004129772411609e-01
5.637004129772411609e-01
5.637004129772410499e-01
5.637004129772410499e-01
5.637004129772411609e-01
5.637004129772414940e-01
6.000767313320196639e-01
6.964888881446774649e-01
8.329489617751555386e-01
9.435472266847854117e-01
9.949915194533270890e-01
1.000000000000000000e+00
1.000000000000000000e+00
1.000000000000000000e+00
9.949915194533270890e-01
9.488900558688393438e-01
8.649892931816838271e-01
7.313931932351263043e-01
5.586687730964223775e-01
3.438561941939600741e-01
1.692906011139024836e-01
5.110994413116054513e-02
5.008480546672760929e-03
0.000000000000000000e+00
0.000000000000000000e+00
1.094792635452646026e-16
0.000000000000000000e+00
2.189585270905292053e-16
0.000000000000000000e+00
0.000000000000000000e+00
0.000000000000000000e+00
1.094792635452646026e-16
0.000000000000000000e+00
0.000000000000000000e+00
0.000000000000000000e+00
0.000000000000000000e+00
1.094792635452646026e-16
0.000000000000000000e+00
0.000000000000000000e+00
0.000000000000000000e+00
0.000000000000000000e+00
0.000000000000000000e+00
5.008480546672760929e-03
5.110994413116054513e-02
1.692906011139025946e-01
3.438561941939600741e-01
4.530670202366554600e-01
3.913766694021312276e-01
6.743624011645406036e-01
9.117599503652050741e-01
9.999999999999997780e-01
9.999999999999997780e-01
1.000000000000000000e+00
9.949915194533270890e-01
9.722755891828422925e-01
9.117599503652052961e-01
8.061786627128810778e-01
6.900283893859480155e-01
6.000767313320194418e-01
5.637004129772413830e-01
5.637004129772414940e-01
5.637004129772414940e-01
5.637004129772413830e-01
5.637004129772413830e-01
5.637004129772412719e-01
5.637004129772412719e-01
5.637004129772413830e-01
6.000767313320195528e-01
6.900283893859477935e-01
8.061786627128810778e-01
9.117599503652050741e-01
9.722755891828420705e-01
9.949915194533270890e-01
1.000000000000000000e+00
9.999999999999997780e-01
9.999999999999997780e-01
9.949915194533268670e-01
9.722755891828418484e-01
9.172912632100194141e-01
8.038947825229106892e-01
6.202343790326646511e-01
3.731525184986451693e-01
1.692906011139024836e-01
5.110994413116060064e-02
5.008480546672760929e-03
0.000000000000000000e+00
0.000000000000000000e+00
1.094792635452646026e-16
1.094792635452646026e-16
0.000000000000000000e+00
0.000000000000000000e+00
0.000000000000000000e+00
0.000000000000000000e+00
0.000000000000000000e+00
0.000000000000000000e+00
0.000000000000000000e+00
0.000000000000000000e+00
0.000000000000000000e+00
0.000000000000000000e+00
0.000000000000000000e+00
0.000000000000000000e+00
0.000000000000000000e+00
5.008480546672760929e-03
5.110994413116054513e-02
1.692906011139025946e-01
3.731525184986453914e-01
6.202343790326645401e-01
6.989129201945384340e-01
5.703879115352673557e-01
6.743624011645407146e-01
9.117599503652055182e-01
1.000000000000000000e+00
1.000000000000000000e+00
9.949915194533270890e-01
9.488900558688393438e-01
8.649892931816837160e-01
7.313931932351266374e-01
5.884147041116289945e-01
4.413312269035773450e-01
3.638200871845850837e-01
3.256375988354590634e-01
3.256375988354592854e-01
3.256375988354591744e-01
3.256375988354593964e-01
3.256375988354593964e-01
3.256375988354591744e-01
3.256375988354590634e-01
3.256375988354590634e-01
3.638200871845850837e-01
4.413312269035772895e-01
5.884147041116293275e-01
7.313931932351265264e-01
8.649892931816838271e-01
9.488900558688393438e-01
9.949915194533270890e-01
1.000000000000000000e+00
1.000000000000000000e+00
1.000000000000000000e+00
9.999999999999997780e-01
9.949915194533270890e-01
9.488900558688392328e-01
8.307093988860975164e-01
6.268474815013546086e-01
3.731525184986450583e-01
1.692906011139027611e-01
5.110994413116060064e-02
5.008480546672542354e-03
1.094792635452646026e-16
0.000000000000000000e+00
0.000000000000000000e+00
1.094792635452646026e-16
0.000000000000000000e+00
0.000000000000000000e+00
0.000000000000000000e+00
0.000000000000000000e+00
0.000000000000000000e+00
0.000000000000000000e+00
0.000000000000000000e+00
2.189585270905292053e-16
0.000000000000000000e+00
0.000000000000000000e+00
3.284377906357938079e-16
5.008480546672651641e-03
5.110994413116071167e-02
1.692906011139027611e-01
3.731525184986450583e-01
6.268474815013547197e-01
8.307093988860974054e-01
8.553102755039587723e-01
6.678461285115632196e-01
6.743624011645408256e-01
9.117599503652050741e-01
1.000000000000000000e+00
9.949915194533270890e-01
9.488900558688392328e-01
8.307093988860971834e-01
6.561438058060397038e-01
4.413312269035775670e-01
2.749655124452480837e-01
1.670510382248446835e-01
1.132479016778677738e-01
8.824004963479503694e-02
8.824004963479482877e-02
8.824004963479471775e-02
8.824004963479460673e-02
8.824004963479471775e-02
8.824004963479455121e-02
8.824004963479460673e-02
8.824004963479503694e-02
1.132479016778679959e-01
1.670510382248445724e-01
2.749655124452483057e-01
4.413312269035772339e-01
6.561438058060398149e-01
8.307093988860970724e-01
9.488900558688393438e-01
9.949915194533270890e-01
9.999999999999997780e-01
9.999999999999997780e-01
1.000000000000000000e+00
1.000000000000000000e+00
9.949915194533270890e-01
9.488900558688392328e-01
8.307093988860971834e-01
6.268474815013547197e-01
3.731525184986451693e-01
1.692906011139027611e-01
5.110994413116060064e-02
5.008480546672871084e-03
0.000000000000000000e+00
2.189585270905292053e-16
0.000000000000000000e+00
0.000000000000000000e+00
0.000000000000000000e+00
0.000000000000000000e+00
0.000000000000000000e+00
0.000000000000000000e+00
0.000000000000000000e+00
0.000000000000000000e+00
0.000000000000000000e+00
0.000000000000000000e+00
0.000000000000000000e+00
5.008480546672871084e-03
5.110994413116060064e-02
1.692906011139025946e-01
3.731525184986452248e-01
6.268474815013547197e-01
8.307093988860971834e-01
9.488900558688392328e-01
9.061970753240029541e-01
6.743624011645407146e-01
6.743624011645407146e-01
9.061970753240028431e-01
9.722755891828420705e-01
9.172912632100196362e-01
8.038947825229104671e-01
6.202343790326646511e-01
3.797656209673351824e-01
1.961052174770893386e-01
8.270873678998072465e-02
2.772441081715783240e-02
5.008480546673089659e-03
0.000000000000000000e+00
0.000000000000000000e+00
0.000000000000000000e+00
0.000000000000000000e+00
0.000000000000000000e+00
0.000000000000000000e+00
0.000000000000000000e+00
0.000000000000000000e+00
5.008480546672980371e-03
2.772441081715777689e-02
8.270873678998050260e-02
1.961052174770888390e-01
3.797656209673352379e-01
6.202343790326646511e-01
8.038947825229108002e-01
9.172912632100194141e-01
9.722755891828422925e-01
9.949915194533270890e-01
1.000000000000000000e+00
1.000000000000000000e+00
9.999999999999995559e-01
9.949915194533273111e-01
9.488900558688393438e-01
8.307093988860969613e-01
6.268474815013547197e-01
3.731525184986452248e-01
1.692906011139025391e-01
5.110994413116060064e-02
5.008480546672760929e-03
1.094792635452646026e-16
0.000000000000000000e+00
0.000000000000000000e+00
0.000000000000000000e+00
0.000000000000000000e+00
0.000000000000000000e+00
0.000000000000000000e+00
0.000000000000000000e+00
0.000000000000000000e+00
0.000000000000000000e+00
0.000000000000000000e+00
5.008480546672760929e-03
5.110994413116065616e-02
1.692906011139025946e-01
3.731525184986451693e-01
6.268474815013547197e-01
8.307093988860975164e-01
9.488900558688393438e-01
9.949915194533273111e-01
9.117599503652050741e-01
6.743624011645408256e-01
6.678461285115633306e-01
8.553102755039585503e-01
8.649892931816839381e-01
7.313931932351261933e-01
5.586687730964227105e-01
3.438561941939600741e-01
1.692906011139028166e-01
5.110994413116082269e-02
5.008480546672760929e-03
0.000000000000000000e+00
0.000000000000000000e+00
0.000000000000000000e+00
0.000000000000000000e+00
0.000000000000000000e+00
0.000000000000000000e+00
0.000000000000000000e+00
0.000000000000000000e+00
0.000000000000000000e+00
2.189585270905292053e-16
0.000000000000000000e+00
0.000000000000000000e+00
5.008480546672871084e-03
5.110994413116054513e-02
1.692906011139028721e-01
3.438561941939601851e-01
5.586687730964229326e-01
7.313931932351260823e-01
8.649892931816839381e-01
9.488900558688393438e-01
9.949915194533270890e-01
9.999999999999997780e-01
9.999999999999997780e-01
1.000000000000000000e+00
9.949915194533273111e-01
9.488900558688393438e-01
8.307093988860975164e-01
6.268474815013546086e-01
3.731525184986453914e-01
1.692906011139027611e-01
5.110994413116054513e-02
5.008480546672980371e-03
0.000000000000000000e+00
0.000000000000000000e+00
0.000000000000000000e+00
0.000000000000000000e+00
0.000000000000000000e+00
0.000000000000000000e+00
0.000000000000000000e+00
0.000000000000000000e+00
0.000000000000000000e+00
5.008480546672871084e-03
5.110994413116065616e-02
1.692906011139027611e-01
3.731525184986453914e-01
6.268474815013547197e-01
8.307093988860975164e-01
9.488900558688393438e-01
9.949915194533273111e-01
1.000000000000000000e+00
9.117599503652052961e-01
6.743624011645407146e-01
6.092166865537611553e-01
7.274271066440551881e-01
6.561438058060395928e-01
4.413312269035772339e-01
2.686068067648736957e-01
1.350107068183159786e-01
5.110994413116044105e-02
5.008480546672871084e-03
0.000000000000000000e+00
1.094792635452646026e-16
0.000000000000000000e+00
0.000000000000000000e+00
0.000000000000000000e+00
0.000000000000000000e+00
0.000000000000000000e+00
0.000000000000000000e+00
0.000000000000000000e+00
0.000000000000000000e+00
0.000000000000000000e+00
0.000000000000000000e+00
0.000000000000000000e+00
0.000000000000000000e+00
5.008480546672433066e-03
5.110994413116054513e-02
1.350107068183159786e-01
2.686068067648739177e-01
4.413312269035771784e-01
6.561438058060397038e-01
8.307093988860971834e-01
9.488900558688393438e-01
9.949915194533270890e-01
9.999999999999997780e-01
9.999999999999997780e-01
1.000000000000000000e+00
9.949915194533270890e-01
9.488900558688394549e-01
8.307093988860975164e-01
6.268474815013544976e-01
3.731525184986450583e-01
1.692906011139029276e-01
5.110994413116082269e-02
5.008480546672760929e-03
0.000000000000000000e+00
0.000000000000000000e+00
0.000000000000000000e+00
0.000000000000000000e+00
0.000000000000000000e+00
0.000000000000000000e+00
0.000000000000000000e+00
5.008480546672760929e-03
5.110994413116054513e-02
1.692906011139028166e-01
3.731525184986451693e-01
6.268474815013547197e-01
8.307093988860975164e-01
9.488900558688394549e-01
9.949915194533270890e-01
9.999999999999997780e-01
9.999999999999997780e-01
9.117599503652050741e-01
6.743624011645407146e-01
4.692615863410378174e-01
5.151277822519265692e-01
3.797656209673352379e-01
1.961052174770891721e-01
8.270873678998033607e-02
2.772441081715772138e-02
5.008480546672760929e-03
2.189585270905292053e-16
0.000000000000000000e+00
0.000000000000000000e+00
0.000000000000000000e+00
0.000000000000000000e+00
0.000000000000000000e+00
0.000000000000000000e+00
0.000000000000000000e+00
2.189585270905292053e-16
0.000000000000000000e+00
0.000000000000000000e+00
0.000000000000000000e+00
0.000000000000000000e+00
0.000000000000000000e+00
0.000000000000000000e+00
1.094792635452646026e-16
5.008480546672760929e-03
2.772441081715783240e-02
8.270873678998055811e-02
1.961052174770890055e-01
3.797656209673352934e-01
6.268474815013546086e-01
8.307093988860971834e-01
9.488900558688393438e-01
9.949915194533270890e-01
1.000000000000000000e+00
1.000000000000000000e+00
9.999999999999997780e-01
9.949915194533270890e-01
9.488900558688393438e-01
8.307093988860970724e-01
6.202343790326649842e-01
3.438561941939601851e-01
1.350107068183162562e-01
2.772441081715783240e-02
0.000000000000000000e+00
0.000000000000000000e+00
0.000000000000000000e+00
0.000000000000000000e+00
0.000000000000000000e+00
0.000000000000000000e+00
0.000000000000000000e+00
2.772441081715783240e-02
1.350107068183161452e-01
3.438561941939599631e-01
6.202343790326649842e-01
8.307093988860976275e-01
9.488900558688393438e-01
9.949915194533270890e-01
1.000000000000000000e+00
9.999999999999997780e-01
9.999999999999997780e-01
9.117599503652049631e-01
6.743624011645407146e-01
2.861521874229749351e-01
2.709947214272850347e-01
1.692906011139027611e-01
5.110994413116054513e-02
5.008480546672760929e-03
0.000000000000000000e+00
0.000000000000000000e+00
0.000000000000000000e+00
0.000000000000000000e+00
0.000000000000000000e+00
0.000000000000000000e+00
0.000000000000000000e+00
0.000000000000000000e+00
0.000000000000000000e+00
0.000000000000000000e+00
0.000000000000000000e+00
0.000000000000000000e+00
0.000000000000000000e+00
0.000000000000000000e+00
0.000000000000000000e+00
0.000000000000000000e+00
0.000000000000000000e+00
0.000000000000000000e+00
0.000000000000000000e+00
0.000000000000000000e+00
5.008480546672760929e-03
5.110994413116054513e-02
1.692906011139025391e-01
3.731525184986451693e-01
6.202343790326646511e-01
7.978015897015466873e-01
8.867520983221321984e-01
9.117599503652050741e-01
9.117599503652050741e-01
9.117599503652050741e-01
9.117599503652050741e-01
9.061970753240032872e-01
8.553102755039587723e-01
6.989129201945384340e-01
4.530670202366554600e-01
1.983927057868698496e-01
5.311447500525021126e-02
0.000000000000000000e+00
0.000000000000000000e+00
0.000000000000000000e+00
0.000000000000000000e+00
0.000000000000000000e+00
0.000000000000000000e+00
0.000000000000000000e+00
5.311447500525026677e-02
1.983927057868698496e-01
4.530670202366553490e-01
6.989129201945384340e-01
8.553102755039585503e-01
9.061970753240029541e-01
9.117599503652050741e-01
9.117599503652050741e-01
9.117599503652050741e-01
9.117599503652050741e-01
8.207592490638195848e-01
6.000767313320195528e-01
1.175305885770397268e-01
1.038391575176520198e-01
5.110994413116054513e-02
5.008480546672760929e-03
0.000000000000000000e+00
0.000000000000000000e+00
1.094792635452646026e-16
2.189585270905292053e-16
0.000000000000000000e+00
0.000000000000000000e+00
0.000000000000000000e+00
0.000000000000000000e+00
0.000000000000000000e+00
0.000000000000000000e+00
0.000000000000000000e+00
0.000000000000000000e+00
0.000000000000000000e+00
0.000000000000000000e+00
0.000000000000000000e+00
0.000000000000000000e+00
0.000000000000000000e+00
0.000000000000000000e+00
1.094792635452646026e-16
1.094792635452646026e-16
0.000000000000000000e+00
0.000000000000000000e+00
5.008480546672760929e-03
5.110994413116054513e-02
1.692906011139024836e-01
3.438561941939599631e-01
5.288153055333267849e-01
6.361799128154146388e-01
6.743624011645408256e-01
6.743624011645407146e-01
6.743624011645406036e-01
6.743624011645409366e-01
6.743624011645406036e-01
6.678461285115631085e-01
5.703879115352675777e-01
3.913766694021313386e-01
1.775206458054195136e-01
5.311447500525015575e-02
0.000000000000000000e+00
0.000000000000000000e+00
0.000000000000000000e+00
0.000000000000000000e+00
0.000000000000000000e+00
0.000000000000000000e+00
0.000000000000000000e+00
5.311447500525032228e-02
1.775206458054194580e-01
3.913766694021313386e-01
5.703879115352675777e-01
6.678461285115633306e-01
6.743624011645407146e-01
6.743624011645412697e-01
6.743624011645406036e-01
6.743624011645407146e-01
6.743624011645408256e-01
6.000767313320195528e-01
4.302097383609059800e-01
