1.088595862784003814e-16
1.088595862784003814e-16
1.088595862784003814e-16
1.088595862784003814e-16
0.000000000000000000e+00
4.995233289496598533e-03
2.765642781413499979e-02
8.254171916239474993e-02
1.958573077911845151e-01
3.502398230016234293e-01
5.288517152772371777e-01
6.363403606013936509e-01
6.745578144747771399e-01
6.745578144747771399e-01
6.745578144747773619e-01
6.745578144747773619e-01
6.745578144747773619e-01
6.745578144747771399e-01
6.363403606013936509e-01
5.288517152772371777e-01
3.502398230016234293e-01
1.958573077911845151e-01
8.254171916239486095e-02
2.765642781413499979e-02
4.995233289496707821e-03
1.088595862784003814e-16
1.088595862784003814e-16
1.088595862784003814e-16
0.000000000000000000e+00
2.960076327351987904e-02
1.173227168154902245e-01
2.859284996644248511e-01
4.692227635446538647e-01
6.093488557702424480e-01
6.680360566150551627e-01
6.745578144747773619e-01
6.745578144747771399e-01
6.745578144747771399e-01
6.745578144747768068e-01
6.363403606013935399e-01
5.288517152772375107e-01
3.436766363274577074e-01
1.690489936173952823e-01
5.099431747266001957e-02
4.995233289496598533e-03
1.088595862784003814e-16
4.995233289496598533e-03
5.099431747266001957e-02
1.690489936173953378e-01
3.436766363274577074e-01
5.288517152772371777e-01
6.363403606013935399e-01
6.745578144747771399e-01
6.745578144747771399e-01
6.745578144747773619e-01
6.745578144747773619e-01
6.680360566150551627e-01
6.093488557702424480e-01
4.692227635446538092e-01
2.859284996644248511e-01
1.173227168154900024e-01
1.088595862784003814e-16
1.088595862784003814e-16
0.000000000000000000e+00
1.088595862784003814e-16
4.995233289496490113e-03
5.099431747265990855e-02
1.347880368667379869e-01
2.683736198265238015e-01
4.412578316549174429e-01
6.497601769983764042e-01
7.980499705820747192e-01
8.869557813341486519e-01
9.119345205055593429e-01
9.119345205055593429e-01
9.119345205055594539e-01
9.119345205055593429e-01
9.119345205055593429e-01
9.119345205055595649e-01
8.869557813341486519e-01
7.980499705820747192e-01
6.497601769983762932e-01
4.412578316549174429e-01
2.683736198265239126e-01
1.347880368667380424e-01
5.099431747266001957e-02
4.995233289496707821e-03
0.000000000000000000e+00
0.000000000000000000e+00
0.000000000000000000e+00
2.250752858872578227e-02
1.036454817155358921e-01
2.707627060558840948e-01
5.151469407260348410e-01
7.276583263040128369e-01
8.555396047012502336e-01
9.063788260799156005e-01
9.119345205055590098e-01
9.119345205055591208e-01
9.119345205055593429e-01
8.869557813341484298e-01
7.980499705820744971e-01
6.203784148185124137e-01
3.730015613742259650e-01
1.690489936173953378e-01
5.099431747266001957e-02
1.002518899751790420e-02
5.099431747266001957e-02
1.690489936173952823e-01
3.730015613742260205e-01
6.203784148185124137e-01
7.980499705820744971e-01
8.869557813341484298e-01
9.119345205055593429e-01
9.119345205055591208e-01
9.119345205055591208e-01
9.063788260799157115e-01
8.555396047012502336e-01
7.276583263040128369e-01
5.151469407260348410e-01
2.707627060558840948e-01
1.036454817155358366e-01
1.088595862784003814e-16
1.088595862784003814e-16
4.995233289496598533e-03
2.765642781413494428e-02
8.254171916239474993e-02
1.958573077911843485e-01
3.502398230016233738e-01
5.587421683450822796e-01
7.316263801734759209e-01
8.652119631332619853e-01
9.490056825273397445e-01
9.950047667105033078e-01
9.999999999999995559e-01
9.999999999999997780e-01
1.000000000000000000e+00
9.999999999999997780e-01
9.999999999999997780e-01
9.999999999999997780e-01
9.950047667105033078e-01
9.490056825273397445e-01
8.652119631332617633e-01
7.316263801734761429e-01
5.587421683450826126e-01
3.502398230016234848e-01
1.958573077911845151e-01
8.254171916239486095e-02
2.765642781413483672e-02
4.995233289496490113e-03
1.088595862784003814e-16
4.995233289496707821e-03
5.099431747266006815e-02
1.690489936173953378e-01
3.796215851814873643e-01
6.563233636725422926e-01
8.652119631332619853e-01
9.723435721858649794e-01
1.000000000000000000e+00
1.000000000000000000e+00
9.999999999999997780e-01
9.950047667105030857e-01
9.490056825273399665e-01
8.309510063826044401e-01
6.203784148185124137e-01
3.436766363274578184e-01
1.347880368667379869e-01
5.632743906547698493e-02
1.347880368667379869e-01
3.436766363274578184e-01
6.203784148185128577e-01
8.309510063826044401e-01
9.490056825273399665e-01
9.950047667105030857e-01
1.000000000000000000e+00
9.999999999999997780e-01
1.000000000000000000e+00
9.723435721858649794e-01
8.652119631332619853e-01
6.563233636725422926e-01
3.796215851814873088e-01
1.690489936173950325e-01
5.099431747265996406e-02
1.088595862784003814e-16
1.088595862784003814e-16
2.765642781413494428e-02
1.015321401436799498e-01
2.403038206221848050e-01
4.345577373373701313e-01
6.497601769983761821e-01
8.041426922088155127e-01
9.174582808376053888e-01
9.723435721858648684e-01
9.950047667105035298e-01
1.000000000000000000e+00
9.999999999999997780e-01
1.000000000000000000e+00
9.999999999999997780e-01
1.000000000000000000e+00
1.000000000000000000e+00
9.999999999999997780e-01
9.999999999999997780e-01
9.950047667105033078e-01
9.723435721858648684e-01
9.174582808376051668e-01
8.041426922088156237e-01
6.497601769983764042e-01
4.345577373373702423e-01
2.403038206221850825e-01
1.015321401436798943e-01
2.765642781413494428e-02
0.000000000000000000e+00
0.000000000000000000e+00
4.995233289496598533e-03
5.099431747265974202e-02
1.958573077911845151e-01
4.412578316549176649e-01
7.316263801734756989e-01
9.174582808376056109e-01
9.950047667105033078e-01
9.999999999999997780e-01
9.999999999999997780e-01
1.000000000000000000e+00
9.950047667105035298e-01
9.436725609345230081e-01
7.706188097364374823e-01
4.896520323335023517e-01
2.042469217451645391e-01
1.095057367065822296e-01
2.042469217451645391e-01
4.896520323335023517e-01
7.706188097364374823e-01
9.436725609345230081e-01
9.950047667105033078e-01
1.000000000000000000e+00
1.000000000000000000e+00
9.999999999999997780e-01
9.950047667105033078e-01
9.174582808376056109e-01
7.316263801734759209e-01
4.412578316549175539e-01
1.958573077911845151e-01
5.099431747265996406e-02
4.995233289496598533e-03
1.088595862784003814e-16
4.995233289496707821e-03
8.254171916239474993e-02
2.403038206221849160e-01
4.899097097565650594e-01
7.031486492086301832e-01
8.652119631332617633e-01
9.490056825273399665e-01
9.950047667105033078e-01
1.000000000000000000e+00
9.999999999999997780e-01
1.000000000000000000e+00
1.000000000000000000e+00
1.000000000000000000e+00
1.000000000000000000e+00
1.000000000000000000e+00
1.000000000000000000e+00
1.000000000000000000e+00
9.999999999999997780e-01
9.999999999999997780e-01
9.999999999999997780e-01
9.950047667105030857e-01
9.490056825273400776e-01
8.652119631332619853e-01
7.031486492086305162e-01
4.899097097565653924e-01
2.403038206221850270e-01
8.254171916239474993e-02
4.995233289496598533e-03
0.000000000000000000e+00
1.088595862784003814e-16
4.995233289496707821e-03
8.254171916239454176e-02
2.683736198265239126e-01
5.587421683450822796e-01
8.041426922088155127e-01
9.490056825273399665e-01
9.950047667105030857e-01
1.000000000000000000e+00
9.999999999999997780e-01
1.000000000000000000e+00
9.671605263093401295e-01
8.064263068580656002e-01
5.196015873395442020e-01
2.103745728473376819e-01
1.095057367065821741e-01
2.103745728473376819e-01
5.196015873395442020e-01
8.064263068580657112e-01
9.671605263093402405e-01
1.000000000000000000e+00
9.999999999999997780e-01
1.000000000000000000e+00
9.950047667105030857e-01
9.490056825273401886e-01
8.041426922088154017e-01
5.587421683450825016e-01
2.683736198265239126e-01
8.254171916239463891e-02
4.995233289496598533e-03
0.000000000000000000e+00
4.995233289496707821e-03
5.099431747265990855e-02
1.958573077911846261e-01
4.345577373373701313e-01
7.031486492086305162e-01
8.848186975165382995e-01
9.723435721858649794e-01
9.950047667105033078e-01
1.000000000000000000e+00
9.999999999999997780e-01
1.000000000000000000e+00
1.000000000000000000e+00
9.999999999999997780e-01
1.000000000000000000e+00
1.000000000000000000e+00
1.000000000000000000e+00
1.000000000000000000e+00
1.000000000000000000e+00
1.000000000000000000e+00
1.000000000000000000e+00
9.999999999999997780e-01
1.000000000000000000e+00
9.950047667105033078e-01
9.723435721858649794e-01
8.848186975165384105e-01
7.031486492086306272e-01
4.345577373373700203e-01
1.958573077911846261e-01
5.099431747266001957e-02
4.995233289496598533e-03
0.000000000000000000e+00
1.088595862784003814e-16
2.765642781413483672e-02
1.347880368667378204e-01
3.436766363274578739e-01
6.203784148185128577e-01
8.309510063826044401e-01
9.490056825273400776e-01
9.950047667105033078e-01
9.999999999999997780e-01
9.950047667105035298e-01
9.174582808376051668e-01
7.252644686655015382e-01
4.114765488870566479e-01
1.608738976918077102e-01
5.632743906547692941e-02
1.608738976918077102e-01
4.114765488870566479e-01
7.252644686655018713e-01
9.174582808376051668e-01
9.950047667105033078e-01
9.999999999999997780e-01
9.950047667105035298e-01
9.490056825273399665e-01
8.309510063826044401e-01
6.203784148185128577e-01
3.436766363274578739e-01
1.347880368667380979e-01
2.765642781413494428e-02
0.000000000000000000e+00
0.000000000000000000e+00
2.765642781413494428e-02
1.347880368667380424e-01
3.502398230016234293e-01
6.497601769983764042e-01
8.652119631332619853e-01
9.723435721858649794e-01
9.999999999999997780e-01
1.000000000000000000e+00
1.000000000000000000e+00
1.000000000000000000e+00
9.999999999999997780e-01
1.000000000000000000e+00
1.000000000000000000e+00
1.000000000000000000e+00
1.000000000000000000e+00
1.000000000000000000e+00
1.000000000000000000e+00
9.999999999999997780e-01
1.000000000000000000e+00
9.999999999999997780e-01
9.999999999999997780e-01
1.000000000000000000e+00
9.999999999999997780e-01
1.000000000000000000e+00
9.723435721858649794e-01
8.652119631332622074e-01
6.497601769983764042e-01
3.502398230016234293e-01
1.347880368667379869e-01
2.765642781413510734e-02
1.088595862784003814e-16
1.088595862784003814e-16
4.995233289496490113e-03
5.099431747266006815e-02
1.690489936173952823e-01
3.796215851814875863e-01
6.563233636725422926e-01
8.652119631332617633e-01
9.723435721858647574e-01
9.950047667105035298e-01
9.490056825273399665e-01
8.041426922088156237e-01
5.587421683450821686e-01
2.683736198265238015e-01
8.254171916239474993e-02
1.002518899751790420e-02
8.254171916239474993e-02
2.683736198265238015e-01
5.587421683450823906e-01
8.041426922088154017e-01
9.490056825273398555e-01
9.950047667105035298e-01
9.723435721858649794e-01
8.652119631332617633e-01
6.563233636725422926e-01
3.796215851814875863e-01
1.690489936173952823e-01
5.099431747265996406e-02
4.995233289496598533e-03
0.000000000000000000e+00
1.088595862784003814e-16
8.254171916239486095e-02
2.683736198265238015e-01
5.587421683450826126e-01
8.041426922088156237e-01
9.490056825273396335e-01
9.950047667105033078e-01
9.999999999999997780e-01
1.000000000000000000e+00
9.999999999999997780e-01
1.000000000000000000e+00
9.999999999999995559e-01
1.000000000000000000e+00
9.999999999999997780e-01
1.000000000000000000e+00
1.000000000000000000e+00
1.000000000000000000e+00
9.999999999999997780e-01
1.000000000000000000e+00
9.999999999999997780e-01
9.999999999999997780e-01
9.999999999999997780e-01
1.000000000000000000e+00
1.000000000000000000e+00
9.999999999999997780e-01
9.950047667105035298e-01
9.490056825273400776e-01
8.041426922088155127e-01
5.587421683450825016e-01
2.683736198265238015e-01
8.254171916239437523e-02
4.995233289496707821e-03
0.000000000000000000e+00
1.088595862784003814e-16
4.995233289496598533e-03
5.099431747265990855e-02
1.958573077911842375e-01
4.412578316549176094e-01
7.316263801734759209e-01
9.119345205055593429e-01
9.436725609345230081e-01
8.309510063826048842e-01
6.203784148185128577e-01
3.436766363274577074e-01
1.347880368667379869e-01
2.765642781413494428e-02
0.000000000000000000e+00
2.765642781413494428e-02
1.347880368667379869e-01
3.436766363274576519e-01
6.203784148185128577e-01
8.309510063826048842e-01
9.436725609345228971e-01
9.119345205055593429e-01
7.316263801734762540e-01
4.412578316549176094e-01
1.958573077911843485e-01
5.099431747266001957e-02
4.995233289496490113e-03
1.088595862784003814e-16
1.088595862784003814e-16
0.000000000000000000e+00
1.958573077911844595e-01
4.412578316549179980e-01
7.316263801734761429e-01
9.174582808376053888e-01
9.950047667105033078e-01
1.000000000000000000e+00
9.999999999999997780e-01
1.000000000000000000e+00
1.000000000000000000e+00
9.999999999999997780e-01
1.000000000000000000e+00
1.000000000000000000e+00
1.000000000000000000e+00
1.000000000000000000e+00
1.000000000000000000e+00
1.000000000000000000e+00
1.000000000000000000e+00
1.000000000000000000e+00
9.999999999999997780e-01
1.000000000000000000e+00
9.999999999999997780e-01
1.000000000000000000e+00
1.000000000000000000e+00
9.999999999999997780e-01
1.000000000000000000e+00
9.950047667105033078e-01
9.174582808376051668e-01
7.316263801734759209e-01
4.412578316549172763e-01
1.958573077911839877e-01
5.099431747266006815e-02
4.995233289496598533e-03
0.000000000000000000e+00
0.000000000000000000e+00
4.995233289496490113e-03
8.254171916239480544e-02
2.747355313344980177e-01
5.885234511129431301e-01
8.064263068580658222e-01
8.331897175308394798e-01
6.563233636725422926e-01
3.796215851814871423e-01
1.690489936173952823e-01
5.099431747266001957e-02
4.995233289496598533e-03
1.088595862784003814e-16
4.995233289496598533e-03
5.099431747265996406e-02
1.690489936173952823e-01
3.796215851814873088e-01
6.563233636725422926e-01
8.331897175308393688e-01
8.064263068580661553e-01
5.885234511129432411e-01
2.747355313344981287e-01
8.254171916239480544e-02
4.995233289496490113e-03
1.088595862784003814e-16
0.000000000000000000e+00
0.000000000000000000e+00
0.000000000000000000e+00
3.502398230016235958e-01
6.497601769983767372e-01
8.652119631332622074e-01
9.723435721858649794e-01
9.999999999999997780e-01
9.999999999999997780e-01
1.000000000000000000e+00
1.000000000000000000e+00
1.000000000000000000e+00
1.000000000000000000e+00
1.000000000000000000e+00
1.000000000000000000e+00
9.999999999999995559e-01
9.999999999999997780e-01
9.999999999999997780e-01
9.999999999999997780e-01
9.999999999999995559e-01
9.999999999999997780e-01
1.000000000000000000e+00
1.000000000000000000e+00
9.999999999999997780e-01
1.000000000000000000e+00
1.000000000000000000e+00
1.000000000000000000e+00
9.999999999999997780e-01
1.000000000000000000e+00
9.723435721858649794e-01
8.652119631332619853e-01
6.497601769983762932e-01
3.502398230016234848e-01
1.347880368667380979e-01
2.765642781413478121e-02
0.000000000000000000e+00
0.000000000000000000e+00
0.000000000000000000e+00
2.765642781413494428e-02
1.668102824691605757e-01
4.412578316549176094e-01
6.902360829706561951e-01
6.967012519136714932e-01
4.711482847227629889e-01
2.019500294179254474e-01
5.099431747265996406e-02
4.995233289496707821e-03
1.088595862784003814e-16
1.088595862784003814e-16
1.088595862784003814e-16
4.995233289496598533e-03
5.099431747265996406e-02
2.019500294179255029e-01
4.711482847227628223e-01
6.967012519136712712e-01
6.902360829706561951e-01
4.412578316549175539e-01
1.668102824691605757e-01
2.765642781413499979e-02
0.000000000000000000e+00
0.000000000000000000e+00
0.000000000000000000e+00
1.088595862784003814e-16
0.000000000000000000e+00
5.288517152772371777e-01
7.980499705820744971e-01
9.490056825273399665e-01
9.950047667105035298e-01
9.999999999999995559e-01
9.999999999999997780e-01
1.000000000000000000e+00
1.000000000000000000e+00
1.000000000000000000e+00
9.999999999999997780e-01
1.000000000000000000e+00
1.000000000000000000e+00
1.000000000000000000e+00
1.000000000000000000e+00
1.000000000000000000e+00
1.000000000000000000e+00
1.000000000000000000e+00
1.000000000000000000e+00
1.000000000000000000e+00
1.000000000000000000e+00
9.999999999999997780e-01
1.000000000000000000e+00
9.999999999999997780e-01
1.000000000000000000e+00
1.000000000000000000e+00
9.999999999999997780e-01
9.950047667105033078e-01
9.490056825273399665e-01
7.980499705820744971e-01
5.288517152772371777e-01
2.317189754131508406e-01
5.834078617221413743e-02
0.000000000000000000e+00
0.000000000000000000e+00
0.000000000000000000e+00
4.995233289496490113e-03
1.130442186658513065e-01
3.636596393986062936e-01
6.001987626298951328e-01
6.001987626298951328e-01
3.636596393986066267e-01
1.130442186658511955e-01
4.995233289496598533e-03
1.088595862784003814e-16
1.088595862784003814e-16
1.088595862784003814e-16
1.088595862784003814e-16
1.088595862784003814e-16
4.995233289496707821e-03
1.130442186658513065e-01
3.636596393986065157e-01
6.001987626298946887e-01
6.001987626298952438e-01
3.636596393986064046e-01
1.130442186658513065e-01
4.995233289496707821e-03
0.000000000000000000e+00
0.000000000000000000e+00
0.000000000000000000e+00
0.000000000000000000e+00
0.000000000000000000e+00
6.363403606013936509e-01
8.869557813341486519e-01
9.950047667105033078e-01
1.000000000000000000e+00
1.000000000000000000e+00
1.000000000000000000e+00
1.000000000000000000e+00
9.999999999999997780e-01
1.000000000000000000e+00
9.999999999999997780e-01
1.000000000000000000e+00
1.000000000000000000e+00
9.999999999999997780e-01
9.999999999999997780e-01
1.000000000000000000e+00
1.000000000000000000e+00
9.999999999999997780e-01
9.999999999999997780e-01
1.000000000000000000e+00
1.000000000000000000e+00
9.999999999999997780e-01
9.999999999999997780e-01
1.000000000000000000e+00
1.000000000000000000e+00
1.000000000000000000e+00
1.000000000000000000e+00
9.999999999999997780e-01
9.950047667105033078e-01
8.869557813341488739e-01
6.363403606013937619e-01
2.966047209341243218e-01
8.254171916239454176e-02
0.000000000000000000e+00
0.000000000000000000e+00
0.000000000000000000e+00
0.000000000000000000e+00
8.806547949444064327e-02
3.254421855252226381e-01
5.637799143386830192e-01
5.637799143386829082e-01
3.254421855252226936e-01
8.806547949444064327e-02
0.000000000000000000e+00
1.088595862784003814e-16
1.088595862784003814e-16
1.088595862784003814e-16
1.088595862784003814e-16
1.088595862784003814e-16
1.088595862784003814e-16
8.806547949444085144e-02
3.254421855252226381e-01
5.637799143386825751e-01
5.637799143386831302e-01
3.254421855252227491e-01
8.806547949444068490e-02
1.088595862784003814e-16
0.000000000000000000e+00
0.000000000000000000e+00
0.000000000000000000e+00
0.000000000000000000e+00
0.000000000000000000e+00
6.745578144747771399e-01
9.119345205055591208e-01
1.000000000000000000e+00
1.000000000000000000e+00
1.000000000000000000e+00
1.000000000000000000e+00
1.000000000000000000e+00
1.000000000000000000e+00
1.000000000000000000e+00
1.000000000000000000e+00
9.999999999999997780e-01
1.000000000000000000e+00
1.000000000000000000e+00
1.000000000000000000e+00
1.000000000000000000e+00
1.000000000000000000e+00
1.000000000000000000e+00
1.000000000000000000e+00
1.000000000000000000e+00
1.000000000000000000e+00
1.000000000000000000e+00
1.000000000000000000e+00
1.000000000000000000e+00
9.999999999999997780e-01
1.000000000000000000e+00
1.000000000000000000e+00
1.000000000000000000e+00
1.000000000000000000e+00
9.119345205055591208e-01
6.745578144747771399e-01
3.254421855252227491e-01
8.806547949444064327e-02
0.000000000000000000e+00
0.000000000000000000e+00
1.088595862784003814e-16
0.000000000000000000e+00
8.806547949444068490e-02
3.254421855252226381e-01
5.637799143386829082e-01
5.637799143386829082e-01
3.254421855252229712e-01
8.806547949444058776e-02
0.000000000000000000e+00
1.088595862784003814e-16
1.088595862784003814e-16
1.088595862784003814e-16
1.088595862784003814e-16
1.088595862784003814e-16
1.088595862784003814e-16
8.806547949444079593e-02
3.254421855252226936e-01
5.637799143386825751e-01
5.637799143386829082e-01
3.254421855252226381e-01
8.806547949444064327e-02
1.088595862784003814e-16
0.000000000000000000e+00
0.000000000000000000e+00
0.000000000000000000e+00
0.000000000000000000e+00
0.000000000000000000e+00
6.745578144747770288e-01
9.119345205055593429e-01
9.999999999999997780e-01
9.999999999999997780e-01
1.000000000000000000e+00
9.999999999999995559e-01
1.000000000000000000e+00
1.000000000000000000e+00
1.000000000000000000e+00
1.000000000000000000e+00
1.000000000000000000e+00
1.000000000000000000e+00
1.000000000000000000e+00
1.000000000000000000e+00
1.000000000000000000e+00
1.000000000000000000e+00
1.000000000000000000e+00
1.000000000000000000e+00
9.999999999999997780e-01
1.000000000000000000e+00
1.000000000000000000e+00
9.999999999999997780e-01
9.999999999999997780e-01
9.999999999999997780e-01
9.999999999999997780e-01
1.000000000000000000e+00
9.999999999999995559e-01
9.999999999999995559e-01
9.119345205055587877e-01
6.745578144747768068e-01
3.254421855252226381e-01
8.806547949444058776e-02
0.000000000000000000e+00
0.000000000000000000e+00
1.088595862784003814e-16
1.088595862784003814e-16
8.806547949444068490e-02
3.254421855252225826e-01
5.637799143386826861e-01
5.637799143386830192e-01
3.254421855252227491e-01
8.806547949444064327e-02
0.000000000000000000e+00
1.088595862784003814e-16
0.000000000000000000e+00
1.088595862784003814e-16
1.088595862784003814e-16
1.088595862784003814e-16
1.088595862784003814e-16
8.806547949444085144e-02
3.254421855252226936e-01
5.637799143386825751e-01
5.637799143386829082e-01
3.254421855252226381e-01
8.806547949444068490e-02
1.088595862784003814e-16
0.000000000000000000e+00
0.000000000000000000e+00
0.000000000000000000e+00
0.000000000000000000e+00
0.000000000000000000e+00
6.745578144747771399e-01
9.119345205055594539e-01
1.000000000000000000e+00
1.000000000000000000e+00
1.000000000000000000e+00
1.000000000000000000e+00
1.000000000000000000e+00
9.999999999999997780e-01
1.000000000000000000e+00
9.999999999999997780e-01
1.000000000000000000e+00
1.000000000000000000e+00
1.000000000000000000e+00
9.999999999999997780e-01
9.999999999999997780e-01
1.000000000000000000e+00
1.000000000000000000e+00
9.999999999999997780e-01
1.000000000000000000e+00
1.000000000000000000e+00
9.999999999999997780e-01
1.000000000000000000e+00
9.999999999999997780e-01
9.999999999999997780e-01
1.000000000000000000e+00
1.000000000000000000e+00
1.000000000000000000e+00
9.999999999999997780e-01
9.119345205055591208e-01
6.745578144747771399e-01
3.254421855252226381e-01
8.806547949444079593e-02
0.000000000000000000e+00
0.000000000000000000e+00
0.000000000000000000e+00
0.000000000000000000e+00
8.806547949444068490e-02
3.254421855252226381e-01
5.637799143386829082e-01
5.637799143386825751e-01
3.254421855252228601e-01
8.806547949444058776e-02
0.000000000000000000e+00
1.088595862784003814e-16
0.000000000000000000e+00
1.088595862784003814e-16
1.088595862784003814e-16
1.088595862784003814e-16
1.088595862784003814e-16
8.806547949444068490e-02
3.254421855252226381e-01
5.637799143386825751e-01
5.637799143386829082e-01
3.254421855252226381e-01
8.806547949444068490e-02
1.088595862784003814e-16
0.000000000000000000e+00
0.000000000000000000e+00
0.000000000000000000e+00
0.000000000000000000e+00
0.000000000000000000e+00
6.745578144747771399e-01
9.119345205055591208e-01
1.000000000000000000e+00
1.000000000000000000e+00
1.000000000000000000e+00
9.999999999999997780e-01
1.000000000000000000e+00
1.000000000000000000e+00
1.000000000000000000e+00
9.999999999999997780e-01
1.000000000000000000e+00
1.000000000000000000e+00
1.000000000000000000e+00
1.000000000000000000e+00
1.000000000000000000e+00
1.000000000000000000e+00
1.000000000000000000e+00
1.000000000000000000e+00
1.000000000000000000e+00
1.000000000000000000e+00
1.000000000000000000e+00
9.999999999999997780e-01
1.000000000000000000e+00
1.000000000000000000e+00
9.999999999999997780e-01
1.000000000000000000e+00
9.999999999999995559e-01
1.000000000000000000e+00
9.119345205055591208e-01
6.745578144747770288e-01
3.254421855252225271e-01
8.806547949444068490e-02
0.000000000000000000e+00
0.000000000000000000e+00
1.088595862784003814e-16
0.000000000000000000e+00
8.806547949444068490e-02
3.254421855252226381e-01
5.637799143386830192e-01
5.637799143386829082e-01
3.254421855252229712e-01
8.806547949444058776e-02
0.000000000000000000e+00
1.088595862784003814e-16
1.088595862784003814e-16
1.088595862784003814e-16
1.088595862784003814e-16
1.088595862784003814e-16
1.088595862784003814e-16
8.806547949444079593e-02
3.254421855252227491e-01
5.637799143386825751e-01
5.637799143386829082e-01
3.254421855252227491e-01
8.806547949444058776e-02
1.088595862784003814e-16
0.000000000000000000e+00
0.000000000000000000e+00
0.000000000000000000e+00
0.000000000000000000e+00
0.000000000000000000e+00
6.745578144747771399e-01
9.119345205055591208e-01
9.999999999999997780e-01
9.999999999999997780e-01
1.000000000000000000e+00
9.999999999999997780e-01
1.000000000000000000e+00
9.999999999999997780e-01
9.999999999999997780e-01
9.999999999999995559e-01
1.000000000000000000e+00
9.999999999999997780e-01
9.999999999999997780e-01
1.000000000000000000e+00
9.999999999999997780e-01
1.000000000000000000e+00
1.000000000000000000e+00
9.999999999999997780e-01
9.999999999999995559e-01
1.000000000000000000e+00
9.999999999999995559e-01
1.000000000000000000e+00
1.000000000000000000e+00
1.000000000000000000e+00
1.000000000000000000e+00
1.000000000000000000e+00
1.000000000000000000e+00
9.999999999999997780e-01
9.119345205055590098e-01
6.745578144747771399e-01
3.254421855252226381e-01
8.806547949444064327e-02
0.000000000000000000e+00
0.000000000000000000e+00
1.088595862784003814e-16
1.088595862784003814e-16
8.806547949444068490e-02
3.254421855252227491e-01
5.637799143386825751e-01
5.637799143386826861e-01
3.254421855252228601e-01
8.806547949444064327e-02
0.000000000000000000e+00
1.088595862784003814e-16
1.088595862784003814e-16
1.088595862784003814e-16
1.088595862784003814e-16
1.088595862784003814e-16
1.088595862784003814e-16
8.806547949444085144e-02
3.254421855252226936e-01
5.637799143386824641e-01
5.637799143386829082e-01
3.254421855252228601e-01
8.806547949444064327e-02
1.088595862784003814e-16
0.000000000000000000e+00
0.000000000000000000e+00
0.000000000000000000e+00
0.000000000000000000e+00
0.000000000000000000e+00
6.745578144747771399e-01
9.119345205055593429e-01
1.000000000000000000e+00
1.000000000000000000e+00
1.000000000000000000e+00
1.000000000000000000e+00
1.000000000000000000e+00
9.999999999999997780e-01
1.000000000000000000e+00
1.000000000000000000e+00
9.999999999999997780e-01
9.999999999999997780e-01
1.000000000000000000e+00
1.000000000000000000e+00
1.000000000000000000e+00
1.000000000000000000e+00
1.000000000000000000e+00
1.000000000000000000e+00
9.999999999999997780e-01
1.000000000000000000e+00
1.000000000000000000e+00
9.999999999999997780e-01
1.000000000000000000e+00
9.999999999999997780e-01
1.000000000000000000e+00
1.000000000000000000e+00
9.999999999999997780e-01
1.000000000000000000e+00
9.119345205055590098e-01
6.745578144747773619e-01
3.254421855252226381e-01
8.806547949444068490e-02
0.000000000000000000e+00
0.000000000000000000e+00
1.088595862784003814e-16
1.088595862784003814e-16
8.806547949444068490e-02
3.254421855252226936e-01
5.637799143386829082e-01
5.637799143386825751e-01
3.254421855252227491e-01
8.806547949444064327e-02
0.000000000000000000e+00
0.000000000000000000e+00
1.088595862784003814e-16
1.088595862784003814e-16
1.088595862784003814e-16
1.088595862784003814e-16
1.088595862784003814e-16
8.806547949444085144e-02
3.254421855252226936e-01
5.637799143386823530e-01
5.637799143386826861e-01
3.254421855252228601e-01
8.806547949444064327e-02
1.088595862784003814e-16
0.000000000000000000e+00
0.000000000000000000e+00
1.088595862784003814e-16
0.000000000000000000e+00
0.000000000000000000e+00
6.363403606013933178e-01
8.869557813341488739e-01
9.950047667105033078e-01
1.000000000000000000e+00
1.000000000000000000e+00
1.000000000000000000e+00
9.999999999999997780e-01
1.000000000000000000e+00
1.000000000000000000e+00
9.999999999999997780e-01
1.000000000000000000e+00
1.000000000000000000e+00
9.999999999999997780e-01
9.999999999999997780e-01
9.999999999999997780e-01
1.000000000000000000e+00
9.999999999999997780e-01
9.999999999999997780e-01
1.000000000000000000e+00
1.000000000000000000e+00
9.999999999999997780e-01
9.999999999999997780e-01
9.999999999999997780e-01
9.999999999999997780e-01
9.999999999999997780e-01
1.000000000000000000e+00
1.000000000000000000e+00
9.950047667105033078e-01
8.869557813341482078e-01
6.363403606013935399e-01
2.966047209341243218e-01
8.254171916239474993e-02
0.000000000000000000e+00
0.000000000000000000e+00
1.088595862784003814e-16
1.088595862784003814e-16
8.806547949444085144e-02
3.254421855252226381e-01
5.637799143386830192e-01
5.637799143386825751e-01
3.254421855252227491e-01
8.806547949444064327e-02
0.000000000000000000e+00
1.088595862784003814e-16
1.088595862784003814e-16
1.088595862784003814e-16
1.088595862784003814e-16
1.088595862784003814e-16
1.088595862784003814e-16
8.806547949444079593e-02
3.254421855252227491e-01
5.637799143386824641e-01
5.637799143386829082e-01
3.254421855252227491e-01
8.806547949444079593e-02
1.088595862784003814e-16
0.000000000000000000e+00
0.000000000000000000e+00
0.000000000000000000e+00
0.000000000000000000e+00
0.000000000000000000e+00
5.288517152772369556e-01
7.980499705820747192e-01
9.490056825273397445e-01
9.950047667105033078e-01
9.999999999999997780e-01
9.999999999999995559e-01
9.999999999999997780e-01
9.999999999999997780e-01
1.000000000000000000e+00
9.999999999999997780e-01
9.999999999999997780e-01
1.000000000000000000e+00
9.999999999999997780e-01
9.999999999999997780e-01
1.000000000000000000e+00
1.000000000000000000e+00
1.000000000000000000e+00
1.000000000000000000e+00
1.000000000000000000e+00
9.999999999999997780e-01
9.999999999999997780e-01
9.999999999999997780e-01
1.000000000000000000e+00
1.000000000000000000e+00
9.999999999999993339e-01
1.000000000000000000e+00
9.950047667105033078e-01
9.490056825273399665e-01
7.980499705820744971e-01
5.288517152772370666e-01
2.317189754131508961e-01
5.834078617221446356e-02
0.000000000000000000e+00
0.000000000000000000e+00
0.000000000000000000e+00
4.995233289496598533e-03
1.130442186658513065e-01
3.636596393986065157e-01
6.001987626298951328e-01
6.001987626298952438e-01
3.636596393986066267e-01
1.130442186658513065e-01
4.995233289496598533e-03
1.088595862784003814e-16
1.088595862784003814e-16
1.088595862784003814e-16
1.088595862784003814e-16
1.088595862784003814e-16
4.995233289496598533e-03
1.130442186658514730e-01
3.636596393986065712e-01
6.001987626298950218e-01
6.001987626298952438e-01
3.636596393986065712e-01
1.130442186658512510e-01
4.995233289496707821e-03
0.000000000000000000e+00
0.000000000000000000e+00
0.000000000000000000e+00
0.000000000000000000e+00
0.000000000000000000e+00
3.502398230016233738e-01
6.497601769983761821e-01
8.652119631332615413e-01
9.723435721858649794e-01
1.000000000000000000e+00
9.999999999999995559e-01
9.999999999999997780e-01
9.999999999999997780e-01
9.999999999999997780e-01
9.999999999999997780e-01
9.999999999999997780e-01
1.000000000000000000e+00
1.000000000000000000e+00
1.000000000000000000e+00
1.000000000000000000e+00
1.000000000000000000e+00
1.000000000000000000e+00
1.000000000000000000e+00
1.000000000000000000e+00
1.000000000000000000e+00
9.999999999999997780e-01
9.999999999999997780e-01
9.999999999999997780e-01
9.999999999999997780e-01
9.999999999999997780e-01
1.000000000000000000e+00
9.723435721858649794e-01
8.652119631332615413e-01
6.497601769983760711e-01
3.502398230016233738e-01
1.347880368667377649e-01
2.765642781413494428e-02
0.000000000000000000e+00
0.000000000000000000e+00
0.000000000000000000e+00
2.765642781413494428e-02
1.668102824691605757e-01
4.412578316549174429e-01
6.902360829706561951e-01
6.967012519136713822e-01
4.711482847227629334e-01
2.019500294179254474e-01
5.099431747265990855e-02
4.995233289496598533e-03
1.088595862784003814e-16
1.088595862784003814e-16
1.088595862784003814e-16
4.995233289496598533e-03
5.099431747265990855e-02
2.019500294179254474e-01
4.711482847227627668e-01
6.967012519136716042e-01
6.902360829706563061e-01
4.412578316549174984e-01
1.668102824691604091e-01
2.765642781413499979e-02
0.000000000000000000e+00
0.000000000000000000e+00
1.088595862784003814e-16
0.000000000000000000e+00
0.000000000000000000e+00
1.958573077911845151e-01
4.412578316549175539e-01
7.316263801734758099e-01
9.174582808376056109e-01
9.950047667105033078e-01
9.999999999999997780e-01
9.999999999999997780e-01
9.999999999999995559e-01
1.000000000000000000e+00
9.999999999999995559e-01
1.000000000000000000e+00
1.000000000000000000e+00
1.000000000000000000e+00
1.000000000000000000e+00
1.000000000000000000e+00
1.000000000000000000e+00
9.999999999999997780e-01
1.000000000000000000e+00
9.999999999999997780e-01
1.000000000000000000e+00
9.999999999999995559e-01
1.000000000000000000e+00
9.999999999999997780e-01
1.000000000000000000e+00
9.999999999999995559e-01
9.950047667105033078e-01
9.174582808376053888e-01
7.316263801734758099e-01
4.412578316549171098e-01
1.958573077911844595e-01
5.099431747265990855e-02
4.995233289496598533e-03
0.000000000000000000e+00
0.000000000000000000e+00
4.995233289496707821e-03
8.254171916239463891e-02
2.747355313344980732e-01
5.885234511129432411e-01
8.064263068580658222e-01
8.331897175308393688e-01
6.563233636725420705e-01
3.796215851814871423e-01
1.690489936173951713e-01
5.099431747265996406e-02
4.995233289496598533e-03
1.088595862784003814e-16
4.995233289496707821e-03
5.099431747265996406e-02
1.690489936173952823e-01
3.796215851814873088e-01
6.563233636725421816e-01
8.331897175308393688e-01
8.064263068580659333e-01
5.885234511129432411e-01
2.747355313344981287e-01
8.254171916239474993e-02
4.995233289496490113e-03
0.000000000000000000e+00
1.088595862784003814e-16
0.000000000000000000e+00
0.000000000000000000e+00
8.254171916239474993e-02
2.683736198265238015e-01
5.587421683450821686e-01
8.041426922088157347e-01
9.490056825273398555e-01
9.950047667105033078e-01
9.999999999999997780e-01
9.999999999999997780e-01
9.999999999999997780e-01
9.999999999999995559e-01
1.000000000000000000e+00
1.000000000000000000e+00
9.999999999999997780e-01
9.999999999999997780e-01
9.999999999999997780e-01
9.999999999999997780e-01
1.000000000000000000e+00
9.999999999999997780e-01
9.999999999999997780e-01
1.000000000000000000e+00
9.999999999999997780e-01
9.999999999999997780e-01
1.000000000000000000e+00
9.999999999999997780e-01
9.950047667105033078e-01
9.490056825273399665e-01
8.041426922088155127e-01
5.587421683450821686e-01
2.683736198265237460e-01
8.254171916239463891e-02
4.995233289496490113e-03
0.000000000000000000e+00
0.000000000000000000e+00
4.995233289496490113e-03
5.099431747265990855e-02
1.958573077911842930e-01
4.412578316549175539e-01
7.316263801734759209e-01
9.119345205055591208e-01
9.436725609345230081e-01
8.309510063826048842e-01
6.203784148185124137e-01
3.436766363274575409e-01
1.347880368667379869e-01
2.765642781413494428e-02
1.088595862784003814e-16
2.765642781413499979e-02
1.347880368667379869e-01
3.436766363274577074e-01
6.203784148185124137e-01
8.309510063826044401e-01
9.436725609345227861e-01
9.119345205055591208e-01
7.316263801734759209e-01
4.412578316549175539e-01
1.958573077911843485e-01
5.099431747265974202e-02
4.995233289496490113e-03
0.000000000000000000e+00
0.000000000000000000e+00
0.000000000000000000e+00
2.765642781413510734e-02
1.347880368667380979e-01
3.502398230016235958e-01
6.497601769983767372e-01
8.652119631332619853e-01
9.723435721858649794e-01
1.000000000000000000e+00
9.999999999999995559e-01
1.000000000000000000e+00
9.999999999999997780e-01
1.000000000000000000e+00
9.999999999999997780e-01
9.999999999999997780e-01
1.000000000000000000e+00
1.000000000000000000e+00
9.999999999999997780e-01
1.000000000000000000e+00
9.999999999999997780e-01
9.999999999999997780e-01
1.000000000000000000e+00
1.000000000000000000e+00
1.000000000000000000e+00
9.999999999999997780e-01
1.000000000000000000e+00
9.723435721858652014e-01
8.652119631332622074e-01
6.497601769983764042e-01
3.502398230016232628e-01
1.347880368667377093e-01
2.765642781413494428e-02
0.000000000000000000e+00
1.088595862784003814e-16
4.995233289496707821e-03
5.099431747265990855e-02
1.690489936173951713e-01
3.796215851814873088e-01
6.563233636725420705e-01
8.652119631332617633e-01
9.723435721858649794e-01
9.950047667105033078e-01
9.490056825273399665e-01
8.041426922088156237e-01
5.587421683450821686e-01
2.683736198265238015e-01
8.254171916239463891e-02
1.002518899751801175e-02
8.254171916239474993e-02
2.683736198265238015e-01
5.587421683450825016e-01
8.041426922088156237e-01
9.490056825273398555e-01
9.950047667105033078e-01
9.723435721858648684e-01
8.652119631332617633e-01
6.563233636725420705e-01
3.796215851814873088e-01
1.690489936173951713e-01
5.099431747265990855e-02
4.995233289496707821e-03
0.000000000000000000e+00
0.000000000000000000e+00
4.995233289496707821e-03
5.099431747265996406e-02
1.958573077911842930e-01
4.345577373373705199e-01
7.031486492086305162e-01
8.848186975165382995e-01
9.723435721858649794e-01
9.950047667105033078e-01
1.000000000000000000e+00
1.000000000000000000e+00
1.000000000000000000e+00
9.999999999999995559e-01
9.999999999999997780e-01
9.999999999999997780e-01
9.999999999999997780e-01
1.000000000000000000e+00
1.000000000000000000e+00
9.999999999999997780e-01
9.999999999999993339e-01
1.000000000000000000e+00
1.000000000000000000e+00
9.999999999999997780e-01
9.950047667105033078e-01
9.723435721858649794e-01
8.848186975165384105e-01
7.031486492086307383e-01
4.345577373373706309e-01
1.958573077911842930e-01
5.099431747265990855e-02
4.995233289496598533e-03
1.088595862784003814e-16
1.088595862784003814e-16
2.765642781413483672e-02
1.347880368667378204e-01
3.436766363274577074e-01
6.203784148185124137e-01
8.309510063826042181e-01
9.490056825273399665e-01
9.950047667105033078e-01
9.999999999999997780e-01
9.950047667105035298e-01
9.174582808376051668e-01
7.252644686655017603e-01
4.114765488870566479e-01
1.608738976918077102e-01
5.632743906547698493e-02
1.608738976918078212e-01
4.114765488870566479e-01
7.252644686655019823e-01
9.174582808376051668e-01
9.950047667105033078e-01
1.000000000000000000e+00
9.950047667105033078e-01
9.490056825273399665e-01
8.309510063826044401e-01
6.203784148185128577e-01
3.436766363274575409e-01
1.347880368667379869e-01
2.765642781413510734e-02
1.088595862784003814e-16
1.088595862784003814e-16
1.088595862784003814e-16
4.995233289496707821e-03
8.254171916239486095e-02
2.403038206221850825e-01
4.899097097565652814e-01
7.031486492086305162e-01
8.652119631332619853e-01
9.490056825273398555e-01
9.950047667105033078e-01
9.999999999999997780e-01
9.999999999999997780e-01
9.999999999999997780e-01
1.000000000000000000e+00
1.000000000000000000e+00
9.999999999999997780e-01
1.000000000000000000e+00
9.999999999999997780e-01
9.999999999999997780e-01
9.999999999999997780e-01
9.999999999999997780e-01
9.999999999999997780e-01
9.950047667105033078e-01
9.490056825273399665e-01
8.652119631332619853e-01
7.031486492086305162e-01
4.899097097565655035e-01
2.403038206221848605e-01
8.254171916239491646e-02
4.995233289496490113e-03
0.000000000000000000e+00
0.000000000000000000e+00
4.995233289496490113e-03
8.254171916239459728e-02
2.683736198265237460e-01
5.587421683450822796e-01
8.041426922088156237e-01
9.490056825273398555e-01
9.950047667105033078e-01
1.000000000000000000e+00
1.000000000000000000e+00
1.000000000000000000e+00
9.671605263093402405e-01
8.064263068580658222e-01
5.196015873395442020e-01
2.103745728473376819e-01
1.095057367065822296e-01
2.103745728473377929e-01
5.196015873395442020e-01
8.064263068580658222e-01
9.671605263093404625e-01
1.000000000000000000e+00
9.999999999999997780e-01
1.000000000000000000e+00
9.950047667105033078e-01
9.490056825273399665e-01
8.041426922088156237e-01
5.587421683450822796e-01
2.683736198265238015e-01
8.254171916239459728e-02
4.995233289496707821e-03
1.088595862784003814e-16
0.000000000000000000e+00
0.000000000000000000e+00
2.765642781413494428e-02
1.015321401436797277e-01
2.403038206221848050e-01
4.345577373373701868e-01
6.497601769983768483e-01
8.041426922088150686e-01
9.174582808376053888e-01
9.723435721858649794e-01
9.950047667105033078e-01
9.999999999999997780e-01
9.999999999999997780e-01
9.999999999999997780e-01
9.999999999999997780e-01
9.999999999999997780e-01
9.999999999999997780e-01
9.999999999999995559e-01
9.999999999999997780e-01
9.950047667105030857e-01
9.723435721858649794e-01
9.174582808376053888e-01
8.041426922088154017e-01
6.497601769983764042e-01
4.345577373373703534e-01
2.403038206221852491e-01
1.015321401436799498e-01
2.765642781413510734e-02
1.088595862784003814e-16
0.000000000000000000e+00
4.995233289496598533e-03
5.099431747265990855e-02
1.958573077911846261e-01
4.412578316549179980e-01
7.316263801734758099e-01
9.174582808376051668e-01
9.950047667105033078e-01
9.999999999999997780e-01
9.999999999999997780e-01
9.999999999999997780e-01
9.950047667105035298e-01
9.436725609345232302e-01
7.706188097364374823e-01
4.896520323335023517e-01
2.042469217451645391e-01
1.095057367065822296e-01
2.042469217451645946e-01
4.896520323335022962e-01
7.706188097364377043e-01
9.436725609345234522e-01
9.950047667105033078e-01
9.999999999999997780e-01
9.999999999999997780e-01
9.999999999999997780e-01
9.950047667105033078e-01
9.174582808376051668e-01
7.316263801734756989e-01
4.412578316549176649e-01
1.958573077911849036e-01
5.099431747266001957e-02
4.995233289496490113e-03
0.000000000000000000e+00
0.000000000000000000e+00
4.995233289496598533e-03
2.765642781413494428e-02
8.254171916239474993e-02
1.958573077911843485e-01
3.502398230016234848e-01
5.587421683450822796e-01
7.316263801734758099e-01
8.652119631332619853e-01
9.490056825273399665e-01
9.950047667105033078e-01
9.999999999999997780e-01
1.000000000000000000e+00
9.999999999999997780e-01
1.000000000000000000e+00
1.000000000000000000e+00
9.999999999999997780e-01
9.950047667105030857e-01
9.490056825273399665e-01
8.652119631332617633e-01
7.316263801734759209e-01
5.587421683450823906e-01
3.502398230016235958e-01
1.958573077911844040e-01
8.254171916239497198e-02
2.765642781413483672e-02
4.995233289496598533e-03
0.000000000000000000e+00
4.995233289496490113e-03
5.099431747266006815e-02
1.690489936173953378e-01
3.796215851814873088e-01
6.563233636725422926e-01
8.652119631332617633e-01
9.723435721858647574e-01
9.999999999999995559e-01
1.000000000000000000e+00
9.999999999999997780e-01
9.950047667105033078e-01
9.490056825273401886e-01
8.309510063826044401e-01
6.203784148185124137e-01
3.436766363274578184e-01
1.347880368667379869e-01
5.632743906547698493e-02
1.347880368667380424e-01
3.436766363274578184e-01
6.203784148185128577e-01
8.309510063826044401e-01
9.490056825273397445e-01
9.950047667105033078e-01
9.999999999999997780e-01
1.000000000000000000e+00
1.000000000000000000e+00
9.723435721858649794e-01
8.652119631332617633e-01
6.563233636725422926e-01
3.796215851814873088e-01
1.690489936173954488e-01
5.099431747266001957e-02
0.000000000000000000e+00
0.000000000000000000e+00
0.000000000000000000e+00
1.088595862784003814e-16
4.995233289496598533e-03
5.099431747265974202e-02
1.347880368667379869e-01
2.683736198265239126e-01
4.412578316549175539e-01
6.497601769983764042e-01
7.980499705820747192e-01
8.869557813341486519e-01
9.119345205055591208e-01
9.119345205055591208e-01
9.119345205055593429e-01
9.119345205055593429e-01
9.119345205055594539e-01
9.119345205055591208e-01
8.869557813341484298e-01
7.980499705820747192e-01
6.497601769983760711e-01
4.412578316549176649e-01
2.683736198265238015e-01
1.347880368667379869e-01
5.099431747266006815e-02
4.995233289496816241e-03
0.000000000000000000e+00
0.000000000000000000e+00
4.995233289496598533e-03
5.099431747265990855e-02
1.690489936173951713e-01
3.730015613742257430e-01
6.269984386257733133e-01
8.309510063826046622e-01
9.490056825273395225e-01
9.950047667105033078e-01
1.000000000000000000e+00
9.999999999999997780e-01
9.950047667105033078e-01
9.490056825273398555e-01
8.309510063826048842e-01
6.269984386257740905e-01
3.730015613742260205e-01
1.690489936173952823e-01
5.099431747266001957e-02
1.002518899751801175e-02
5.099431747266006815e-02
1.690489936173953378e-01
3.730015613742263536e-01
6.269984386257740905e-01
8.309510063826046622e-01
9.490056825273399665e-01
9.950047667105035298e-01
1.000000000000000000e+00
1.000000000000000000e+00
9.950047667105033078e-01
9.490056825273397445e-01
8.309510063826044401e-01
6.269984386257735354e-01
3.730015613742260761e-01
1.690489936173951713e-01
2.960076327351987904e-02
2.250752858872578227e-02
4.995233289496707821e-03
1.088595862784003814e-16
1.088595862784003814e-16
4.995233289496598533e-03
2.765642781413499979e-02
8.254171916239474993e-02
1.958573077911844040e-01
3.502398230016234848e-01
5.288517152772372887e-01
6.363403606013937619e-01
6.745578144747773619e-01
6.745578144747771399e-01
6.745578144747773619e-01
6.745578144747773619e-01
6.745578144747773619e-01
6.745578144747773619e-01
6.363403606013936509e-01
5.288517152772375107e-01
3.502398230016235958e-01
1.958573077911844040e-01
8.254171916239474993e-02
2.765642781413499979e-02
4.995233289496598533e-03
1.088595862784003814e-16
1.088595862784003814e-16
4.995233289496816241e-03
5.099431747266006815e-02
1.690489936173951713e-01
3.730015613742259095e-01
6.269984386257738684e-01
8.309510063826042181e-01
9.490056825273398555e-01
9.950047667105030857e-01
1.000000000000000000e+00
9.999999999999997780e-01
1.000000000000000000e+00
9.723435721858649794e-01
8.652119631332617633e-01
6.563233636725425146e-01
3.796215851814873088e-01
1.690489936173951713e-01
5.099431747265990855e-02
4.995233289496598533e-03
1.088595862784003814e-16
4.995233289496707821e-03
5.099431747266001957e-02
1.690489936173954488e-01
3.796215851814875308e-01
6.563233636725422926e-01
8.652119631332619853e-01
9.723435721858649794e-01
1.000000000000000000e+00
9.999999999999997780e-01
9.999999999999997780e-01
9.950047667105030857e-01
9.490056825273397445e-01
8.309510063826044401e-01
6.203784148185128577e-01
3.436766363274576519e-01
1.173227168154901134e-01
1.036454817155360447e-01
5.099431747266012366e-02
4.995233289496707821e-03
1.088595862784003814e-16
0.000000000000000000e+00
0.000000000000000000e+00
4.995233289496490113e-03
5.099431747265990855e-02
1.347880368667379869e-01
2.317189754131510071e-01
2.966047209341243218e-01
3.254421855252227491e-01
3.254421855252230267e-01
3.254421855252227491e-01
3.254421855252229712e-01
3.254421855252227491e-01
3.254421855252228601e-01
2.966047209341244884e-01
2.317189754131510071e-01
1.347880368667377649e-01
5.099431747266012366e-02
4.995233289496707821e-03
1.088595862784003814e-16
1.088595862784003814e-16
2.177191725568007628e-16
4.995233289496816241e-03
5.099431747266012366e-02
1.690489936173953378e-01
3.730015613742259095e-01
6.269984386257738684e-01
8.309510063826044401e-01
9.490056825273398555e-01
9.950047667105033078e-01
9.999999999999997780e-01
9.999999999999997780e-01
1.000000000000000000e+00
9.950047667105033078e-01
9.174582808376050558e-01
7.316263801734761429e-01
4.412578316549176649e-01
1.958573077911842930e-01
5.099431747265996406e-02
4.995233289496490113e-03
1.088595862784003814e-16
1.088595862784003814e-16
1.088595862784003814e-16
4.995233289496598533e-03
5.099431747266006815e-02
1.958573077911844040e-01
4.412578316549175539e-01
7.316263801734759209e-01
9.174582808376051668e-01
9.950047667105033078e-01
1.000000000000000000e+00
1.000000000000000000e+00
1.000000000000000000e+00
9.950047667105030857e-01
9.490056825273398555e-01
7.980499705820744971e-01
5.288517152772370666e-01
2.859284996644248511e-01
2.707627060558843168e-01
1.690489936173953378e-01
5.099431747265996406e-02
4.995233289496598533e-03
0.000000000000000000e+00
1.088595862784003814e-16
1.088595862784003814e-16
4.995233289496490113e-03
2.765642781413499979e-02
5.834078617221457458e-02
8.254171916239463891e-02
8.806547949444064327e-02
8.806547949444058776e-02
8.806547949444064327e-02
8.806547949444085144e-02
8.806547949444085144e-02
8.806547949444068490e-02
8.254171916239486095e-02
5.834078617221467866e-02
2.765642781413494428e-02
4.995233289496490113e-03
1.088595862784003814e-16
0.000000000000000000e+00
0.000000000000000000e+00
4.995233289496925529e-03
5.099431747266001957e-02
1.690489936173954488e-01
3.730015613742260205e-01
6.269984386257738684e-01
8.309510063826044401e-01
9.490056825273395225e-01
9.950047667105033078e-01
1.000000000000000000e+00
9.999999999999995559e-01
1.000000000000000000e+00
9.950047667105030857e-01
9.490056825273398555e-01
8.041426922088154017e-01
5.587421683450822796e-01
2.683736198265239126e-01
8.254171916239463891e-02
4.995233289496707821e-03
0.000000000000000000e+00
0.000000000000000000e+00
1.088595862784003814e-16
1.088595862784003814e-16
0.000000000000000000e+00
4.995233289496707821e-03
8.254171916239486095e-02
2.683736198265237460e-01
5.587421683450823906e-01
8.041426922088155127e-01
9.490056825273400776e-01
9.950047667105030857e-01
1.000000000000000000e+00
9.999999999999995559e-01
9.999999999999995559e-01
9.950047667105030857e-01
8.869557813341488739e-01
6.363403606013936509e-01
4.692227635446535872e-01
5.151469407260348410e-01
3.796215851814873088e-01
1.958573077911845151e-01
8.254171916239474993e-02
2.765642781413494428e-02
4.995233289496598533e-03
1.088595862784003814e-16
0.000000000000000000e+00
1.088595862784003814e-16
1.088595862784003814e-16
0.000000000000000000e+00
1.088595862784003814e-16
0.000000000000000000e+00
1.088595862784003814e-16
2.177191725568007628e-16
2.177191725568007628e-16
1.088595862784003814e-16
1.088595862784003814e-16
1.088595862784003814e-16
1.088595862784003814e-16
1.088595862784003814e-16
1.088595862784003814e-16
4.995233289496707821e-03
2.765642781413494428e-02
8.254171916239491646e-02
1.958573077911845151e-01
3.796215851814875863e-01
6.269984386257737574e-01
8.309510063826044401e-01
9.490056825273398555e-01
9.950047667105033078e-01
9.999999999999995559e-01
9.999999999999997780e-01
9.999999999999997780e-01
9.950047667105033078e-01
9.490056825273397445e-01
8.309510063826044401e-01
6.203784148185126357e-01
3.436766363274578739e-01
1.347880368667381534e-01
2.765642781413494428e-02
1.088595862784003814e-16
0.000000000000000000e+00
1.088595862784003814e-16
1.088595862784003814e-16
1.088595862784003814e-16
1.088595862784003814e-16
1.088595862784003814e-16
2.765642781413494428e-02
1.347880368667379869e-01
3.436766363274577074e-01
6.203784148185128577e-01
8.309510063826044401e-01
9.490056825273398555e-01
9.950047667105033078e-01
9.999999999999997780e-01
9.999999999999997780e-01
9.999999999999997780e-01
9.119345205055593429e-01
6.745578144747773619e-01
6.093488557702424480e-01
7.276583263040128369e-01
6.563233636725421816e-01
4.412578316549176649e-01
2.683736198265239126e-01
1.347880368667378204e-01
5.099431747265990855e-02
4.995233289496490113e-03
0.000000000000000000e+00
1.088595862784003814e-16
0.000000000000000000e+00
0.000000000000000000e+00
1.088595862784003814e-16
2.177191725568007628e-16
1.088595862784003814e-16
1.088595862784003814e-16
1.088595862784003814e-16
1.088595862784003814e-16
0.000000000000000000e+00
0.000000000000000000e+00
0.000000000000000000e+00
1.088595862784003814e-16
4.995233289496707821e-03
5.099431747266006815e-02
1.347880368667379869e-01
2.683736198265241346e-01
4.412578316549178870e-01
6.563233636725425146e-01
8.309510063826046622e-01
9.490056825273398555e-01
9.950047667105033078e-01
9.999999999999997780e-01
9.999999999999997780e-01
1.000000000000000000e+00
9.950047667105033078e-01
9.490056825273398555e-01
8.309510063826048842e-01
6.269984386257740905e-01
3.730015613742259095e-01
1.690489936173953378e-01
5.099431747266012366e-02
4.995233289496598533e-03
1.088595862784003814e-16
0.000000000000000000e+00
1.088595862784003814e-16
0.000000000000000000e+00
0.000000000000000000e+00
1.088595862784003814e-16
1.088595862784003814e-16
4.995233289496598533e-03
5.099431747265996406e-02
1.690489936173952823e-01
3.730015613742260205e-01
6.269984386257738684e-01
8.309510063826048842e-01
9.490056825273399665e-01
9.950047667105035298e-01
9.999999999999997780e-01
9.999999999999997780e-01
9.119345205055593429e-01
6.745578144747771399e-01
6.680360566150552737e-01
8.555396047012503447e-01
8.652119631332622074e-01
7.316263801734758099e-01
5.587421683450821686e-01
3.436766363274576519e-01
1.690489936173953378e-01
5.099431747266006815e-02
4.995233289496598533e-03
1.088595862784003814e-16
2.177191725568007628e-16
0.000000000000000000e+00
1.088595862784003814e-16
0.000000000000000000e+00
1.088595862784003814e-16
1.088595862784003814e-16
1.088595862784003814e-16
1.088595862784003814e-16
1.088595862784003814e-16
2.177191725568007628e-16
1.088595862784003814e-16
4.995233289496490113e-03
5.099431747266012366e-02
1.690489936173951713e-01
3.436766363274575409e-01
5.587421683450825016e-01
7.316263801734761429e-01
8.652119631332619853e-01
9.490056825273397445e-01
9.950047667105035298e-01
9.999999999999997780e-01
9.999999999999995559e-01
1.000000000000000000e+00
9.950047667105033078e-01
9.490056825273397445e-01
8.309510063826046622e-01
6.269984386257735354e-01
3.730015613742262426e-01
1.690489936173952823e-01
5.099431747266006815e-02
4.995233289496707821e-03
0.000000000000000000e+00
1.088595862784003814e-16
0.000000000000000000e+00
1.088595862784003814e-16
0.000000000000000000e+00
1.088595862784003814e-16
1.088595862784003814e-16
1.088595862784003814e-16
1.088595862784003814e-16
4.995233289496598533e-03
5.099431747266001957e-02
1.690489936173952823e-01
3.730015613742262426e-01
6.269984386257735354e-01
8.309510063826048842e-01
9.490056825273398555e-01
9.950047667105028637e-01
9.999999999999997780e-01
9.119345205055593429e-01
6.745578144747771399e-01
6.745578144747770288e-01
9.063788260799157115e-01
9.723435721858649794e-01
9.174582808376051668e-01
8.041426922088154017e-01
6.203784148185124137e-01
3.796215851814875863e-01
1.958573077911842930e-01
8.254171916239463891e-02
2.765642781413494428e-02
4.995233289496707821e-03
0.000000000000000000e+00
0.000000000000000000e+00
1.088595862784003814e-16
1.088595862784003814e-16
0.000000000000000000e+00
1.088595862784003814e-16
0.000000000000000000e+00
0.000000000000000000e+00
4.995233289496598533e-03
2.765642781413494428e-02
8.254171916239463891e-02
1.958573077911844040e-01
3.796215851814873643e-01
6.203784148185124137e-01
8.041426922088157347e-01
9.174582808376053888e-01
9.723435721858652014e-01
9.950047667105033078e-01
1.000000000000000000e+00
1.000000000000000000e+00
9.999999999999997780e-01
9.950047667105033078e-01
9.490056825273400776e-01
8.309510063826044401e-01
6.269984386257737574e-01
3.730015613742259095e-01
1.690489936173953378e-01
5.099431747265990855e-02
4.995233289496490113e-03
1.088595862784003814e-16
1.088595862784003814e-16
1.088595862784003814e-16
0.000000000000000000e+00
1.088595862784003814e-16
0.000000000000000000e+00
0.000000000000000000e+00
1.088595862784003814e-16
2.177191725568007628e-16
2.177191725568007628e-16
1.088595862784003814e-16
4.995233289496490113e-03
5.099431747265990855e-02
1.690489936173953378e-01
3.730015613742259650e-01
6.269984386257740905e-01
8.309510063826044401e-01
9.490056825273398555e-01
9.950047667105035298e-01
9.119345205055591208e-01
6.745578144747771399e-01
6.745578144747773619e-01
9.119345205055593429e-01
9.999999999999997780e-01
9.950047667105033078e-01
9.490056825273399665e-01
8.309510063826044401e-01
6.563233636725421816e-01
4.412578316549176094e-01
2.747355313344980177e-01
1.668102824691605757e-01
1.130442186658513620e-01
8.806547949444064327e-02
8.806547949444053225e-02
8.806547949444079593e-02
8.806547949444064327e-02
8.806547949444058776e-02
8.806547949444064327e-02
8.806547949444058776e-02
8.806547949444058776e-02
1.130442186658513065e-01
1.668102824691605757e-01
2.747355313344980177e-01
4.412578316549176094e-01
6.563233636725421816e-01
8.309510063826044401e-01
9.490056825273401886e-01
9.950047667105033078e-01
9.999999999999997780e-01
9.999999999999997780e-01
1.000000000000000000e+00
1.000000000000000000e+00
9.950047667105035298e-01
9.490056825273398555e-01
8.309510063826044401e-01
6.269984386257735354e-01
3.730015613742259095e-01
1.690489936173952823e-01
5.099431747265990855e-02
4.995233289496598533e-03
0.000000000000000000e+00
4.354383451136015256e-16
0.000000000000000000e+00
1.088595862784003814e-16
0.000000000000000000e+00
1.088595862784003814e-16
0.000000000000000000e+00
1.088595862784003814e-16
1.088595862784003814e-16
1.088595862784003814e-16
1.088595862784003814e-16
1.088595862784003814e-16
1.088595862784003814e-16
4.995233289496598533e-03
5.099431747265990855e-02
1.690489936173952823e-01
3.730015613742262426e-01
6.269984386257735354e-01
8.309510063826044401e-01
9.490056825273398555e-01
9.063788260799157115e-01
6.745578144747771399e-01
6.745578144747771399e-01
9.119345205055591208e-01
1.000000000000000000e+00
1.000000000000000000e+00
9.950047667105033078e-01
9.490056825273399665e-01
8.652119631332617633e-01
7.316263801734759209e-01
5.885234511129433521e-01
4.412578316549176094e-01
3.636596393986065157e-01
3.254421855252229712e-01
3.254421855252226936e-01
3.254421855252226381e-01
3.254421855252225271e-01
3.254421855252226936e-01
3.254421855252229712e-01
3.254421855252226381e-01
3.254421855252226381e-01
3.636596393986067377e-01
4.412578316549172208e-01
5.885234511129432411e-01
7.316263801734758099e-01
8.652119631332619853e-01
9.490056825273399665e-01
9.950047667105035298e-01
1.000000000000000000e+00
1.000000000000000000e+00
9.999999999999997780e-01
1.000000000000000000e+00
9.950047667105033078e-01
9.490056825273397445e-01
8.309510063826039961e-01
6.269984386257737574e-01
3.730015613742259650e-01
1.690489936173952823e-01
5.099431747266012366e-02
4.995233289496707821e-03
0.000000000000000000e+00
0.000000000000000000e+00
1.088595862784003814e-16
0.000000000000000000e+00
1.088595862784003814e-16
0.000000000000000000e+00
1.088595862784003814e-16
1.088595862784003814e-16
1.088595862784003814e-16
1.088595862784003814e-16
1.088595862784003814e-16
2.177191725568007628e-16
0.000000000000000000e+00
0.000000000000000000e+00
2.177191725568007628e-16
4.995233289496707821e-03
5.099431747266012366e-02
1.690489936173951713e-01
3.730015613742257985e-01
6.269984386257735354e-01
8.309510063826042181e-01
8.555396047012506777e-01
6.680360566150550516e-01
6.745578144747773619e-01
9.119345205055593429e-01
1.000000000000000000e+00
9.999999999999997780e-01
9.999999999999997780e-01
9.950047667105033078e-01
9.723435721858649794e-01
9.119345205055591208e-01
8.064263068580659333e-01
6.902360829706561951e-01
6.001987626298955769e-01
5.637799143386829082e-01
5.637799143386829082e-01
5.637799143386826861e-01
5.637799143386825751e-01
5.637799143386829082e-01
5.637799143386831302e-01
5.637799143386829082e-01
5.637799143386825751e-01
6.001987626298952438e-01
6.902360829706563061e-01
8.064263068580659333e-01
9.119345205055591208e-01
9.723435721858649794e-01
9.950047667105033078e-01
1.000000000000000000e+00
9.999999999999997780e-01
1.000000000000000000e+00
9.950047667105030857e-01
9.723435721858649794e-01
9.174582808376048337e-01
8.041426922088156237e-01
6.203784148185124137e-01
3.730015613742259095e-01
1.690489936173952823e-01
5.099431747265990855e-02
4.995233289496707821e-03
0.000000000000000000e+00
2.177191725568007628e-16
2.177191725568007628e-16
1.088595862784003814e-16
0.000000000000000000e+00
1.088595862784003814e-16
0.000000000000000000e+00
1.088595862784003814e-16
1.088595862784003814e-16
1.088595862784003814e-16
0.000000000000000000e+00
1.088595862784003814e-16
1.088595862784003814e-16
0.000000000000000000e+00
1.088595862784003814e-16
2.177191725568007628e-16
0.000000000000000000e+00
4.995233289496598533e-03
5.099431747266006815e-02
1.690489936173951713e-01
3.730015613742259650e-01
6.203784148185124137e-01
6.991269741519515746e-01
5.704754557619023947e-01
6.363403606013933178e-01
8.869557813341486519e-01
9.950047667105030857e-01
1.000000000000000000e+00
1.000000000000000000e+00
9.999999999999997780e-01
9.950047667105033078e-01
9.436725609345230081e-01
8.331897175308394798e-01
6.967012519136716042e-01
6.001987626298952438e-01
5.637799143386824641e-01
5.637799143386825751e-01
5.637799143386829082e-01
5.637799143386829082e-01
5.637799143386825751e-01
5.637799143386830192e-01
5.637799143386825751e-01
5.637799143386824641e-01
6.001987626298952438e-01
6.967012519136716042e-01
8.331897175308393688e-01
9.436725609345230081e-01
9.950047667105033078e-01
9.999999999999997780e-01
1.000000000000000000e+00
1.000000000000000000e+00
9.950047667105030857e-01
9.490056825273398555e-01
8.652119631332622074e-01
7.316263801734755878e-01
5.587421683450822796e-01
3.436766363274577074e-01
1.690489936173951713e-01
5.099431747266012366e-02
4.995233289496707821e-03
2.177191725568007628e-16
1.088595862784003814e-16
1.088595862784003814e-16
1.088595862784003814e-16
1.088595862784003814e-16
1.088595862784003814e-16
0.000000000000000000e+00
0.000000000000000000e+00
1.088595862784003814e-16
1.088595862784003814e-16
1.088595862784003814e-16
1.088595862784003814e-16
1.088595862784003814e-16
3.265787588352011689e-16
0.000000000000000000e+00
0.000000000000000000e+00
2.177191725568007628e-16
0.000000000000000000e+00
1.088595862784003814e-16
4.995233289496598533e-03
5.099431747265990855e-02
1.690489936173951713e-01
3.436766363274578184e-01
4.530080271171595951e-01
3.912451505321171696e-01
5.288517152772371777e-01
7.980499705820744971e-01
9.490056825273401886e-01
9.950047667105033078e-01
1.000000000000000000e+00
9.950047667105033078e-01
9.490056825273399665e-01
8.309510063826046622e-01
6.563233636725422926e-01
4.711482847227627668e-01
3.636596393986062381e-01
3.254421855252226936e-01
3.254421855252231377e-01
3.254421855252231377e-01
3.254421855252226936e-01
3.254421855252230267e-01
3.254421855252226936e-01
3.254421855252226936e-01
3.254421855252225826e-01
3.636596393986062381e-01
4.711482847227628223e-01
6.563233636725421816e-01
8.309510063826044401e-01
9.490056825273397445e-01
9.950047667105033078e-01
1.000000000000000000e+00
9.950047667105030857e-01
9.490056825273401886e-01
8.309510063826046622e-01
6.563233636725421816e-01
4.412578316549175539e-01
2.683736198265239126e-01
1.347880368667378204e-01
5.099431747265990855e-02
4.995233289496707821e-03
1.088595862784003814e-16
1.088595862784003814e-16
1.088595862784003814e-16
1.088595862784003814e-16
2.177191725568007628e-16
1.088595862784003814e-16
0.000000000000000000e+00
1.088595862784003814e-16
0.000000000000000000e+00
1.088595862784003814e-16
1.088595862784003814e-16
1.088595862784003814e-16
1.088595862784003814e-16
1.088595862784003814e-16
1.088595862784003814e-16
0.000000000000000000e+00
0.000000000000000000e+00
1.088595862784003814e-16
0.000000000000000000e+00
1.088595862784003814e-16
1.088595862784003814e-16
4.995233289496490113e-03
5.099431747265990855e-02
1.347880368667377093e-01
1.981445789754371078e-01
1.772763487528077331e-01
3.436766363274577074e-01
6.203784148185124137e-01
8.309510063826044401e-01
9.436725609345232302e-01
9.671605263093402405e-01
9.174582808376047227e-01
8.041426922088156237e-01
6.203784148185124137e-01
3.796215851814871423e-01
2.019500294179254474e-01
1.130442186658510845e-01
8.806547949444085144e-02
8.806547949444053225e-02
8.806547949444090695e-02
8.806547949444068490e-02
8.806547949444068490e-02
8.806547949444079593e-02
8.806547949444064327e-02
8.806547949444068490e-02
1.130442186658510845e-01
2.019500294179252808e-01
3.796215851814871423e-01
6.203784148185124137e-01
8.041426922088150686e-01
9.174582808376051668e-01
9.671605263093402405e-01
9.436725609345232302e-01
8.309510063826044401e-01
6.269984386257737574e-01
3.796215851814872533e-01
1.958573077911843485e-01
8.254171916239474993e-02
2.765642781413494428e-02
4.995233289496598533e-03
0.000000000000000000e+00
1.088595862784003814e-16
0.000000000000000000e+00
0.000000000000000000e+00
1.088595862784003814e-16
1.088595862784003814e-16
1.088595862784003814e-16
0.000000000000000000e+00
1.088595862784003814e-16
0.000000000000000000e+00
1.088595862784003814e-16
1.088595862784003814e-16
1.088595862784003814e-16
1.088595862784003814e-16
1.088595862784003814e-16
1.088595862784003814e-16
0.000000000000000000e+00
0.000000000000000000e+00
0.000000000000000000e+00
0.000000000000000000e+00
0.000000000000000000e+00
1.088595862784003814e-16
0.000000000000000000e+00
4.995233289496490113e-03
2.765642781413494428e-02
5.299515620148074341e-02
5.299515620148079892e-02
1.690489936173952823e-01
3.730015613742260205e-01
6.203784148185124137e-01
7.706188097364379264e-01
8.064263068580656002e-01
7.252644686655018713e-01
5.587421683450821686e-01
3.436766363274575409e-01
1.690489936173952823e-01
5.099431747265974202e-02
4.995233289496598533e-03
0.000000000000000000e+00
1.088595862784003814e-16
1.088595862784003814e-16
1.088595862784003814e-16
1.088595862784003814e-16
1.088595862784003814e-16
0.000000000000000000e+00
0.000000000000000000e+00
4.995233289496598533e-03
5.099431747265974202e-02
1.690489936173953378e-01
3.436766363274574299e-01
5.587421683450821686e-01
7.252644686655014272e-01
8.064263068580658222e-01
7.706188097364377043e-01
6.203784148185124137e-01
3.730015613742257430e-01
1.690489936173952268e-01
5.099431747265990855e-02
4.995233289496490113e-03
0.000000000000000000e+00
0.000000000000000000e+00
1.088595862784003814e-16
1.088595862784003814e-16
1.088595862784003814e-16
1.088595862784003814e-16
1.088595862784003814e-16
2.177191725568007628e-16
2.177191725568007628e-16
0.000000000000000000e+00
1.088595862784003814e-16
0.000000000000000000e+00
1.088595862784003814e-16
1.088595862784003814e-16
1.088595862784003814e-16
1.088595862784003814e-16
1.088595862784003814e-16
1.088595862784003814e-16
0.000000000000000000e+00
0.000000000000000000e+00
2.177191725568007628e-16
1.088595862784003814e-16
0.000000000000000000e+00
0.000000000000000000e+00
0.000000000000000000e+00
0.000000000000000000e+00
0.000000000000000000e+00
1.088595862784003814e-16
0.000000000000000000e+00
5.099431747265996406e-02
1.690489936173952823e-01
3.436766363274576519e-01
4.896520323335026292e-01
5.196015873395442020e-01
4.114765488870564258e-01
2.683736198265239126e-01
1.347880368667379869e-01
5.099431747265990855e-02
4.995233289496598533e-03
1.088595862784003814e-16
1.088595862784003814e-16
1.088595862784003814e-16
1.088595862784003814e-16
1.088595862784003814e-16
1.088595862784003814e-16
1.088595862784003814e-16
0.000000000000000000e+00
1.088595862784003814e-16
1.088595862784003814e-16
4.995233289496707821e-03
5.099431747266001957e-02
1.347880368667381534e-01
2.683736198265239126e-01
4.114765488870565369e-01
5.196015873395440909e-01
4.896520323335023517e-01
3.436766363274574299e-01
1.690489936173951158e-01
5.099431747265990855e-02
4.995233289496598533e-03
1.088595862784003814e-16
0.000000000000000000e+00
0.000000000000000000e+00
0.000000000000000000e+00
0.000000000000000000e+00
1.088595862784003814e-16
0.000000000000000000e+00
1.088595862784003814e-16
0.000000000000000000e+00
1.088595862784003814e-16
0.000000000000000000e+00
1.088595862784003814e-16
0.000000000000000000e+00
1.088595862784003814e-16
1.088595862784003814e-16
1.088595862784003814e-16
1.088595862784003814e-16
1.088595862784003814e-16
1.088595862784003814e-16
0.000000000000000000e+00
0.000000000000000000e+00
1.088595862784003814e-16
0.000000000000000000e+00
0.000000000000000000e+00
0.000000000000000000e+00
0.000000000000000000e+00
0.000000000000000000e+00
0.000000000000000000e+00
1.088595862784003814e-16
1.088595862784003814e-16
4.995233289496707821e-03
5.099431747266012366e-02
1.347880368667380424e-01
2.042469217451647057e-01
2.103745728473379040e-01
1.608738976918078212e-01
8.254171916239459728e-02
2.765642781413510734e-02
4.995233289496598533e-03
0.000000000000000000e+00
2.177191725568007628e-16
0.000000000000000000e+00
0.000000000000000000e+00
0.000000000000000000e+00
0.000000000000000000e+00
0.000000000000000000e+00
1.088595862784003814e-16
1.088595862784003814e-16
0.000000000000000000e+00
1.088595862784003814e-16
1.088595862784003814e-16
4.995233289496490113e-03
2.765642781413527040e-02
8.254171916239426421e-02
1.608738976918078212e-01
2.103745728473380150e-01
2.042469217451645946e-01
1.347880368667378204e-01
5.099431747265990855e-02
4.995233289496598533e-03
0.000000000000000000e+00
0.000000000000000000e+00
0.000000000000000000e+00
0.000000000000000000e+00
1.088595862784003814e-16
1.088595862784003814e-16
1.088595862784003814e-16
0.000000000000000000e+00
0.000000000000000000e+00
1.088595862784003814e-16
1.088595862784003814e-16
0.000000000000000000e+00
0.000000000000000000e+00
0.000000000000000000e+00
1.088595862784003814e-16
1.088595862784003814e-16
0.000000000000000000e+00
1.088595862784003814e-16
1.088595862784003814e-16
1.088595862784003814e-16
0.000000000000000000e+00
0.000000000000000000e+00
0.000000000000000000e+00
0.000000000000000000e+00
0.000000000000000000e+00
1.088595862784003814e-16
0.000000000000000000e+00
0.000000000000000000e+00
1.088595862784003814e-16
1.088595862784003814e-16
1.088595862784003814e-16
0.000000000000000000e+00
1.002518899751801175e-02
5.632743906547671431e-02
1.095057367065822851e-01
1.095057367065821741e-01
5.632743906547704044e-02
1.002518899751790420e-02
1.088595862784003814e-16
0.000000000000000000e+00
0.000000000000000000e+00
0.000000000000000000e+00
0.000000000000000000e+00
0.000000000000000000e+00
1.088595862784003814e-16
1.088595862784003814e-16
2.177191725568007628e-16
1.088595862784003814e-16
0.000000000000000000e+00
0.000000000000000000e+00
1.088595862784003814e-16
0.000000000000000000e+00
0.000000000000000000e+00
1.088595862784003814e-16
1.002518899751784869e-02
5.632743906547698493e-02
1.095057367065824516e-01
1.095057367065821741e-01
5.632743906547665880e-02
1.002518899751784869e-02
1.088595862784003814e-16
0.000000000000000000e+00
0.000000000000000000e+00
0.000000000000000000e+00
0.000000000000000000e+00
1.088595862784003814e-16
1.088595862784003814e-16
1.088595862784003814e-16
0.000000000000000000e+00
1.088595862784003814e-16
1.088595862784003814e-16
1.088595862784003814e-16
0.000000000000000000e+00
1.088595862784003814e-16
0.000000000000000000e+00
1.088595862784003814e-16
0.000000000000000000e+00
0.000000000000000000e+00
1.088595862784003814e-16
1.088595862784003814e-16
1.088595862784003814e-16
0.000000000000000000e+00
0.000000000000000000e+00
1.088595862784003814e-16
0.000000000000000000e+00
0.000000000000000000e+00
1.088595862784003814e-16
0.000000000000000000e+00
0.000000000000000000e+00
0.000000000000000000e+00
1.088595862784003814e-16
1.088595862784003814e-16
4.995233289496490113e-03
5.099431747266006815e-02
1.347880368667379869e-01
2.042469217451647057e-01
2.103745728473376819e-01
1.608738976918073771e-01
8.254171916239474993e-02
2.765642781413516285e-02
4.995233289496707821e-03
2.177191725568007628e-16
1.088595862784003814e-16
1.088595862784003814e-16
0.000000000000000000e+00
1.088595862784003814e-16
0.000000000000000000e+00
1.088595862784003814e-16
1.088595862784003814e-16
0.000000000000000000e+00
0.000000000000000000e+00
1.088595862784003814e-16
1.088595862784003814e-16
4.995233289496598533e-03
2.765642781413510734e-02
8.254171916239486095e-02
1.608738976918073771e-01
2.103745728473379040e-01
2.042469217451645391e-01
1.347880368667378204e-01
5.099431747266001957e-02
4.995233289496490113e-03
0.000000000000000000e+00
0.000000000000000000e+00
0.000000000000000000e+00
0.000000000000000000e+00
0.000000000000000000e+00
1.088595862784003814e-16
0.000000000000000000e+00
0.000000000000000000e+00
0.000000000000000000e+00
1.088595862784003814e-16
1.088595862784003814e-16
1.088595862784003814e-16
1.088595862784003814e-16
0.000000000000000000e+00
1.088595862784003814e-16
0.000000000000000000e+00
0.000000000000000000e+00
1.088595862784003814e-16
1.088595862784003814e-16
1.088595862784003814e-16
0.000000000000000000e+00
0.000000000000000000e+00
0.000000000000000000e+00
0.000000000000000000e+00
0.000000000000000000e+00
1.088595862784003814e-16
0.000000000000000000e+00
0.000000000000000000e+00
0.000000000000000000e+00
1.088595862784003814e-16
1.088595862784003814e-16
5.099431747265996406e-02
1.690489936173953378e-01
3.436766363274576519e-01
4.896520323335024627e-01
5.196015873395443130e-01
4.114765488870567589e-01
2.683736198265241901e-01
1.347880368667379869e-01
5.099431747265990855e-02
4.995233289496490113e-03
1.088595862784003814e-16
0.000000000000000000e+00
0.000000000000000000e+00
1.088595862784003814e-16
1.088595862784003814e-16
2.177191725568007628e-16
2.177191725568007628e-16
1.088595862784003814e-16
1.088595862784003814e-16
0.000000000000000000e+00
4.995233289496598533e-03
5.099431747266012366e-02
1.347880368667377649e-01
2.683736198265239126e-01
4.114765488870569810e-01
5.196015873395442020e-01
4.896520323335024072e-01
3.436766363274575409e-01
1.690489936173951713e-01
5.099431747265974202e-02
4.995233289496490113e-03
0.000000000000000000e+00
0.000000000000000000e+00
0.000000000000000000e+00
0.000000000000000000e+00
1.088595862784003814e-16
1.088595862784003814e-16
0.000000000000000000e+00
1.088595862784003814e-16
1.088595862784003814e-16
0.000000000000000000e+00
0.000000000000000000e+00
1.088595862784003814e-16
0.000000000000000000e+00
1.088595862784003814e-16
0.000000000000000000e+00
1.088595862784003814e-16
1.088595862784003814e-16
1.088595862784003814e-16
1.088595862784003814e-16
0.000000000000000000e+00
1.088595862784003814e-16
1.088595862784003814e-16
0.000000000000000000e+00
0.000000000000000000e+00
1.088595862784003814e-16
0.000000000000000000e+00
0.000000000000000000e+00
0.000000000000000000e+00
0.000000000000000000e+00
0.000000000000000000e+00
1.690489936173952823e-01
3.730015613742260205e-01
6.203784148185128577e-01
7.706188097364374823e-01
8.064263068580661553e-01
7.252644686655019823e-01
5.587421683450825016e-01
3.436766363274582070e-01
1.690489936173953378e-01
5.099431747265990855e-02
4.995233289496490113e-03
0.000000000000000000e+00
0.000000000000000000e+00
1.088595862784003814e-16
0.000000000000000000e+00
2.177191725568007628e-16
0.000000000000000000e+00
0.000000000000000000e+00
1.088595862784003814e-16
4.995233289496598533e-03
5.099431747265974202e-02
1.690489936173952823e-01
3.436766363274578739e-01
5.587421683450823906e-01
7.252644686655017603e-01
8.064263068580663774e-01
7.706188097364372602e-01
6.203784148185124137e-01
3.730015613742259650e-01
1.690489936173951158e-01
5.099431747265990855e-02
4.995233289496490113e-03
0.000000000000000000e+00
0.000000000000000000e+00
0.000000000000000000e+00
0.000000000000000000e+00
0.000000000000000000e+00
0.000000000000000000e+00
2.177191725568007628e-16
0.000000000000000000e+00
1.088595862784003814e-16
0.000000000000000000e+00
1.088595862784003814e-16
0.000000000000000000e+00
1.088595862784003814e-16
1.088595862784003814e-16
1.088595862784003814e-16
1.088595862784003814e-16
1.088595862784003814e-16
1.088595862784003814e-16
1.088595862784003814e-16
0.000000000000000000e+00
1.088595862784003814e-16
0.000000000000000000e+00
0.000000000000000000e+00
0.000000000000000000e+00
0.000000000000000000e+00
0.000000000000000000e+00
0.000000000000000000e+00
0.000000000000000000e+00
0.000000000000000000e+00
3.436766363274576519e-01
6.203784148185126357e-01
8.309510063826044401e-01
9.436725609345230081e-01
9.671605263093404625e-01
9.174582808376051668e-01
8.041426922088156237e-01
6.203784148185128577e-01
3.796215851814873088e-01
2.019500294179253364e-01
1.130442186658513065e-01
8.806547949444064327e-02
8.806547949444053225e-02
8.806547949444085144e-02
8.806547949444058776e-02
8.806547949444068490e-02
8.806547949444068490e-02
8.806547949444058776e-02
8.806547949444042123e-02
1.130442186658513620e-01
2.019500294179252808e-01
3.796215851814877529e-01
6.203784148185124137e-01
8.041426922088156237e-01
9.174582808376053888e-01
9.671605263093406846e-01
9.436725609345230081e-01
8.309510063826044401e-01
6.269984386257737574e-01
3.796215851814873088e-01
1.958573077911842930e-01
8.254171916239454176e-02
2.765642781413478121e-02
4.995233289496490113e-03
0.000000000000000000e+00
1.088595862784003814e-16
0.000000000000000000e+00
0.000000000000000000e+00
1.088595862784003814e-16
2.177191725568007628e-16
1.088595862784003814e-16
1.088595862784003814e-16
1.088595862784003814e-16
0.000000000000000000e+00
1.088595862784003814e-16
1.088595862784003814e-16
1.088595862784003814e-16
1.088595862784003814e-16
1.088595862784003814e-16
1.088595862784003814e-16
0.000000000000000000e+00
0.000000000000000000e+00
1.088595862784003814e-16
0.000000000000000000e+00
0.000000000000000000e+00
0.000000000000000000e+00
0.000000000000000000e+00
4.995233289496490113e-03
2.765642781413478121e-02
5.299515620148074341e-02
5.299515620148068790e-02
5.288517152772371777e-01
7.980499705820747192e-01
9.490056825273399665e-01
9.950047667105035298e-01
1.000000000000000000e+00
9.950047667105035298e-01
9.490056825273401886e-01
8.309510063826046622e-01
6.563233636725420705e-01
4.711482847227626003e-01
3.636596393986064046e-01
3.254421855252226936e-01
3.254421855252226381e-01
3.254421855252225271e-01
3.254421855252225271e-01
3.254421855252227491e-01
3.254421855252226381e-01
3.254421855252226381e-01
3.254421855252227491e-01
3.636596393986062381e-01
4.711482847227626003e-01
6.563233636725421816e-01
8.309510063826048842e-01
9.490056825273400776e-01
9.950047667105033078e-01
1.000000000000000000e+00
9.950047667105033078e-01
9.490056825273398555e-01
8.309510063826048842e-01
6.563233636725425146e-01
4.412578316549175539e-01
2.683736198265238015e-01
1.347880368667378204e-01
5.099431747265979753e-02
4.995233289496598533e-03
1.088595862784003814e-16
1.088595862784003814e-16
0.000000000000000000e+00
1.088595862784003814e-16
1.088595862784003814e-16
1.088595862784003814e-16
0.000000000000000000e+00
1.088595862784003814e-16
0.000000000000000000e+00
1.088595862784003814e-16
1.088595862784003814e-16
1.088595862784003814e-16
1.088595862784003814e-16
1.088595862784003814e-16
1.088595862784003814e-16
1.088595862784003814e-16
0.000000000000000000e+00
1.088595862784003814e-16
0.000000000000000000e+00
0.000000000000000000e+00
0.000000000000000000e+00
4.995233289496490113e-03
5.099431747266001957e-02
1.347880368667378759e-01
1.981445789754369968e-01
1.772763487528077331e-01
6.363403606013933178e-01
8.869557813341484298e-01
9.950047667105033078e-01
1.000000000000000000e+00
1.000000000000000000e+00
1.000000000000000000e+00
9.950047667105035298e-01
9.436725609345234522e-01
8.331897175308393688e-01
6.967012519136713822e-01
6.001987626298951328e-01
5.637799143386830192e-01
5.637799143386825751e-01
5.637799143386825751e-01
5.637799143386825751e-01
5.637799143386824641e-01
5.637799143386824641e-01
5.637799143386825751e-01
5.637799143386830192e-01
6.001987626298952438e-01
6.967012519136713822e-01
8.331897175308394798e-01
9.436725609345230081e-01
9.950047667105033078e-01
1.000000000000000000e+00
1.000000000000000000e+00
1.000000000000000000e+00
9.950047667105033078e-01
9.490056825273398555e-01
8.652119631332619853e-01
7.316263801734759209e-01
5.587421683450821686e-01
3.436766363274576519e-01
1.690489936173951713e-01
5.099431747265996406e-02
4.995233289496598533e-03
1.088595862784003814e-16
0.000000000000000000e+00
1.088595862784003814e-16
1.088595862784003814e-16
2.177191725568007628e-16
0.000000000000000000e+00
1.088595862784003814e-16
0.000000000000000000e+00
1.088595862784003814e-16
1.088595862784003814e-16
1.088595862784003814e-16
1.088595862784003814e-16
1.088595862784003814e-16
1.088595862784003814e-16
1.088595862784003814e-16
1.088595862784003814e-16
1.088595862784003814e-16
0.000000000000000000e+00
0.000000000000000000e+00
4.995233289496598533e-03
5.099431747265990855e-02
1.690489936173952823e-01
3.436766363274576519e-01
4.530080271171594841e-01
3.912451505321170031e-01
6.745578144747770288e-01
9.119345205055593429e-01
9.999999999999997780e-01
9.999999999999997780e-01
1.000000000000000000e+00
9.950047667105033078e-01
9.723435721858649794e-01
9.119345205055594539e-01
8.064263068580658222e-01
6.902360829706563061e-01
6.001987626298950218e-01
5.637799143386829082e-01
5.637799143386830192e-01
5.637799143386830192e-01
5.637799143386829082e-01
5.637799143386829082e-01
5.637799143386826861e-01
5.637799143386826861e-01
5.637799143386829082e-01
6.001987626298951328e-01
6.902360829706561951e-01
8.064263068580657112e-01
9.119345205055591208e-01
9.723435721858648684e-01
9.950047667105033078e-01
1.000000000000000000e+00
9.999999999999995559e-01
9.999999999999997780e-01
9.950047667105030857e-01
9.723435721858645353e-01
9.174582808376051668e-01
8.041426922088154017e-01
6.203784148185124137e-01
3.730015613742260205e-01
1.690489936173951713e-01
5.099431747266001957e-02
4.995233289496598533e-03
0.000000000000000000e+00
1.088595862784003814e-16
1.088595862784003814e-16
1.088595862784003814e-16
1.088595862784003814e-16
1.088595862784003814e-16
1.088595862784003814e-16
1.088595862784003814e-16
1.088595862784003814e-16
1.088595862784003814e-16
1.088595862784003814e-16
1.088595862784003814e-16
1.088595862784003814e-16
1.088595862784003814e-16
0.000000000000000000e+00
1.088595862784003814e-16
0.000000000000000000e+00
4.995233289496598533e-03
5.099431747265996406e-02
1.690489936173952823e-01
3.730015613742262426e-01
6.203784148185123026e-01
6.991269741519511305e-01
5.704754557619021726e-01
6.745578144747771399e-01
9.119345205055597869e-01
1.000000000000000000e+00
1.000000000000000000e+00
9.950047667105033078e-01
9.490056825273399665e-01
8.652119631332619853e-01
7.316263801734763650e-01
5.885234511129431301e-01
4.412578316549176649e-01
3.636596393986067377e-01
3.254421855252225826e-01
3.254421855252228601e-01
3.254421855252226936e-01
3.254421855252229712e-01
3.254421855252229712e-01
3.254421855252226936e-01
3.254421855252225826e-01
3.254421855252226381e-01
3.636596393986067377e-01
4.412578316549176094e-01
5.885234511129433521e-01
7.316263801734761429e-01
8.652119631332619853e-01
9.490056825273399665e-01
9.950047667105033078e-01
1.000000000000000000e+00
1.000000000000000000e+00
1.000000000000000000e+00
9.999999999999997780e-01
9.950047667105033078e-01
9.490056825273397445e-01
8.309510063826048842e-01
6.269984386257737574e-01
3.730015613742259095e-01
1.690489936173953378e-01
5.099431747266001957e-02
4.995233289496490113e-03
1.088595862784003814e-16
1.088595862784003814e-16
1.088595862784003814e-16
1.088595862784003814e-16
0.000000000000000000e+00
0.000000000000000000e+00
1.088595862784003814e-16
1.088595862784003814e-16
0.000000000000000000e+00
1.088595862784003814e-16
1.088595862784003814e-16
2.177191725568007628e-16
0.000000000000000000e+00
0.000000000000000000e+00
4.354383451136015256e-16
4.995233289496490113e-03
5.099431747266012366e-02
1.690489936173953378e-01
3.730015613742259095e-01
6.269984386257738684e-01
8.309510063826046622e-01
8.555396047012506777e-01
6.680360566150551627e-01
6.745578144747773619e-01
9.119345205055591208e-01
1.000000000000000000e+00
9.950047667105033078e-01
9.490056825273397445e-01
8.309510063826044401e-01
6.563233636725421816e-01
4.412578316549178870e-01
2.747355313344981287e-01
1.668102824691607422e-01
1.130442186658513620e-01
8.806547949444090695e-02
8.806547949444064327e-02
8.806547949444058776e-02
8.806547949444053225e-02
8.806547949444058776e-02
8.806547949444042123e-02
8.806547949444047674e-02
8.806547949444090695e-02
1.130442186658515841e-01
1.668102824691606312e-01
2.747355313344982952e-01
4.412578316549175539e-01
6.563233636725422926e-01
8.309510063826044401e-01
9.490056825273399665e-01
9.950047667105033078e-01
9.999999999999997780e-01
9.999999999999997780e-01
1.000000000000000000e+00
1.000000000000000000e+00
9.950047667105033078e-01
9.490056825273397445e-01
8.309510063826044401e-01
6.269984386257738684e-01
3.730015613742260205e-01
1.690489936173953378e-01
5.099431747266001957e-02
4.995233289496707821e-03
1.088595862784003814e-16
2.177191725568007628e-16
0.000000000000000000e+00
1.088595862784003814e-16
0.000000000000000000e+00
1.088595862784003814e-16
1.088595862784003814e-16
0.000000000000000000e+00
0.000000000000000000e+00
0.000000000000000000e+00
1.088595862784003814e-16
1.088595862784003814e-16
0.000000000000000000e+00
4.995233289496707821e-03
5.099431747266001957e-02
1.690489936173952823e-01
3.730015613742260761e-01
6.269984386257738684e-01
8.309510063826044401e-01
9.490056825273397445e-01
9.063788260799157115e-01
6.745578144747771399e-01
6.745578144747771399e-01
9.063788260799156005e-01
9.723435721858648684e-01
9.174582808376053888e-01
8.041426922088150686e-01
6.203784148185124137e-01
3.796215851814873643e-01
1.958573077911847371e-01
8.254171916239491646e-02
2.765642781413499979e-02
4.995233289496925529e-03
0.000000000000000000e+00
0.000000000000000000e+00
1.088595862784003814e-16
0.000000000000000000e+00
0.000000000000000000e+00
0.000000000000000000e+00
0.000000000000000000e+00
0.000000000000000000e+00
4.995233289496816241e-03
2.765642781413494428e-02
8.254171916239474993e-02
1.958573077911842375e-01
3.796215851814874753e-01
6.203784148185124137e-01
8.041426922088155127e-01
9.174582808376051668e-01
9.723435721858649794e-01
9.950047667105033078e-01
1.000000000000000000e+00
1.000000000000000000e+00
9.999999999999995559e-01
9.950047667105035298e-01
9.490056825273398555e-01
8.309510063826042181e-01
6.269984386257738684e-01
3.730015613742260761e-01
1.690489936173952268e-01
5.099431747266001957e-02
4.995233289496707821e-03
1.088595862784003814e-16
0.000000000000000000e+00
1.088595862784003814e-16
0.000000000000000000e+00
1.088595862784003814e-16
1.088595862784003814e-16
0.000000000000000000e+00
0.000000000000000000e+00
0.000000000000000000e+00
1.088595862784003814e-16
1.088595862784003814e-16
4.995233289496598533e-03
5.099431747266006815e-02
1.690489936173952823e-01
3.730015613742259650e-01
6.269984386257738684e-01
8.309510063826048842e-01
9.490056825273399665e-01
9.950047667105035298e-01
9.119345205055593429e-01
6.745578144747773619e-01
6.680360566150552737e-01
8.555396047012502336e-01
8.652119631332622074e-01
7.316263801734758099e-01
5.587421683450825016e-01
3.436766363274577074e-01
1.690489936173954488e-01
5.099431747266029019e-02
4.995233289496598533e-03
1.088595862784003814e-16
0.000000000000000000e+00
1.088595862784003814e-16
0.000000000000000000e+00
1.088595862784003814e-16
0.000000000000000000e+00
1.088595862784003814e-16
1.088595862784003814e-16
0.000000000000000000e+00
2.177191725568007628e-16
0.000000000000000000e+00
0.000000000000000000e+00
4.995233289496707821e-03
5.099431747265990855e-02
1.690489936173955043e-01
3.436766363274578184e-01
5.587421683450826126e-01
7.316263801734756989e-01
8.652119631332622074e-01
9.490056825273399665e-01
9.950047667105033078e-01
9.999999999999997780e-01
9.999999999999997780e-01
1.000000000000000000e+00
9.950047667105035298e-01
9.490056825273399665e-01
8.309510063826048842e-01
6.269984386257737574e-01
3.730015613742262426e-01
1.690489936173953378e-01
5.099431747265996406e-02
4.995233289496816241e-03
0.000000000000000000e+00
1.088595862784003814e-16
0.000000000000000000e+00
1.088595862784003814e-16
0.000000000000000000e+00
0.000000000000000000e+00
1.088595862784003814e-16
0.000000000000000000e+00
0.000000000000000000e+00
4.995233289496707821e-03
5.099431747266006815e-02
1.690489936173953378e-01
3.730015613742262426e-01
6.269984386257738684e-01
8.309510063826048842e-01
9.490056825273399665e-01
9.950047667105035298e-01
1.000000000000000000e+00
9.119345205055594539e-01
6.745578144747771399e-01
6.093488557702423369e-01
7.276583263040128369e-01
6.563233636725420705e-01
4.412578316549175539e-01
2.683736198265239126e-01
1.347880368667377649e-01
5.099431747265990855e-02
4.995233289496707821e-03
0.000000000000000000e+00
1.088595862784003814e-16
1.088595862784003814e-16
0.000000000000000000e+00
0.000000000000000000e+00
1.088595862784003814e-16
1.088595862784003814e-16
0.000000000000000000e+00
1.088595862784003814e-16
0.000000000000000000e+00
1.088595862784003814e-16
0.000000000000000000e+00
0.000000000000000000e+00
0.000000000000000000e+00
4.995233289496380825e-03
5.099431747265990855e-02
1.347880368667377649e-01
2.683736198265241901e-01
4.412578316549174984e-01
6.563233636725421816e-01
8.309510063826044401e-01
9.490056825273399665e-01
9.950047667105033078e-01
9.999999999999997780e-01
9.999999999999997780e-01
1.000000000000000000e+00
9.950047667105033078e-01
9.490056825273400776e-01
8.309510063826048842e-01
6.269984386257735354e-01
3.730015613742259095e-01
1.690489936173956154e-01
5.099431747266029019e-02
4.995233289496598533e-03
0.000000000000000000e+00
0.000000000000000000e+00
1.088595862784003814e-16
0.000000000000000000e+00
0.000000000000000000e+00
0.000000000000000000e+00
0.000000000000000000e+00
4.995233289496598533e-03
5.099431747265996406e-02
1.690489936173954488e-01
3.730015613742260205e-01
6.269984386257738684e-01
8.309510063826048842e-01
9.490056825273400776e-01
9.950047667105033078e-01
9.999999999999997780e-01
9.999999999999997780e-01
9.119345205055593429e-01
6.745578144747771399e-01
4.692227635446536982e-01
5.151469407260348410e-01
3.796215851814874753e-01
1.958573077911845151e-01
8.254171916239459728e-02
2.765642781413483672e-02
4.995233289496598533e-03
2.177191725568007628e-16
0.000000000000000000e+00
1.088595862784003814e-16
0.000000000000000000e+00
1.088595862784003814e-16
0.000000000000000000e+00
1.088595862784003814e-16
1.088595862784003814e-16
2.177191725568007628e-16
1.088595862784003814e-16
1.088595862784003814e-16
1.088595862784003814e-16
1.088595862784003814e-16
0.000000000000000000e+00
0.000000000000000000e+00
1.088595862784003814e-16
4.995233289496598533e-03
2.765642781413499979e-02
8.254171916239486095e-02
1.958573077911844040e-01
3.796215851814875308e-01
6.269984386257737574e-01
8.309510063826044401e-01
9.490056825273399665e-01
9.950047667105033078e-01
1.000000000000000000e+00
1.000000000000000000e+00
9.999999999999997780e-01
9.950047667105033078e-01
9.490056825273399665e-01
8.309510063826044401e-01
6.203784148185128577e-01
3.436766363274578184e-01
1.347880368667380424e-01
2.765642781413499979e-02
0.000000000000000000e+00
0.000000000000000000e+00
1.088595862784003814e-16
0.000000000000000000e+00
0.000000000000000000e+00
1.088595862784003814e-16
1.088595862784003814e-16
2.765642781413499979e-02
1.347880368667379869e-01
3.436766363274575409e-01
6.203784148185128577e-01
8.309510063826048842e-01
9.490056825273399665e-01
9.950047667105033078e-01
1.000000000000000000e+00
9.999999999999997780e-01
9.999999999999997780e-01
9.119345205055591208e-01
6.745578144747771399e-01
2.859284996644247401e-01
2.707627060558842058e-01
1.690489936173953378e-01
5.099431747265990855e-02
4.995233289496598533e-03
0.000000000000000000e+00
0.000000000000000000e+00
0.000000000000000000e+00
0.000000000000000000e+00
0.000000000000000000e+00
1.088595862784003814e-16
0.000000000000000000e+00
0.000000000000000000e+00
0.000000000000000000e+00
0.000000000000000000e+00
0.000000000000000000e+00
0.000000000000000000e+00
0.000000000000000000e+00
1.088595862784003814e-16
0.000000000000000000e+00
0.000000000000000000e+00
0.000000000000000000e+00
0.000000000000000000e+00
1.088595862784003814e-16
1.088595862784003814e-16
4.995233289496707821e-03
5.099431747265990855e-02
1.690489936173952268e-01
3.730015613742260205e-01
6.203784148185124137e-01
7.980499705820744971e-01
8.869557813341486519e-01
9.119345205055593429e-01
9.119345205055593429e-01
9.119345205055591208e-01
9.119345205055591208e-01
9.063788260799160446e-01
8.555396047012506777e-01
6.991269741519511305e-01
4.530080271171594841e-01
1.981445789754369968e-01
5.299515620148074341e-02
0.000000000000000000e+00
0.000000000000000000e+00
1.088595862784003814e-16
0.000000000000000000e+00
0.000000000000000000e+00
0.000000000000000000e+00
1.088595862784003814e-16
5.299515620148079892e-02
1.981445789754369968e-01
4.530080271171593731e-01
6.991269741519511305e-01
8.555396047012503447e-01
9.063788260799157115e-01
9.119345205055591208e-01
9.119345205055593429e-01
9.119345205055593429e-01
9.119345205055591208e-01
8.210040220084369178e-01
6.001987626298951328e-01
1.173227168154900024e-01
1.036454817155357810e-01
5.099431747265996406e-02
4.995233289496598533e-03
0.000000000000000000e+00
0.000000000000000000e+00
1.088595862784003814e-16
2.177191725568007628e-16
0.000000000000000000e+00
0.000000000000000000e+00
1.088595862784003814e-16
0.000000000000000000e+00
0.000000000000000000e+00
0.000000000000000000e+00
1.088595862784003814e-16
1.088595862784003814e-16
0.000000000000000000e+00
0.000000000000000000e+00
1.088595862784003814e-16
1.088595862784003814e-16
0.000000000000000000e+00
0.000000000000000000e+00
1.088595862784003814e-16
1.088595862784003814e-16
0.000000000000000000e+00
0.000000000000000000e+00
4.995233289496598533e-03
5.099431747265990855e-02
1.690489936173951713e-01
3.436766363274575409e-01
5.288517152772371777e-01
6.363403606013930958e-01
6.745578144747773619e-01
6.745578144747771399e-01
6.745578144747770288e-01
6.745578144747773619e-01
6.745578144747770288e-01
6.680360566150550516e-01
5.704754557619023947e-01
3.912451505321171696e-01
1.772763487528079551e-01
5.299515620148074341e-02
0.000000000000000000e+00
0.000000000000000000e+00
1.088595862784003814e-16
1.088595862784003814e-16
0.000000000000000000e+00
1.088595862784003814e-16
1.088595862784003814e-16
5.299515620148090300e-02
1.772763487528078996e-01
3.912451505321171696e-01
5.704754557619023947e-01
6.680360566150552737e-01
6.745578144747771399e-01
6.745578144747776950e-01
6.745578144747770288e-01
6.745578144747771399e-01
6.745578144747773619e-01
6.001987626298951328e-01
4.301229093385514068e-01
