9.751160187570493436e-17
9.751160187570493436e-17
9.751160187570493436e-17
9.751160187570493436e-17
0.000000000000000000e+00
4.700731726406986305e-03
2.613985332431709857e-02
7.878760395579101350e-02
1.902163170615142063e-01
3.462524506348070297e-01
5.296911918191612445e-01
6.400304116336067439e-01
6.790444145700105238e-01
6.790444145700105238e-01
6.790444145700107459e-01
6.790444145700106349e-01
6.790444145700107459e-01
6.790444145700105238e-01
6.400304116336067439e-01
5.296911918191612445e-01
3.462524506348070297e-01
1.902163170615142063e-01
7.878760395579105513e-02
2.613985332431709857e-02
4.700731726407084317e-03
9.751160187570493436e-17
9.751160187570493436e-17
9.751160187570493436e-17
0.000000000000000000e+00
2.798782136754751279e-02
1.126305430152461790e-01
2.808040235497705206e-01
4.683276652759563730e-01
6.123914065750315494e-01
6.723981104878998805e-01
6.790444145700106349e-01
6.790444145700105238e-01
6.790444145700105238e-01
6.790444145700101908e-01
6.400304116336065219e-01
5.296911918191614665e-01
3.395505191706765236e-01
1.635651838879514652e-01
4.840624233580000102e-02
4.700731726406986305e-03
9.751160187570493436e-17
4.700731726406986305e-03
4.840624233580000102e-02
1.635651838879516040e-01
3.395505191706765236e-01
5.296911918191612445e-01
6.400304116336065219e-01
6.790444145700105238e-01
6.790444145700105238e-01
6.790444145700107459e-01
6.790444145700107459e-01
6.723981104878998805e-01
6.123914065750315494e-01
4.683276652759563730e-01
2.808040235497705206e-01
1.126305430152459847e-01
9.751160187570493436e-17
9.751160187570493436e-17
0.000000000000000000e+00
9.751160187570493436e-17
4.700731726406889160e-03
4.840624233579990388e-02
1.297519640975874633e-01
2.630375442499597871e-01
4.395662291345495132e-01
6.537475493651928593e-01
8.037047257937954825e-01
8.915511230237181950e-01
9.158611400687196591e-01
9.158611400687196591e-01
9.158611400687196591e-01
9.158611400687196591e-01
9.158611400687196591e-01
9.158611400687198811e-01
8.915511230237181950e-01
8.037047257937954825e-01
6.537475493651926373e-01
4.395662291345495132e-01
2.630375442499597871e-01
1.297519640975876021e-01
4.840624233580000102e-02
4.700731726407084317e-03
0.000000000000000000e+00
0.000000000000000000e+00
0.000000000000000000e+00
2.125253378533351750e-02
9.928077497554434194e-02
2.654525963314269266e-01
5.155887031897233852e-01
7.329507752469857085e-01
8.607316937702021997e-01
9.104697899695727292e-01
9.158611400687195481e-01
9.158611400687195481e-01
9.158611400687196591e-01
8.915511230237179729e-01
8.037047257937951494e-01
6.236929439196785552e-01
3.695285670710554693e-01
1.635651838879516040e-01
4.840624233580000102e-02
9.443441352838083738e-03
4.840624233580000102e-02
1.635651838879515207e-01
3.695285670710555248e-01
6.236929439196785552e-01
8.037047257937951494e-01
8.915511230237181950e-01
9.158611400687196591e-01
9.158611400687196591e-01
9.158611400687195481e-01
9.104697899695727292e-01
8.607316937702021997e-01
7.329507752469857085e-01
5.155887031897233852e-01
2.654525963314269266e-01
9.928077497554428643e-02
9.751160187570493436e-17
9.751160187570493436e-17
4.700731726406986305e-03
2.613985332431690428e-02
7.878760395579101350e-02
1.902163170615140120e-01
3.462524506348069742e-01
5.604337708654500982e-01
7.369624557500400464e-01
8.702480359024125089e-01
9.515937576641999573e-01
9.952992682735931629e-01
9.999999999999997780e-01
9.999999999999997780e-01
1.000000000000000000e+00
9.999999999999997780e-01
9.999999999999997780e-01
9.999999999999997780e-01
9.952992682735929408e-01
9.515937576641999573e-01
8.702480359024121759e-01
7.369624557500402684e-01
5.604337708654504313e-01
3.462524506348071407e-01
1.902163170615142063e-01
7.878760395579105513e-02
2.613985332431690428e-02
4.700731726406986305e-03
9.751160187570493436e-17
4.700731726407084317e-03
4.840624233580000102e-02
1.635651838879516040e-01
3.763070560803212783e-01
6.604494808293234209e-01
8.702480359024123979e-01
9.738601466756828806e-01
1.000000000000000000e+00
1.000000000000000000e+00
9.999999999999997780e-01
9.952992682735927188e-01
9.515937576641999573e-01
8.364348161120483960e-01
6.236929439196785552e-01
3.395505191706766346e-01
1.297519640975874633e-01
5.352001088526746331e-02
1.297519640975874633e-01
3.395505191706766346e-01
6.236929439196788882e-01
8.364348161120483960e-01
9.515937576641999573e-01
9.952992682735927188e-01
1.000000000000000000e+00
9.999999999999997780e-01
1.000000000000000000e+00
9.738601466756828806e-01
8.702480359024125089e-01
6.604494808293234209e-01
3.763070560803212228e-01
1.635651838879512154e-01
4.840624233580000102e-02
9.751160187570493436e-17
9.751160187570493436e-17
2.613985332431690428e-02
9.722273517391129272e-02
2.347341384359722949e-01
4.326794151686110812e-01
6.537475493651925262e-01
8.097836829384857937e-01
9.212123960442091253e-01
9.738601466756828806e-01
9.952992682735931629e-01
1.000000000000000000e+00
9.999999999999997780e-01
1.000000000000000000e+00
9.999999999999997780e-01
1.000000000000000000e+00
1.000000000000000000e+00
9.999999999999997780e-01
9.999999999999997780e-01
9.952992682735929408e-01
9.738601466756828806e-01
9.212123960442091253e-01
8.097836829384859048e-01
6.537475493651928593e-01
4.326794151686111922e-01
2.347341384359725447e-01
9.722273517391123721e-02
2.613985332431700143e-02
0.000000000000000000e+00
0.000000000000000000e+00
4.700731726406986305e-03
4.840624233579970959e-02
1.902163170615142063e-01
4.395662291345497907e-01
7.369624557500398243e-01
9.212123960442092363e-01
9.952992682735927188e-01
9.999999999999997780e-01
9.999999999999997780e-01
1.000000000000000000e+00
9.952992682735931629e-01
9.464799891147325228e-01
7.762416713468999196e-01
4.893500879087337996e-01
1.985890040231300391e-01
1.049943133306102949e-01
1.985890040231300391e-01
4.893500879087337996e-01
7.762416713468999196e-01
9.464799891147323008e-01
9.952992682735929408e-01
1.000000000000000000e+00
1.000000000000000000e+00
9.999999999999997780e-01
9.952992682735929408e-01
9.212123960442092363e-01
7.369624557500400464e-01
4.395662291345497352e-01
1.902163170615142063e-01
4.840624233580000102e-02
4.700731726406986305e-03
9.751160187570493436e-17
4.700731726407084317e-03
7.878760395579101350e-02
2.347341384359723782e-01
4.896152780579115515e-01
7.081181236063776030e-01
8.702480359024121759e-01
9.515937576641999573e-01
9.952992682735929408e-01
1.000000000000000000e+00
9.999999999999997780e-01
1.000000000000000000e+00
1.000000000000000000e+00
1.000000000000000000e+00
1.000000000000000000e+00
1.000000000000000000e+00
1.000000000000000000e+00
1.000000000000000000e+00
9.999999999999997780e-01
9.999999999999997780e-01
9.999999999999997780e-01
9.952992682735927188e-01
9.515937576642000684e-01
8.702480359024125089e-01
7.081181236063780471e-01
4.896152780579118291e-01
2.347341384359724892e-01
7.878760395579101350e-02
4.700731726406986305e-03
0.000000000000000000e+00
9.751160187570493436e-17
4.700731726407084317e-03
7.878760395579076370e-02
2.630375442499597871e-01
5.604337708654500982e-01
8.097836829384857937e-01
9.515937576641999573e-01
9.952992682735927188e-01
1.000000000000000000e+00
9.999999999999997780e-01
1.000000000000000000e+00
9.689310802063588746e-01
8.120601015971320447e-01
5.201729235371358451e-01
2.047135546144142060e-01
1.049943133306102394e-01
2.047135546144142060e-01
5.201729235371358451e-01
8.120601015971322667e-01
9.689310802063590966e-01
1.000000000000000000e+00
9.999999999999997780e-01
1.000000000000000000e+00
9.952992682735927188e-01
9.515937576642002904e-01
8.097836829384856827e-01
5.604337708654503203e-01
2.630375442499597871e-01
7.878760395579091635e-02
4.700731726406986305e-03
0.000000000000000000e+00
4.700731726407181461e-03
4.840624233579990388e-02
1.902163170615142618e-01
4.326794151686110812e-01
7.081181236063780471e-01
8.894630372288051534e-01
9.738601466756831027e-01
9.952992682735929408e-01
1.000000000000000000e+00
9.999999999999997780e-01
1.000000000000000000e+00
1.000000000000000000e+00
9.999999999999997780e-01
1.000000000000000000e+00
1.000000000000000000e+00
1.000000000000000000e+00
1.000000000000000000e+00
1.000000000000000000e+00
1.000000000000000000e+00
1.000000000000000000e+00
9.999999999999997780e-01
1.000000000000000000e+00
9.952992682735929408e-01
9.738601466756831027e-01
8.894630372288052644e-01
7.081181236063780471e-01
4.326794151686109702e-01
1.902163170615142618e-01
4.840624233580000102e-02
4.700731726406986305e-03
0.000000000000000000e+00
1.950232037514098687e-16
2.613985332431690428e-02
1.297519640975873800e-01
3.395505191706767456e-01
6.236929439196788882e-01
8.364348161120481739e-01
9.515937576642000684e-01
9.952992682735929408e-01
9.999999999999997780e-01
9.952992682735931629e-01
9.212123960442091253e-01
7.305293909414063425e-01
4.089717184918646442e-01
1.554708176682167153e-01
5.352001088526746331e-02
1.554708176682167153e-01
4.089717184918646442e-01
7.305293909414067866e-01
9.212123960442091253e-01
9.952992682735929408e-01
9.999999999999997780e-01
9.952992682735931629e-01
9.515937576641999573e-01
8.364348161120483960e-01
6.236929439196788882e-01
3.395505191706767456e-01
1.297519640975876021e-01
2.613985332431690428e-02
0.000000000000000000e+00
0.000000000000000000e+00
2.613985332431700143e-02
1.297519640975876021e-01
3.462524506348070297e-01
6.537475493651928593e-01
8.702480359024125089e-01
9.738601466756828806e-01
9.999999999999997780e-01
1.000000000000000000e+00
1.000000000000000000e+00
1.000000000000000000e+00
9.999999999999997780e-01
1.000000000000000000e+00
1.000000000000000000e+00
1.000000000000000000e+00
1.000000000000000000e+00
1.000000000000000000e+00
1.000000000000000000e+00
9.999999999999997780e-01
1.000000000000000000e+00
9.999999999999997780e-01
9.999999999999997780e-01
1.000000000000000000e+00
9.999999999999997780e-01
1.000000000000000000e+00
9.738601466756831027e-01
8.702480359024127310e-01
6.537475493651928593e-01
3.462524506348070297e-01
1.297519640975874633e-01
2.613985332431709857e-02
1.950232037514098687e-16
9.751160187570493436e-17
4.700731726406889160e-03
4.840624233580000102e-02
1.635651838879514652e-01
3.763070560803215003e-01
6.604494808293234209e-01
8.702480359024121759e-01
9.738601466756825475e-01
9.952992682735931629e-01
9.515937576641999573e-01
8.097836829384859048e-01
5.604337708654498762e-01
2.630375442499597316e-01
7.878760395579101350e-02
9.443441352837986594e-03
7.878760395579101350e-02
2.630375442499597316e-01
5.604337708654502093e-01
8.097836829384856827e-01
9.515937576641999573e-01
9.952992682735931629e-01
9.738601466756831027e-01
8.702480359024121759e-01
6.604494808293234209e-01
3.763070560803215003e-01
1.635651838879515207e-01
4.840624233580000102e-02
4.700731726406986305e-03
0.000000000000000000e+00
9.751160187570493436e-17
7.878760395579105513e-02
2.630375442499597871e-01
5.604337708654504313e-01
8.097836829384859048e-01
9.515937576641997353e-01
9.952992682735931629e-01
9.999999999999997780e-01
1.000000000000000000e+00
9.999999999999997780e-01
1.000000000000000000e+00
9.999999999999997780e-01
1.000000000000000000e+00
9.999999999999997780e-01
1.000000000000000000e+00
1.000000000000000000e+00
1.000000000000000000e+00
9.999999999999997780e-01
1.000000000000000000e+00
9.999999999999997780e-01
9.999999999999997780e-01
9.999999999999997780e-01
1.000000000000000000e+00
1.000000000000000000e+00
9.999999999999997780e-01
9.952992682735931629e-01
9.515937576642000684e-01
8.097836829384857937e-01
5.604337708654503203e-01
2.630375442499597316e-01
7.878760395579062492e-02
4.700731726407084317e-03
0.000000000000000000e+00
9.751160187570493436e-17
4.700731726406986305e-03
4.840624233579990388e-02
1.902163170615138732e-01
4.395662291345497352e-01
7.369624557500400464e-01
9.158611400687196591e-01
9.464799891147325228e-01
8.364348161120485070e-01
6.236929439196788882e-01
3.395505191706765236e-01
1.297519640975874633e-01
2.613985332431700143e-02
0.000000000000000000e+00
2.613985332431700143e-02
1.297519640975874633e-01
3.395505191706764681e-01
6.236929439196788882e-01
8.364348161120485070e-01
9.464799891147323008e-01
9.158611400687196591e-01
7.369624557500403794e-01
4.395662291345497352e-01
1.902163170615140120e-01
4.840624233580000102e-02
4.700731726406889160e-03
1.950232037514098687e-16
1.950232037514098687e-16
0.000000000000000000e+00
1.902163170615141230e-01
4.395662291345501238e-01
7.369624557500402684e-01
9.212123960442091253e-01
9.952992682735929408e-01
1.000000000000000000e+00
9.999999999999997780e-01
1.000000000000000000e+00
1.000000000000000000e+00
9.999999999999997780e-01
1.000000000000000000e+00
1.000000000000000000e+00
1.000000000000000000e+00
1.000000000000000000e+00
1.000000000000000000e+00
1.000000000000000000e+00
1.000000000000000000e+00
1.000000000000000000e+00
9.999999999999997780e-01
1.000000000000000000e+00
9.999999999999997780e-01
1.000000000000000000e+00
1.000000000000000000e+00
9.999999999999997780e-01
1.000000000000000000e+00
9.952992682735931629e-01
9.212123960442091253e-01
7.369624557500400464e-01
4.395662291345494022e-01
1.902163170615136234e-01
4.840624233580000102e-02
4.700731726406986305e-03
0.000000000000000000e+00
0.000000000000000000e+00
4.700731726406986305e-03
7.878760395579101350e-02
2.694706090585932134e-01
5.910282815081350227e-01
8.120601015971322667e-01
8.386529925183766609e-01
6.604494808293234209e-01
3.763070560803210562e-01
1.635651838879514652e-01
4.840624233580000102e-02
4.700731726406986305e-03
9.751160187570493436e-17
4.700731726406986305e-03
4.840624233580000102e-02
1.635651838879515207e-01
3.763070560803212228e-01
6.604494808293234209e-01
8.386529925183764389e-01
8.120601015971325998e-01
5.910282815081352448e-01
2.694706090585933245e-01
7.878760395579101350e-02
4.700731726406986305e-03
9.751160187570493436e-17
0.000000000000000000e+00
0.000000000000000000e+00
0.000000000000000000e+00
3.462524506348072517e-01
6.537475493651930813e-01
8.702480359024127310e-01
9.738601466756831027e-01
9.999999999999997780e-01
9.999999999999997780e-01
1.000000000000000000e+00
1.000000000000000000e+00
1.000000000000000000e+00
1.000000000000000000e+00
1.000000000000000000e+00
1.000000000000000000e+00
9.999999999999997780e-01
9.999999999999997780e-01
9.999999999999997780e-01
9.999999999999997780e-01
9.999999999999997780e-01
9.999999999999997780e-01
1.000000000000000000e+00
1.000000000000000000e+00
9.999999999999997780e-01
1.000000000000000000e+00
1.000000000000000000e+00
1.000000000000000000e+00
9.999999999999997780e-01
1.000000000000000000e+00
9.738601466756828806e-01
8.702480359024123979e-01
6.537475493651926373e-01
3.462524506348071407e-01
1.297519640975876021e-01
2.613985332431690428e-02
0.000000000000000000e+00
0.000000000000000000e+00
0.000000000000000000e+00
2.613985332431690428e-02
1.613470074816233668e-01
4.395662291345497352e-01
6.950007327940299628e-01
7.015712932312603289e-01
4.703088081808389775e-01
1.962952742062047395e-01
4.840624233580000102e-02
4.700731726407084317e-03
9.751160187570493436e-17
9.751160187570493436e-17
9.751160187570493436e-17
4.700731726406986305e-03
4.840624233580000102e-02
1.962952742062048506e-01
4.703088081808388665e-01
7.015712932312601069e-01
6.950007327940299628e-01
4.395662291345497352e-01
1.613470074816233113e-01
2.613985332431709857e-02
0.000000000000000000e+00
0.000000000000000000e+00
0.000000000000000000e+00
9.751160187570493436e-17
0.000000000000000000e+00
5.296911918191612445e-01
8.037047257937951494e-01
9.515937576641999573e-01
9.952992682735931629e-01
9.999999999999997780e-01
9.999999999999997780e-01
1.000000000000000000e+00
1.000000000000000000e+00
1.000000000000000000e+00
9.999999999999997780e-01
1.000000000000000000e+00
1.000000000000000000e+00
1.000000000000000000e+00
1.000000000000000000e+00
1.000000000000000000e+00
1.000000000000000000e+00
1.000000000000000000e+00
1.000000000000000000e+00
1.000000000000000000e+00
1.000000000000000000e+00
9.999999999999997780e-01
1.000000000000000000e+00
9.999999999999997780e-01
1.000000000000000000e+00
1.000000000000000000e+00
9.999999999999997780e-01
9.952992682735929408e-01
9.515937576641999573e-01
8.037047257937951494e-01
5.296911918191612445e-01
2.261056293919747606e-01
5.545295069269774030e-02
0.000000000000000000e+00
0.000000000000000000e+00
0.000000000000000000e+00
4.700731726406889160e-03
1.084488769762817079e-01
3.599695883663933116e-01
6.030087008074794808e-01
6.030087008074794808e-01
3.599695883663935891e-01
1.084488769762816524e-01
4.700731726406986305e-03
9.751160187570493436e-17
9.751160187570493436e-17
9.751160187570493436e-17
9.751160187570493436e-17
9.751160187570493436e-17
4.700731726407084317e-03
1.084488769762817495e-01
3.599695883663934781e-01
6.030087008074791477e-01
6.030087008074795918e-01
3.599695883663934226e-01
1.084488769762817079e-01
4.700731726407084317e-03
0.000000000000000000e+00
0.000000000000000000e+00
0.000000000000000000e+00
0.000000000000000000e+00
0.000000000000000000e+00
6.400304116336067439e-01
8.915511230237181950e-01
9.952992682735929408e-01
1.000000000000000000e+00
1.000000000000000000e+00
1.000000000000000000e+00
1.000000000000000000e+00
9.999999999999997780e-01
1.000000000000000000e+00
9.999999999999997780e-01
1.000000000000000000e+00
1.000000000000000000e+00
9.999999999999997780e-01
9.999999999999997780e-01
1.000000000000000000e+00
1.000000000000000000e+00
9.999999999999997780e-01
9.999999999999997780e-01
1.000000000000000000e+00
1.000000000000000000e+00
9.999999999999997780e-01
9.999999999999997780e-01
1.000000000000000000e+00
1.000000000000000000e+00
1.000000000000000000e+00
1.000000000000000000e+00
9.999999999999997780e-01
9.952992682735927188e-01
8.915511230237186391e-01
6.400304116336067439e-01
2.916315579358053078e-01
7.878760395579076370e-02
0.000000000000000000e+00
0.000000000000000000e+00
0.000000000000000000e+00
0.000000000000000000e+00
8.413885993128021601e-02
3.209555854299893096e-01
5.656120898164890276e-01
5.656120898164889166e-01
3.209555854299893651e-01
8.413885993128021601e-02
0.000000000000000000e+00
9.751160187570493436e-17
9.751160187570493436e-17
9.751160187570493436e-17
9.751160187570493436e-17
9.751160187570493436e-17
9.751160187570493436e-17
8.413885993128035479e-02
3.209555854299893096e-01
5.656120898164888056e-01
5.656120898164892496e-01
3.209555854299894762e-01
8.413885993128025764e-02
9.751160187570493436e-17
0.000000000000000000e+00
0.000000000000000000e+00
0.000000000000000000e+00
0.000000000000000000e+00
0.000000000000000000e+00
6.790444145700105238e-01
9.158611400687196591e-01
1.000000000000000000e+00
1.000000000000000000e+00
1.000000000000000000e+00
1.000000000000000000e+00
1.000000000000000000e+00
1.000000000000000000e+00
1.000000000000000000e+00
1.000000000000000000e+00
9.999999999999997780e-01
1.000000000000000000e+00
1.000000000000000000e+00
1.000000000000000000e+00
1.000000000000000000e+00
1.000000000000000000e+00
1.000000000000000000e+00
1.000000000000000000e+00
1.000000000000000000e+00
1.000000000000000000e+00
1.000000000000000000e+00
1.000000000000000000e+00
1.000000000000000000e+00
9.999999999999997780e-01
1.000000000000000000e+00
1.000000000000000000e+00
1.000000000000000000e+00
1.000000000000000000e+00
9.158611400687196591e-01
6.790444145700105238e-01
3.209555854299894762e-01
8.413885993128021601e-02
0.000000000000000000e+00
0.000000000000000000e+00
9.751160187570493436e-17
0.000000000000000000e+00
8.413885993128025764e-02
3.209555854299893096e-01
5.656120898164889166e-01
5.656120898164889166e-01
3.209555854299895872e-01
8.413885993128021601e-02
0.000000000000000000e+00
9.751160187570493436e-17
9.751160187570493436e-17
9.751160187570493436e-17
9.751160187570493436e-17
9.751160187570493436e-17
9.751160187570493436e-17
8.413885993128035479e-02
3.209555854299893651e-01
5.656120898164888056e-01
5.656120898164889166e-01
3.209555854299893096e-01
8.413885993128021601e-02
9.751160187570493436e-17
0.000000000000000000e+00
0.000000000000000000e+00
0.000000000000000000e+00
0.000000000000000000e+00
0.000000000000000000e+00
6.790444145700103018e-01
9.158611400687196591e-01
9.999999999999997780e-01
9.999999999999997780e-01
1.000000000000000000e+00
9.999999999999997780e-01
1.000000000000000000e+00
1.000000000000000000e+00
1.000000000000000000e+00
1.000000000000000000e+00
1.000000000000000000e+00
1.000000000000000000e+00
1.000000000000000000e+00
1.000000000000000000e+00
1.000000000000000000e+00
1.000000000000000000e+00
1.000000000000000000e+00
1.000000000000000000e+00
9.999999999999997780e-01
1.000000000000000000e+00
1.000000000000000000e+00
9.999999999999997780e-01
9.999999999999997780e-01
9.999999999999997780e-01
9.999999999999997780e-01
1.000000000000000000e+00
9.999999999999997780e-01
9.999999999999995559e-01
9.158611400687193260e-01
6.790444145700101908e-01
3.209555854299893096e-01
8.413885993128021601e-02
0.000000000000000000e+00
0.000000000000000000e+00
9.751160187570493436e-17
9.751160187570493436e-17
8.413885993128025764e-02
3.209555854299892541e-01
5.656120898164888056e-01
5.656120898164890276e-01
3.209555854299894762e-01
8.413885993128021601e-02
0.000000000000000000e+00
9.751160187570493436e-17
0.000000000000000000e+00
9.751160187570493436e-17
9.751160187570493436e-17
9.751160187570493436e-17
9.751160187570493436e-17
8.413885993128035479e-02
3.209555854299893651e-01
5.656120898164888056e-01
5.656120898164889166e-01
3.209555854299893096e-01
8.413885993128025764e-02
1.950232037514098687e-16
0.000000000000000000e+00
0.000000000000000000e+00
0.000000000000000000e+00
0.000000000000000000e+00
0.000000000000000000e+00
6.790444145700105238e-01
9.158611400687196591e-01
1.000000000000000000e+00
1.000000000000000000e+00
1.000000000000000000e+00
1.000000000000000000e+00
1.000000000000000000e+00
9.999999999999997780e-01
1.000000000000000000e+00
9.999999999999997780e-01
1.000000000000000000e+00
1.000000000000000000e+00
1.000000000000000000e+00
9.999999999999997780e-01
9.999999999999997780e-01
1.000000000000000000e+00
1.000000000000000000e+00
9.999999999999997780e-01
1.000000000000000000e+00
1.000000000000000000e+00
9.999999999999997780e-01
1.000000000000000000e+00
9.999999999999997780e-01
9.999999999999997780e-01
1.000000000000000000e+00
1.000000000000000000e+00
1.000000000000000000e+00
9.999999999999997780e-01
9.158611400687195481e-01
6.790444145700105238e-01
3.209555854299893096e-01
8.413885993128035479e-02
0.000000000000000000e+00
0.000000000000000000e+00
0.000000000000000000e+00
0.000000000000000000e+00
8.413885993128025764e-02
3.209555854299893096e-01
5.656120898164889166e-01
5.656120898164888056e-01
3.209555854299895317e-01
8.413885993128021601e-02
0.000000000000000000e+00
9.751160187570493436e-17
0.000000000000000000e+00
9.751160187570493436e-17
9.751160187570493436e-17
9.751160187570493436e-17
9.751160187570493436e-17
8.413885993128025764e-02
3.209555854299893096e-01
5.656120898164888056e-01
5.656120898164889166e-01
3.209555854299893096e-01
8.413885993128025764e-02
1.950232037514098687e-16
0.000000000000000000e+00
0.000000000000000000e+00
0.000000000000000000e+00
0.000000000000000000e+00
0.000000000000000000e+00
6.790444145700105238e-01
9.158611400687195481e-01
1.000000000000000000e+00
1.000000000000000000e+00
1.000000000000000000e+00
9.999999999999997780e-01
1.000000000000000000e+00
1.000000000000000000e+00
1.000000000000000000e+00
9.999999999999997780e-01
1.000000000000000000e+00
1.000000000000000000e+00
1.000000000000000000e+00
1.000000000000000000e+00
1.000000000000000000e+00
1.000000000000000000e+00
1.000000000000000000e+00
1.000000000000000000e+00
1.000000000000000000e+00
1.000000000000000000e+00
1.000000000000000000e+00
9.999999999999997780e-01
1.000000000000000000e+00
1.000000000000000000e+00
9.999999999999997780e-01
1.000000000000000000e+00
9.999999999999997780e-01
1.000000000000000000e+00
9.158611400687195481e-01
6.790444145700103018e-01
3.209555854299891431e-01
8.413885993128025764e-02
0.000000000000000000e+00
0.000000000000000000e+00
9.751160187570493436e-17
0.000000000000000000e+00
8.413885993128025764e-02
3.209555854299893096e-01
5.656120898164890276e-01
5.656120898164889166e-01
3.209555854299895872e-01
8.413885993128021601e-02
0.000000000000000000e+00
9.751160187570493436e-17
9.751160187570493436e-17
9.751160187570493436e-17
9.751160187570493436e-17
9.751160187570493436e-17
9.751160187570493436e-17
8.413885993128035479e-02
3.209555854299894762e-01
5.656120898164888056e-01
5.656120898164889166e-01
3.209555854299894762e-01
8.413885993128021601e-02
9.751160187570493436e-17
0.000000000000000000e+00
0.000000000000000000e+00
0.000000000000000000e+00
0.000000000000000000e+00
0.000000000000000000e+00
6.790444145700105238e-01
9.158611400687196591e-01
9.999999999999997780e-01
9.999999999999997780e-01
1.000000000000000000e+00
9.999999999999997780e-01
1.000000000000000000e+00
9.999999999999997780e-01
9.999999999999997780e-01
9.999999999999995559e-01
1.000000000000000000e+00
9.999999999999997780e-01
9.999999999999997780e-01
1.000000000000000000e+00
9.999999999999997780e-01
1.000000000000000000e+00
1.000000000000000000e+00
9.999999999999997780e-01
9.999999999999997780e-01
1.000000000000000000e+00
9.999999999999997780e-01
1.000000000000000000e+00
1.000000000000000000e+00
1.000000000000000000e+00
1.000000000000000000e+00
1.000000000000000000e+00
1.000000000000000000e+00
9.999999999999997780e-01
9.158611400687195481e-01
6.790444145700105238e-01
3.209555854299893096e-01
8.413885993128021601e-02
0.000000000000000000e+00
0.000000000000000000e+00
9.751160187570493436e-17
9.751160187570493436e-17
8.413885993128025764e-02
3.209555854299894762e-01
5.656120898164888056e-01
5.656120898164888056e-01
3.209555854299895317e-01
8.413885993128021601e-02
0.000000000000000000e+00
9.751160187570493436e-17
9.751160187570493436e-17
9.751160187570493436e-17
9.751160187570493436e-17
9.751160187570493436e-17
9.751160187570493436e-17
8.413885993128035479e-02
3.209555854299893651e-01
5.656120898164885835e-01
5.656120898164889166e-01
3.209555854299895317e-01
8.413885993128021601e-02
9.751160187570493436e-17
0.000000000000000000e+00
0.000000000000000000e+00
0.000000000000000000e+00
0.000000000000000000e+00
0.000000000000000000e+00
6.790444145700105238e-01
9.158611400687196591e-01
1.000000000000000000e+00
1.000000000000000000e+00
1.000000000000000000e+00
1.000000000000000000e+00
1.000000000000000000e+00
9.999999999999997780e-01
1.000000000000000000e+00
1.000000000000000000e+00
9.999999999999997780e-01
9.999999999999997780e-01
1.000000000000000000e+00
1.000000000000000000e+00
1.000000000000000000e+00
1.000000000000000000e+00
1.000000000000000000e+00
1.000000000000000000e+00
9.999999999999997780e-01
1.000000000000000000e+00
1.000000000000000000e+00
9.999999999999997780e-01
1.000000000000000000e+00
9.999999999999997780e-01
1.000000000000000000e+00
1.000000000000000000e+00
9.999999999999997780e-01
1.000000000000000000e+00
9.158611400687195481e-01
6.790444145700106349e-01
3.209555854299893096e-01
8.413885993128025764e-02
0.000000000000000000e+00
0.000000000000000000e+00
9.751160187570493436e-17
9.751160187570493436e-17
8.413885993128025764e-02
3.209555854299893651e-01
5.656120898164889166e-01
5.656120898164888056e-01
3.209555854299894762e-01
8.413885993128021601e-02
0.000000000000000000e+00
0.000000000000000000e+00
9.751160187570493436e-17
9.751160187570493436e-17
9.751160187570493436e-17
9.751160187570493436e-17
9.751160187570493436e-17
8.413885993128041030e-02
3.209555854299893651e-01
5.656120898164884725e-01
5.656120898164888056e-01
3.209555854299895317e-01
8.413885993128021601e-02
9.751160187570493436e-17
0.000000000000000000e+00
0.000000000000000000e+00
9.751160187570493436e-17
0.000000000000000000e+00
0.000000000000000000e+00
6.400304116336062998e-01
8.915511230237186391e-01
9.952992682735929408e-01
1.000000000000000000e+00
1.000000000000000000e+00
1.000000000000000000e+00
9.999999999999997780e-01
1.000000000000000000e+00
1.000000000000000000e+00
9.999999999999997780e-01
1.000000000000000000e+00
1.000000000000000000e+00
9.999999999999997780e-01
9.999999999999997780e-01
9.999999999999997780e-01
1.000000000000000000e+00
9.999999999999997780e-01
9.999999999999997780e-01
1.000000000000000000e+00
1.000000000000000000e+00
9.999999999999997780e-01
9.999999999999997780e-01
9.999999999999997780e-01
9.999999999999997780e-01
9.999999999999997780e-01
1.000000000000000000e+00
1.000000000000000000e+00
9.952992682735927188e-01
8.915511230237177509e-01
6.400304116336065219e-01
2.916315579358053078e-01
7.878760395579101350e-02
0.000000000000000000e+00
0.000000000000000000e+00
9.751160187570493436e-17
1.950232037514098687e-16
8.413885993128035479e-02
3.209555854299893096e-01
5.656120898164890276e-01
5.656120898164888056e-01
3.209555854299894762e-01
8.413885993128021601e-02
0.000000000000000000e+00
9.751160187570493436e-17
9.751160187570493436e-17
9.751160187570493436e-17
9.751160187570493436e-17
9.751160187570493436e-17
9.751160187570493436e-17
8.413885993128035479e-02
3.209555854299894762e-01
5.656120898164885835e-01
5.656120898164889166e-01
3.209555854299894762e-01
8.413885993128035479e-02
9.751160187570493436e-17
0.000000000000000000e+00
0.000000000000000000e+00
0.000000000000000000e+00
0.000000000000000000e+00
0.000000000000000000e+00
5.296911918191609114e-01
8.037047257937952605e-01
9.515937576641999573e-01
9.952992682735929408e-01
9.999999999999997780e-01
9.999999999999997780e-01
9.999999999999997780e-01
9.999999999999997780e-01
1.000000000000000000e+00
9.999999999999997780e-01
9.999999999999997780e-01
1.000000000000000000e+00
9.999999999999997780e-01
9.999999999999997780e-01
1.000000000000000000e+00
1.000000000000000000e+00
1.000000000000000000e+00
1.000000000000000000e+00
1.000000000000000000e+00
9.999999999999997780e-01
9.999999999999997780e-01
9.999999999999997780e-01
1.000000000000000000e+00
1.000000000000000000e+00
9.999999999999994449e-01
1.000000000000000000e+00
9.952992682735929408e-01
9.515937576641999573e-01
8.037047257937951494e-01
5.296911918191610225e-01
2.261056293919748994e-01
5.545295069269803173e-02
0.000000000000000000e+00
0.000000000000000000e+00
0.000000000000000000e+00
4.700731726406986305e-03
1.084488769762817079e-01
3.599695883663934781e-01
6.030087008074794808e-01
6.030087008074795918e-01
3.599695883663935891e-01
1.084488769762817079e-01
4.700731726406986305e-03
9.751160187570493436e-17
9.751160187570493436e-17
9.751160187570493436e-17
9.751160187570493436e-17
9.751160187570493436e-17
4.700731726406986305e-03
1.084488769762819022e-01
3.599695883663934781e-01
6.030087008074793697e-01
6.030087008074795918e-01
3.599695883663934781e-01
1.084488769762816524e-01
4.700731726407181461e-03
0.000000000000000000e+00
0.000000000000000000e+00
0.000000000000000000e+00
0.000000000000000000e+00
0.000000000000000000e+00
3.462524506348069742e-01
6.537475493651925262e-01
8.702480359024120649e-01
9.738601466756831027e-01
1.000000000000000000e+00
9.999999999999997780e-01
9.999999999999997780e-01
9.999999999999997780e-01
9.999999999999997780e-01
9.999999999999997780e-01
9.999999999999997780e-01
1.000000000000000000e+00
1.000000000000000000e+00
1.000000000000000000e+00
1.000000000000000000e+00
1.000000000000000000e+00
1.000000000000000000e+00
1.000000000000000000e+00
1.000000000000000000e+00
1.000000000000000000e+00
9.999999999999997780e-01
9.999999999999997780e-01
9.999999999999997780e-01
9.999999999999997780e-01
9.999999999999997780e-01
1.000000000000000000e+00
9.738601466756831027e-01
8.702480359024120649e-01
6.537475493651925262e-01
3.462524506348069742e-01
1.297519640975873245e-01
2.613985332431700143e-02
0.000000000000000000e+00
0.000000000000000000e+00
0.000000000000000000e+00
2.613985332431700143e-02
1.613470074816233113e-01
4.395662291345495132e-01
6.950007327940299628e-01
7.015712932312602179e-01
4.703088081808389775e-01
1.962952742062047395e-01
4.840624233579990388e-02
4.700731726406986305e-03
9.751160187570493436e-17
9.751160187570493436e-17
9.751160187570493436e-17
4.700731726406986305e-03
4.840624233579990388e-02
1.962952742062047395e-01
4.703088081808387555e-01
7.015712932312604400e-01
6.950007327940301849e-01
4.395662291345496242e-01
1.613470074816232280e-01
2.613985332431709857e-02
0.000000000000000000e+00
0.000000000000000000e+00
9.751160187570493436e-17
0.000000000000000000e+00
0.000000000000000000e+00
1.902163170615142063e-01
4.395662291345497352e-01
7.369624557500399353e-01
9.212123960442092363e-01
9.952992682735929408e-01
9.999999999999997780e-01
9.999999999999997780e-01
9.999999999999995559e-01
1.000000000000000000e+00
9.999999999999997780e-01
1.000000000000000000e+00
1.000000000000000000e+00
1.000000000000000000e+00
1.000000000000000000e+00
1.000000000000000000e+00
1.000000000000000000e+00
9.999999999999997780e-01
1.000000000000000000e+00
9.999999999999997780e-01
1.000000000000000000e+00
9.999999999999995559e-01
1.000000000000000000e+00
9.999999999999997780e-01
1.000000000000000000e+00
9.999999999999997780e-01
9.952992682735929408e-01
9.212123960442091253e-01
7.369624557500399353e-01
4.395662291345492356e-01
1.902163170615141230e-01
4.840624233579990388e-02
4.700731726406986305e-03
0.000000000000000000e+00
0.000000000000000000e+00
4.700731726407084317e-03
7.878760395579091635e-02
2.694706090585932134e-01
5.910282815081352448e-01
8.120601015971322667e-01
8.386529925183764389e-01
6.604494808293231989e-01
3.763070560803210562e-01
1.635651838879514097e-01
4.840624233580000102e-02
4.700731726406986305e-03
9.751160187570493436e-17
4.700731726407084317e-03
4.840624233580000102e-02
1.635651838879514652e-01
3.763070560803212228e-01
6.604494808293233099e-01
8.386529925183764389e-01
8.120601015971323777e-01
5.910282815081352448e-01
2.694706090585932690e-01
7.878760395579101350e-02
4.700731726406889160e-03
0.000000000000000000e+00
9.751160187570493436e-17
0.000000000000000000e+00
0.000000000000000000e+00
7.878760395579101350e-02
2.630375442499597316e-01
5.604337708654498762e-01
8.097836829384861268e-01
9.515937576641999573e-01
9.952992682735927188e-01
9.999999999999997780e-01
9.999999999999997780e-01
9.999999999999997780e-01
9.999999999999997780e-01
1.000000000000000000e+00
1.000000000000000000e+00
9.999999999999997780e-01
9.999999999999997780e-01
9.999999999999997780e-01
9.999999999999997780e-01
1.000000000000000000e+00
9.999999999999997780e-01
9.999999999999997780e-01
1.000000000000000000e+00
9.999999999999997780e-01
9.999999999999997780e-01
1.000000000000000000e+00
9.999999999999997780e-01
9.952992682735929408e-01
9.515937576641999573e-01
8.097836829384857937e-01
5.604337708654498762e-01
2.630375442499596206e-01
7.878760395579091635e-02
4.700731726406889160e-03
0.000000000000000000e+00
0.000000000000000000e+00
4.700731726406889160e-03
4.840624233579990388e-02
1.902163170615139287e-01
4.395662291345497352e-01
7.369624557500400464e-01
9.158611400687196591e-01
9.464799891147323008e-01
8.364348161120485070e-01
6.236929439196785552e-01
3.395505191706763570e-01
1.297519640975874633e-01
2.613985332431700143e-02
9.751160187570493436e-17
2.613985332431709857e-02
1.297519640975874633e-01
3.395505191706765236e-01
6.236929439196785552e-01
8.364348161120483960e-01
9.464799891147323008e-01
9.158611400687196591e-01
7.369624557500400464e-01
4.395662291345497352e-01
1.902163170615140120e-01
4.840624233579970959e-02
4.700731726406986305e-03
0.000000000000000000e+00
0.000000000000000000e+00
0.000000000000000000e+00
2.613985332431719572e-02
1.297519640975876021e-01
3.462524506348072517e-01
6.537475493651930813e-01
8.702480359024123979e-01
9.738601466756828806e-01
1.000000000000000000e+00
9.999999999999997780e-01
1.000000000000000000e+00
9.999999999999997780e-01
1.000000000000000000e+00
9.999999999999997780e-01
9.999999999999997780e-01
1.000000000000000000e+00
1.000000000000000000e+00
9.999999999999997780e-01
1.000000000000000000e+00
9.999999999999997780e-01
9.999999999999997780e-01
1.000000000000000000e+00
1.000000000000000000e+00
1.000000000000000000e+00
9.999999999999997780e-01
1.000000000000000000e+00
9.738601466756831027e-01
8.702480359024127310e-01
6.537475493651928593e-01
3.462524506348069187e-01
1.297519640975872690e-01
2.613985332431690428e-02
0.000000000000000000e+00
9.751160187570493436e-17
4.700731726407084317e-03
4.840624233579990388e-02
1.635651838879514097e-01
3.763070560803212228e-01
6.604494808293231989e-01
8.702480359024121759e-01
9.738601466756828806e-01
9.952992682735929408e-01
9.515937576641999573e-01
8.097836829384859048e-01
5.604337708654498762e-01
2.630375442499597316e-01
7.878760395579091635e-02
9.443441352838083738e-03
7.878760395579101350e-02
2.630375442499597316e-01
5.604337708654503203e-01
8.097836829384859048e-01
9.515937576641999573e-01
9.952992682735929408e-01
9.738601466756828806e-01
8.702480359024121759e-01
6.604494808293231989e-01
3.763070560803212228e-01
1.635651838879514097e-01
4.840624233579990388e-02
4.700731726407084317e-03
0.000000000000000000e+00
0.000000000000000000e+00
4.700731726407084317e-03
4.840624233580000102e-02
1.902163170615139287e-01
4.326794151686115253e-01
7.081181236063780471e-01
8.894630372288051534e-01
9.738601466756828806e-01
9.952992682735931629e-01
1.000000000000000000e+00
1.000000000000000000e+00
1.000000000000000000e+00
9.999999999999997780e-01
9.999999999999997780e-01
9.999999999999997780e-01
9.999999999999997780e-01
1.000000000000000000e+00
1.000000000000000000e+00
9.999999999999997780e-01
9.999999999999994449e-01
1.000000000000000000e+00
1.000000000000000000e+00
9.999999999999997780e-01
9.952992682735931629e-01
9.738601466756831027e-01
8.894630372288052644e-01
7.081181236063781581e-01
4.326794151686116918e-01
1.902163170615139287e-01
4.840624233579990388e-02
4.700731726406986305e-03
9.751160187570493436e-17
9.751160187570493436e-17
2.613985332431690428e-02
1.297519640975873800e-01
3.395505191706765236e-01
6.236929439196785552e-01
8.364348161120481739e-01
9.515937576641999573e-01
9.952992682735929408e-01
9.999999999999997780e-01
9.952992682735931629e-01
9.212123960442089032e-01
7.305293909414065645e-01
4.089717184918646442e-01
1.554708176682167153e-01
5.352001088526746331e-02
1.554708176682168541e-01
4.089717184918646442e-01
7.305293909414067866e-01
9.212123960442089032e-01
9.952992682735929408e-01
1.000000000000000000e+00
9.952992682735929408e-01
9.515937576641999573e-01
8.364348161120481739e-01
6.236929439196788882e-01
3.395505191706764125e-01
1.297519640975874633e-01
2.613985332431709857e-02
9.751160187570493436e-17
9.751160187570493436e-17
9.751160187570493436e-17
4.700731726407084317e-03
7.878760395579116615e-02
2.347341384359725447e-01
4.896152780579117181e-01
7.081181236063780471e-01
8.702480359024125089e-01
9.515937576641999573e-01
9.952992682735929408e-01
9.999999999999997780e-01
9.999999999999997780e-01
9.999999999999997780e-01
1.000000000000000000e+00
1.000000000000000000e+00
9.999999999999997780e-01
1.000000000000000000e+00
9.999999999999997780e-01
9.999999999999997780e-01
9.999999999999997780e-01
9.999999999999997780e-01
9.999999999999997780e-01
9.952992682735927188e-01
9.515937576641999573e-01
8.702480359024125089e-01
7.081181236063780471e-01
4.896152780579119401e-01
2.347341384359723504e-01
7.878760395579116615e-02
4.700731726406889160e-03
0.000000000000000000e+00
0.000000000000000000e+00
4.700731726406889160e-03
7.878760395579086084e-02
2.630375442499596761e-01
5.604337708654500982e-01
8.097836829384859048e-01
9.515937576641999573e-01
9.952992682735929408e-01
1.000000000000000000e+00
1.000000000000000000e+00
1.000000000000000000e+00
9.689310802063590966e-01
8.120601015971322667e-01
5.201729235371358451e-01
2.047135546144142060e-01
1.049943133306102949e-01
2.047135546144143448e-01
5.201729235371358451e-01
8.120601015971322667e-01
9.689310802063593187e-01
1.000000000000000000e+00
9.999999999999997780e-01
1.000000000000000000e+00
9.952992682735927188e-01
9.515937576641999573e-01
8.097836829384859048e-01
5.604337708654500982e-01
2.630375442499597871e-01
7.878760395579086084e-02
4.700731726407084317e-03
9.751160187570493436e-17
0.000000000000000000e+00
0.000000000000000000e+00
2.613985332431700143e-02
9.722273517391114006e-02
2.347341384359722949e-01
4.326794151686111367e-01
6.537475493651933034e-01
8.097836829384853496e-01
9.212123960442091253e-01
9.738601466756828806e-01
9.952992682735927188e-01
9.999999999999997780e-01
9.999999999999997780e-01
9.999999999999997780e-01
9.999999999999997780e-01
9.999999999999997780e-01
9.999999999999997780e-01
9.999999999999997780e-01
9.999999999999997780e-01
9.952992682735927188e-01
9.738601466756828806e-01
9.212123960442091253e-01
8.097836829384856827e-01
6.537475493651928593e-01
4.326794151686113588e-01
2.347341384359727390e-01
9.722273517391129272e-02
2.613985332431709857e-02
9.751160187570493436e-17
0.000000000000000000e+00
4.700731726406986305e-03
4.840624233579990388e-02
1.902163170615142618e-01
4.395662291345501238e-01
7.369624557500399353e-01
9.212123960442091253e-01
9.952992682735927188e-01
9.999999999999997780e-01
9.999999999999997780e-01
9.999999999999997780e-01
9.952992682735931629e-01
9.464799891147325228e-01
7.762416713468999196e-01
4.893500879087337996e-01
1.985890040231300391e-01
1.049943133306102949e-01
1.985890040231300946e-01
4.893500879087336886e-01
7.762416713469001417e-01
9.464799891147327449e-01
9.952992682735929408e-01
9.999999999999997780e-01
9.999999999999997780e-01
9.999999999999997780e-01
9.952992682735929408e-01
9.212123960442091253e-01
7.369624557500398243e-01
4.395662291345497907e-01
1.902163170615145116e-01
4.840624233580000102e-02
4.700731726406889160e-03
0.000000000000000000e+00
0.000000000000000000e+00
4.700731726406986305e-03
2.613985332431700143e-02
7.878760395579101350e-02
1.902163170615140120e-01
3.462524506348071407e-01
5.604337708654500982e-01
7.369624557500399353e-01
8.702480359024123979e-01
9.515937576641999573e-01
9.952992682735927188e-01
9.999999999999997780e-01
1.000000000000000000e+00
9.999999999999997780e-01
1.000000000000000000e+00
1.000000000000000000e+00
9.999999999999997780e-01
9.952992682735927188e-01
9.515937576641999573e-01
8.702480359024121759e-01
7.369624557500400464e-01
5.604337708654502093e-01
3.462524506348072517e-01
1.902163170615140675e-01
7.878760395579126330e-02
2.613985332431690428e-02
4.700731726406986305e-03
0.000000000000000000e+00
4.700731726406791149e-03
4.840624233580000102e-02
1.635651838879516040e-01
3.763070560803212228e-01
6.604494808293234209e-01
8.702480359024121759e-01
9.738601466756825475e-01
9.999999999999997780e-01
1.000000000000000000e+00
9.999999999999997780e-01
9.952992682735927188e-01
9.515937576642002904e-01
8.364348161120483960e-01
6.236929439196785552e-01
3.395505191706766346e-01
1.297519640975874633e-01
5.352001088526746331e-02
1.297519640975876021e-01
3.395505191706766346e-01
6.236929439196788882e-01
8.364348161120483960e-01
9.515937576641999573e-01
9.952992682735929408e-01
9.999999999999997780e-01
1.000000000000000000e+00
1.000000000000000000e+00
9.738601466756831027e-01
8.702480359024121759e-01
6.604494808293234209e-01
3.763070560803212228e-01
1.635651838879516595e-01
4.840624233580000102e-02
0.000000000000000000e+00
0.000000000000000000e+00
0.000000000000000000e+00
9.751160187570493436e-17
4.700731726406986305e-03
4.840624233579970959e-02
1.297519640975874633e-01
2.630375442499597871e-01
4.395662291345497352e-01
6.537475493651928593e-01
8.037047257937952605e-01
8.915511230237181950e-01
9.158611400687195481e-01
9.158611400687196591e-01
9.158611400687196591e-01
9.158611400687196591e-01
9.158611400687196591e-01
9.158611400687196591e-01
8.915511230237181950e-01
8.037047257937952605e-01
6.537475493651925262e-01
4.395662291345497907e-01
2.630375442499597316e-01
1.297519640975874633e-01
4.840624233580000102e-02
4.700731726407181461e-03
0.000000000000000000e+00
0.000000000000000000e+00
4.700731726406986305e-03
4.840624233579990388e-02
1.635651838879514097e-01
3.695285670710552473e-01
6.304714329289438091e-01
8.364348161120485070e-01
9.515937576641995133e-01
9.952992682735927188e-01
1.000000000000000000e+00
9.999999999999997780e-01
9.952992682735929408e-01
9.515937576641999573e-01
8.364348161120485070e-01
6.304714329289445862e-01
3.695285670710555248e-01
1.635651838879515207e-01
4.840624233580000102e-02
9.443441352838083738e-03
4.840624233580000102e-02
1.635651838879516040e-01
3.695285670710558024e-01
6.304714329289445862e-01
8.364348161120485070e-01
9.515937576641999573e-01
9.952992682735931629e-01
1.000000000000000000e+00
1.000000000000000000e+00
9.952992682735929408e-01
9.515937576641999573e-01
8.364348161120483960e-01
6.304714329289440311e-01
3.695285670710556358e-01
1.635651838879514097e-01
2.798782136754751279e-02
2.125253378533351750e-02
4.700731726407084317e-03
1.950232037514098687e-16
9.751160187570493436e-17
4.700731726406986305e-03
2.613985332431709857e-02
7.878760395579101350e-02
1.902163170615140675e-01
3.462524506348071407e-01
5.296911918191613555e-01
6.400304116336067439e-01
6.790444145700106349e-01
6.790444145700105238e-01
6.790444145700107459e-01
6.790444145700107459e-01
6.790444145700107459e-01
6.790444145700107459e-01
6.400304116336067439e-01
5.296911918191614665e-01
3.462524506348072517e-01
1.902163170615140675e-01
7.878760395579101350e-02
2.613985332431709857e-02
4.700731726406986305e-03
1.950232037514098687e-16
9.751160187570493436e-17
4.700731726407181461e-03
4.840624233580000102e-02
1.635651838879514097e-01
3.695285670710554138e-01
6.304714329289443642e-01
8.364348161120481739e-01
9.515937576641999573e-01
9.952992682735927188e-01
1.000000000000000000e+00
9.999999999999997780e-01
1.000000000000000000e+00
9.738601466756828806e-01
8.702480359024121759e-01
6.604494808293236430e-01
3.763070560803212228e-01
1.635651838879514097e-01
4.840624233579990388e-02
4.700731726406986305e-03
9.751160187570493436e-17
4.700731726407084317e-03
4.840624233580000102e-02
1.635651838879516595e-01
3.763070560803214448e-01
6.604494808293234209e-01
8.702480359024125089e-01
9.738601466756831027e-01
1.000000000000000000e+00
9.999999999999997780e-01
9.999999999999997780e-01
9.952992682735927188e-01
9.515937576641999573e-01
8.364348161120481739e-01
6.236929439196788882e-01
3.395505191706764681e-01
1.126305430152459847e-01
9.928077497554443909e-02
4.840624233580009816e-02
4.700731726407084317e-03
9.751160187570493436e-17
0.000000000000000000e+00
0.000000000000000000e+00
4.700731726406889160e-03
4.840624233579990388e-02
1.297519640975874633e-01
2.261056293919749549e-01
2.916315579358053078e-01
3.209555854299894762e-01
3.209555854299896427e-01
3.209555854299894762e-01
3.209555854299895872e-01
3.209555854299894762e-01
3.209555854299895317e-01
2.916315579358055299e-01
2.261056293919749549e-01
1.297519640975873245e-01
4.840624233580009816e-02
4.700731726407084317e-03
1.950232037514098687e-16
9.751160187570493436e-17
2.925348056271148031e-16
4.700731726407181461e-03
4.840624233580009816e-02
1.635651838879516040e-01
3.695285670710554138e-01
6.304714329289443642e-01
8.364348161120481739e-01
9.515937576641999573e-01
9.952992682735931629e-01
9.999999999999997780e-01
9.999999999999997780e-01
1.000000000000000000e+00
9.952992682735931629e-01
9.212123960442089032e-01
7.369624557500402684e-01
4.395662291345497907e-01
1.902163170615139287e-01
4.840624233580000102e-02
4.700731726406986305e-03
9.751160187570493436e-17
9.751160187570493436e-17
9.751160187570493436e-17
4.700731726406986305e-03
4.840624233580000102e-02
1.902163170615140675e-01
4.395662291345497352e-01
7.369624557500400464e-01
9.212123960442089032e-01
9.952992682735929408e-01
1.000000000000000000e+00
1.000000000000000000e+00
1.000000000000000000e+00
9.952992682735927188e-01
9.515937576641999573e-01
8.037047257937951494e-01
5.296911918191610225e-01
2.808040235497705206e-01
2.654525963314271486e-01
1.635651838879516040e-01
4.840624233580000102e-02
4.700731726406986305e-03
0.000000000000000000e+00
9.751160187570493436e-17
9.751160187570493436e-17
4.700731726406986305e-03
2.613985332431709857e-02
5.545295069269812888e-02
7.878760395579091635e-02
8.413885993128021601e-02
8.413885993128021601e-02
8.413885993128021601e-02
8.413885993128035479e-02
8.413885993128035479e-02
8.413885993128025764e-02
7.878760395579105513e-02
5.545295069269822602e-02
2.613985332431700143e-02
4.700731726406986305e-03
9.751160187570493436e-17
0.000000000000000000e+00
0.000000000000000000e+00
4.700731726407278606e-03
4.840624233580000102e-02
1.635651838879516595e-01
3.695285670710555248e-01
6.304714329289443642e-01
8.364348161120483960e-01
9.515937576641995133e-01
9.952992682735929408e-01
1.000000000000000000e+00
9.999999999999995559e-01
1.000000000000000000e+00
9.952992682735927188e-01
9.515937576641999573e-01
8.097836829384856827e-01
5.604337708654500982e-01
2.630375442499597871e-01
7.878760395579091635e-02
4.700731726407084317e-03
0.000000000000000000e+00
0.000000000000000000e+00
9.751160187570493436e-17
9.751160187570493436e-17
0.000000000000000000e+00
4.700731726407084317e-03
7.878760395579105513e-02
2.630375442499596761e-01
5.604337708654502093e-01
8.097836829384857937e-01
9.515937576642000684e-01
9.952992682735927188e-01
1.000000000000000000e+00
9.999999999999997780e-01
9.999999999999997780e-01
9.952992682735927188e-01
8.915511230237186391e-01
6.400304116336067439e-01
4.683276652759562064e-01
5.155887031897233852e-01
3.763070560803212228e-01
1.902163170615142063e-01
7.878760395579101350e-02
2.613985332431700143e-02
4.700731726406986305e-03
9.751160187570493436e-17
0.000000000000000000e+00
9.751160187570493436e-17
9.751160187570493436e-17
0.000000000000000000e+00
9.751160187570493436e-17
0.000000000000000000e+00
1.950232037514098687e-16
2.925348056271148031e-16
2.925348056271148031e-16
1.950232037514098687e-16
9.751160187570493436e-17
9.751160187570493436e-17
9.751160187570493436e-17
9.751160187570493436e-17
9.751160187570493436e-17
4.700731726407084317e-03
2.613985332431690428e-02
7.878760395579116615e-02
1.902163170615142063e-01
3.763070560803215003e-01
6.304714329289441421e-01
8.364348161120483960e-01
9.515937576641999573e-01
9.952992682735929408e-01
9.999999999999995559e-01
9.999999999999997780e-01
9.999999999999997780e-01
9.952992682735929408e-01
9.515937576641999573e-01
8.364348161120483960e-01
6.236929439196786662e-01
3.395505191706767456e-01
1.297519640975877131e-01
2.613985332431690428e-02
9.751160187570493436e-17
0.000000000000000000e+00
9.751160187570493436e-17
9.751160187570493436e-17
9.751160187570493436e-17
9.751160187570493436e-17
9.751160187570493436e-17
2.613985332431700143e-02
1.297519640975874633e-01
3.395505191706765236e-01
6.236929439196788882e-01
8.364348161120483960e-01
9.515937576641999573e-01
9.952992682735929408e-01
9.999999999999997780e-01
9.999999999999997780e-01
9.999999999999997780e-01
9.158611400687196591e-01
6.790444145700106349e-01
6.123914065750315494e-01
7.329507752469857085e-01
6.604494808293233099e-01
4.395662291345497907e-01
2.630375442499598426e-01
1.297519640975873800e-01
4.840624233579990388e-02
4.700731726406889160e-03
0.000000000000000000e+00
9.751160187570493436e-17
0.000000000000000000e+00
0.000000000000000000e+00
9.751160187570493436e-17
2.925348056271148031e-16
9.751160187570493436e-17
9.751160187570493436e-17
9.751160187570493436e-17
9.751160187570493436e-17
0.000000000000000000e+00
0.000000000000000000e+00
0.000000000000000000e+00
9.751160187570493436e-17
4.700731726407084317e-03
4.840624233580000102e-02
1.297519640975874633e-01
2.630375442499600647e-01
4.395662291345500128e-01
6.604494808293236430e-01
8.364348161120485070e-01
9.515937576641999573e-01
9.952992682735929408e-01
9.999999999999997780e-01
9.999999999999997780e-01
1.000000000000000000e+00
9.952992682735929408e-01
9.515937576641999573e-01
8.364348161120487291e-01
6.304714329289445862e-01
3.695285670710554138e-01
1.635651838879516040e-01
4.840624233580009816e-02
4.700731726406986305e-03
9.751160187570493436e-17
0.000000000000000000e+00
9.751160187570493436e-17
0.000000000000000000e+00
0.000000000000000000e+00
9.751160187570493436e-17
9.751160187570493436e-17
4.700731726406986305e-03
4.840624233580000102e-02
1.635651838879514652e-01
3.695285670710555248e-01
6.304714329289443642e-01
8.364348161120485070e-01
9.515937576641999573e-01
9.952992682735931629e-01
9.999999999999997780e-01
9.999999999999997780e-01
9.158611400687196591e-01
6.790444145700105238e-01
6.723981104879001025e-01
8.607316937702023107e-01
8.702480359024127310e-01
7.369624557500399353e-01
5.604337708654498762e-01
3.395505191706764681e-01
1.635651838879516040e-01
4.840624233580000102e-02
4.700731726406986305e-03
9.751160187570493436e-17
1.950232037514098687e-16
0.000000000000000000e+00
9.751160187570493436e-17
0.000000000000000000e+00
9.751160187570493436e-17
9.751160187570493436e-17
1.950232037514098687e-16
9.751160187570493436e-17
9.751160187570493436e-17
1.950232037514098687e-16
9.751160187570493436e-17
4.700731726406986305e-03
4.840624233580009816e-02
1.635651838879514097e-01
3.395505191706763570e-01
5.604337708654503203e-01
7.369624557500402684e-01
8.702480359024125089e-01
9.515937576641999573e-01
9.952992682735931629e-01
9.999999999999997780e-01
9.999999999999995559e-01
1.000000000000000000e+00
9.952992682735929408e-01
9.515937576641999573e-01
8.364348161120485070e-01
6.304714329289440311e-01
3.695285670710557469e-01
1.635651838879515207e-01
4.840624233580000102e-02
4.700731726407084317e-03
0.000000000000000000e+00
9.751160187570493436e-17
0.000000000000000000e+00
9.751160187570493436e-17
0.000000000000000000e+00
9.751160187570493436e-17
9.751160187570493436e-17
9.751160187570493436e-17
1.950232037514098687e-16
4.700731726406986305e-03
4.840624233580000102e-02
1.635651838879514652e-01
3.695285670710557469e-01
6.304714329289440311e-01
8.364348161120487291e-01
9.515937576641999573e-01
9.952992682735927188e-01
9.999999999999997780e-01
9.158611400687196591e-01
6.790444145700105238e-01
6.790444145700103018e-01
9.104697899695727292e-01
9.738601466756828806e-01
9.212123960442089032e-01
8.097836829384856827e-01
6.236929439196785552e-01
3.763070560803215003e-01
1.902163170615139287e-01
7.878760395579091635e-02
2.613985332431700143e-02
4.700731726407084317e-03
0.000000000000000000e+00
0.000000000000000000e+00
9.751160187570493436e-17
9.751160187570493436e-17
0.000000000000000000e+00
9.751160187570493436e-17
0.000000000000000000e+00
0.000000000000000000e+00
4.700731726406986305e-03
2.613985332431700143e-02
7.878760395579091635e-02
1.902163170615140675e-01
3.763070560803212783e-01
6.236929439196785552e-01
8.097836829384861268e-01
9.212123960442091253e-01
9.738601466756831027e-01
9.952992682735929408e-01
1.000000000000000000e+00
1.000000000000000000e+00
9.999999999999997780e-01
9.952992682735929408e-01
9.515937576642000684e-01
8.364348161120483960e-01
6.304714329289441421e-01
3.695285670710554138e-01
1.635651838879516040e-01
4.840624233579990388e-02
4.700731726406889160e-03
1.950232037514098687e-16
1.950232037514098687e-16
1.950232037514098687e-16
0.000000000000000000e+00
9.751160187570493436e-17
0.000000000000000000e+00
0.000000000000000000e+00
9.751160187570493436e-17
1.950232037514098687e-16
1.950232037514098687e-16
9.751160187570493436e-17
4.700731726406889160e-03
4.840624233579990388e-02
1.635651838879516040e-01
3.695285670710554693e-01
6.304714329289445862e-01
8.364348161120481739e-01
9.515937576641999573e-01
9.952992682735931629e-01
9.158611400687195481e-01
6.790444145700105238e-01
6.790444145700106349e-01
9.158611400687196591e-01
9.999999999999997780e-01
9.952992682735931629e-01
9.515937576641999573e-01
8.364348161120483960e-01
6.604494808293233099e-01
4.395662291345497352e-01
2.694706090585932134e-01
1.613470074816233668e-01
1.084488769762818466e-01
8.413885993128021601e-02
8.413885993128011886e-02
8.413885993128035479e-02
8.413885993128021601e-02
8.413885993128021601e-02
8.413885993128021601e-02
8.413885993128021601e-02
8.413885993128021601e-02
1.084488769762817079e-01
1.613470074816233113e-01
2.694706090585932134e-01
4.395662291345497352e-01
6.604494808293233099e-01
8.364348161120483960e-01
9.515937576642002904e-01
9.952992682735931629e-01
9.999999999999997780e-01
9.999999999999997780e-01
1.000000000000000000e+00
1.000000000000000000e+00
9.952992682735931629e-01
9.515937576641999573e-01
8.364348161120483960e-01
6.304714329289440311e-01
3.695285670710554138e-01
1.635651838879514652e-01
4.840624233579990388e-02
4.700731726406986305e-03
0.000000000000000000e+00
2.925348056271148031e-16
0.000000000000000000e+00
9.751160187570493436e-17
0.000000000000000000e+00
9.751160187570493436e-17
0.000000000000000000e+00
9.751160187570493436e-17
9.751160187570493436e-17
9.751160187570493436e-17
9.751160187570493436e-17
1.950232037514098687e-16
1.950232037514098687e-16
4.700731726406986305e-03
4.840624233579990388e-02
1.635651838879515207e-01
3.695285670710558024e-01
6.304714329289440311e-01
8.364348161120483960e-01
9.515937576641999573e-01
9.104697899695727292e-01
6.790444145700105238e-01
6.790444145700105238e-01
9.158611400687195481e-01
1.000000000000000000e+00
1.000000000000000000e+00
9.952992682735929408e-01
9.515937576641999573e-01
8.702480359024121759e-01
7.369624557500400464e-01
5.910282815081353558e-01
4.395662291345497352e-01
3.599695883663934781e-01
3.209555854299895872e-01
3.209555854299893651e-01
3.209555854299893096e-01
3.209555854299891431e-01
3.209555854299893651e-01
3.209555854299895872e-01
3.209555854299893096e-01
3.209555854299893096e-01
3.599695883663937002e-01
4.395662291345493466e-01
5.910282815081352448e-01
7.369624557500399353e-01
8.702480359024123979e-01
9.515937576641999573e-01
9.952992682735931629e-01
1.000000000000000000e+00
1.000000000000000000e+00
9.999999999999997780e-01
1.000000000000000000e+00
9.952992682735929408e-01
9.515937576641999573e-01
8.364348161120478409e-01
6.304714329289441421e-01
3.695285670710554693e-01
1.635651838879514652e-01
4.840624233580009816e-02
4.700731726407181461e-03
0.000000000000000000e+00
0.000000000000000000e+00
9.751160187570493436e-17
0.000000000000000000e+00
9.751160187570493436e-17
0.000000000000000000e+00
9.751160187570493436e-17
9.751160187570493436e-17
9.751160187570493436e-17
9.751160187570493436e-17
9.751160187570493436e-17
1.950232037514098687e-16
0.000000000000000000e+00
0.000000000000000000e+00
1.950232037514098687e-16
4.700731726407084317e-03
4.840624233580009816e-02
1.635651838879514097e-01
3.695285670710553583e-01
6.304714329289440311e-01
8.364348161120479519e-01
8.607316937702024218e-01
6.723981104878997694e-01
6.790444145700107459e-01
9.158611400687196591e-01
1.000000000000000000e+00
9.999999999999997780e-01
9.999999999999997780e-01
9.952992682735931629e-01
9.738601466756831027e-01
9.158611400687196591e-01
8.120601015971323777e-01
6.950007327940299628e-01
6.030087008074800359e-01
5.656120898164889166e-01
5.656120898164889166e-01
5.656120898164888056e-01
5.656120898164888056e-01
5.656120898164889166e-01
5.656120898164892496e-01
5.656120898164889166e-01
5.656120898164888056e-01
6.030087008074795918e-01
6.950007327940301849e-01
8.120601015971323777e-01
9.158611400687196591e-01
9.738601466756828806e-01
9.952992682735931629e-01
1.000000000000000000e+00
9.999999999999997780e-01
1.000000000000000000e+00
9.952992682735927188e-01
9.738601466756831027e-01
9.212123960442086812e-01
8.097836829384859048e-01
6.236929439196785552e-01
3.695285670710554138e-01
1.635651838879514652e-01
4.840624233579990388e-02
4.700731726407084317e-03
0.000000000000000000e+00
1.950232037514098687e-16
1.950232037514098687e-16
1.950232037514098687e-16
0.000000000000000000e+00
9.751160187570493436e-17
0.000000000000000000e+00
9.751160187570493436e-17
9.751160187570493436e-17
9.751160187570493436e-17
0.000000000000000000e+00
1.950232037514098687e-16
9.751160187570493436e-17
0.000000000000000000e+00
9.751160187570493436e-17
2.925348056271148031e-16
0.000000000000000000e+00
4.700731726406986305e-03
4.840624233580000102e-02
1.635651838879514097e-01
3.695285670710554693e-01
6.236929439196785552e-01
7.040350999328416348e-01
5.724927294840330694e-01
6.400304116336062998e-01
8.915511230237181950e-01
9.952992682735927188e-01
1.000000000000000000e+00
1.000000000000000000e+00
9.999999999999997780e-01
9.952992682735931629e-01
9.464799891147325228e-01
8.386529925183766609e-01
7.015712932312604400e-01
6.030087008074795918e-01
5.656120898164885835e-01
5.656120898164888056e-01
5.656120898164889166e-01
5.656120898164889166e-01
5.656120898164888056e-01
5.656120898164890276e-01
5.656120898164888056e-01
5.656120898164885835e-01
6.030087008074795918e-01
7.015712932312604400e-01
8.386529925183766609e-01
9.464799891147325228e-01
9.952992682735929408e-01
9.999999999999997780e-01
1.000000000000000000e+00
1.000000000000000000e+00
9.952992682735927188e-01
9.515937576641999573e-01
8.702480359024127310e-01
7.369624557500396023e-01
5.604337708654500982e-01
3.395505191706765236e-01
1.635651838879514097e-01
4.840624233580009816e-02
4.700731726407084317e-03
2.925348056271148031e-16
9.751160187570493436e-17
9.751160187570493436e-17
9.751160187570493436e-17
9.751160187570493436e-17
9.751160187570493436e-17
0.000000000000000000e+00
0.000000000000000000e+00
9.751160187570493436e-17
9.751160187570493436e-17
9.751160187570493436e-17
9.751160187570493436e-17
9.751160187570493436e-17
2.925348056271148031e-16
0.000000000000000000e+00
0.000000000000000000e+00
1.950232037514098687e-16
0.000000000000000000e+00
9.751160187570493436e-17
4.700731726406986305e-03
4.840624233579990388e-02
1.635651838879514097e-01
3.395505191706766346e-01
4.516481240575355161e-01
3.882175151700492099e-01
5.296911918191612445e-01
8.037047257937951494e-01
9.515937576642002904e-01
9.952992682735929408e-01
1.000000000000000000e+00
9.952992682735929408e-01
9.515937576641999573e-01
8.364348161120485070e-01
6.604494808293234209e-01
4.703088081808387555e-01
3.599695883663932006e-01
3.209555854299893651e-01
3.209555854299898092e-01
3.209555854299898092e-01
3.209555854299893651e-01
3.209555854299896427e-01
3.209555854299893651e-01
3.209555854299893651e-01
3.209555854299892541e-01
3.599695883663932006e-01
4.703088081808388665e-01
6.604494808293233099e-01
8.364348161120483960e-01
9.515937576641999573e-01
9.952992682735929408e-01
1.000000000000000000e+00
9.952992682735927188e-01
9.515937576642002904e-01
8.364348161120485070e-01
6.604494808293233099e-01
4.395662291345497352e-01
2.630375442499597871e-01
1.297519640975873800e-01
4.840624233579990388e-02
4.700731726407181461e-03
9.751160187570493436e-17
9.751160187570493436e-17
9.751160187570493436e-17
9.751160187570493436e-17
2.925348056271148031e-16
9.751160187570493436e-17
0.000000000000000000e+00
9.751160187570493436e-17
0.000000000000000000e+00
1.950232037514098687e-16
9.751160187570493436e-17
9.751160187570493436e-17
9.751160187570493436e-17
9.751160187570493436e-17
9.751160187570493436e-17
0.000000000000000000e+00
0.000000000000000000e+00
9.751160187570493436e-17
0.000000000000000000e+00
9.751160187570493436e-17
9.751160187570493436e-17
4.700731726406791149e-03
4.840624233579990388e-02
1.297519640975872690e-01
1.924974989700336536e-01
1.717270844854468237e-01
3.395505191706765236e-01
6.236929439196785552e-01
8.364348161120481739e-01
9.464799891147325228e-01
9.689310802063590966e-01
9.212123960442084591e-01
8.097836829384859048e-01
6.236929439196785552e-01
3.763070560803210562e-01
1.962952742062047395e-01
1.084488769762815552e-01
8.413885993128035479e-02
8.413885993128011886e-02
8.413885993128050744e-02
8.413885993128025764e-02
8.413885993128025764e-02
8.413885993128035479e-02
8.413885993128021601e-02
8.413885993128025764e-02
1.084488769762815552e-01
1.962952742062046563e-01
3.763070560803210562e-01
6.236929439196785552e-01
8.097836829384854607e-01
9.212123960442089032e-01
9.689310802063590966e-01
9.464799891147325228e-01
8.364348161120481739e-01
6.304714329289441421e-01
3.763070560803211673e-01
1.902163170615140120e-01
7.878760395579101350e-02
2.613985332431690428e-02
4.700731726406986305e-03
0.000000000000000000e+00
9.751160187570493436e-17
0.000000000000000000e+00
0.000000000000000000e+00
1.950232037514098687e-16
9.751160187570493436e-17
9.751160187570493436e-17
0.000000000000000000e+00
9.751160187570493436e-17
0.000000000000000000e+00
9.751160187570493436e-17
9.751160187570493436e-17
9.751160187570493436e-17
9.751160187570493436e-17
9.751160187570493436e-17
9.751160187570493436e-17
0.000000000000000000e+00
0.000000000000000000e+00
0.000000000000000000e+00
0.000000000000000000e+00
0.000000000000000000e+00
9.751160187570493436e-17
0.000000000000000000e+00
4.700731726406889160e-03
2.613985332431690428e-02
5.032369796859567646e-02
5.032369796859577360e-02
1.635651838879515207e-01
3.695285670710555248e-01
6.236929439196785552e-01
7.762416713469004748e-01
8.120601015971320447e-01
7.305293909414067866e-01
5.604337708654498762e-01
3.395505191706764125e-01
1.635651838879514652e-01
4.840624233579970959e-02
4.700731726406986305e-03
0.000000000000000000e+00
9.751160187570493436e-17
9.751160187570493436e-17
9.751160187570493436e-17
9.751160187570493436e-17
9.751160187570493436e-17
0.000000000000000000e+00
0.000000000000000000e+00
4.700731726406986305e-03
4.840624233579970959e-02
1.635651838879516040e-01
3.395505191706762460e-01
5.604337708654498762e-01
7.305293909414062314e-01
8.120601015971322667e-01
7.762416713469001417e-01
6.236929439196785552e-01
3.695285670710552473e-01
1.635651838879514097e-01
4.840624233579990388e-02
4.700731726406986305e-03
0.000000000000000000e+00
0.000000000000000000e+00
9.751160187570493436e-17
9.751160187570493436e-17
9.751160187570493436e-17
9.751160187570493436e-17
9.751160187570493436e-17
1.950232037514098687e-16
2.925348056271148031e-16
0.000000000000000000e+00
9.751160187570493436e-17
0.000000000000000000e+00
9.751160187570493436e-17
9.751160187570493436e-17
9.751160187570493436e-17
9.751160187570493436e-17
9.751160187570493436e-17
9.751160187570493436e-17
0.000000000000000000e+00
0.000000000000000000e+00
1.950232037514098687e-16
9.751160187570493436e-17
0.000000000000000000e+00
0.000000000000000000e+00
0.000000000000000000e+00
0.000000000000000000e+00
0.000000000000000000e+00
9.751160187570493436e-17
0.000000000000000000e+00
4.840624233580000102e-02
1.635651838879515207e-01
3.395505191706764681e-01
4.893500879087340771e-01
5.201729235371358451e-01
4.089717184918644222e-01
2.630375442499597871e-01
1.297519640975874633e-01
4.840624233579990388e-02
4.700731726406986305e-03
1.950232037514098687e-16
9.751160187570493436e-17
9.751160187570493436e-17
9.751160187570493436e-17
9.751160187570493436e-17
9.751160187570493436e-17
1.950232037514098687e-16
0.000000000000000000e+00
9.751160187570493436e-17
1.950232037514098687e-16
4.700731726407084317e-03
4.840624233580000102e-02
1.297519640975877131e-01
2.630375442499597871e-01
4.089717184918645887e-01
5.201729235371357341e-01
4.893500879087337996e-01
3.395505191706763015e-01
1.635651838879513265e-01
4.840624233579990388e-02
4.700731726406986305e-03
9.751160187570493436e-17
0.000000000000000000e+00
0.000000000000000000e+00
0.000000000000000000e+00
0.000000000000000000e+00
1.950232037514098687e-16
0.000000000000000000e+00
9.751160187570493436e-17
0.000000000000000000e+00
1.950232037514098687e-16
0.000000000000000000e+00
9.751160187570493436e-17
0.000000000000000000e+00
9.751160187570493436e-17
9.751160187570493436e-17
9.751160187570493436e-17
9.751160187570493436e-17
9.751160187570493436e-17
9.751160187570493436e-17
0.000000000000000000e+00
0.000000000000000000e+00
9.751160187570493436e-17
0.000000000000000000e+00
0.000000000000000000e+00
0.000000000000000000e+00
0.000000000000000000e+00
0.000000000000000000e+00
0.000000000000000000e+00
9.751160187570493436e-17
9.751160187570493436e-17
4.700731726407084317e-03
4.840624233580009816e-02
1.297519640975876021e-01
1.985890040231302056e-01
2.047135546144144280e-01
1.554708176682168541e-01
7.878760395579086084e-02
2.613985332431709857e-02
4.700731726406986305e-03
0.000000000000000000e+00
1.950232037514098687e-16
0.000000000000000000e+00
0.000000000000000000e+00
0.000000000000000000e+00
0.000000000000000000e+00
0.000000000000000000e+00
9.751160187570493436e-17
9.751160187570493436e-17
0.000000000000000000e+00
9.751160187570493436e-17
9.751160187570493436e-17
4.700731726406889160e-03
2.613985332431729286e-02
7.878760395579056941e-02
1.554708176682168541e-01
2.047135546144145390e-01
1.985890040231300946e-01
1.297519640975873800e-01
4.840624233579990388e-02
4.700731726406986305e-03
0.000000000000000000e+00
0.000000000000000000e+00
0.000000000000000000e+00
0.000000000000000000e+00
9.751160187570493436e-17
9.751160187570493436e-17
9.751160187570493436e-17
0.000000000000000000e+00
0.000000000000000000e+00
9.751160187570493436e-17
9.751160187570493436e-17
0.000000000000000000e+00
0.000000000000000000e+00
0.000000000000000000e+00
9.751160187570493436e-17
9.751160187570493436e-17
0.000000000000000000e+00
9.751160187570493436e-17
9.751160187570493436e-17
9.751160187570493436e-17
0.000000000000000000e+00
0.000000000000000000e+00
0.000000000000000000e+00
0.000000000000000000e+00
0.000000000000000000e+00
9.751160187570493436e-17
0.000000000000000000e+00
0.000000000000000000e+00
9.751160187570493436e-17
9.751160187570493436e-17
9.751160187570493436e-17
0.000000000000000000e+00
9.443441352838083738e-03
5.352001088526726902e-02
1.049943133306103366e-01
1.049943133306102394e-01
5.352001088526765760e-02
9.443441352837986594e-03
9.751160187570493436e-17
0.000000000000000000e+00
0.000000000000000000e+00
0.000000000000000000e+00
0.000000000000000000e+00
0.000000000000000000e+00
9.751160187570493436e-17
9.751160187570493436e-17
2.925348056271148031e-16
9.751160187570493436e-17
0.000000000000000000e+00
0.000000000000000000e+00
9.751160187570493436e-17
0.000000000000000000e+00
0.000000000000000000e+00
9.751160187570493436e-17
9.443441352837887715e-03
5.352001088526746331e-02
1.049943133306104892e-01
1.049943133306102394e-01
5.352001088526726902e-02
9.443441352837887715e-03
9.751160187570493436e-17
0.000000000000000000e+00
0.000000000000000000e+00
0.000000000000000000e+00
0.000000000000000000e+00
9.751160187570493436e-17
9.751160187570493436e-17
9.751160187570493436e-17
0.000000000000000000e+00
9.751160187570493436e-17
9.751160187570493436e-17
9.751160187570493436e-17
0.000000000000000000e+00
9.751160187570493436e-17
0.000000000000000000e+00
9.751160187570493436e-17
0.000000000000000000e+00
0.000000000000000000e+00
9.751160187570493436e-17
9.751160187570493436e-17
9.751160187570493436e-17
0.000000000000000000e+00
0.000000000000000000e+00
9.751160187570493436e-17
0.000000000000000000e+00
0.000000000000000000e+00
9.751160187570493436e-17
0.000000000000000000e+00
0.000000000000000000e+00
0.000000000000000000e+00
9.751160187570493436e-17
9.751160187570493436e-17
4.700731726406986305e-03
4.840624233580000102e-02
1.297519640975874633e-01
1.985890040231302056e-01
2.047135546144142060e-01
1.554708176682164100e-01
7.878760395579101350e-02
2.613985332431719572e-02
4.700731726407084317e-03
2.925348056271148031e-16
9.751160187570493436e-17
9.751160187570493436e-17
0.000000000000000000e+00
9.751160187570493436e-17
0.000000000000000000e+00
1.950232037514098687e-16
1.950232037514098687e-16
0.000000000000000000e+00
0.000000000000000000e+00
9.751160187570493436e-17
9.751160187570493436e-17
4.700731726406986305e-03
2.613985332431709857e-02
7.878760395579116615e-02
1.554708176682164100e-01
2.047135546144144280e-01
1.985890040231300391e-01
1.297519640975873800e-01
4.840624233580000102e-02
4.700731726406889160e-03
0.000000000000000000e+00
0.000000000000000000e+00
0.000000000000000000e+00
0.000000000000000000e+00
0.000000000000000000e+00
9.751160187570493436e-17
0.000000000000000000e+00
0.000000000000000000e+00
0.000000000000000000e+00
1.950232037514098687e-16
9.751160187570493436e-17
9.751160187570493436e-17
9.751160187570493436e-17
0.000000000000000000e+00
9.751160187570493436e-17
0.000000000000000000e+00
0.000000000000000000e+00
9.751160187570493436e-17
9.751160187570493436e-17
9.751160187570493436e-17
0.000000000000000000e+00
0.000000000000000000e+00
0.000000000000000000e+00
0.000000000000000000e+00
0.000000000000000000e+00
9.751160187570493436e-17
0.000000000000000000e+00
0.000000000000000000e+00
0.000000000000000000e+00
9.751160187570493436e-17
9.751160187570493436e-17
4.840624233580000102e-02
1.635651838879516040e-01
3.395505191706764681e-01
4.893500879087339106e-01
5.201729235371358451e-01
4.089717184918647552e-01
2.630375442499601757e-01
1.297519640975874633e-01
4.840624233579990388e-02
4.700731726406889160e-03
9.751160187570493436e-17
0.000000000000000000e+00
0.000000000000000000e+00
9.751160187570493436e-17
9.751160187570493436e-17
2.925348056271148031e-16
1.950232037514098687e-16
9.751160187570493436e-17
9.751160187570493436e-17
0.000000000000000000e+00
4.700731726406986305e-03
4.840624233580009816e-02
1.297519640975873245e-01
2.630375442499597871e-01
4.089717184918649773e-01
5.201729235371358451e-01
4.893500879087339106e-01
3.395505191706764125e-01
1.635651838879514097e-01
4.840624233579970959e-02
4.700731726406986305e-03
0.000000000000000000e+00
0.000000000000000000e+00
0.000000000000000000e+00
0.000000000000000000e+00
9.751160187570493436e-17
9.751160187570493436e-17
0.000000000000000000e+00
9.751160187570493436e-17
9.751160187570493436e-17
0.000000000000000000e+00
0.000000000000000000e+00
9.751160187570493436e-17
0.000000000000000000e+00
9.751160187570493436e-17
0.000000000000000000e+00
9.751160187570493436e-17
9.751160187570493436e-17
9.751160187570493436e-17
9.751160187570493436e-17
0.000000000000000000e+00
9.751160187570493436e-17
9.751160187570493436e-17
0.000000000000000000e+00
0.000000000000000000e+00
9.751160187570493436e-17
0.000000000000000000e+00
0.000000000000000000e+00
0.000000000000000000e+00
0.000000000000000000e+00
0.000000000000000000e+00
1.635651838879514652e-01
3.695285670710555248e-01
6.236929439196788882e-01
7.762416713468999196e-01
8.120601015971325998e-01
7.305293909414067866e-01
5.604337708654503203e-01
3.395505191706771342e-01
1.635651838879516040e-01
4.840624233579990388e-02
4.700731726406889160e-03
0.000000000000000000e+00
0.000000000000000000e+00
9.751160187570493436e-17
0.000000000000000000e+00
1.950232037514098687e-16
0.000000000000000000e+00
0.000000000000000000e+00
9.751160187570493436e-17
4.700731726406986305e-03
4.840624233579970959e-02
1.635651838879514652e-01
3.395505191706767456e-01
5.604337708654502093e-01
7.305293909414065645e-01
8.120601015971328218e-01
7.762416713468996976e-01
6.236929439196785552e-01
3.695285670710554693e-01
1.635651838879513265e-01
4.840624233579990388e-02
4.700731726406986305e-03
0.000000000000000000e+00
0.000000000000000000e+00
0.000000000000000000e+00
0.000000000000000000e+00
0.000000000000000000e+00
0.000000000000000000e+00
1.950232037514098687e-16
0.000000000000000000e+00
1.950232037514098687e-16
0.000000000000000000e+00
9.751160187570493436e-17
0.000000000000000000e+00
9.751160187570493436e-17
9.751160187570493436e-17
9.751160187570493436e-17
9.751160187570493436e-17
9.751160187570493436e-17
9.751160187570493436e-17
9.751160187570493436e-17
0.000000000000000000e+00
9.751160187570493436e-17
0.000000000000000000e+00
0.000000000000000000e+00
0.000000000000000000e+00
0.000000000000000000e+00
0.000000000000000000e+00
0.000000000000000000e+00
0.000000000000000000e+00
0.000000000000000000e+00
3.395505191706764681e-01
6.236929439196786662e-01
8.364348161120483960e-01
9.464799891147325228e-01
9.689310802063593187e-01
9.212123960442091253e-01
8.097836829384859048e-01
6.236929439196788882e-01
3.763070560803212228e-01
1.962952742062047118e-01
1.084488769762817079e-01
8.413885993128021601e-02
8.413885993128011886e-02
8.413885993128035479e-02
8.413885993128021601e-02
8.413885993128025764e-02
8.413885993128025764e-02
8.413885993128021601e-02
8.413885993127996621e-02
1.084488769762818466e-01
1.962952742062046563e-01
3.763070560803216669e-01
6.236929439196785552e-01
8.097836829384859048e-01
9.212123960442091253e-01
9.689310802063595407e-01
9.464799891147323008e-01
8.364348161120483960e-01
6.304714329289441421e-01
3.763070560803212228e-01
1.902163170615139287e-01
7.878760395579076370e-02
2.613985332431690428e-02
4.700731726406889160e-03
0.000000000000000000e+00
9.751160187570493436e-17
0.000000000000000000e+00
0.000000000000000000e+00
9.751160187570493436e-17
2.925348056271148031e-16
1.950232037514098687e-16
9.751160187570493436e-17
9.751160187570493436e-17
0.000000000000000000e+00
9.751160187570493436e-17
9.751160187570493436e-17
9.751160187570493436e-17
9.751160187570493436e-17
9.751160187570493436e-17
9.751160187570493436e-17
0.000000000000000000e+00
0.000000000000000000e+00
9.751160187570493436e-17
0.000000000000000000e+00
0.000000000000000000e+00
0.000000000000000000e+00
0.000000000000000000e+00
4.700731726406986305e-03
2.613985332431690428e-02
5.032369796859567646e-02
5.032369796859557931e-02
5.296911918191612445e-01
8.037047257937952605e-01
9.515937576641999573e-01
9.952992682735931629e-01
1.000000000000000000e+00
9.952992682735931629e-01
9.515937576642002904e-01
8.364348161120485070e-01
6.604494808293231989e-01
4.703088081808386445e-01
3.599695883663934226e-01
3.209555854299893651e-01
3.209555854299893096e-01
3.209555854299891431e-01
3.209555854299891431e-01
3.209555854299894762e-01
3.209555854299893096e-01
3.209555854299893096e-01
3.209555854299894762e-01
3.599695883663932006e-01
4.703088081808386445e-01
6.604494808293233099e-01
8.364348161120487291e-01
9.515937576642000684e-01
9.952992682735929408e-01
1.000000000000000000e+00
9.952992682735927188e-01
9.515937576641999573e-01
8.364348161120485070e-01
6.604494808293236430e-01
4.395662291345497352e-01
2.630375442499597316e-01
1.297519640975873800e-01
4.840624233579980673e-02
4.700731726406986305e-03
9.751160187570493436e-17
9.751160187570493436e-17
0.000000000000000000e+00
9.751160187570493436e-17
9.751160187570493436e-17
1.950232037514098687e-16
0.000000000000000000e+00
9.751160187570493436e-17
0.000000000000000000e+00
9.751160187570493436e-17
9.751160187570493436e-17
9.751160187570493436e-17
9.751160187570493436e-17
9.751160187570493436e-17
9.751160187570493436e-17
9.751160187570493436e-17
0.000000000000000000e+00
9.751160187570493436e-17
0.000000000000000000e+00
0.000000000000000000e+00
0.000000000000000000e+00
4.700731726406986305e-03
4.840624233580000102e-02
1.297519640975874078e-01
1.924974989700335426e-01
1.717270844854468237e-01
6.400304116336062998e-01
8.915511230237181950e-01
9.952992682735931629e-01
1.000000000000000000e+00
1.000000000000000000e+00
1.000000000000000000e+00
9.952992682735931629e-01
9.464799891147327449e-01
8.386529925183766609e-01
7.015712932312602179e-01
6.030087008074794808e-01
5.656120898164890276e-01
5.656120898164888056e-01
5.656120898164888056e-01
5.656120898164888056e-01
5.656120898164885835e-01
5.656120898164885835e-01
5.656120898164888056e-01
5.656120898164890276e-01
6.030087008074795918e-01
7.015712932312602179e-01
8.386529925183766609e-01
9.464799891147325228e-01
9.952992682735927188e-01
1.000000000000000000e+00
1.000000000000000000e+00
1.000000000000000000e+00
9.952992682735929408e-01
9.515937576641999573e-01
8.702480359024125089e-01
7.369624557500400464e-01
5.604337708654498762e-01
3.395505191706764681e-01
1.635651838879514097e-01
4.840624233580000102e-02
4.700731726406986305e-03
9.751160187570493436e-17
0.000000000000000000e+00
9.751160187570493436e-17
9.751160187570493436e-17
1.950232037514098687e-16
0.000000000000000000e+00
9.751160187570493436e-17
0.000000000000000000e+00
9.751160187570493436e-17
9.751160187570493436e-17
9.751160187570493436e-17
9.751160187570493436e-17
9.751160187570493436e-17
1.950232037514098687e-16
9.751160187570493436e-17
9.751160187570493436e-17
9.751160187570493436e-17
0.000000000000000000e+00
0.000000000000000000e+00
4.700731726406986305e-03
4.840624233579990388e-02
1.635651838879514652e-01
3.395505191706764681e-01
4.516481240575352940e-01
3.882175151700490434e-01
6.790444145700103018e-01
9.158611400687196591e-01
9.999999999999997780e-01
9.999999999999997780e-01
1.000000000000000000e+00
9.952992682735927188e-01
9.738601466756831027e-01
9.158611400687196591e-01
8.120601015971322667e-01
6.950007327940301849e-01
6.030087008074793697e-01
5.656120898164889166e-01
5.656120898164890276e-01
5.656120898164890276e-01
5.656120898164889166e-01
5.656120898164889166e-01
5.656120898164888056e-01
5.656120898164888056e-01
5.656120898164889166e-01
6.030087008074794808e-01
6.950007327940299628e-01
8.120601015971322667e-01
9.158611400687196591e-01
9.738601466756828806e-01
9.952992682735927188e-01
1.000000000000000000e+00
9.999999999999997780e-01
9.999999999999997780e-01
9.952992682735927188e-01
9.738601466756825475e-01
9.212123960442091253e-01
8.097836829384856827e-01
6.236929439196785552e-01
3.695285670710555248e-01
1.635651838879514097e-01
4.840624233580000102e-02
4.700731726406986305e-03
0.000000000000000000e+00
9.751160187570493436e-17
9.751160187570493436e-17
1.950232037514098687e-16
9.751160187570493436e-17
9.751160187570493436e-17
9.751160187570493436e-17
9.751160187570493436e-17
9.751160187570493436e-17
9.751160187570493436e-17
9.751160187570493436e-17
9.751160187570493436e-17
9.751160187570493436e-17
9.751160187570493436e-17
0.000000000000000000e+00
9.751160187570493436e-17
0.000000000000000000e+00
4.700731726406986305e-03
4.840624233580000102e-02
1.635651838879514652e-01
3.695285670710557469e-01
6.236929439196783331e-01
7.040350999328411907e-01
5.724927294840329584e-01
6.790444145700105238e-01
9.158611400687201032e-01
1.000000000000000000e+00
1.000000000000000000e+00
9.952992682735929408e-01
9.515937576641999573e-01
8.702480359024123979e-01
7.369624557500404904e-01
5.910282815081350227e-01
4.395662291345497907e-01
3.599695883663937002e-01
3.209555854299892541e-01
3.209555854299895317e-01
3.209555854299893651e-01
3.209555854299895872e-01
3.209555854299895872e-01
3.209555854299893651e-01
3.209555854299892541e-01
3.209555854299893096e-01
3.599695883663937002e-01
4.395662291345497352e-01
5.910282815081353558e-01
7.369624557500402684e-01
8.702480359024125089e-01
9.515937576641999573e-01
9.952992682735931629e-01
1.000000000000000000e+00
1.000000000000000000e+00
1.000000000000000000e+00
9.999999999999997780e-01
9.952992682735929408e-01
9.515937576641999573e-01
8.364348161120485070e-01
6.304714329289441421e-01
3.695285670710554138e-01
1.635651838879516040e-01
4.840624233580000102e-02
4.700731726406889160e-03
1.950232037514098687e-16
9.751160187570493436e-17
9.751160187570493436e-17
9.751160187570493436e-17
0.000000000000000000e+00
0.000000000000000000e+00
9.751160187570493436e-17
9.751160187570493436e-17
0.000000000000000000e+00
9.751160187570493436e-17
9.751160187570493436e-17
2.925348056271148031e-16
0.000000000000000000e+00
0.000000000000000000e+00
2.925348056271148031e-16
4.700731726406889160e-03
4.840624233580009816e-02
1.635651838879516040e-01
3.695285670710554138e-01
6.304714329289443642e-01
8.364348161120485070e-01
8.607316937702024218e-01
6.723981104878998805e-01
6.790444145700106349e-01
9.158611400687196591e-01
1.000000000000000000e+00
9.952992682735929408e-01
9.515937576641999573e-01
8.364348161120483960e-01
6.604494808293233099e-01
4.395662291345500128e-01
2.694706090585932690e-01
1.613470074816235056e-01
1.084488769762818466e-01
8.413885993128050744e-02
8.413885993128021601e-02
8.413885993128021601e-02
8.413885993128011886e-02
8.413885993128021601e-02
8.413885993127996621e-02
8.413885993128006335e-02
8.413885993128050744e-02
1.084488769762820409e-01
1.613470074816234223e-01
2.694706090585934355e-01
4.395662291345497352e-01
6.604494808293234209e-01
8.364348161120481739e-01
9.515937576641999573e-01
9.952992682735927188e-01
9.999999999999997780e-01
9.999999999999997780e-01
1.000000000000000000e+00
1.000000000000000000e+00
9.952992682735927188e-01
9.515937576641999573e-01
8.364348161120483960e-01
6.304714329289443642e-01
3.695285670710555248e-01
1.635651838879516040e-01
4.840624233580000102e-02
4.700731726407084317e-03
9.751160187570493436e-17
1.950232037514098687e-16
0.000000000000000000e+00
9.751160187570493436e-17
0.000000000000000000e+00
9.751160187570493436e-17
9.751160187570493436e-17
0.000000000000000000e+00
0.000000000000000000e+00
0.000000000000000000e+00
9.751160187570493436e-17
9.751160187570493436e-17
0.000000000000000000e+00
4.700731726407084317e-03
4.840624233580000102e-02
1.635651838879514652e-01
3.695285670710556358e-01
6.304714329289443642e-01
8.364348161120483960e-01
9.515937576641999573e-01
9.104697899695727292e-01
6.790444145700105238e-01
6.790444145700105238e-01
9.104697899695727292e-01
9.738601466756828806e-01
9.212123960442092363e-01
8.097836829384854607e-01
6.236929439196785552e-01
3.763070560803212783e-01
1.902163170615144006e-01
7.878760395579116615e-02
2.613985332431709857e-02
4.700731726407278606e-03
0.000000000000000000e+00
0.000000000000000000e+00
9.751160187570493436e-17
0.000000000000000000e+00
0.000000000000000000e+00
0.000000000000000000e+00
0.000000000000000000e+00
0.000000000000000000e+00
4.700731726407181461e-03
2.613985332431700143e-02
7.878760395579101350e-02
1.902163170615138732e-01
3.763070560803213893e-01
6.236929439196785552e-01
8.097836829384857937e-01
9.212123960442089032e-01
9.738601466756831027e-01
9.952992682735929408e-01
1.000000000000000000e+00
1.000000000000000000e+00
9.999999999999995559e-01
9.952992682735931629e-01
9.515937576641999573e-01
8.364348161120481739e-01
6.304714329289443642e-01
3.695285670710556358e-01
1.635651838879514097e-01
4.840624233580000102e-02
4.700731726407084317e-03
1.950232037514098687e-16
0.000000000000000000e+00
9.751160187570493436e-17
0.000000000000000000e+00
9.751160187570493436e-17
9.751160187570493436e-17
0.000000000000000000e+00
0.000000000000000000e+00
0.000000000000000000e+00
9.751160187570493436e-17
9.751160187570493436e-17
4.700731726406986305e-03
4.840624233580000102e-02
1.635651838879514652e-01
3.695285670710554693e-01
6.304714329289443642e-01
8.364348161120485070e-01
9.515937576641999573e-01
9.952992682735931629e-01
9.158611400687196591e-01
6.790444145700106349e-01
6.723981104879001025e-01
8.607316937702021997e-01
8.702480359024127310e-01
7.369624557500399353e-01
5.604337708654503203e-01
3.395505191706765236e-01
1.635651838879516595e-01
4.840624233580029245e-02
4.700731726406986305e-03
9.751160187570493436e-17
0.000000000000000000e+00
9.751160187570493436e-17
0.000000000000000000e+00
9.751160187570493436e-17
0.000000000000000000e+00
9.751160187570493436e-17
9.751160187570493436e-17
0.000000000000000000e+00
1.950232037514098687e-16
0.000000000000000000e+00
0.000000000000000000e+00
4.700731726407084317e-03
4.840624233579990388e-02
1.635651838879517150e-01
3.395505191706766346e-01
5.604337708654504313e-01
7.369624557500398243e-01
8.702480359024127310e-01
9.515937576641999573e-01
9.952992682735929408e-01
9.999999999999997780e-01
9.999999999999997780e-01
1.000000000000000000e+00
9.952992682735931629e-01
9.515937576641999573e-01
8.364348161120485070e-01
6.304714329289441421e-01
3.695285670710557469e-01
1.635651838879516040e-01
4.840624233580000102e-02
4.700731726407181461e-03
0.000000000000000000e+00
9.751160187570493436e-17
0.000000000000000000e+00
9.751160187570493436e-17
0.000000000000000000e+00
0.000000000000000000e+00
9.751160187570493436e-17
0.000000000000000000e+00
0.000000000000000000e+00
4.700731726407084317e-03
4.840624233580000102e-02
1.635651838879516040e-01
3.695285670710558024e-01
6.304714329289443642e-01
8.364348161120485070e-01
9.515937576641999573e-01
9.952992682735931629e-01
1.000000000000000000e+00
9.158611400687196591e-01
6.790444145700105238e-01
6.123914065750314384e-01
7.329507752469857085e-01
6.604494808293231989e-01
4.395662291345497352e-01
2.630375442499598426e-01
1.297519640975873245e-01
4.840624233579990388e-02
4.700731726407084317e-03
0.000000000000000000e+00
1.950232037514098687e-16
9.751160187570493436e-17
0.000000000000000000e+00
0.000000000000000000e+00
9.751160187570493436e-17
9.751160187570493436e-17
0.000000000000000000e+00
9.751160187570493436e-17
0.000000000000000000e+00
9.751160187570493436e-17
0.000000000000000000e+00
0.000000000000000000e+00
0.000000000000000000e+00
4.700731726406791149e-03
4.840624233579990388e-02
1.297519640975873245e-01
2.630375442499601757e-01
4.395662291345496242e-01
6.604494808293233099e-01
8.364348161120483960e-01
9.515937576641999573e-01
9.952992682735929408e-01
9.999999999999997780e-01
9.999999999999997780e-01
1.000000000000000000e+00
9.952992682735927188e-01
9.515937576642000684e-01
8.364348161120485070e-01
6.304714329289440311e-01
3.695285670710554138e-01
1.635651838879517983e-01
4.840624233580029245e-02
4.700731726406986305e-03
0.000000000000000000e+00
0.000000000000000000e+00
9.751160187570493436e-17
0.000000000000000000e+00
0.000000000000000000e+00
0.000000000000000000e+00
0.000000000000000000e+00
4.700731726406986305e-03
4.840624233580000102e-02
1.635651838879516595e-01
3.695285670710555248e-01
6.304714329289443642e-01
8.364348161120485070e-01
9.515937576642000684e-01
9.952992682735929408e-01
9.999999999999997780e-01
9.999999999999997780e-01
9.158611400687196591e-01
6.790444145700105238e-01
4.683276652759563174e-01
5.155887031897233852e-01
3.763070560803213893e-01
1.902163170615142063e-01
7.878760395579086084e-02
2.613985332431690428e-02
4.700731726406986305e-03
1.950232037514098687e-16
0.000000000000000000e+00
9.751160187570493436e-17
0.000000000000000000e+00
9.751160187570493436e-17
0.000000000000000000e+00
9.751160187570493436e-17
9.751160187570493436e-17
2.925348056271148031e-16
9.751160187570493436e-17
9.751160187570493436e-17
9.751160187570493436e-17
9.751160187570493436e-17
0.000000000000000000e+00
0.000000000000000000e+00
1.950232037514098687e-16
4.700731726406986305e-03
2.613985332431709857e-02
7.878760395579105513e-02
1.902163170615140675e-01
3.763070560803214448e-01
6.304714329289441421e-01
8.364348161120483960e-01
9.515937576641999573e-01
9.952992682735927188e-01
1.000000000000000000e+00
1.000000000000000000e+00
9.999999999999997780e-01
9.952992682735927188e-01
9.515937576641999573e-01
8.364348161120481739e-01
6.236929439196788882e-01
3.395505191706766346e-01
1.297519640975876021e-01
2.613985332431709857e-02
0.000000000000000000e+00
0.000000000000000000e+00
9.751160187570493436e-17
0.000000000000000000e+00
0.000000000000000000e+00
9.751160187570493436e-17
9.751160187570493436e-17
2.613985332431709857e-02
1.297519640975874633e-01
3.395505191706763570e-01
6.236929439196788882e-01
8.364348161120487291e-01
9.515937576641999573e-01
9.952992682735929408e-01
1.000000000000000000e+00
9.999999999999997780e-01
9.999999999999997780e-01
9.158611400687195481e-01
6.790444145700105238e-01
2.808040235497704096e-01
2.654525963314270931e-01
1.635651838879516040e-01
4.840624233579990388e-02
4.700731726406986305e-03
0.000000000000000000e+00
0.000000000000000000e+00
0.000000000000000000e+00
0.000000000000000000e+00
0.000000000000000000e+00
9.751160187570493436e-17
0.000000000000000000e+00
0.000000000000000000e+00
0.000000000000000000e+00
0.000000000000000000e+00
0.000000000000000000e+00
0.000000000000000000e+00
0.000000000000000000e+00
9.751160187570493436e-17
0.000000000000000000e+00
0.000000000000000000e+00
0.000000000000000000e+00
0.000000000000000000e+00
9.751160187570493436e-17
9.751160187570493436e-17
4.700731726407084317e-03
4.840624233579990388e-02
1.635651838879514097e-01
3.695285670710555248e-01
6.236929439196785552e-01
8.037047257937951494e-01
8.915511230237181950e-01
9.158611400687196591e-01
9.158611400687196591e-01
9.158611400687196591e-01
9.158611400687196591e-01
9.104697899695731733e-01
8.607316937702024218e-01
7.040350999328411907e-01
4.516481240575352940e-01
1.924974989700335426e-01
5.032369796859567646e-02
0.000000000000000000e+00
0.000000000000000000e+00
9.751160187570493436e-17
0.000000000000000000e+00
0.000000000000000000e+00
0.000000000000000000e+00
9.751160187570493436e-17
5.032369796859577360e-02
1.924974989700335426e-01
4.516481240575351830e-01
7.040350999328411907e-01
8.607316937702023107e-01
9.104697899695727292e-01
9.158611400687196591e-01
9.158611400687196591e-01
9.158611400687196591e-01
9.158611400687196591e-01
8.265650046603265633e-01
6.030087008074794808e-01
1.126305430152459847e-01
9.928077497554424480e-02
4.840624233580000102e-02
4.700731726406986305e-03
0.000000000000000000e+00
0.000000000000000000e+00
1.950232037514098687e-16
1.950232037514098687e-16
0.000000000000000000e+00
0.000000000000000000e+00
9.751160187570493436e-17
0.000000000000000000e+00
0.000000000000000000e+00
0.000000000000000000e+00
9.751160187570493436e-17
9.751160187570493436e-17
0.000000000000000000e+00
0.000000000000000000e+00
9.751160187570493436e-17
9.751160187570493436e-17
0.000000000000000000e+00
0.000000000000000000e+00
1.950232037514098687e-16
1.950232037514098687e-16
0.000000000000000000e+00
0.000000000000000000e+00
4.700731726406986305e-03
4.840624233579990388e-02
1.635651838879514097e-01
3.395505191706764125e-01
5.296911918191612445e-01
6.400304116336059668e-01
6.790444145700106349e-01
6.790444145700105238e-01
6.790444145700103018e-01
6.790444145700107459e-01
6.790444145700103018e-01
6.723981104878997694e-01
5.724927294840330694e-01
3.882175151700492099e-01
1.717270844854470180e-01
5.032369796859567646e-02
0.000000000000000000e+00
0.000000000000000000e+00
9.751160187570493436e-17
9.751160187570493436e-17
0.000000000000000000e+00
9.751160187570493436e-17
9.751160187570493436e-17
5.032369796859587074e-02
1.717270844854469625e-01
3.882175151700492099e-01
5.724927294840330694e-01
6.723981104879001025e-01
6.790444145700105238e-01
6.790444145700110790e-01
6.790444145700103018e-01
6.790444145700105238e-01
6.790444145700106349e-01
6.030087008074794808e-01
4.281220922500031945e-01
