0.000000000000000000e+00
0.000000000000000000e+00
0.000000000000000000e+00
0.000000000000000000e+00
0.000000000000000000e+00
0.000000000000000000e+00
0.000000000000000000e+00
0.000000000000000000e+00
0.000000000000000000e+00
0.000000000000000000e+00
0.000000000000000000e+00
0.000000000000000000e+00
0.000000000000000000e+00
0.000000000000000000e+00
0.000000000000000000e+00
0.000000000000000000e+00
0.000000000000000000e+00
0.000000000000000000e+00
0.000000000000000000e+00
0.000000000000000000e+00
0.000000000000000000e+00
0.000000000000000000e+00
0.000000000000000000e+00
0.000000000000000000e+00
0.000000000000000000e+00
0.000000000000000000e+00
0.000000000000000000e+00
0.000000000000000000e+00
0.000000000000000000e+00
2.780827415152672261e-02
1.121017524797842252e-01
2.737286849743763573e-01
4.373912284731655831e-01
5.727251640846159342e-01
6.429963353817279570e-01
6.728989314665797528e-01
6.795593583290471251e-01
6.795593583290472361e-01
6.795593583290467921e-01
6.795593583290471251e-01
6.795593583290467921e-01
6.795593583290472361e-01
6.795593583290471251e-01
6.795593583290471251e-01
6.795593583290471251e-01
6.795593583290471251e-01
6.795593583290472361e-01
6.795593583290472361e-01
6.795593583290472361e-01
6.795593583290471251e-01
6.795593583290471251e-01
6.795593583290473472e-01
6.795593583290470141e-01
6.795593583290473472e-01
6.795593583290471251e-01
6.728989314665797528e-01
6.429963353817278460e-01
5.727251640846159342e-01
4.373912284731658051e-01
2.737286849743763018e-01
1.121017524797842252e-01
0.000000000000000000e+00
0.000000000000000000e+00
0.000000000000000000e+00
0.000000000000000000e+00
0.000000000000000000e+00
0.000000000000000000e+00
0.000000000000000000e+00
0.000000000000000000e+00
0.000000000000000000e+00
0.000000000000000000e+00
0.000000000000000000e+00
0.000000000000000000e+00
0.000000000000000000e+00
0.000000000000000000e+00
0.000000000000000000e+00
0.000000000000000000e+00
0.000000000000000000e+00
0.000000000000000000e+00
0.000000000000000000e+00
0.000000000000000000e+00
0.000000000000000000e+00
0.000000000000000000e+00
0.000000000000000000e+00
0.000000000000000000e+00
0.000000000000000000e+00
0.000000000000000000e+00
0.000000000000000000e+00
0.000000000000000000e+00
0.000000000000000000e+00
2.111298978365160062e-02
9.878973719449661572e-02
2.364673314825792572e-01
4.445701313507935404e-01
6.266310465457365364e-01
7.706259750854262958e-01
8.613187115925633464e-01
9.109294288225567859e-01
9.163019867747549396e-01
9.163019867747549396e-01
9.163019867747551617e-01
9.163019867747549396e-01
9.163019867747549396e-01
9.163019867747549396e-01
9.163019867747549396e-01
9.163019867747549396e-01
9.163019867747551617e-01
9.163019867747551617e-01
9.163019867747549396e-01
9.163019867747551617e-01
9.163019867747549396e-01
9.163019867747549396e-01
9.163019867747549396e-01
9.163019867747552727e-01
9.163019867747551617e-01
9.109294288225567859e-01
8.613187115925634574e-01
7.706259750854260737e-01
6.266310465457366474e-01
4.445701313507935404e-01
2.364673314825794237e-01
9.878973719449651858e-02
0.000000000000000000e+00
0.000000000000000000e+00
0.000000000000000000e+00
0.000000000000000000e+00
0.000000000000000000e+00
0.000000000000000000e+00
0.000000000000000000e+00
0.000000000000000000e+00
0.000000000000000000e+00
0.000000000000000000e+00
0.000000000000000000e+00
0.000000000000000000e+00
0.000000000000000000e+00
0.000000000000000000e+00
0.000000000000000000e+00
0.000000000000000000e+00
0.000000000000000000e+00
0.000000000000000000e+00
0.000000000000000000e+00
0.000000000000000000e+00
0.000000000000000000e+00
0.000000000000000000e+00
0.000000000000000000e+00
0.000000000000000000e+00
0.000000000000000000e+00
0.000000000000000000e+00
0.000000000000000000e+00
0.000000000000000000e+00
0.000000000000000000e+00
4.668080012530467782e-03
4.811719932777709652e-02
1.291832217156991813e-01
2.624272910338279474e-01
4.393712741183130599e-01
6.542057599415200819e-01
8.043478782377575520e-01
8.975810071212696473e-01
9.448699203541190972e-01
9.740289146713349000e-01
9.906211118940788651e-01
9.740289146713350110e-01
9.448699203541194303e-01
9.216335596637367233e-01
9.163019867747551617e-01
9.163019867747551617e-01
9.163019867747549396e-01
9.163019867747551617e-01
9.163019867747549396e-01
9.216335596637365013e-01
9.448699203541192082e-01
9.740289146713350110e-01
9.906211118940788651e-01
9.740289146713349000e-01
9.448699203541192082e-01
8.975810071212696473e-01
8.043478782377575520e-01
6.542057599415203040e-01
4.393712741183131709e-01
2.624272910338279474e-01
1.291832217156994311e-01
4.811719932777709652e-02
0.000000000000000000e+00
0.000000000000000000e+00
0.000000000000000000e+00
0.000000000000000000e+00
0.000000000000000000e+00
0.000000000000000000e+00
0.000000000000000000e+00
0.000000000000000000e+00
0.000000000000000000e+00
0.000000000000000000e+00
0.000000000000000000e+00
0.000000000000000000e+00
0.000000000000000000e+00
0.000000000000000000e+00
0.000000000000000000e+00
0.000000000000000000e+00
0.000000000000000000e+00
0.000000000000000000e+00
0.000000000000000000e+00
0.000000000000000000e+00
0.000000000000000000e+00
0.000000000000000000e+00
0.000000000000000000e+00
0.000000000000000000e+00
0.000000000000000000e+00
0.000000000000000000e+00
0.000000000000000000e+00
0.000000000000000000e+00
0.000000000000000000e+00
0.000000000000000000e+00
4.668080012530564926e-03
2.597108532866485020e-02
7.836644033626349870e-02
1.895751009915963292e-01
3.457942400584798071e-01
5.297879789139502416e-01
6.703897164382824903e-01
7.682659113811350915e-01
8.392721895925755460e-01
8.670449150810722871e-01
8.392721895925755460e-01
7.682659113811353135e-01
7.089382731335768240e-01
6.795593583290467921e-01
6.795593583290472361e-01
6.795593583290471251e-01
6.795593583290473472e-01
6.795593583290471251e-01
7.089382731335768240e-01
7.682659113811350915e-01
8.392721895925756570e-01
8.670449150810722871e-01
8.392721895925755460e-01
7.682659113811355356e-01
6.703897164382826013e-01
5.297879789139505746e-01
3.457942400584797515e-01
1.895751009915963292e-01
7.836644033626349870e-02
2.597108532866475306e-02
4.668080012530467782e-03
0.000000000000000000e+00
0.000000000000000000e+00
0.000000000000000000e+00
0.000000000000000000e+00
0.000000000000000000e+00
0.000000000000000000e+00
0.000000000000000000e+00
0.000000000000000000e+00
0.000000000000000000e+00
0.000000000000000000e+00
0.000000000000000000e+00
0.000000000000000000e+00
0.000000000000000000e+00
0.000000000000000000e+00
0.000000000000000000e+00
0.000000000000000000e+00
0.000000000000000000e+00
0.000000000000000000e+00
0.000000000000000000e+00
0.000000000000000000e+00
0.000000000000000000e+00
0.000000000000000000e+00
0.000000000000000000e+00
0.000000000000000000e+00
0.000000000000000000e+00
0.000000000000000000e+00
0.000000000000000000e+00
0.000000000000000000e+00
0.000000000000000000e+00
0.000000000000000000e+00
0.000000000000000000e+00
0.000000000000000000e+00
4.668080012530467782e-03
4.811719932777709652e-02
1.291832217156991813e-01
2.254654957446756980e-01
3.296102835617168436e-01
4.393712741183127823e-01
5.606287258816866625e-01
6.007571434109408859e-01
5.606287258816866625e-01
4.393712741183131709e-01
3.595452953230739435e-01
3.204406416709528194e-01
3.204406416709527083e-01
3.204406416709525418e-01
3.204406416709526528e-01
3.204406416709528194e-01
3.595452953230739435e-01
4.393712741183130044e-01
5.606287258816865515e-01
6.007571434109408859e-01
5.606287258816867736e-01
4.393712741183131709e-01
3.296102835617167881e-01
2.254654957446756980e-01
1.291832217156991813e-01
4.811719932777729081e-02
4.668080012530757480e-03
0.000000000000000000e+00
0.000000000000000000e+00
0.000000000000000000e+00
0.000000000000000000e+00
0.000000000000000000e+00
0.000000000000000000e+00
0.000000000000000000e+00
0.000000000000000000e+00
0.000000000000000000e+00
0.000000000000000000e+00
0.000000000000000000e+00
0.000000000000000000e+00
0.000000000000000000e+00
0.000000000000000000e+00
0.000000000000000000e+00
0.000000000000000000e+00
0.000000000000000000e+00
0.000000000000000000e+00
0.000000000000000000e+00
0.000000000000000000e+00
0.000000000000000000e+00
0.000000000000000000e+00
0.000000000000000000e+00
0.000000000000000000e+00
0.000000000000000000e+00
0.000000000000000000e+00
0.000000000000000000e+00
0.000000000000000000e+00
9.648142445790317418e-17
0.000000000000000000e+00
0.000000000000000000e+00
0.000000000000000000e+00
0.000000000000000000e+00
0.000000000000000000e+00
0.000000000000000000e+00
4.668080012530467782e-03
2.597108532866475306e-02
5.513007964588083343e-02
1.024189928787298670e-01
1.607278104074243430e-01
2.317340886188646587e-01
2.621811027766536850e-01
2.317340886188646587e-01
1.607278104074245095e-01
1.079312748021731549e-01
8.369801322524506038e-02
8.369801322524482445e-02
8.369801322524482445e-02
8.369801322524506038e-02
8.369801322524506038e-02
1.079312748021730162e-01
1.607278104074241487e-01
2.317340886188644644e-01
2.621811027766535740e-01
2.317340886188646587e-01
1.607278104074245095e-01
1.024189928787298670e-01
5.513007964588063914e-02
2.597108532866475306e-02
4.668080012530661203e-03
0.000000000000000000e+00
0.000000000000000000e+00
1.929628489158063484e-16
0.000000000000000000e+00
0.000000000000000000e+00
0.000000000000000000e+00
0.000000000000000000e+00
0.000000000000000000e+00
0.000000000000000000e+00
0.000000000000000000e+00
0.000000000000000000e+00
0.000000000000000000e+00
0.000000000000000000e+00
0.000000000000000000e+00
0.000000000000000000e+00
0.000000000000000000e+00
0.000000000000000000e+00
0.000000000000000000e+00
0.000000000000000000e+00
0.000000000000000000e+00
0.000000000000000000e+00
0.000000000000000000e+00
0.000000000000000000e+00
0.000000000000000000e+00
0.000000000000000000e+00
0.000000000000000000e+00
0.000000000000000000e+00
0.000000000000000000e+00
0.000000000000000000e+00
0.000000000000000000e+00
0.000000000000000000e+00
0.000000000000000000e+00
0.000000000000000000e+00
0.000000000000000000e+00
1.929628489158063484e-16
0.000000000000000000e+00
0.000000000000000000e+00
0.000000000000000000e+00
0.000000000000000000e+00
4.668080012530757480e-03
2.597108532866475306e-02
5.513007964588083343e-02
7.307605873075176395e-02
5.513007964588045179e-02
2.597108532866504102e-02
4.668080012530661203e-03
0.000000000000000000e+00
0.000000000000000000e+00
0.000000000000000000e+00
0.000000000000000000e+00
0.000000000000000000e+00
4.668080012530661203e-03
2.597108532866475306e-02
5.513007964588073628e-02
7.307605873075156966e-02
5.513007964588083343e-02
2.597108532866475306e-02
4.668080012530661203e-03
0.000000000000000000e+00
0.000000000000000000e+00
0.000000000000000000e+00
0.000000000000000000e+00
1.929628489158063484e-16
0.000000000000000000e+00
0.000000000000000000e+00
9.648142445790317418e-17
0.000000000000000000e+00
0.000000000000000000e+00
0.000000000000000000e+00
0.000000000000000000e+00
0.000000000000000000e+00
0.000000000000000000e+00
0.000000000000000000e+00
0.000000000000000000e+00
0.000000000000000000e+00
1.929628489158063484e-16
0.000000000000000000e+00
0.000000000000000000e+00
0.000000000000000000e+00
0.000000000000000000e+00
0.000000000000000000e+00
0.000000000000000000e+00
0.000000000000000000e+00
0.000000000000000000e+00
0.000000000000000000e+00
0.000000000000000000e+00
0.000000000000000000e+00
0.000000000000000000e+00
0.000000000000000000e+00
0.000000000000000000e+00
0.000000000000000000e+00
0.000000000000000000e+00
0.000000000000000000e+00
0.000000000000000000e+00
0.000000000000000000e+00
0.000000000000000000e+00
0.000000000000000000e+00
0.000000000000000000e+00
0.000000000000000000e+00
0.000000000000000000e+00
0.000000000000000000e+00
0.000000000000000000e+00
0.000000000000000000e+00
1.929628489158063484e-16
0.000000000000000000e+00
1.929628489158063484e-16
0.000000000000000000e+00
0.000000000000000000e+00
0.000000000000000000e+00
0.000000000000000000e+00
1.929628489158063484e-16
0.000000000000000000e+00
0.000000000000000000e+00
0.000000000000000000e+00
0.000000000000000000e+00
0.000000000000000000e+00
0.000000000000000000e+00
1.929628489158063484e-16
0.000000000000000000e+00
0.000000000000000000e+00
0.000000000000000000e+00
0.000000000000000000e+00
0.000000000000000000e+00
2.894442733737094979e-16
0.000000000000000000e+00
0.000000000000000000e+00
1.929628489158063484e-16
0.000000000000000000e+00
0.000000000000000000e+00
0.000000000000000000e+00
0.000000000000000000e+00
0.000000000000000000e+00
0.000000000000000000e+00
0.000000000000000000e+00
0.000000000000000000e+00
0.000000000000000000e+00
1.929628489158063484e-16
0.000000000000000000e+00
1.929628489158063484e-16
0.000000000000000000e+00
0.000000000000000000e+00
1.929628489158063484e-16
1.929628489158063484e-16
0.000000000000000000e+00
0.000000000000000000e+00
0.000000000000000000e+00
0.000000000000000000e+00
0.000000000000000000e+00
0.000000000000000000e+00
0.000000000000000000e+00
0.000000000000000000e+00
0.000000000000000000e+00
0.000000000000000000e+00
0.000000000000000000e+00
0.000000000000000000e+00
0.000000000000000000e+00
0.000000000000000000e+00
0.000000000000000000e+00
0.000000000000000000e+00
0.000000000000000000e+00
0.000000000000000000e+00
4.668080012530757480e-03
2.597108532866485020e-02
5.002525373026420197e-02
5.002525373026429911e-02
2.597108532866504102e-02
4.668080012530853758e-03
0.000000000000000000e+00
2.894442733737094979e-16
0.000000000000000000e+00
1.929628489158063484e-16
0.000000000000000000e+00
1.929628489158063484e-16
0.000000000000000000e+00
4.668080012530661203e-03
2.597108532866504102e-02
5.002525373026420197e-02
5.002525373026420197e-02
2.597108532866513816e-02
4.668080012530757480e-03
0.000000000000000000e+00
0.000000000000000000e+00
0.000000000000000000e+00
0.000000000000000000e+00
2.894442733737094979e-16
0.000000000000000000e+00
0.000000000000000000e+00
0.000000000000000000e+00
1.929628489158063484e-16
0.000000000000000000e+00
0.000000000000000000e+00
0.000000000000000000e+00
0.000000000000000000e+00
0.000000000000000000e+00
0.000000000000000000e+00
0.000000000000000000e+00
0.000000000000000000e+00
1.929628489158063484e-16
0.000000000000000000e+00
0.000000000000000000e+00
0.000000000000000000e+00
0.000000000000000000e+00
0.000000000000000000e+00
0.000000000000000000e+00
0.000000000000000000e+00
0.000000000000000000e+00
0.000000000000000000e+00
0.000000000000000000e+00
0.000000000000000000e+00
0.000000000000000000e+00
0.000000000000000000e+00
0.000000000000000000e+00
1.929628489158063484e-16
0.000000000000000000e+00
0.000000000000000000e+00
0.000000000000000000e+00
1.929628489158063484e-16
0.000000000000000000e+00
0.000000000000000000e+00
0.000000000000000000e+00
4.668080012530564926e-03
2.597108532866504102e-02
7.836644033626369299e-02
1.548588318257302088e-01
2.040691882371909738e-01
2.040691882371915011e-01
1.548588318257304031e-01
7.836644033626369299e-02
2.597108532866475306e-02
4.668080012530564926e-03
1.929628489158063484e-16
0.000000000000000000e+00
1.929628489158063484e-16
4.668080012530467782e-03
2.597108532866504102e-02
7.836644033626355421e-02
1.548588318257307361e-01
2.040691882371913901e-01
2.040691882371909738e-01
1.548588318257305141e-01
7.836644033626379013e-02
2.597108532866494388e-02
4.668080012530564926e-03
0.000000000000000000e+00
0.000000000000000000e+00
0.000000000000000000e+00
0.000000000000000000e+00
0.000000000000000000e+00
0.000000000000000000e+00
0.000000000000000000e+00
0.000000000000000000e+00
0.000000000000000000e+00
0.000000000000000000e+00
0.000000000000000000e+00
0.000000000000000000e+00
0.000000000000000000e+00
0.000000000000000000e+00
0.000000000000000000e+00
9.648142445790317418e-17
0.000000000000000000e+00
0.000000000000000000e+00
0.000000000000000000e+00
0.000000000000000000e+00
0.000000000000000000e+00
0.000000000000000000e+00
0.000000000000000000e+00
0.000000000000000000e+00
0.000000000000000000e+00
0.000000000000000000e+00
0.000000000000000000e+00
0.000000000000000000e+00
0.000000000000000000e+00
0.000000000000000000e+00
0.000000000000000000e+00
0.000000000000000000e+00
0.000000000000000000e+00
0.000000000000000000e+00
0.000000000000000000e+00
0.000000000000000000e+00
0.000000000000000000e+00
0.000000000000000000e+00
2.597108532866485020e-02
9.673805126123712073e-02
2.340985343393135187e-01
4.018197257862228811e-01
5.202387999878491653e-01
5.202387999878490543e-01
4.086832326071846433e-01
2.688682217910237648e-01
1.607278104074243985e-01
1.024189928787299642e-01
6.027685153889154879e-02
5.320622230202935732e-02
6.027685153889154879e-02
1.024189928787299642e-01
1.607278104074243985e-01
2.688682217910233208e-01
4.086832326071850874e-01
5.202387999878490543e-01
5.202387999878490543e-01
4.018197257862231031e-01
2.340985343393136575e-01
9.673805126123712073e-02
2.597108532866485020e-02
1.929628489158063484e-16
0.000000000000000000e+00
1.929628489158063484e-16
0.000000000000000000e+00
0.000000000000000000e+00
0.000000000000000000e+00
1.929628489158063484e-16
0.000000000000000000e+00
0.000000000000000000e+00
0.000000000000000000e+00
0.000000000000000000e+00
0.000000000000000000e+00
0.000000000000000000e+00
0.000000000000000000e+00
0.000000000000000000e+00
0.000000000000000000e+00
0.000000000000000000e+00
0.000000000000000000e+00
0.000000000000000000e+00
0.000000000000000000e+00
0.000000000000000000e+00
0.000000000000000000e+00
0.000000000000000000e+00
0.000000000000000000e+00
0.000000000000000000e+00
0.000000000000000000e+00
0.000000000000000000e+00
0.000000000000000000e+00
0.000000000000000000e+00
0.000000000000000000e+00
0.000000000000000000e+00
0.000000000000000000e+00
0.000000000000000000e+00
0.000000000000000000e+00
0.000000000000000000e+00
0.000000000000000000e+00
0.000000000000000000e+00
4.668080012530661203e-03
7.836644033626340156e-02
2.340985343393134632e-01
4.895813279122838146e-01
7.021295390945322401e-01
8.127003588420639302e-01
8.127003588420641522e-01
7.311317782089766792e-01
5.913167673928153567e-01
4.393712741183133930e-01
3.296102835617176208e-01
2.600133419524388589e-01
2.446068163707895426e-01
2.600133419524389145e-01
3.296102835617171212e-01
4.393712741183133930e-01
5.913167673928150236e-01
7.311317782089766792e-01
8.127003588420639302e-01
8.127003588420643743e-01
7.021295390945325732e-01
4.895813279122838146e-01
2.340985343393135187e-01
7.836644033626340156e-02
4.668080012530757480e-03
0.000000000000000000e+00
0.000000000000000000e+00
0.000000000000000000e+00
0.000000000000000000e+00
0.000000000000000000e+00
0.000000000000000000e+00
0.000000000000000000e+00
0.000000000000000000e+00
0.000000000000000000e+00
0.000000000000000000e+00
0.000000000000000000e+00
0.000000000000000000e+00
0.000000000000000000e+00
0.000000000000000000e+00
1.929628489158063484e-16
0.000000000000000000e+00
0.000000000000000000e+00
0.000000000000000000e+00
0.000000000000000000e+00
0.000000000000000000e+00
0.000000000000000000e+00
0.000000000000000000e+00
0.000000000000000000e+00
0.000000000000000000e+00
0.000000000000000000e+00
0.000000000000000000e+00
0.000000000000000000e+00
0.000000000000000000e+00
0.000000000000000000e+00
0.000000000000000000e+00
0.000000000000000000e+00
1.929628489158063484e-16
0.000000000000000000e+00
0.000000000000000000e+00
0.000000000000000000e+00
0.000000000000000000e+00
2.597108532866475306e-02
1.548588318257300700e-01
4.018197257862229366e-01
7.021295390945326842e-01
8.899862979809284314e-01
9.691282725918121121e-01
9.691282725918122232e-01
9.216335596637362793e-01
8.451411681742695414e-01
7.682659113811356466e-01
6.703897164382829343e-01
6.007571434109405528e-01
5.606287258816865515e-01
6.007571434109404418e-01
6.703897164382826013e-01
7.682659113811355356e-01
8.451411681742693194e-01
9.216335596637365013e-01
9.691282725918122232e-01
9.691282725918121121e-01
8.899862979809286534e-01
7.021295390945326842e-01
4.018197257862227700e-01
1.548588318257300700e-01
2.597108532866465591e-02
0.000000000000000000e+00
0.000000000000000000e+00
0.000000000000000000e+00
0.000000000000000000e+00
0.000000000000000000e+00
0.000000000000000000e+00
0.000000000000000000e+00
0.000000000000000000e+00
0.000000000000000000e+00
0.000000000000000000e+00
0.000000000000000000e+00
0.000000000000000000e+00
0.000000000000000000e+00
0.000000000000000000e+00
0.000000000000000000e+00
0.000000000000000000e+00
0.000000000000000000e+00
0.000000000000000000e+00
0.000000000000000000e+00
0.000000000000000000e+00
0.000000000000000000e+00
0.000000000000000000e+00
0.000000000000000000e+00
0.000000000000000000e+00
0.000000000000000000e+00
0.000000000000000000e+00
0.000000000000000000e+00
0.000000000000000000e+00
0.000000000000000000e+00
0.000000000000000000e+00
0.000000000000000000e+00
0.000000000000000000e+00
0.000000000000000000e+00
0.000000000000000000e+00
0.000000000000000000e+00
0.000000000000000000e+00
5.513007964588073628e-02
2.317340886188646587e-01
5.606287258816866625e-01
8.392721895925754350e-01
9.740289146713352331e-01
1.000000000000000000e+00
1.000000000000000000e+00
9.953319199874693934e-01
9.740289146713350110e-01
9.448699203541190972e-01
8.975810071212700914e-01
8.651160605110569390e-01
8.511956688581676644e-01
8.651160605110568280e-01
8.975810071212698693e-01
9.448699203541188751e-01
9.740289146713349000e-01
9.953319199874693934e-01
1.000000000000000000e+00
9.999999999999997780e-01
9.740289146713352331e-01
8.392721895925755460e-01
5.606287258816865515e-01
2.317340886188646587e-01
5.513007964588054199e-02
0.000000000000000000e+00
0.000000000000000000e+00
0.000000000000000000e+00
0.000000000000000000e+00
0.000000000000000000e+00
0.000000000000000000e+00
0.000000000000000000e+00
0.000000000000000000e+00
0.000000000000000000e+00
0.000000000000000000e+00
0.000000000000000000e+00
0.000000000000000000e+00
0.000000000000000000e+00
0.000000000000000000e+00
9.648142445790317418e-17
0.000000000000000000e+00
1.929628489158063484e-16
0.000000000000000000e+00
0.000000000000000000e+00
0.000000000000000000e+00
0.000000000000000000e+00
0.000000000000000000e+00
0.000000000000000000e+00
0.000000000000000000e+00
0.000000000000000000e+00
0.000000000000000000e+00
0.000000000000000000e+00
0.000000000000000000e+00
0.000000000000000000e+00
0.000000000000000000e+00
0.000000000000000000e+00
0.000000000000000000e+00
0.000000000000000000e+00
0.000000000000000000e+00
0.000000000000000000e+00
0.000000000000000000e+00
7.836644033626349870e-02
2.910617268664228430e-01
6.404547046769253349e-01
8.920687251978266508e-01
9.953319199874690604e-01
1.000000000000000000e+00
1.000000000000000000e+00
1.000000000000000000e+00
1.000000000000000000e+00
1.000000000000000000e+00
9.953319199874693934e-01
9.788870102163483855e-01
9.721917258484731317e-01
9.788870102163483855e-01
9.953319199874692824e-01
1.000000000000000000e+00
9.999999999999997780e-01
1.000000000000000000e+00
1.000000000000000000e+00
9.999999999999997780e-01
9.953319199874690604e-01
8.920687251978268728e-01
6.404547046769254459e-01
2.910617268664227320e-01
7.836644033626349870e-02
1.929628489158063484e-16
0.000000000000000000e+00
0.000000000000000000e+00
0.000000000000000000e+00
0.000000000000000000e+00
0.000000000000000000e+00
0.000000000000000000e+00
0.000000000000000000e+00
0.000000000000000000e+00
0.000000000000000000e+00
0.000000000000000000e+00
0.000000000000000000e+00
0.000000000000000000e+00
0.000000000000000000e+00
9.648142445790317418e-17
0.000000000000000000e+00
0.000000000000000000e+00
1.929628489158063484e-16
0.000000000000000000e+00
0.000000000000000000e+00
0.000000000000000000e+00
0.000000000000000000e+00
0.000000000000000000e+00
0.000000000000000000e+00
0.000000000000000000e+00
0.000000000000000000e+00
0.000000000000000000e+00
0.000000000000000000e+00
0.000000000000000000e+00
0.000000000000000000e+00
0.000000000000000000e+00
0.000000000000000000e+00
0.000000000000000000e+00
0.000000000000000000e+00
1.929628489158063484e-16
0.000000000000000000e+00
7.836644033626379013e-02
2.910617268664232316e-01
6.404547046769254459e-01
8.920687251978265397e-01
9.953319199874692824e-01
1.000000000000000000e+00
1.000000000000000000e+00
9.999999999999997780e-01
1.000000000000000000e+00
1.000000000000000000e+00
9.953319199874693934e-01
9.788870102163481635e-01
9.721917258484731317e-01
9.788870102163483855e-01
9.953319199874690604e-01
9.999999999999997780e-01
9.999999999999997780e-01
1.000000000000000000e+00
9.999999999999997780e-01
1.000000000000000000e+00
9.953319199874693934e-01
8.920687251978265397e-01
6.404547046769253349e-01
2.910617268664228430e-01
7.836644033626355421e-02
0.000000000000000000e+00
0.000000000000000000e+00
0.000000000000000000e+00
0.000000000000000000e+00
0.000000000000000000e+00
0.000000000000000000e+00
0.000000000000000000e+00
0.000000000000000000e+00
0.000000000000000000e+00
0.000000000000000000e+00
0.000000000000000000e+00
0.000000000000000000e+00
0.000000000000000000e+00
0.000000000000000000e+00
9.648142445790317418e-17
0.000000000000000000e+00
1.929628489158063484e-16
0.000000000000000000e+00
0.000000000000000000e+00
0.000000000000000000e+00
0.000000000000000000e+00
9.648142445790317418e-17
0.000000000000000000e+00
0.000000000000000000e+00
0.000000000000000000e+00
0.000000000000000000e+00
0.000000000000000000e+00
0.000000000000000000e+00
0.000000000000000000e+00
0.000000000000000000e+00
0.000000000000000000e+00
0.000000000000000000e+00
0.000000000000000000e+00
0.000000000000000000e+00
1.929628489158063484e-16
0.000000000000000000e+00
5.513007964588083343e-02
2.317340886188646032e-01
5.606287258816866625e-01
8.392721895925755460e-01
9.740289146713346780e-01
9.999999999999997780e-01
1.000000000000000000e+00
9.953319199874692824e-01
9.740289146713350110e-01
9.448699203541190972e-01
8.975810071212700914e-01
8.651160605110570501e-01
8.511956688581674424e-01
8.651160605110568280e-01
8.975810071212698693e-01
9.448699203541190972e-01
9.740289146713349000e-01
9.953319199874693934e-01
1.000000000000000000e+00
9.999999999999997780e-01
9.740289146713350110e-01
8.392721895925754350e-01
5.606287258816864405e-01
2.317340886188640758e-01
5.513007964588083343e-02
0.000000000000000000e+00
0.000000000000000000e+00
0.000000000000000000e+00
0.000000000000000000e+00
0.000000000000000000e+00
0.000000000000000000e+00
0.000000000000000000e+00
0.000000000000000000e+00
0.000000000000000000e+00
0.000000000000000000e+00
0.000000000000000000e+00
0.000000000000000000e+00
0.000000000000000000e+00
0.000000000000000000e+00
1.929628489158063484e-16
0.000000000000000000e+00
1.929628489158063484e-16
0.000000000000000000e+00
0.000000000000000000e+00
2.894442733737094979e-16
0.000000000000000000e+00
0.000000000000000000e+00
0.000000000000000000e+00
0.000000000000000000e+00
0.000000000000000000e+00
0.000000000000000000e+00
0.000000000000000000e+00
0.000000000000000000e+00
0.000000000000000000e+00
0.000000000000000000e+00
0.000000000000000000e+00
0.000000000000000000e+00
0.000000000000000000e+00
0.000000000000000000e+00
0.000000000000000000e+00
0.000000000000000000e+00
2.597108532866494388e-02
1.548588318257302088e-01
4.018197257862227145e-01
7.021295390945325732e-01
8.899862979809283203e-01
9.691282725918122232e-01
9.691282725918124452e-01
9.216335596637362793e-01
8.451411681742695414e-01
7.682659113811355356e-01
6.703897164382829343e-01
6.007571434109408859e-01
5.606287258816866625e-01
6.007571434109408859e-01
6.703897164382829343e-01
7.682659113811355356e-01
8.451411681742690973e-01
9.216335596637362793e-01
9.691282725918122232e-01
9.691282725918121121e-01
8.899862979809284314e-01
7.021295390945325732e-01
4.018197257862228255e-01
1.548588318257304031e-01
2.597108532866494388e-02
0.000000000000000000e+00
0.000000000000000000e+00
0.000000000000000000e+00
0.000000000000000000e+00
1.929628489158063484e-16
0.000000000000000000e+00
0.000000000000000000e+00
0.000000000000000000e+00
0.000000000000000000e+00
0.000000000000000000e+00
0.000000000000000000e+00
0.000000000000000000e+00
0.000000000000000000e+00
0.000000000000000000e+00
0.000000000000000000e+00
0.000000000000000000e+00
0.000000000000000000e+00
0.000000000000000000e+00
0.000000000000000000e+00
0.000000000000000000e+00
1.929628489158063484e-16
0.000000000000000000e+00
0.000000000000000000e+00
0.000000000000000000e+00
0.000000000000000000e+00
0.000000000000000000e+00
0.000000000000000000e+00
0.000000000000000000e+00
0.000000000000000000e+00
1.929628489158063484e-16
0.000000000000000000e+00
0.000000000000000000e+00
0.000000000000000000e+00
0.000000000000000000e+00
1.929628489158063484e-16
0.000000000000000000e+00
4.668080012530661203e-03
7.836644033626369299e-02
2.340985343393134632e-01
4.895813279122837036e-01
7.021295390945325732e-01
8.127003588420643743e-01
8.127003588420641522e-01
7.311317782089766792e-01
5.913167673928151347e-01
4.393712741183131709e-01
3.296102835617172322e-01
2.600133419524389700e-01
2.446068163707898757e-01
2.600133419524387479e-01
3.296102835617171767e-01
4.393712741183130044e-01
5.913167673928150236e-01
7.311317782089769013e-01
8.127003588420640412e-01
8.127003588420641522e-01
7.021295390945331283e-01
4.895813279122837036e-01
2.340985343393133244e-01
7.836644033626349870e-02
4.668080012530661203e-03
1.929628489158063484e-16
0.000000000000000000e+00
0.000000000000000000e+00
0.000000000000000000e+00
0.000000000000000000e+00
0.000000000000000000e+00
0.000000000000000000e+00
0.000000000000000000e+00
0.000000000000000000e+00
0.000000000000000000e+00
0.000000000000000000e+00
0.000000000000000000e+00
0.000000000000000000e+00
0.000000000000000000e+00
9.648142445790317418e-17
0.000000000000000000e+00
0.000000000000000000e+00
0.000000000000000000e+00
0.000000000000000000e+00
0.000000000000000000e+00
0.000000000000000000e+00
0.000000000000000000e+00
0.000000000000000000e+00
0.000000000000000000e+00
0.000000000000000000e+00
0.000000000000000000e+00
0.000000000000000000e+00
0.000000000000000000e+00
0.000000000000000000e+00
0.000000000000000000e+00
0.000000000000000000e+00
0.000000000000000000e+00
0.000000000000000000e+00
0.000000000000000000e+00
1.929628489158063484e-16
0.000000000000000000e+00
0.000000000000000000e+00
2.597108532866475306e-02
9.673805126123712073e-02
2.340985343393134632e-01
4.018197257862228255e-01
5.202387999878489433e-01
5.202387999878487213e-01
4.086832326071850319e-01
2.688682217910238204e-01
1.607278104074241487e-01
1.024189928787299086e-01
6.027685153889174308e-02
5.320622230202916303e-02
6.027685153889174308e-02
1.024189928787298115e-01
1.607278104074238712e-01
2.688682217910234318e-01
4.086832326071846988e-01
5.202387999878486102e-01
5.202387999878486102e-01
4.018197257862234917e-01
2.340985343393134632e-01
9.673805126123702358e-02
2.597108532866475306e-02
0.000000000000000000e+00
0.000000000000000000e+00
0.000000000000000000e+00
0.000000000000000000e+00
0.000000000000000000e+00
0.000000000000000000e+00
0.000000000000000000e+00
0.000000000000000000e+00
0.000000000000000000e+00
0.000000000000000000e+00
0.000000000000000000e+00
0.000000000000000000e+00
0.000000000000000000e+00
0.000000000000000000e+00
0.000000000000000000e+00
0.000000000000000000e+00
0.000000000000000000e+00
0.000000000000000000e+00
0.000000000000000000e+00
0.000000000000000000e+00
0.000000000000000000e+00
0.000000000000000000e+00
0.000000000000000000e+00
9.648142445790317418e-17
0.000000000000000000e+00
0.000000000000000000e+00
0.000000000000000000e+00
0.000000000000000000e+00
0.000000000000000000e+00
0.000000000000000000e+00
0.000000000000000000e+00
0.000000000000000000e+00
0.000000000000000000e+00
0.000000000000000000e+00
0.000000000000000000e+00
0.000000000000000000e+00
0.000000000000000000e+00
0.000000000000000000e+00
4.668080012530467782e-03
2.597108532866475306e-02
7.836644033626335992e-02
1.548588318257302088e-01
2.040691882371911681e-01
2.040691882371913901e-01
1.548588318257303198e-01
7.836644033626379013e-02
2.597108532866504102e-02
4.668080012530661203e-03
0.000000000000000000e+00
0.000000000000000000e+00
1.929628489158063484e-16
4.668080012530564926e-03
2.597108532866494388e-02
7.836644033626349870e-02
1.548588318257304031e-01
2.040691882371909183e-01
2.040691882371913068e-01
1.548588318257307361e-01
7.836644033626335992e-02
2.597108532866475306e-02
4.668080012530371505e-03
0.000000000000000000e+00
0.000000000000000000e+00
0.000000000000000000e+00
0.000000000000000000e+00
1.929628489158063484e-16
0.000000000000000000e+00
0.000000000000000000e+00
0.000000000000000000e+00
0.000000000000000000e+00
0.000000000000000000e+00
0.000000000000000000e+00
0.000000000000000000e+00
0.000000000000000000e+00
0.000000000000000000e+00
0.000000000000000000e+00
1.929628489158063484e-16
0.000000000000000000e+00
0.000000000000000000e+00
0.000000000000000000e+00
0.000000000000000000e+00
0.000000000000000000e+00
1.929628489158063484e-16
0.000000000000000000e+00
0.000000000000000000e+00
0.000000000000000000e+00
0.000000000000000000e+00
0.000000000000000000e+00
0.000000000000000000e+00
0.000000000000000000e+00
0.000000000000000000e+00
1.929628489158063484e-16
0.000000000000000000e+00
0.000000000000000000e+00
0.000000000000000000e+00
0.000000000000000000e+00
0.000000000000000000e+00
0.000000000000000000e+00
0.000000000000000000e+00
0.000000000000000000e+00
0.000000000000000000e+00
4.668080012530661203e-03
2.597108532866465591e-02
5.002525373026420197e-02
5.002525373026429911e-02
2.597108532866465591e-02
4.668080012530853758e-03
0.000000000000000000e+00
0.000000000000000000e+00
0.000000000000000000e+00
0.000000000000000000e+00
1.929628489158063484e-16
0.000000000000000000e+00
0.000000000000000000e+00
4.668080012530661203e-03
2.597108532866475306e-02
5.002525373026410482e-02
5.002525373026410482e-02
2.597108532866494388e-02
4.668080012530564926e-03
0.000000000000000000e+00
0.000000000000000000e+00
0.000000000000000000e+00
0.000000000000000000e+00
0.000000000000000000e+00
0.000000000000000000e+00
0.000000000000000000e+00
0.000000000000000000e+00
1.929628489158063484e-16
0.000000000000000000e+00
0.000000000000000000e+00
0.000000000000000000e+00
0.000000000000000000e+00
0.000000000000000000e+00
0.000000000000000000e+00
0.000000000000000000e+00
0.000000000000000000e+00
1.929628489158063484e-16
0.000000000000000000e+00
0.000000000000000000e+00
0.000000000000000000e+00
0.000000000000000000e+00
0.000000000000000000e+00
0.000000000000000000e+00
0.000000000000000000e+00
0.000000000000000000e+00
0.000000000000000000e+00
0.000000000000000000e+00
0.000000000000000000e+00
0.000000000000000000e+00
0.000000000000000000e+00
0.000000000000000000e+00
0.000000000000000000e+00
0.000000000000000000e+00
0.000000000000000000e+00
0.000000000000000000e+00
0.000000000000000000e+00
1.929628489158063484e-16
0.000000000000000000e+00
0.000000000000000000e+00
0.000000000000000000e+00
0.000000000000000000e+00
0.000000000000000000e+00
0.000000000000000000e+00
0.000000000000000000e+00
0.000000000000000000e+00
1.929628489158063484e-16
2.894442733737094979e-16
0.000000000000000000e+00
0.000000000000000000e+00
0.000000000000000000e+00
1.929628489158063484e-16
0.000000000000000000e+00
0.000000000000000000e+00
0.000000000000000000e+00
0.000000000000000000e+00
0.000000000000000000e+00
0.000000000000000000e+00
0.000000000000000000e+00
0.000000000000000000e+00
0.000000000000000000e+00
0.000000000000000000e+00
0.000000000000000000e+00
0.000000000000000000e+00
0.000000000000000000e+00
0.000000000000000000e+00
0.000000000000000000e+00
0.000000000000000000e+00
1.929628489158063484e-16
1.929628489158063484e-16
0.000000000000000000e+00
0.000000000000000000e+00
0.000000000000000000e+00
0.000000000000000000e+00
0.000000000000000000e+00
0.000000000000000000e+00
0.000000000000000000e+00
0.000000000000000000e+00
1.929628489158063484e-16
0.000000000000000000e+00
0.000000000000000000e+00
1.929628489158063484e-16
0.000000000000000000e+00
0.000000000000000000e+00
1.929628489158063484e-16
0.000000000000000000e+00
0.000000000000000000e+00
0.000000000000000000e+00
0.000000000000000000e+00
0.000000000000000000e+00
0.000000000000000000e+00
0.000000000000000000e+00
0.000000000000000000e+00
0.000000000000000000e+00
0.000000000000000000e+00
0.000000000000000000e+00
0.000000000000000000e+00
0.000000000000000000e+00
0.000000000000000000e+00
0.000000000000000000e+00
0.000000000000000000e+00
2.894442733737094979e-16
0.000000000000000000e+00
4.668080012530853758e-03
2.597108532866485020e-02
5.513007964588083343e-02
7.307605873075172231e-02
5.513007964588083343e-02
2.597108532866523531e-02
4.668080012530564926e-03
1.929628489158063484e-16
0.000000000000000000e+00
2.894442733737094979e-16
0.000000000000000000e+00
0.000000000000000000e+00
4.668080012530661203e-03
2.597108532866504102e-02
5.513007964588083343e-02
7.307605873075147251e-02
5.513007964588063914e-02
2.597108532866504102e-02
4.668080012530757480e-03
2.894442733737094979e-16
0.000000000000000000e+00
0.000000000000000000e+00
0.000000000000000000e+00
1.929628489158063484e-16
0.000000000000000000e+00
0.000000000000000000e+00
1.929628489158063484e-16
1.929628489158063484e-16
0.000000000000000000e+00
1.929628489158063484e-16
0.000000000000000000e+00
0.000000000000000000e+00
0.000000000000000000e+00
0.000000000000000000e+00
0.000000000000000000e+00
0.000000000000000000e+00
0.000000000000000000e+00
0.000000000000000000e+00
0.000000000000000000e+00
0.000000000000000000e+00
0.000000000000000000e+00
0.000000000000000000e+00
0.000000000000000000e+00
0.000000000000000000e+00
9.648142445790317418e-17
9.648142445790317418e-17
0.000000000000000000e+00
0.000000000000000000e+00
0.000000000000000000e+00
0.000000000000000000e+00
0.000000000000000000e+00
2.894442733737094979e-16
1.929628489158063484e-16
0.000000000000000000e+00
0.000000000000000000e+00
1.929628489158063484e-16
1.929628489158063484e-16
0.000000000000000000e+00
4.668080012530757480e-03
2.597108532866504102e-02
5.513007964588073628e-02
1.024189928787298670e-01
1.607278104074243152e-01
2.317340886188643811e-01
2.621811027766536850e-01
2.317340886188646587e-01
1.607278104074245928e-01
1.079312748021732105e-01
8.369801322524467180e-02
8.369801322524519915e-02
8.369801322524482445e-02
8.369801322524511589e-02
8.369801322524457465e-02
1.079312748021731549e-01
1.607278104074244540e-01
2.317340886188647142e-01
2.621811027766535740e-01
2.317340886188646587e-01
1.607278104074245928e-01
1.024189928787298670e-01
5.513007964588063914e-02
2.597108532866475306e-02
4.668080012530564926e-03
1.929628489158063484e-16
1.929628489158063484e-16
1.929628489158063484e-16
0.000000000000000000e+00
0.000000000000000000e+00
0.000000000000000000e+00
0.000000000000000000e+00
0.000000000000000000e+00
0.000000000000000000e+00
0.000000000000000000e+00
0.000000000000000000e+00
0.000000000000000000e+00
0.000000000000000000e+00
0.000000000000000000e+00
1.929628489158063484e-16
0.000000000000000000e+00
0.000000000000000000e+00
0.000000000000000000e+00
0.000000000000000000e+00
1.929628489158063484e-16
0.000000000000000000e+00
0.000000000000000000e+00
0.000000000000000000e+00
0.000000000000000000e+00
0.000000000000000000e+00
0.000000000000000000e+00
0.000000000000000000e+00
0.000000000000000000e+00
0.000000000000000000e+00
1.929628489158063484e-16
0.000000000000000000e+00
0.000000000000000000e+00
0.000000000000000000e+00
0.000000000000000000e+00
1.929628489158063484e-16
4.668080012530467782e-03
4.811719932777719366e-02
1.291832217156994311e-01
2.254654957446753927e-01
3.296102835617171212e-01
4.393712741183130599e-01
5.606287258816868846e-01
6.007571434109409969e-01
5.606287258816869956e-01
4.393712741183135595e-01
3.595452953230739435e-01
3.204406416709528194e-01
3.204406416709527083e-01
3.204406416709529859e-01
3.204406416709527083e-01
3.204406416709525973e-01
3.595452953230739435e-01
4.393712741183131709e-01
5.606287258816869956e-01
6.007571434109408859e-01
5.606287258816868846e-01
4.393712741183133930e-01
3.296102835617171767e-01
2.254654957446753094e-01
1.291832217156991813e-01
4.811719932777738795e-02
4.668080012530661203e-03
0.000000000000000000e+00
0.000000000000000000e+00
0.000000000000000000e+00
0.000000000000000000e+00
0.000000000000000000e+00
0.000000000000000000e+00
0.000000000000000000e+00
0.000000000000000000e+00
0.000000000000000000e+00
0.000000000000000000e+00
0.000000000000000000e+00
0.000000000000000000e+00
0.000000000000000000e+00
1.929628489158063484e-16
0.000000000000000000e+00
0.000000000000000000e+00
0.000000000000000000e+00
0.000000000000000000e+00
1.929628489158063484e-16
0.000000000000000000e+00
0.000000000000000000e+00
0.000000000000000000e+00
0.000000000000000000e+00
0.000000000000000000e+00
0.000000000000000000e+00
0.000000000000000000e+00
0.000000000000000000e+00
0.000000000000000000e+00
1.929628489158063484e-16
0.000000000000000000e+00
0.000000000000000000e+00
0.000000000000000000e+00
4.668080012530564926e-03
2.597108532866504102e-02
7.836644033626349870e-02
1.895751009915960794e-01
3.457942400584798626e-01
5.297879789139503526e-01
6.703897164382829343e-01
7.682659113811348695e-01
8.392721895925755460e-01
8.670449150810725092e-01
8.392721895925756570e-01
7.682659113811356466e-01
7.089382731335767129e-01
6.795593583290471251e-01
6.795593583290470141e-01
6.795593583290471251e-01
6.795593583290471251e-01
6.795593583290470141e-01
7.089382731335767129e-01
7.682659113811355356e-01
8.392721895925761011e-01
8.670449150810722871e-01
8.392721895925754350e-01
7.682659113811356466e-01
6.703897164382828233e-01
5.297879789139502416e-01
3.457942400584795850e-01
1.895751009915963292e-01
7.836644033626379013e-02
2.597108532866485020e-02
4.668080012530564926e-03
0.000000000000000000e+00
0.000000000000000000e+00
0.000000000000000000e+00
0.000000000000000000e+00
0.000000000000000000e+00
0.000000000000000000e+00
0.000000000000000000e+00
0.000000000000000000e+00
0.000000000000000000e+00
0.000000000000000000e+00
0.000000000000000000e+00
9.648142445790317418e-17
0.000000000000000000e+00
0.000000000000000000e+00
0.000000000000000000e+00
0.000000000000000000e+00
0.000000000000000000e+00
0.000000000000000000e+00
0.000000000000000000e+00
0.000000000000000000e+00
0.000000000000000000e+00
0.000000000000000000e+00
0.000000000000000000e+00
0.000000000000000000e+00
0.000000000000000000e+00
0.000000000000000000e+00
0.000000000000000000e+00
0.000000000000000000e+00
0.000000000000000000e+00
4.668080012530564926e-03
4.811719932777729081e-02
1.291832217156995144e-01
2.624272910338278364e-01
4.393712741183130599e-01
6.542057599415200819e-01
8.043478782377577740e-01
8.975810071212698693e-01
9.448699203541190972e-01
9.740289146713349000e-01
9.906211118940788651e-01
9.740289146713349000e-01
9.448699203541194303e-01
9.216335596637365013e-01
9.163019867747552727e-01
9.163019867747551617e-01
9.163019867747549396e-01
9.163019867747552727e-01
9.163019867747551617e-01
9.216335596637361682e-01
9.448699203541190972e-01
9.740289146713350110e-01
9.906211118940785321e-01
9.740289146713349000e-01
9.448699203541194303e-01
8.975810071212700914e-01
8.043478782377578851e-01
6.542057599415198599e-01
4.393712741183130044e-01
2.624272910338280029e-01
1.291832217156995144e-01
4.811719932777729081e-02
0.000000000000000000e+00
0.000000000000000000e+00
0.000000000000000000e+00
0.000000000000000000e+00
0.000000000000000000e+00
0.000000000000000000e+00
0.000000000000000000e+00
0.000000000000000000e+00
0.000000000000000000e+00
0.000000000000000000e+00
0.000000000000000000e+00
0.000000000000000000e+00
0.000000000000000000e+00
0.000000000000000000e+00
0.000000000000000000e+00
0.000000000000000000e+00
0.000000000000000000e+00
0.000000000000000000e+00
0.000000000000000000e+00
0.000000000000000000e+00
0.000000000000000000e+00
0.000000000000000000e+00
0.000000000000000000e+00
0.000000000000000000e+00
0.000000000000000000e+00
0.000000000000000000e+00
0.000000000000000000e+00
0.000000000000000000e+00
4.668080012530467782e-03
4.811719932777699937e-02
1.629435125386124728e-01
3.390765106216419578e-01
5.606287258816865515e-01
7.375727089661716640e-01
8.708167782843008187e-01
9.518828006722223067e-01
9.953319199874690604e-01
9.999999999999997780e-01
9.999999999999997780e-01
9.999999999999997780e-01
9.999999999999997780e-01
1.000000000000000000e+00
1.000000000000000000e+00
1.000000000000000000e+00
9.999999999999997780e-01
1.000000000000000000e+00
9.999999999999997780e-01
9.999999999999997780e-01
9.999999999999997780e-01
9.999999999999997780e-01
1.000000000000000000e+00
9.999999999999997780e-01
9.999999999999997780e-01
1.000000000000000000e+00
9.953319199874690604e-01
9.518828006722223067e-01
8.708167782843003746e-01
7.375727089661721081e-01
5.606287258816865515e-01
3.390765106216417357e-01
1.629435125386121952e-01
2.780827415152672261e-02
2.111298978365160062e-02
4.668080012530757480e-03
0.000000000000000000e+00
0.000000000000000000e+00
0.000000000000000000e+00
0.000000000000000000e+00
0.000000000000000000e+00
0.000000000000000000e+00
0.000000000000000000e+00
0.000000000000000000e+00
9.648142445790317418e-17
0.000000000000000000e+00
0.000000000000000000e+00
0.000000000000000000e+00
0.000000000000000000e+00
9.648142445790317418e-17
9.648142445790317418e-17
0.000000000000000000e+00
0.000000000000000000e+00
0.000000000000000000e+00
0.000000000000000000e+00
0.000000000000000000e+00
0.000000000000000000e+00
0.000000000000000000e+00
0.000000000000000000e+00
0.000000000000000000e+00
4.668080012530661203e-03
4.811719932777709652e-02
1.629435125386122785e-01
3.691290816449640522e-01
6.240742970750616792e-01
8.104248990084038651e-01
9.216335596637362793e-01
9.740289146713349000e-01
9.953319199874690604e-01
1.000000000000000000e+00
1.000000000000000000e+00
9.999999999999997780e-01
1.000000000000000000e+00
1.000000000000000000e+00
1.000000000000000000e+00
1.000000000000000000e+00
1.000000000000000000e+00
1.000000000000000000e+00
1.000000000000000000e+00
1.000000000000000000e+00
9.999999999999997780e-01
1.000000000000000000e+00
1.000000000000000000e+00
1.000000000000000000e+00
1.000000000000000000e+00
9.999999999999997780e-01
1.000000000000000000e+00
1.000000000000000000e+00
9.953319199874690604e-01
9.740289146713349000e-01
9.216335596637362793e-01
8.104248990084039761e-01
6.172621459726425064e-01
3.390765106216419578e-01
1.121017524797842252e-01
9.878973719449679614e-02
4.811719932777729081e-02
4.668080012530661203e-03
0.000000000000000000e+00
0.000000000000000000e+00
0.000000000000000000e+00
0.000000000000000000e+00
0.000000000000000000e+00
0.000000000000000000e+00
0.000000000000000000e+00
1.929628489158063484e-16
0.000000000000000000e+00
0.000000000000000000e+00
0.000000000000000000e+00
1.929628489158063484e-16
1.929628489158063484e-16
9.648142445790317418e-17
0.000000000000000000e+00
0.000000000000000000e+00
0.000000000000000000e+00
0.000000000000000000e+00
0.000000000000000000e+00
0.000000000000000000e+00
0.000000000000000000e+00
0.000000000000000000e+00
4.668080012530853758e-03
4.811719932777729081e-02
1.629435125386123895e-01
3.691290816449643852e-01
6.308709183550357258e-01
8.370564874613877215e-01
9.518828006722228618e-01
9.953319199874690604e-01
1.000000000000000000e+00
9.999999999999997780e-01
9.999999999999997780e-01
9.999999999999997780e-01
9.999999999999994449e-01
1.000000000000000000e+00
9.999999999999997780e-01
1.000000000000000000e+00
1.000000000000000000e+00
1.000000000000000000e+00
9.999999999999997780e-01
1.000000000000000000e+00
1.000000000000000000e+00
1.000000000000000000e+00
1.000000000000000000e+00
1.000000000000000000e+00
1.000000000000000000e+00
9.999999999999997780e-01
9.999999999999997780e-01
1.000000000000000000e+00
9.999999999999997780e-01
9.999999999999997780e-01
9.999999999999997780e-01
9.953319199874690604e-01
9.518828006722228618e-01
8.043478782377575520e-01
5.297879789139501305e-01
2.737286849743761352e-01
2.364673314825793127e-01
1.291832217156992924e-01
2.597108532866475306e-02
0.000000000000000000e+00
0.000000000000000000e+00
0.000000000000000000e+00
0.000000000000000000e+00
0.000000000000000000e+00
0.000000000000000000e+00
0.000000000000000000e+00
1.929628489158063484e-16
0.000000000000000000e+00
0.000000000000000000e+00
0.000000000000000000e+00
0.000000000000000000e+00
0.000000000000000000e+00
9.648142445790317418e-17
0.000000000000000000e+00
0.000000000000000000e+00
0.000000000000000000e+00
0.000000000000000000e+00
0.000000000000000000e+00
0.000000000000000000e+00
0.000000000000000000e+00
0.000000000000000000e+00
2.597108532866485020e-02
1.291832217156990981e-01
3.390765106216416802e-01
6.240742970750612351e-01
8.370564874613876105e-01
9.518828006722228618e-01
9.953319199874690604e-01
1.000000000000000000e+00
1.000000000000000000e+00
9.999999999999997780e-01
1.000000000000000000e+00
9.999999999999997780e-01
1.000000000000000000e+00
1.000000000000000000e+00
9.999999999999997780e-01
1.000000000000000000e+00
9.999999999999997780e-01
9.999999999999997780e-01
1.000000000000000000e+00
1.000000000000000000e+00
1.000000000000000000e+00
9.999999999999996669e-01
9.999999999999997780e-01
1.000000000000000000e+00
1.000000000000000000e+00
9.999999999999997780e-01
1.000000000000000000e+00
1.000000000000000000e+00
1.000000000000000000e+00
9.999999999999997780e-01
9.999999999999997780e-01
1.000000000000000000e+00
9.953319199874693934e-01
8.920687251978268728e-01
6.404547046769254459e-01
4.373912284731656941e-01
4.445701313507935404e-01
2.624272910338282250e-01
7.836644033626355421e-02
4.668080012530661203e-03
0.000000000000000000e+00
0.000000000000000000e+00
0.000000000000000000e+00
0.000000000000000000e+00
0.000000000000000000e+00
0.000000000000000000e+00
9.648142445790317418e-17
0.000000000000000000e+00
0.000000000000000000e+00
0.000000000000000000e+00
0.000000000000000000e+00
0.000000000000000000e+00
9.648142445790317418e-17
0.000000000000000000e+00
0.000000000000000000e+00
0.000000000000000000e+00
0.000000000000000000e+00
0.000000000000000000e+00
0.000000000000000000e+00
9.648142445790317418e-17
4.668080012530757480e-03
7.836644033626369299e-02
2.624272910338280029e-01
5.606287258816866625e-01
8.104248990084038651e-01
9.518828006722228618e-01
9.953319199874693934e-01
1.000000000000000000e+00
1.000000000000000000e+00
1.000000000000000000e+00
9.999999999999997780e-01
1.000000000000000000e+00
1.000000000000000000e+00
9.999999999999997780e-01
1.000000000000000000e+00
1.000000000000000000e+00
1.000000000000000000e+00
1.000000000000000000e+00
1.000000000000000000e+00
1.000000000000000000e+00
1.000000000000000000e+00
1.000000000000000000e+00
9.999999999999997780e-01
1.000000000000000000e+00
1.000000000000000000e+00
1.000000000000000000e+00
1.000000000000000000e+00
9.999999999999997780e-01
1.000000000000000000e+00
1.000000000000000000e+00
9.999999999999997780e-01
9.999999999999997780e-01
1.000000000000000000e+00
1.000000000000000000e+00
9.163019867747552727e-01
6.795593583290472361e-01
5.727251640846158232e-01
6.266310465457366474e-01
4.393712741183131709e-01
1.895751009915961349e-01
4.811719932777709652e-02
4.668080012530661203e-03
0.000000000000000000e+00
0.000000000000000000e+00
0.000000000000000000e+00
0.000000000000000000e+00
0.000000000000000000e+00
4.668080012530853758e-03
2.597108532866475306e-02
5.513007964588073628e-02
7.836644033626349870e-02
7.836644033626363748e-02
5.513007964588083343e-02
2.597108532866494388e-02
4.668080012530853758e-03
0.000000000000000000e+00
0.000000000000000000e+00
0.000000000000000000e+00
0.000000000000000000e+00
0.000000000000000000e+00
4.668080012530757480e-03
4.811719932777729081e-02
1.895751009915964125e-01
4.393712741183131709e-01
7.375727089661717750e-01
9.216335596637365013e-01
9.953319199874692824e-01
1.000000000000000000e+00
1.000000000000000000e+00
9.999999999999997780e-01
1.000000000000000000e+00
9.999999999999997780e-01
9.999999999999997780e-01
9.999999999999997780e-01
9.999999999999994449e-01
1.000000000000000000e+00
9.999999999999997780e-01
1.000000000000000000e+00
1.000000000000000000e+00
1.000000000000000000e+00
9.999999999999997780e-01
1.000000000000000000e+00
1.000000000000000000e+00
1.000000000000000000e+00
1.000000000000000000e+00
1.000000000000000000e+00
1.000000000000000000e+00
9.999999999999997780e-01
9.999999999999997780e-01
1.000000000000000000e+00
9.999999999999997780e-01
9.999999999999997780e-01
9.999999999999997780e-01
9.999999999999997780e-01
1.000000000000000000e+00
9.163019867747551617e-01
6.795593583290467921e-01
6.429963353817278460e-01
7.706259750854262958e-01
6.542057599415200819e-01
3.457942400584795850e-01
1.291832217156991813e-01
2.597108532866475306e-02
0.000000000000000000e+00
0.000000000000000000e+00
0.000000000000000000e+00
4.668080012530661203e-03
2.597108532866475306e-02
7.836644033626363748e-02
1.548588318257303198e-01
2.317340886188643811e-01
2.910617268664231205e-01
2.910617268664231205e-01
2.317340886188644089e-01
1.548588318257304031e-01
7.836644033626355421e-02
2.597108532866485020e-02
4.668080012530661203e-03
0.000000000000000000e+00
0.000000000000000000e+00
0.000000000000000000e+00
2.597108532866494388e-02
1.291832217156992924e-01
3.457942400584796405e-01
6.542057599415198599e-01
8.708167782843003746e-01
9.740289146713349000e-01
9.999999999999997780e-01
1.000000000000000000e+00
9.999999999999997780e-01
1.000000000000000000e+00
1.000000000000000000e+00
9.999999999999997780e-01
1.000000000000000000e+00
9.999999999999997780e-01
1.000000000000000000e+00
1.000000000000000000e+00
9.999999999999997780e-01
1.000000000000000000e+00
9.999999999999997780e-01
9.999999999999997780e-01
1.000000000000000000e+00
1.000000000000000000e+00
1.000000000000000000e+00
9.999999999999996669e-01
9.999999999999997780e-01
1.000000000000000000e+00
1.000000000000000000e+00
9.999999999999997780e-01
1.000000000000000000e+00
1.000000000000000000e+00
1.000000000000000000e+00
9.999999999999997780e-01
9.999999999999997780e-01
1.000000000000000000e+00
9.999999999999997780e-01
9.163019867747549396e-01
6.795593583290467921e-01
6.728989314665797528e-01
8.613187115925634574e-01
8.043478782377575520e-01
5.297879789139502416e-01
2.254654957446757813e-01
5.513007964588073628e-02
0.000000000000000000e+00
0.000000000000000000e+00
0.000000000000000000e+00
2.597108532866485020e-02
9.673805126123698195e-02
2.340985343393137130e-01
4.018197257862228255e-01
5.606287258816865515e-01
6.404547046769254459e-01
6.404547046769254459e-01
5.606287258816866625e-01
4.018197257862231031e-01
2.340985343393135742e-01
9.673805126123727338e-02
2.597108532866485020e-02
0.000000000000000000e+00
0.000000000000000000e+00
0.000000000000000000e+00
5.513007964588083343e-02
2.254654957446758368e-01
5.297879789139505746e-01
8.043478782377575520e-01
9.518828006722225288e-01
9.953319199874690604e-01
1.000000000000000000e+00
9.999999999999997780e-01
9.999999999999997780e-01
1.000000000000000000e+00
1.000000000000000000e+00
9.999999999999997780e-01
1.000000000000000000e+00
9.999999999999997780e-01
9.999999999999997780e-01
1.000000000000000000e+00
1.000000000000000000e+00
1.000000000000000000e+00
9.999999999999997780e-01
1.000000000000000000e+00
9.999999999999997780e-01
1.000000000000000000e+00
9.999999999999997780e-01
9.999999999999997780e-01
9.999999999999997780e-01
1.000000000000000000e+00
1.000000000000000000e+00
9.999999999999997780e-01
9.999999999999997780e-01
1.000000000000000000e+00
1.000000000000000000e+00
9.999999999999997780e-01
1.000000000000000000e+00
1.000000000000000000e+00
1.000000000000000000e+00
9.163019867747549396e-01
6.795593583290471251e-01
6.795593583290467921e-01
9.109294288225567859e-01
8.975810071212698693e-01
6.703897164382826013e-01
3.296102835617170657e-01
1.024189928787298670e-01
4.668080012530661203e-03
0.000000000000000000e+00
4.668080012530661203e-03
7.836644033626355421e-02
2.340985343393134355e-01
4.895813279122843142e-01
7.021295390945325732e-01
8.392721895925755460e-01
8.920687251978268728e-01
8.920687251978268728e-01
8.392721895925755460e-01
7.021295390945326842e-01
4.895813279122840367e-01
2.340985343393136575e-01
7.836644033626349870e-02
4.668080012530564926e-03
0.000000000000000000e+00
4.668080012530661203e-03
1.024189928787299086e-01
3.296102835617171767e-01
6.703897164382826013e-01
8.975810071212700914e-01
9.953319199874690604e-01
9.999999999999997780e-01
9.999999999999997780e-01
1.000000000000000000e+00
9.999999999999997780e-01
1.000000000000000000e+00
1.000000000000000000e+00
1.000000000000000000e+00
9.999999999999997780e-01
9.999999999999997780e-01
9.999999999999997780e-01
9.999999999999997780e-01
9.999999999999997780e-01
1.000000000000000000e+00
9.999999999999997780e-01
1.000000000000000000e+00
1.000000000000000000e+00
9.999999999999997780e-01
1.000000000000000000e+00
9.999999999999997780e-01
9.999999999999997780e-01
1.000000000000000000e+00
1.000000000000000000e+00
9.999999999999997780e-01
9.999999999999997780e-01
1.000000000000000000e+00
9.999999999999997780e-01
1.000000000000000000e+00
9.999999999999997780e-01
9.999999999999997780e-01
9.999999999999997780e-01
9.163019867747551617e-01
6.795593583290471251e-01
6.795593583290467921e-01
9.163019867747549396e-01
9.448699203541192082e-01
7.682659113811353135e-01
4.393712741183130044e-01
1.607278104074243152e-01
2.597108532866485020e-02
0.000000000000000000e+00
2.597108532866475306e-02
1.548588318257304031e-01
4.018197257862229366e-01
7.021295390945329062e-01
8.899862979809280983e-01
9.740289146713349000e-01
9.953319199874692824e-01
9.953319199874692824e-01
9.740289146713349000e-01
8.899862979809283203e-01
7.021295390945325732e-01
4.018197257862231031e-01
1.548588318257303476e-01
2.597108532866475306e-02
0.000000000000000000e+00
2.597108532866475306e-02
1.607278104074243430e-01
4.393712741183130599e-01
7.682659113811355356e-01
9.448699203541190972e-01
9.999999999999996669e-01
1.000000000000000000e+00
9.999999999999997780e-01
9.999999999999997780e-01
9.999999999999997780e-01
1.000000000000000000e+00
1.000000000000000000e+00
9.999999999999996669e-01
9.999999999999997780e-01
9.999999999999997780e-01
9.999999999999997780e-01
9.999999999999997780e-01
9.999999999999997780e-01
1.000000000000000000e+00
9.999999999999997780e-01
1.000000000000000000e+00
9.999999999999997780e-01
1.000000000000000000e+00
9.999999999999997780e-01
9.999999999999997780e-01
9.999999999999997780e-01
9.999999999999997780e-01
1.000000000000000000e+00
9.999999999999997780e-01
9.999999999999997780e-01
1.000000000000000000e+00
9.999999999999997780e-01
9.999999999999996669e-01
9.999999999999997780e-01
1.000000000000000000e+00
9.999999999999997780e-01
9.163019867747549396e-01
6.795593583290467921e-01
6.795593583290471251e-01
9.163019867747549396e-01
9.740289146713352331e-01
8.392721895925755460e-01
5.606287258816868846e-01
2.317340886188644644e-01
5.513007964588083343e-02
0.000000000000000000e+00
5.002525373026420197e-02
2.040691882371913068e-01
5.202387999878488323e-01
8.127003588420643743e-01
9.691282725918122232e-01
9.999999999999997780e-01
1.000000000000000000e+00
1.000000000000000000e+00
9.999999999999997780e-01
9.691282725918122232e-01
8.127003588420641522e-01
5.202387999878490543e-01
2.040691882371911681e-01
5.002525373026410482e-02
0.000000000000000000e+00
5.513007964588063914e-02
2.317340886188644644e-01
5.606287258816868846e-01
8.392721895925755460e-01
9.740289146713352331e-01
1.000000000000000000e+00
1.000000000000000000e+00
9.999999999999997780e-01
1.000000000000000000e+00
9.999999999999997780e-01
1.000000000000000000e+00
1.000000000000000000e+00
9.999999999999997780e-01
1.000000000000000000e+00
1.000000000000000000e+00
9.999999999999997780e-01
1.000000000000000000e+00
9.999999999999997780e-01
1.000000000000000000e+00
1.000000000000000000e+00
1.000000000000000000e+00
9.999999999999997780e-01
1.000000000000000000e+00
1.000000000000000000e+00
9.999999999999997780e-01
9.999999999999997780e-01
1.000000000000000000e+00
9.999999999999997780e-01
9.999999999999997780e-01
1.000000000000000000e+00
1.000000000000000000e+00
1.000000000000000000e+00
1.000000000000000000e+00
1.000000000000000000e+00
1.000000000000000000e+00
9.999999999999997780e-01
9.163019867747549396e-01
6.795593583290471251e-01
6.795593583290467921e-01
9.163019867747549396e-01
9.906211118940788651e-01
8.670449150810722871e-01
6.007571434109408859e-01
2.621811027766534075e-01
7.307605873075172231e-02
0.000000000000000000e+00
5.002525373026420197e-02
2.040691882371913068e-01
5.202387999878487213e-01
8.127003588420643743e-01
9.691282725918121121e-01
1.000000000000000000e+00
9.999999999999997780e-01
1.000000000000000000e+00
9.999999999999997780e-01
9.691282725918124452e-01
8.127003588420640412e-01
5.202387999878487213e-01
2.040691882371911681e-01
5.002525373026410482e-02
0.000000000000000000e+00
7.307605873075156966e-02
2.621811027766535185e-01
6.007571434109408859e-01
8.670449150810722871e-01
9.906211118940786431e-01
9.999999999999997780e-01
1.000000000000000000e+00
9.999999999999997780e-01
1.000000000000000000e+00
1.000000000000000000e+00
1.000000000000000000e+00
1.000000000000000000e+00
1.000000000000000000e+00
9.999999999999997780e-01
1.000000000000000000e+00
9.999999999999997780e-01
1.000000000000000000e+00
1.000000000000000000e+00
1.000000000000000000e+00
9.999999999999997780e-01
1.000000000000000000e+00
1.000000000000000000e+00
1.000000000000000000e+00
1.000000000000000000e+00
9.999999999999997780e-01
1.000000000000000000e+00
1.000000000000000000e+00
1.000000000000000000e+00
1.000000000000000000e+00
1.000000000000000000e+00
1.000000000000000000e+00
9.999999999999997780e-01
1.000000000000000000e+00
1.000000000000000000e+00
1.000000000000000000e+00
1.000000000000000000e+00
9.163019867747551617e-01
6.795593583290471251e-01
6.795593583290467921e-01
9.163019867747549396e-01
9.740289146713349000e-01
8.392721895925755460e-01
5.606287258816867736e-01
2.317340886188644089e-01
5.513007964588083343e-02
0.000000000000000000e+00
2.597108532866485020e-02
1.548588318257305141e-01
4.086832326071848098e-01
7.311317782089766792e-01
9.216335596637362793e-01
9.953319199874690604e-01
9.999999999999997780e-01
9.999999999999997780e-01
9.953319199874692824e-01
9.216335596637365013e-01
7.311317782089766792e-01
4.086832326071848653e-01
1.548588318257304031e-01
2.597108532866475306e-02
0.000000000000000000e+00
5.513007964588063914e-02
2.317340886188646032e-01
5.606287258816868846e-01
8.392721895925755460e-01
9.740289146713349000e-01
9.999999999999997780e-01
1.000000000000000000e+00
9.999999999999997780e-01
1.000000000000000000e+00
1.000000000000000000e+00
1.000000000000000000e+00
1.000000000000000000e+00
9.999999999999997780e-01
1.000000000000000000e+00
1.000000000000000000e+00
1.000000000000000000e+00
1.000000000000000000e+00
9.999999999999997780e-01
1.000000000000000000e+00
9.999999999999997780e-01
1.000000000000000000e+00
1.000000000000000000e+00
9.999999999999997780e-01
1.000000000000000000e+00
9.999999999999997780e-01
1.000000000000000000e+00
1.000000000000000000e+00
9.999999999999997780e-01
9.999999999999997780e-01
1.000000000000000000e+00
1.000000000000000000e+00
9.999999999999997780e-01
9.999999999999997780e-01
1.000000000000000000e+00
1.000000000000000000e+00
1.000000000000000000e+00
9.163019867747549396e-01
6.795593583290467921e-01
6.795593583290471251e-01
9.163019867747549396e-01
9.448699203541192082e-01
7.682659113811353135e-01
4.393712741183131709e-01
1.607278104074243152e-01
2.597108532866494388e-02
0.000000000000000000e+00
4.668080012530661203e-03
7.836644033626363748e-02
2.688682217910232652e-01
5.913167673928150236e-01
8.451411681742695414e-01
9.740289146713349000e-01
9.999999999999997780e-01
1.000000000000000000e+00
9.740289146713350110e-01
8.451411681742693194e-01
5.913167673928149126e-01
2.688682217910233763e-01
7.836644033626355421e-02
4.668080012530564926e-03
0.000000000000000000e+00
2.597108532866475306e-02
1.607278104074244540e-01
4.393712741183130599e-01
7.682659113811355356e-01
9.448699203541188751e-01
9.999999999999997780e-01
1.000000000000000000e+00
9.999999999999997780e-01
1.000000000000000000e+00
9.999999999999997780e-01
9.999999999999997780e-01
1.000000000000000000e+00
9.999999999999996669e-01
9.999999999999997780e-01
9.999999999999997780e-01
9.999999999999997780e-01
1.000000000000000000e+00
1.000000000000000000e+00
1.000000000000000000e+00
1.000000000000000000e+00
1.000000000000000000e+00
9.999999999999997780e-01
1.000000000000000000e+00
1.000000000000000000e+00
9.999999999999997780e-01
1.000000000000000000e+00
1.000000000000000000e+00
1.000000000000000000e+00
9.999999999999997780e-01
1.000000000000000000e+00
1.000000000000000000e+00
9.999999999999997780e-01
9.999999999999996669e-01
9.999999999999997780e-01
9.999999999999997780e-01
9.999999999999997780e-01
9.163019867747551617e-01
6.795593583290471251e-01
6.795593583290467921e-01
9.163019867747551617e-01
9.216335596637362793e-01
7.089382731335768240e-01
3.595452953230740545e-01
1.079312748021729607e-01
4.668080012530661203e-03
0.000000000000000000e+00
0.000000000000000000e+00
2.597108532866494388e-02
1.607278104074243152e-01
4.393712741183132819e-01
7.682659113811353135e-01
9.448699203541190972e-01
9.999999999999997780e-01
9.999999999999997780e-01
9.448699203541190972e-01
7.682659113811355356e-01
4.393712741183131709e-01
1.607278104074243985e-01
2.597108532866494388e-02
0.000000000000000000e+00
0.000000000000000000e+00
4.668080012530661203e-03
1.079312748021731549e-01
3.595452953230740545e-01
7.089382731335768240e-01
9.216335596637361682e-01
9.999999999999997780e-01
9.999999999999997780e-01
9.999999999999997780e-01
1.000000000000000000e+00
1.000000000000000000e+00
1.000000000000000000e+00
1.000000000000000000e+00
9.999999999999997780e-01
1.000000000000000000e+00
9.999999999999997780e-01
1.000000000000000000e+00
1.000000000000000000e+00
9.999999999999997780e-01
1.000000000000000000e+00
1.000000000000000000e+00
1.000000000000000000e+00
1.000000000000000000e+00
9.999999999999997780e-01
1.000000000000000000e+00
9.999999999999997780e-01
1.000000000000000000e+00
1.000000000000000000e+00
1.000000000000000000e+00
9.999999999999997780e-01
1.000000000000000000e+00
1.000000000000000000e+00
1.000000000000000000e+00
9.999999999999997780e-01
1.000000000000000000e+00
9.999999999999997780e-01
1.000000000000000000e+00
9.163019867747551617e-01
6.795593583290467921e-01
6.795593583290467921e-01
9.163019867747551617e-01
9.163019867747551617e-01
6.795593583290467921e-01
3.204406416709526528e-01
8.369801322524482445e-02
0.000000000000000000e+00
0.000000000000000000e+00
0.000000000000000000e+00
4.668080012530757480e-03
1.024189928787298670e-01
3.296102835617172877e-01
6.703897164382826013e-01
8.975810071212700914e-01
9.953319199874693934e-01
9.953319199874693934e-01
8.975810071212703134e-01
6.703897164382826013e-01
3.296102835617172877e-01
1.024189928787299086e-01
4.668080012530757480e-03
0.000000000000000000e+00
0.000000000000000000e+00
0.000000000000000000e+00
8.369801322524496323e-02
3.204406416709525973e-01
6.795593583290471251e-01
9.163019867747549396e-01
9.999999999999997780e-01
9.999999999999997780e-01
9.999999999999997780e-01
1.000000000000000000e+00
9.999999999999997780e-01
1.000000000000000000e+00
1.000000000000000000e+00
1.000000000000000000e+00
9.999999999999997780e-01
1.000000000000000000e+00
9.999999999999997780e-01
1.000000000000000000e+00
1.000000000000000000e+00
1.000000000000000000e+00
9.999999999999997780e-01
1.000000000000000000e+00
1.000000000000000000e+00
1.000000000000000000e+00
1.000000000000000000e+00
9.999999999999997780e-01
1.000000000000000000e+00
9.999999999999997780e-01
1.000000000000000000e+00
1.000000000000000000e+00
1.000000000000000000e+00
1.000000000000000000e+00
9.999999999999997780e-01
1.000000000000000000e+00
9.999999999999997780e-01
1.000000000000000000e+00
9.999999999999997780e-01
9.163019867747549396e-01
6.795593583290471251e-01
6.795593583290471251e-01
9.163019867747549396e-01
9.163019867747551617e-01
6.795593583290471251e-01
3.204406416709528194e-01
8.369801322524482445e-02
0.000000000000000000e+00
0.000000000000000000e+00
0.000000000000000000e+00
9.648142445790317418e-17
6.027685153889154879e-02
2.600133419524389145e-01
6.007571434109408859e-01
8.651160605110569390e-01
9.788870102163483855e-01
9.788870102163483855e-01
8.651160605110571611e-01
6.007571434109412190e-01
2.600133419524389145e-01
6.027685153889164593e-02
0.000000000000000000e+00
0.000000000000000000e+00
0.000000000000000000e+00
0.000000000000000000e+00
8.369801322524496323e-02
3.204406416709528194e-01
6.795593583290472361e-01
9.163019867747549396e-01
9.999999999999997780e-01
9.999999999999997780e-01
9.999999999999997780e-01
1.000000000000000000e+00
9.999999999999997780e-01
1.000000000000000000e+00
1.000000000000000000e+00
9.999999999999997780e-01
9.999999999999997780e-01
9.999999999999997780e-01
9.999999999999997780e-01
1.000000000000000000e+00
1.000000000000000000e+00
1.000000000000000000e+00
1.000000000000000000e+00
1.000000000000000000e+00
1.000000000000000000e+00
1.000000000000000000e+00
1.000000000000000000e+00
1.000000000000000000e+00
1.000000000000000000e+00
9.999999999999997780e-01
1.000000000000000000e+00
1.000000000000000000e+00
1.000000000000000000e+00
1.000000000000000000e+00
9.999999999999997780e-01
9.999999999999997780e-01
1.000000000000000000e+00
9.999999999999997780e-01
9.999999999999997780e-01
9.163019867747551617e-01
6.795593583290471251e-01
6.795593583290467921e-01
9.163019867747551617e-01
9.163019867747551617e-01
6.795593583290471251e-01
3.204406416709526528e-01
8.369801322524482445e-02
0.000000000000000000e+00
0.000000000000000000e+00
0.000000000000000000e+00
9.648142445790317418e-17
5.320622230202926017e-02
2.446068163707899035e-01
5.606287258816866625e-01
8.511956688581676644e-01
9.721917258484731317e-01
9.721917258484731317e-01
8.511956688581672203e-01
5.606287258816869956e-01
2.446068163707899035e-01
5.320622230202935732e-02
9.648142445790317418e-17
0.000000000000000000e+00
0.000000000000000000e+00
0.000000000000000000e+00
8.369801322524496323e-02
3.204406416709526528e-01
6.795593583290471251e-01
9.163019867747551617e-01
9.999999999999996669e-01
9.999999999999996669e-01
9.999999999999997780e-01
1.000000000000000000e+00
1.000000000000000000e+00
1.000000000000000000e+00
1.000000000000000000e+00
1.000000000000000000e+00
9.999999999999997780e-01
9.999999999999997780e-01
1.000000000000000000e+00
1.000000000000000000e+00
1.000000000000000000e+00
1.000000000000000000e+00
1.000000000000000000e+00
1.000000000000000000e+00
1.000000000000000000e+00
1.000000000000000000e+00
1.000000000000000000e+00
9.999999999999997780e-01
9.999999999999997780e-01
1.000000000000000000e+00
1.000000000000000000e+00
1.000000000000000000e+00
1.000000000000000000e+00
1.000000000000000000e+00
9.999999999999997780e-01
9.999999999999997780e-01
9.999999999999997780e-01
9.999999999999997780e-01
1.000000000000000000e+00
9.163019867747551617e-01
6.795593583290471251e-01
6.795593583290470141e-01
9.163019867747549396e-01
9.163019867747551617e-01
6.795593583290472361e-01
3.204406416709526528e-01
8.369801322524482445e-02
0.000000000000000000e+00
0.000000000000000000e+00
0.000000000000000000e+00
9.648142445790317418e-17
6.027685153889164593e-02
2.600133419524391920e-01
6.007571434109408859e-01
8.651160605110569390e-01
9.788870102163483855e-01
9.788870102163483855e-01
8.651160605110570501e-01
6.007571434109409969e-01
2.600133419524389700e-01
6.027685153889164593e-02
9.648142445790317418e-17
0.000000000000000000e+00
0.000000000000000000e+00
0.000000000000000000e+00
8.369801322524496323e-02
3.204406416709526528e-01
6.795593583290473472e-01
9.163019867747551617e-01
9.999999999999997780e-01
9.999999999999997780e-01
1.000000000000000000e+00
1.000000000000000000e+00
1.000000000000000000e+00
1.000000000000000000e+00
1.000000000000000000e+00
1.000000000000000000e+00
1.000000000000000000e+00
9.999999999999997780e-01
1.000000000000000000e+00
1.000000000000000000e+00
1.000000000000000000e+00
1.000000000000000000e+00
1.000000000000000000e+00
1.000000000000000000e+00
1.000000000000000000e+00
1.000000000000000000e+00
1.000000000000000000e+00
9.999999999999997780e-01
9.999999999999997780e-01
1.000000000000000000e+00
1.000000000000000000e+00
9.999999999999997780e-01
9.999999999999997780e-01
1.000000000000000000e+00
1.000000000000000000e+00
9.999999999999997780e-01
1.000000000000000000e+00
9.999999999999997780e-01
9.999999999999997780e-01
9.163019867747549396e-01
6.795593583290467921e-01
6.795593583290471251e-01
9.163019867747549396e-01
9.163019867747552727e-01
6.795593583290471251e-01
3.204406416709526528e-01
8.369801322524482445e-02
0.000000000000000000e+00
0.000000000000000000e+00
0.000000000000000000e+00
4.668080012530757480e-03
1.024189928787298670e-01
3.296102835617172877e-01
6.703897164382826013e-01
8.975810071212700914e-01
9.953319199874692824e-01
9.953319199874692824e-01
8.975810071212700914e-01
6.703897164382828233e-01
3.296102835617171767e-01
1.024189928787299642e-01
4.668080012530757480e-03
0.000000000000000000e+00
0.000000000000000000e+00
0.000000000000000000e+00
8.369801322524496323e-02
3.204406416709526528e-01
6.795593583290470141e-01
9.163019867747551617e-01
9.999999999999997780e-01
9.999999999999997780e-01
9.999999999999997780e-01
1.000000000000000000e+00
9.999999999999997780e-01
9.999999999999997780e-01
1.000000000000000000e+00
9.999999999999997780e-01
1.000000000000000000e+00
9.999999999999997780e-01
1.000000000000000000e+00
1.000000000000000000e+00
1.000000000000000000e+00
1.000000000000000000e+00
1.000000000000000000e+00
1.000000000000000000e+00
1.000000000000000000e+00
1.000000000000000000e+00
1.000000000000000000e+00
1.000000000000000000e+00
1.000000000000000000e+00
1.000000000000000000e+00
1.000000000000000000e+00
1.000000000000000000e+00
1.000000000000000000e+00
9.999999999999997780e-01
9.999999999999997780e-01
9.999999999999997780e-01
9.999999999999997780e-01
9.999999999999997780e-01
9.999999999999997780e-01
9.163019867747551617e-01
6.795593583290470141e-01
6.795593583290471251e-01
9.163019867747549396e-01
9.216335596637365013e-01
7.089382731335768240e-01
3.595452953230739435e-01
1.079312748021730162e-01
4.668080012530757480e-03
0.000000000000000000e+00
0.000000000000000000e+00
2.597108532866494388e-02
1.607278104074243152e-01
4.393712741183131709e-01
7.682659113811353135e-01
9.448699203541190972e-01
1.000000000000000000e+00
1.000000000000000000e+00
9.448699203541190972e-01
7.682659113811355356e-01
4.393712741183131709e-01
1.607278104074243985e-01
2.597108532866494388e-02
0.000000000000000000e+00
0.000000000000000000e+00
4.668080012530661203e-03
1.079312748021731549e-01
3.595452953230739435e-01
7.089382731335768240e-01
9.216335596637365013e-01
9.999999999999997780e-01
9.999999999999997780e-01
1.000000000000000000e+00
1.000000000000000000e+00
9.999999999999997780e-01
9.999999999999997780e-01
1.000000000000000000e+00
9.999999999999997780e-01
9.999999999999997780e-01
9.999999999999997780e-01
1.000000000000000000e+00
1.000000000000000000e+00
9.999999999999997780e-01
1.000000000000000000e+00
9.999999999999997780e-01
9.999999999999997780e-01
9.999999999999997780e-01
1.000000000000000000e+00
1.000000000000000000e+00
9.999999999999996669e-01
9.999999999999997780e-01
9.999999999999997780e-01
1.000000000000000000e+00
9.999999999999997780e-01
1.000000000000000000e+00
1.000000000000000000e+00
9.999999999999997780e-01
9.999999999999997780e-01
9.999999999999997780e-01
9.999999999999997780e-01
9.999999999999997780e-01
9.163019867747552727e-01
6.795593583290467921e-01
6.795593583290471251e-01
9.163019867747549396e-01
9.448699203541190972e-01
7.682659113811353135e-01
4.393712741183130044e-01
1.607278104074243152e-01
2.597108532866494388e-02
0.000000000000000000e+00
4.668080012530661203e-03
7.836644033626363748e-02
2.688682217910232652e-01
5.913167673928150236e-01
8.451411681742695414e-01
9.740289146713349000e-01
9.999999999999997780e-01
9.999999999999997780e-01
9.740289146713349000e-01
8.451411681742692084e-01
5.913167673928150236e-01
2.688682217910233763e-01
7.836644033626349870e-02
4.668080012530661203e-03
0.000000000000000000e+00
2.597108532866475306e-02
1.607278104074243985e-01
4.393712741183130044e-01
7.682659113811353135e-01
9.448699203541188751e-01
9.999999999999997780e-01
1.000000000000000000e+00
1.000000000000000000e+00
1.000000000000000000e+00
1.000000000000000000e+00
9.999999999999997780e-01
1.000000000000000000e+00
9.999999999999997780e-01
1.000000000000000000e+00
9.999999999999997780e-01
9.999999999999997780e-01
1.000000000000000000e+00
1.000000000000000000e+00
1.000000000000000000e+00
1.000000000000000000e+00
1.000000000000000000e+00
9.999999999999997780e-01
9.999999999999997780e-01
9.999999999999997780e-01
9.999999999999997780e-01
1.000000000000000000e+00
9.999999999999997780e-01
1.000000000000000000e+00
1.000000000000000000e+00
9.999999999999997780e-01
1.000000000000000000e+00
9.999999999999997780e-01
9.999999999999997780e-01
9.999999999999997780e-01
9.999999999999997780e-01
1.000000000000000000e+00
9.163019867747549396e-01
6.795593583290470141e-01
6.795593583290472361e-01
9.163019867747551617e-01
9.740289146713352331e-01
8.392721895925755460e-01
5.606287258816868846e-01
2.317340886188644644e-01
5.513007964588083343e-02
0.000000000000000000e+00
2.597108532866475306e-02
1.548588318257305141e-01
4.086832326071846988e-01
7.311317782089767903e-01
9.216335596637362793e-01
9.953319199874692824e-01
1.000000000000000000e+00
1.000000000000000000e+00
9.953319199874690604e-01
9.216335596637362793e-01
7.311317782089766792e-01
4.086832326071848653e-01
1.548588318257304031e-01
2.597108532866475306e-02
0.000000000000000000e+00
5.513007964588073628e-02
2.317340886188646032e-01
5.606287258816866625e-01
8.392721895925755460e-01
9.740289146713349000e-01
9.999999999999997780e-01
1.000000000000000000e+00
9.999999999999997780e-01
1.000000000000000000e+00
1.000000000000000000e+00
1.000000000000000000e+00
9.999999999999997780e-01
1.000000000000000000e+00
9.999999999999997780e-01
9.999999999999997780e-01
1.000000000000000000e+00
1.000000000000000000e+00
1.000000000000000000e+00
1.000000000000000000e+00
1.000000000000000000e+00
1.000000000000000000e+00
9.999999999999997780e-01
1.000000000000000000e+00
1.000000000000000000e+00
1.000000000000000000e+00
1.000000000000000000e+00
1.000000000000000000e+00
1.000000000000000000e+00
9.999999999999997780e-01
1.000000000000000000e+00
1.000000000000000000e+00
9.999999999999997780e-01
9.999999999999997780e-01
9.999999999999997780e-01
9.999999999999997780e-01
9.999999999999997780e-01
9.163019867747551617e-01
6.795593583290467921e-01
6.795593583290470141e-01
9.163019867747549396e-01
9.906211118940786431e-01
8.670449150810722871e-01
6.007571434109408859e-01
2.621811027766534075e-01
7.307605873075172231e-02
0.000000000000000000e+00
5.002525373026420197e-02
2.040691882371913068e-01
5.202387999878487213e-01
8.127003588420643743e-01
9.691282725918122232e-01
9.999999999999997780e-01
9.999999999999997780e-01
9.999999999999997780e-01
1.000000000000000000e+00
9.691282725918122232e-01
8.127003588420641522e-01
5.202387999878488323e-01
2.040691882371911681e-01
5.002525373026410482e-02
0.000000000000000000e+00
7.307605873075162517e-02
2.621811027766535185e-01
6.007571434109408859e-01
8.670449150810722871e-01
9.906211118940786431e-01
9.999999999999997780e-01
9.999999999999997780e-01
9.999999999999997780e-01
1.000000000000000000e+00
1.000000000000000000e+00
1.000000000000000000e+00
1.000000000000000000e+00
9.999999999999997780e-01
1.000000000000000000e+00
1.000000000000000000e+00
9.999999999999997780e-01
9.999999999999997780e-01
1.000000000000000000e+00
1.000000000000000000e+00
1.000000000000000000e+00
1.000000000000000000e+00
9.999999999999997780e-01
9.999999999999997780e-01
1.000000000000000000e+00
9.999999999999997780e-01
1.000000000000000000e+00
9.999999999999997780e-01
1.000000000000000000e+00
9.999999999999997780e-01
9.999999999999997780e-01
1.000000000000000000e+00
1.000000000000000000e+00
1.000000000000000000e+00
9.999999999999997780e-01
9.999999999999997780e-01
9.999999999999997780e-01
9.163019867747551617e-01
6.795593583290471251e-01
6.795593583290472361e-01
9.163019867747549396e-01
9.740289146713352331e-01
8.392721895925755460e-01
5.606287258816867736e-01
2.317340886188644644e-01
5.513007964588083343e-02
0.000000000000000000e+00
5.002525373026420197e-02
2.040691882371913068e-01
5.202387999878487213e-01
8.127003588420640412e-01
9.691282725918122232e-01
9.999999999999997780e-01
1.000000000000000000e+00
1.000000000000000000e+00
9.999999999999997780e-01
9.691282725918122232e-01
8.127003588420640412e-01
5.202387999878488323e-01
2.040691882371911681e-01
5.002525373026410482e-02
0.000000000000000000e+00
5.513007964588073628e-02
2.317340886188645477e-01
5.606287258816866625e-01
8.392721895925755460e-01
9.740289146713352331e-01
9.999999999999997780e-01
1.000000000000000000e+00
1.000000000000000000e+00
1.000000000000000000e+00
1.000000000000000000e+00
1.000000000000000000e+00
1.000000000000000000e+00
9.999999999999997780e-01
9.999999999999997780e-01
1.000000000000000000e+00
1.000000000000000000e+00
1.000000000000000000e+00
1.000000000000000000e+00
1.000000000000000000e+00
9.999999999999997780e-01
1.000000000000000000e+00
9.999999999999997780e-01
1.000000000000000000e+00
9.999999999999997780e-01
9.999999999999997780e-01
9.999999999999997780e-01
1.000000000000000000e+00
1.000000000000000000e+00
9.999999999999997780e-01
1.000000000000000000e+00
1.000000000000000000e+00
1.000000000000000000e+00
1.000000000000000000e+00
1.000000000000000000e+00
1.000000000000000000e+00
1.000000000000000000e+00
9.163019867747551617e-01
6.795593583290470141e-01
6.795593583290471251e-01
9.163019867747549396e-01
9.448699203541194303e-01
7.682659113811353135e-01
4.393712741183130599e-01
1.607278104074243430e-01
2.597108532866485020e-02
0.000000000000000000e+00
2.597108532866475306e-02
1.548588318257305141e-01
4.018197257862229366e-01
7.021295390945326842e-01
8.899862979809280983e-01
9.740289146713349000e-01
9.953319199874692824e-01
9.953319199874692824e-01
9.740289146713350110e-01
8.899862979809284314e-01
7.021295390945326842e-01
4.018197257862232141e-01
1.548588318257304031e-01
2.597108532866475306e-02
0.000000000000000000e+00
2.597108532866475306e-02
1.607278104074243985e-01
4.393712741183130044e-01
7.682659113811355356e-01
9.448699203541194303e-01
9.999999999999997780e-01
1.000000000000000000e+00
9.999999999999997780e-01
1.000000000000000000e+00
1.000000000000000000e+00
1.000000000000000000e+00
1.000000000000000000e+00
1.000000000000000000e+00
1.000000000000000000e+00
9.999999999999997780e-01
1.000000000000000000e+00
1.000000000000000000e+00
1.000000000000000000e+00
1.000000000000000000e+00
1.000000000000000000e+00
1.000000000000000000e+00
1.000000000000000000e+00
1.000000000000000000e+00
1.000000000000000000e+00
1.000000000000000000e+00
1.000000000000000000e+00
1.000000000000000000e+00
1.000000000000000000e+00
1.000000000000000000e+00
1.000000000000000000e+00
1.000000000000000000e+00
1.000000000000000000e+00
1.000000000000000000e+00
9.999999999999997780e-01
9.999999999999997780e-01
9.999999999999997780e-01
9.163019867747551617e-01
6.795593583290471251e-01
6.795593583290471251e-01
9.109294288225567859e-01
8.975810071212700914e-01
6.703897164382828233e-01
3.296102835617171767e-01
1.024189928787298670e-01
4.668080012530661203e-03
0.000000000000000000e+00
4.668080012530661203e-03
7.836644033626363748e-02
2.340985343393134632e-01
4.895813279122843142e-01
7.021295390945325732e-01
8.392721895925754350e-01
8.920687251978268728e-01
8.920687251978268728e-01
8.392721895925755460e-01
7.021295390945325732e-01
4.895813279122842032e-01
2.340985343393135742e-01
7.836644033626355421e-02
4.668080012530564926e-03
0.000000000000000000e+00
4.668080012530661203e-03
1.024189928787299086e-01
3.296102835617171767e-01
6.703897164382826013e-01
8.975810071212698693e-01
9.953319199874692824e-01
9.999999999999997780e-01
1.000000000000000000e+00
1.000000000000000000e+00
1.000000000000000000e+00
9.999999999999997780e-01
1.000000000000000000e+00
1.000000000000000000e+00
1.000000000000000000e+00
1.000000000000000000e+00
9.999999999999997780e-01
1.000000000000000000e+00
1.000000000000000000e+00
1.000000000000000000e+00
9.999999999999997780e-01
1.000000000000000000e+00
1.000000000000000000e+00
1.000000000000000000e+00
1.000000000000000000e+00
9.999999999999997780e-01
9.999999999999997780e-01
1.000000000000000000e+00
1.000000000000000000e+00
1.000000000000000000e+00
9.999999999999997780e-01
1.000000000000000000e+00
1.000000000000000000e+00
1.000000000000000000e+00
1.000000000000000000e+00
9.999999999999997780e-01
1.000000000000000000e+00
9.163019867747549396e-01
6.795593583290467921e-01
6.728989314665797528e-01
8.613187115925636794e-01
8.043478782377575520e-01
5.297879789139505746e-01
2.254654957446758368e-01
5.513007964588083343e-02
0.000000000000000000e+00
0.000000000000000000e+00
0.000000000000000000e+00
2.597108532866494388e-02
9.673805126123702358e-02
2.340985343393137130e-01
4.018197257862231031e-01
5.606287258816866625e-01
6.404547046769257790e-01
6.404547046769258900e-01
5.606287258816866625e-01
4.018197257862231031e-01
2.340985343393135742e-01
9.673805126123717624e-02
2.597108532866494388e-02
0.000000000000000000e+00
0.000000000000000000e+00
0.000000000000000000e+00
5.513007964588083343e-02
2.254654957446756980e-01
5.297879789139505746e-01
8.043478782377575520e-01
9.518828006722225288e-01
9.953319199874692824e-01
1.000000000000000000e+00
1.000000000000000000e+00
1.000000000000000000e+00
9.999999999999997780e-01
1.000000000000000000e+00
1.000000000000000000e+00
1.000000000000000000e+00
1.000000000000000000e+00
1.000000000000000000e+00
1.000000000000000000e+00
9.999999999999997780e-01
1.000000000000000000e+00
1.000000000000000000e+00
1.000000000000000000e+00
1.000000000000000000e+00
1.000000000000000000e+00
1.000000000000000000e+00
1.000000000000000000e+00
1.000000000000000000e+00
1.000000000000000000e+00
1.000000000000000000e+00
1.000000000000000000e+00
1.000000000000000000e+00
1.000000000000000000e+00
1.000000000000000000e+00
1.000000000000000000e+00
1.000000000000000000e+00
9.999999999999997780e-01
9.999999999999997780e-01
9.163019867747551617e-01
6.795593583290467921e-01
6.429963353817279570e-01
7.706259750854266288e-01
6.542057599415200819e-01
3.457942400584796405e-01
1.291832217156991813e-01
2.597108532866494388e-02
0.000000000000000000e+00
0.000000000000000000e+00
0.000000000000000000e+00
4.668080012530757480e-03
2.597108532866475306e-02
7.836644033626363748e-02
1.548588318257304031e-01
2.317340886188644089e-01
2.910617268664231205e-01
2.910617268664230095e-01
2.317340886188644644e-01
1.548588318257304031e-01
7.836644033626349870e-02
2.597108532866494388e-02
4.668080012530661203e-03
0.000000000000000000e+00
0.000000000000000000e+00
0.000000000000000000e+00
2.597108532866494388e-02
1.291832217156990981e-01
3.457942400584798071e-01
6.542057599415200819e-01
8.708167782843003746e-01
9.740289146713352331e-01
1.000000000000000000e+00
1.000000000000000000e+00
1.000000000000000000e+00
1.000000000000000000e+00
1.000000000000000000e+00
1.000000000000000000e+00
1.000000000000000000e+00
9.999999999999997780e-01
1.000000000000000000e+00
1.000000000000000000e+00
1.000000000000000000e+00
1.000000000000000000e+00
1.000000000000000000e+00
1.000000000000000000e+00
1.000000000000000000e+00
9.999999999999997780e-01
1.000000000000000000e+00
1.000000000000000000e+00
1.000000000000000000e+00
9.999999999999997780e-01
9.999999999999997780e-01
1.000000000000000000e+00
1.000000000000000000e+00
1.000000000000000000e+00
1.000000000000000000e+00
9.999999999999997780e-01
1.000000000000000000e+00
9.999999999999997780e-01
1.000000000000000000e+00
9.163019867747551617e-01
6.795593583290471251e-01
5.727251640846158232e-01
6.266310465457365364e-01
4.393712741183130599e-01
1.895751009915962737e-01
4.811719932777719366e-02
4.668080012530661203e-03
0.000000000000000000e+00
0.000000000000000000e+00
0.000000000000000000e+00
0.000000000000000000e+00
0.000000000000000000e+00
4.668080012530661203e-03
2.597108532866475306e-02
5.513007964588063914e-02
7.836644033626355421e-02
7.836644033626355421e-02
5.513007964588063914e-02
2.597108532866485020e-02
4.668080012530757480e-03
0.000000000000000000e+00
0.000000000000000000e+00
0.000000000000000000e+00
0.000000000000000000e+00
0.000000000000000000e+00
4.668080012530757480e-03
4.811719932777709652e-02
1.895751009915961904e-01
4.393712741183131709e-01
7.375727089661716640e-01
9.216335596637362793e-01
9.953319199874690604e-01
1.000000000000000000e+00
1.000000000000000000e+00
1.000000000000000000e+00
1.000000000000000000e+00
9.999999999999997780e-01
9.999999999999997780e-01
9.999999999999997780e-01
9.999999999999997780e-01
1.000000000000000000e+00
9.999999999999997780e-01
1.000000000000000000e+00
9.999999999999997780e-01
1.000000000000000000e+00
1.000000000000000000e+00
1.000000000000000000e+00
1.000000000000000000e+00
1.000000000000000000e+00
1.000000000000000000e+00
1.000000000000000000e+00
1.000000000000000000e+00
9.999999999999997780e-01
9.999999999999997780e-01
1.000000000000000000e+00
1.000000000000000000e+00
9.999999999999997780e-01
1.000000000000000000e+00
9.999999999999997780e-01
1.000000000000000000e+00
9.163019867747551617e-01
6.795593583290471251e-01
4.373912284731658051e-01
4.445701313507938179e-01
2.624272910338281140e-01
7.836644033626349870e-02
4.668080012530661203e-03
0.000000000000000000e+00
0.000000000000000000e+00
0.000000000000000000e+00
0.000000000000000000e+00
0.000000000000000000e+00
0.000000000000000000e+00
0.000000000000000000e+00
0.000000000000000000e+00
0.000000000000000000e+00
0.000000000000000000e+00
0.000000000000000000e+00
0.000000000000000000e+00
0.000000000000000000e+00
9.648142445790317418e-17
0.000000000000000000e+00
0.000000000000000000e+00
0.000000000000000000e+00
0.000000000000000000e+00
0.000000000000000000e+00
0.000000000000000000e+00
4.668080012530661203e-03
7.836644033626363748e-02
2.624272910338280029e-01
5.606287258816865515e-01
8.104248990084037541e-01
9.518828006722228618e-01
9.953319199874692824e-01
1.000000000000000000e+00
9.999999999999997780e-01
1.000000000000000000e+00
9.999999999999997780e-01
1.000000000000000000e+00
9.999999999999997780e-01
9.999999999999997780e-01
1.000000000000000000e+00
9.999999999999997780e-01
1.000000000000000000e+00
1.000000000000000000e+00
1.000000000000000000e+00
1.000000000000000000e+00
1.000000000000000000e+00
1.000000000000000000e+00
1.000000000000000000e+00
1.000000000000000000e+00
1.000000000000000000e+00
1.000000000000000000e+00
9.999999999999997780e-01
1.000000000000000000e+00
1.000000000000000000e+00
1.000000000000000000e+00
9.999999999999997780e-01
1.000000000000000000e+00
9.999999999999997780e-01
1.000000000000000000e+00
9.163019867747549396e-01
6.795593583290471251e-01
2.737286849743761352e-01
2.364673314825794237e-01
1.291832217156991813e-01
2.597108532866475306e-02
0.000000000000000000e+00
0.000000000000000000e+00
0.000000000000000000e+00
0.000000000000000000e+00
0.000000000000000000e+00
0.000000000000000000e+00
0.000000000000000000e+00
0.000000000000000000e+00
0.000000000000000000e+00
0.000000000000000000e+00
0.000000000000000000e+00
0.000000000000000000e+00
0.000000000000000000e+00
0.000000000000000000e+00
0.000000000000000000e+00
0.000000000000000000e+00
0.000000000000000000e+00
0.000000000000000000e+00
0.000000000000000000e+00
0.000000000000000000e+00
0.000000000000000000e+00
0.000000000000000000e+00
2.597108532866494388e-02
1.291832217156991813e-01
3.390765106216417912e-01
6.172621459726421733e-01
8.043478782377575520e-01
8.920687251978268728e-01
9.163019867747551617e-01
9.163019867747551617e-01
9.163019867747552727e-01
9.163019867747549396e-01
9.163019867747549396e-01
9.163019867747549396e-01
9.163019867747549396e-01
9.163019867747551617e-01
9.163019867747549396e-01
9.163019867747554947e-01
9.163019867747552727e-01
9.163019867747552727e-01
9.163019867747551617e-01
9.163019867747552727e-01
9.163019867747551617e-01
9.163019867747549396e-01
9.163019867747552727e-01
9.163019867747552727e-01
9.163019867747549396e-01
9.163019867747549396e-01
9.163019867747549396e-01
9.163019867747552727e-01
9.163019867747549396e-01
9.163019867747549396e-01
9.163019867747552727e-01
9.163019867747549396e-01
9.163019867747551617e-01
8.271960737398214025e-01
6.033322178797820845e-01
1.121017524797842807e-01
9.878973719449661572e-02
4.811719932777709652e-02
4.668080012530661203e-03
0.000000000000000000e+00
0.000000000000000000e+00
0.000000000000000000e+00
0.000000000000000000e+00
0.000000000000000000e+00
0.000000000000000000e+00
0.000000000000000000e+00
0.000000000000000000e+00
0.000000000000000000e+00
0.000000000000000000e+00
0.000000000000000000e+00
0.000000000000000000e+00
0.000000000000000000e+00
0.000000000000000000e+00
0.000000000000000000e+00
0.000000000000000000e+00
0.000000000000000000e+00
0.000000000000000000e+00
0.000000000000000000e+00
0.000000000000000000e+00
0.000000000000000000e+00
0.000000000000000000e+00
4.668080012530661203e-03
4.811719932777709652e-02
1.629435125386122785e-01
3.390765106216419023e-01
5.297879789139505746e-01
6.404547046769258900e-01
6.795593583290471251e-01
6.795593583290471251e-01
6.795593583290472361e-01
6.795593583290470141e-01
6.795593583290470141e-01
6.795593583290470141e-01
6.795593583290471251e-01
6.795593583290472361e-01
6.795593583290470141e-01
6.795593583290471251e-01
6.795593583290471251e-01
6.795593583290471251e-01
6.795593583290472361e-01
6.795593583290473472e-01
6.795593583290473472e-01
6.795593583290467921e-01
6.795593583290471251e-01
6.795593583290470141e-01
6.795593583290471251e-01
6.795593583290471251e-01
6.795593583290472361e-01
6.795593583290471251e-01
6.795593583290471251e-01
6.795593583290471251e-01
6.795593583290471251e-01
6.795593583290472361e-01
6.795593583290471251e-01
6.033322178797820845e-01
4.278915508725590344e-01
