4.270356055721760136e-01
6.045328966702417928e-01
6.814675595571261235e-01
6.814675595571259015e-01
6.814675595571259015e-01
6.814675595571259015e-01
6.814675595571259015e-01
6.814675595571259015e-01
6.814675595571260125e-01
6.814675595571260125e-01
6.814675595571257904e-01
6.814675595571261235e-01
6.814675595571259015e-01
6.814675595571259015e-01
6.814675595571260125e-01
6.814675595571259015e-01
6.814675595571259015e-01
6.814675595571259015e-01
6.814675595571260125e-01
6.814675595571259015e-01
6.814675595571260125e-01
6.814675595571259015e-01
6.814675595571259015e-01
6.814675595571259015e-01
6.814675595571257904e-01
6.814675595571260125e-01
6.814675595571259015e-01
6.814675595571259015e-01
6.814675595571259015e-01
6.814675595571261235e-01
6.814675595571261235e-01
6.420283886097448711e-01
5.613526249659872569e-01
4.386473750340128541e-01
3.277742643928798216e-01
2.293803826003623647e-01
1.526055187928017087e-01
7.682280585524477179e-02
2.535488543167890158e-02
4.549070073179741457e-03
9.301717104653790482e-17
0.000000000000000000e+00
9.301717104653790482e-17
0.000000000000000000e+00
0.000000000000000000e+00
0.000000000000000000e+00
0.000000000000000000e+00
0.000000000000000000e+00
0.000000000000000000e+00
9.301717104653790482e-17
0.000000000000000000e+00
4.549070073179834264e-03
2.535488543167880790e-02
7.682280585524467464e-02
1.526055187928016810e-01
2.293803826003622259e-01
3.277742643928798216e-01
4.386473750340128541e-01
5.613526249659871459e-01
5.639805310984673525e-01
4.270356055721757360e-01
6.045328966702416817e-01
8.295217774268013322e-01
9.179183387010162454e-01
9.179183387010162454e-01
9.179183387010160233e-01
9.179183387010162454e-01
9.179183387010162454e-01
9.179183387010160233e-01
9.179183387010162454e-01
9.179183387010160233e-01
9.179183387010159123e-01
9.179183387010162454e-01
9.179183387010160233e-01
9.179183387010162454e-01
9.179183387010160233e-01
9.179183387010160233e-01
9.179183387010162454e-01
9.179183387010162454e-01
9.179183387010162454e-01
9.179183387010160233e-01
9.179183387010159123e-01
9.179183387010162454e-01
9.179183387010160233e-01
9.179183387010162454e-01
9.179183387010160233e-01
9.179183387010160233e-01
9.179183387010162454e-01
9.179183387010162454e-01
9.179183387010162454e-01
9.179183387010162454e-01
9.179183387010162454e-01
8.939694357128595836e-01
8.415527508201351425e-01
7.706196173996375798e-01
6.722257356071202894e-01
5.613526249659872569e-01
4.006742421517434649e-01
2.317497673745436415e-01
9.495946612926872699e-02
2.535488543167871769e-02
9.301717104653790482e-17
0.000000000000000000e+00
9.301717104653790482e-17
0.000000000000000000e+00
0.000000000000000000e+00
0.000000000000000000e+00
0.000000000000000000e+00
0.000000000000000000e+00
0.000000000000000000e+00
9.301717104653790482e-17
0.000000000000000000e+00
2.535488543167880790e-02
9.495946612926858821e-02
2.317497673745435305e-01
4.006742421517434649e-01
5.613526249659871459e-01
6.722257356071204004e-01
7.706196173996375798e-01
8.415527508201349205e-01
8.026797868040563833e-01
6.045328966702415707e-01
6.814675595571259015e-01
9.179183387010160233e-01
1.000000000000000000e+00
9.999999999999997780e-01
9.999999999999997780e-01
1.000000000000000000e+00
1.000000000000000000e+00
9.999999999999996669e-01
9.999999999999997780e-01
1.000000000000000000e+00
9.999999999999997780e-01
1.000000000000000000e+00
9.999999999999997780e-01
9.999999999999997780e-01
1.000000000000000000e+00
1.000000000000000000e+00
9.999999999999997780e-01
9.999999999999997780e-01
1.000000000000000000e+00
1.000000000000000000e+00
9.999999999999997780e-01
9.999999999999997780e-01
9.999999999999997780e-01
1.000000000000000000e+00
1.000000000000000000e+00
9.999999999999997780e-01
1.000000000000000000e+00
9.999999999999997780e-01
9.999999999999997780e-01
1.000000000000000000e+00
1.000000000000000000e+00
9.954509299268202716e-01
9.746451145683212580e-01
9.460513777880504849e-01
8.994235128432167548e-01
8.356709180625567779e-01
6.677606206226188723e-01
4.174461275301433738e-01
1.687772561388959092e-01
4.893358574509472370e-02
0.000000000000000000e+00
0.000000000000000000e+00
9.301717104653790482e-17
0.000000000000000000e+00
0.000000000000000000e+00
0.000000000000000000e+00
0.000000000000000000e+00
0.000000000000000000e+00
0.000000000000000000e+00
9.301717104653790482e-17
9.301717104653790482e-17
4.893358574509472370e-02
1.687772561388957704e-01
4.174461275301433738e-01
6.677606206226188723e-01
8.356709180625566669e-01
8.994235128432167548e-01
9.460513777880504849e-01
9.746451145683212580e-01
9.126152766862927201e-01
6.814675595571259015e-01
6.814675595571261235e-01
9.179183387010162454e-01
1.000000000000000000e+00
1.000000000000000000e+00
9.999999999999994449e-01
1.000000000000000000e+00
9.999999999999997780e-01
9.999999999999997780e-01
9.999999999999997780e-01
1.000000000000000000e+00
9.999999999999997780e-01
9.999999999999997780e-01
1.000000000000000000e+00
9.999999999999997780e-01
1.000000000000000000e+00
1.000000000000000000e+00
1.000000000000000000e+00
1.000000000000000000e+00
9.999999999999996669e-01
9.999999999999997780e-01
1.000000000000000000e+00
1.000000000000000000e+00
9.999999999999997780e-01
9.999999999999997780e-01
9.999999999999997780e-01
9.999999999999996669e-01
1.000000000000000000e+00
9.999999999999996669e-01
1.000000000000000000e+00
1.000000000000000000e+00
1.000000000000000000e+00
1.000000000000000000e+00
1.000000000000000000e+00
9.999999999999997780e-01
9.908564901212973952e-01
9.251425546633256225e-01
7.422541002938147781e-01
4.579186118219799040e-01
1.894871307349581535e-01
4.893358574509472370e-02
0.000000000000000000e+00
0.000000000000000000e+00
9.301717104653790482e-17
0.000000000000000000e+00
0.000000000000000000e+00
0.000000000000000000e+00
0.000000000000000000e+00
0.000000000000000000e+00
0.000000000000000000e+00
9.301717104653790482e-17
0.000000000000000000e+00
4.893358574509472370e-02
1.894871307349579592e-01
4.579186118219796264e-01
7.422541002938147781e-01
9.251425546633256225e-01
9.908564901212973952e-01
9.999999999999997780e-01
1.000000000000000000e+00
9.179183387010162454e-01
6.814675595571259015e-01
6.814675595571261235e-01
9.179183387010162454e-01
9.999999999999997780e-01
9.999999999999997780e-01
9.999999999999997780e-01
1.000000000000000000e+00
9.999999999999997780e-01
9.999999999999997780e-01
9.999999999999996669e-01
1.000000000000000000e+00
9.999999999999997780e-01
1.000000000000000000e+00
1.000000000000000000e+00
9.999999999999997780e-01
9.999999999999997780e-01
9.999999999999997780e-01
1.000000000000000000e+00
1.000000000000000000e+00
1.000000000000000000e+00
1.000000000000000000e+00
9.999999999999997780e-01
9.999999999999997780e-01
9.999999999999997780e-01
1.000000000000000000e+00
9.999999999999997780e-01
9.999999999999997780e-01
9.999999999999997780e-01
9.999999999999997780e-01
9.999999999999997780e-01
1.000000000000000000e+00
9.999999999999997780e-01
9.999999999999996669e-01
1.000000000000000000e+00
9.954509299268202716e-01
9.529399316436151235e-01
8.393464221213563503e-01
6.254891531809607663e-01
3.373192050157353128e-01
1.270920813056494458e-01
2.535488543167871769e-02
0.000000000000000000e+00
0.000000000000000000e+00
9.301717104653790482e-17
0.000000000000000000e+00
0.000000000000000000e+00
0.000000000000000000e+00
0.000000000000000000e+00
0.000000000000000000e+00
0.000000000000000000e+00
9.301717104653790482e-17
0.000000000000000000e+00
2.535488543167880790e-02
1.270920813056493903e-01
3.373192050157351463e-01
6.254891531809605443e-01
8.393464221213563503e-01
9.529399316436155676e-01
9.954509299268202716e-01
9.999999999999997780e-01
9.179183387010162454e-01
6.814675595571257904e-01
6.814675595571260125e-01
9.179183387010162454e-01
9.999999999999997780e-01
9.999999999999997780e-01
9.999999999999996669e-01
1.000000000000000000e+00
1.000000000000000000e+00
1.000000000000000000e+00
1.000000000000000000e+00
9.999999999999997780e-01
9.999999999999997780e-01
1.000000000000000000e+00
1.000000000000000000e+00
9.999999999999997780e-01
9.999999999999997780e-01
9.999999999999997780e-01
9.999999999999997780e-01
1.000000000000000000e+00
1.000000000000000000e+00
9.999999999999997780e-01
9.999999999999997780e-01
9.999999999999997780e-01
1.000000000000000000e+00
1.000000000000000000e+00
9.999999999999997780e-01
9.999999999999994449e-01
9.999999999999997780e-01
9.999999999999997780e-01
9.999999999999997780e-01
1.000000000000000000e+00
1.000000000000000000e+00
1.000000000000000000e+00
1.000000000000000000e+00
9.793963116343548103e-01
8.975870831246995918e-01
7.017093053192303698e-01
4.052686118552029093e-01
1.665503769989692406e-01
4.706006835638454344e-02
4.549070073179741457e-03
0.000000000000000000e+00
0.000000000000000000e+00
0.000000000000000000e+00
0.000000000000000000e+00
0.000000000000000000e+00
0.000000000000000000e+00
0.000000000000000000e+00
0.000000000000000000e+00
0.000000000000000000e+00
9.301717104653790482e-17
0.000000000000000000e+00
4.549070073179741457e-03
4.706006835638445324e-02
1.665503769989690186e-01
4.052686118552029093e-01
7.017093053192302587e-01
8.975870831246997028e-01
9.793963116343548103e-01
9.999999999999997780e-01
9.179183387010160233e-01
6.814675595571259015e-01
6.814675595571259015e-01
9.179183387010162454e-01
1.000000000000000000e+00
9.999999999999997780e-01
9.999999999999997780e-01
1.000000000000000000e+00
1.000000000000000000e+00
9.999999999999997780e-01
9.999999999999997780e-01
9.999999999999997780e-01
1.000000000000000000e+00
1.000000000000000000e+00
1.000000000000000000e+00
1.000000000000000000e+00
9.999999999999997780e-01
9.999999999999994449e-01
1.000000000000000000e+00
1.000000000000000000e+00
1.000000000000000000e+00
1.000000000000000000e+00
9.999999999999996669e-01
9.999999999999997780e-01
9.999999999999997780e-01
1.000000000000000000e+00
9.999999999999996669e-01
9.999999999999996669e-01
9.999999999999997780e-01
9.999999999999996669e-01
9.999999999999997780e-01
1.000000000000000000e+00
1.000000000000000000e+00
1.000000000000000000e+00
1.000000000000000000e+00
9.728473773124101109e-01
8.648933517377438429e-01
6.300376876463229525e-01
3.485954427528412669e-01
1.308355960720989919e-01
3.015146872311611631e-02
4.549070073179741457e-03
0.000000000000000000e+00
0.000000000000000000e+00
0.000000000000000000e+00
0.000000000000000000e+00
0.000000000000000000e+00
0.000000000000000000e+00
0.000000000000000000e+00
0.000000000000000000e+00
0.000000000000000000e+00
9.301717104653790482e-17
0.000000000000000000e+00
4.549070073179741457e-03
3.015146872311611631e-02
1.308355960720987421e-01
3.485954427528411004e-01
6.300376876463229525e-01
8.648933517377440650e-01
9.728473773124101109e-01
9.999999999999997780e-01
9.179183387010162454e-01
6.814675595571259015e-01
6.814675595571260125e-01
9.179183387010162454e-01
1.000000000000000000e+00
9.999999999999997780e-01
1.000000000000000000e+00
9.999999999999997780e-01
1.000000000000000000e+00
1.000000000000000000e+00
1.000000000000000000e+00
9.999999999999997780e-01
9.999999999999997780e-01
1.000000000000000000e+00
9.999999999999997780e-01
9.999999999999997780e-01
9.999999999999996669e-01
9.999999999999996669e-01
9.999999999999996669e-01
1.000000000000000000e+00
1.000000000000000000e+00
1.000000000000000000e+00
9.999999999999996669e-01
1.000000000000000000e+00
1.000000000000000000e+00
1.000000000000000000e+00
9.999999999999997780e-01
1.000000000000000000e+00
9.999999999999997780e-01
9.999999999999994449e-01
9.999999999999996669e-01
1.000000000000000000e+00
9.999999999999997780e-01
1.000000000000000000e+00
1.000000000000000000e+00
9.793963116343544772e-01
8.975870831246997028e-01
7.309208010583183590e-01
4.768756331542985394e-01
2.666393903752841132e-01
1.270920813056494458e-01
4.706006835638445324e-02
4.549070073179741457e-03
0.000000000000000000e+00
0.000000000000000000e+00
0.000000000000000000e+00
0.000000000000000000e+00
0.000000000000000000e+00
0.000000000000000000e+00
0.000000000000000000e+00
0.000000000000000000e+00
9.301717104653790482e-17
4.549070073179648649e-03
4.706006835638445324e-02
1.270920813056494458e-01
2.666393903752840022e-01
4.768756331542985394e-01
7.309208010583181370e-01
8.975870831246997028e-01
9.793963116343545883e-01
1.000000000000000000e+00
9.179183387010160233e-01
6.814675595571259015e-01
6.814675595571260125e-01
9.179183387010164674e-01
1.000000000000000000e+00
1.000000000000000000e+00
9.999999999999996669e-01
1.000000000000000000e+00
1.000000000000000000e+00
9.999999999999994449e-01
9.999999999999996669e-01
9.999999999999997780e-01
9.999999999999996669e-01
9.999999999999997780e-01
9.999999999999997780e-01
1.000000000000000000e+00
9.999999999999997780e-01
9.999999999999996669e-01
1.000000000000000000e+00
1.000000000000000000e+00
9.999999999999996669e-01
9.999999999999997780e-01
9.999999999999997780e-01
9.999999999999996669e-01
9.999999999999994449e-01
1.000000000000000000e+00
9.999999999999997780e-01
9.999999999999996669e-01
1.000000000000000000e+00
9.999999999999997780e-01
1.000000000000000000e+00
1.000000000000000000e+00
1.000000000000000000e+00
1.000000000000000000e+00
1.000000000000000000e+00
9.954509299268202716e-01
9.529399316436155676e-01
8.729079186943504709e-01
7.398301490446737017e-01
5.613526249659868128e-01
3.373192050157354793e-01
1.606535778786437052e-01
4.706006835638445324e-02
4.549070073179648649e-03
0.000000000000000000e+00
0.000000000000000000e+00
0.000000000000000000e+00
0.000000000000000000e+00
0.000000000000000000e+00
0.000000000000000000e+00
0.000000000000000000e+00
4.549070073179741457e-03
4.706006835638445324e-02
1.606535778786437052e-01
3.373192050157352573e-01
5.613526249659867018e-01
7.398301490446738127e-01
8.729079186943504709e-01
9.529399316436155676e-01
9.954509299268202716e-01
9.999999999999997780e-01
9.179183387010160233e-01
6.814675595571261235e-01
6.814675595571260125e-01
9.179183387010164674e-01
1.000000000000000000e+00
9.999999999999997780e-01
9.999999999999997780e-01
1.000000000000000000e+00
9.999999999999997780e-01
1.000000000000000000e+00
1.000000000000000000e+00
9.999999999999997780e-01
1.000000000000000000e+00
1.000000000000000000e+00
9.999999999999997780e-01
1.000000000000000000e+00
1.000000000000000000e+00
1.000000000000000000e+00
9.999999999999997780e-01
9.999999999999997780e-01
9.999999999999997780e-01
9.999999999999996669e-01
9.999999999999997780e-01
1.000000000000000000e+00
9.999999999999997780e-01
9.999999999999994449e-01
1.000000000000000000e+00
9.999999999999997780e-01
9.999999999999997780e-01
9.999999999999997780e-01
9.999999999999997780e-01
1.000000000000000000e+00
1.000000000000000000e+00
9.999999999999997780e-01
1.000000000000000000e+00
1.000000000000000000e+00
9.954509299268202716e-01
9.746451145683214801e-01
9.231771941447551866e-01
8.127898983119751231e-01
6.254891531809610994e-01
3.676471348976604880e-01
1.606535778786436219e-01
4.706006835638445324e-02
4.549070073179741457e-03
0.000000000000000000e+00
0.000000000000000000e+00
0.000000000000000000e+00
0.000000000000000000e+00
0.000000000000000000e+00
4.549070073179554974e-03
4.706006835638445324e-02
1.606535778786436219e-01
3.676471348976605991e-01
6.254891531809610994e-01
8.127898983119750120e-01
9.231771941447551866e-01
9.746451145683212580e-01
9.954509299268202716e-01
9.999999999999997780e-01
1.000000000000000000e+00
9.179183387010162454e-01
6.814675595571255684e-01
6.814675595571260125e-01
9.179183387010162454e-01
1.000000000000000000e+00
1.000000000000000000e+00
9.999999999999997780e-01
9.999999999999997780e-01
1.000000000000000000e+00
9.999999999999997780e-01
1.000000000000000000e+00
9.999999999999994449e-01
9.999999999999996669e-01
9.999999999999996669e-01
1.000000000000000000e+00
1.000000000000000000e+00
9.999999999999997780e-01
9.999999999999997780e-01
9.999999999999997780e-01
1.000000000000000000e+00
9.999999999999997780e-01
9.999999999999997780e-01
9.999999999999994449e-01
1.000000000000000000e+00
1.000000000000000000e+00
1.000000000000000000e+00
9.999999999999997780e-01
9.999999999999997780e-01
1.000000000000000000e+00
9.999999999999994449e-01
1.000000000000000000e+00
1.000000000000000000e+00
1.000000000000000000e+00
1.000000000000000000e+00
1.000000000000000000e+00
9.999999999999997780e-01
1.000000000000000000e+00
1.000000000000000000e+00
9.954509299268202716e-01
9.529399316436155676e-01
8.393464221213563503e-01
6.323528651023393454e-01
3.676471348976605991e-01
1.606535778786434832e-01
4.706006835638445324e-02
4.549070073179648649e-03
0.000000000000000000e+00
0.000000000000000000e+00
0.000000000000000000e+00
4.549070073179741457e-03
4.706006835638426589e-02
1.606535778786436219e-01
3.676471348976604880e-01
6.323528651023393454e-01
8.393464221213562393e-01
9.529399316436155676e-01
9.954509299268202716e-01
1.000000000000000000e+00
1.000000000000000000e+00
9.999999999999997780e-01
1.000000000000000000e+00
9.179183387010162454e-01
6.814675595571259015e-01
6.814675595571261235e-01
9.179183387010162454e-01
1.000000000000000000e+00
1.000000000000000000e+00
9.999999999999997780e-01
1.000000000000000000e+00
1.000000000000000000e+00
9.999999999999997780e-01
1.000000000000000000e+00
1.000000000000000000e+00
9.999999999999994449e-01
1.000000000000000000e+00
1.000000000000000000e+00
9.999999999999997780e-01
9.999999999999997780e-01
1.000000000000000000e+00
1.000000000000000000e+00
1.000000000000000000e+00
1.000000000000000000e+00
9.999999999999994449e-01
9.999999999999997780e-01
1.000000000000000000e+00
1.000000000000000000e+00
1.000000000000000000e+00
1.000000000000000000e+00
9.999999999999997780e-01
1.000000000000000000e+00
9.999999999999997780e-01
9.999999999999997780e-01
1.000000000000000000e+00
1.000000000000000000e+00
9.999999999999997780e-01
1.000000000000000000e+00
1.000000000000000000e+00
1.000000000000000000e+00
1.000000000000000000e+00
9.999999999999997780e-01
9.954509299268202716e-01
9.529399316436155676e-01
8.393464221213565724e-01
6.254891531809609884e-01
3.373192050157353128e-01
1.270920813056494458e-01
2.535488543167871769e-02
0.000000000000000000e+00
0.000000000000000000e+00
0.000000000000000000e+00
2.535488543167871769e-02
1.270920813056492515e-01
3.373192050157353128e-01
6.254891531809610994e-01
8.393464221213565724e-01
9.529399316436155676e-01
9.954509299268202716e-01
9.999999999999997780e-01
1.000000000000000000e+00
1.000000000000000000e+00
1.000000000000000000e+00
1.000000000000000000e+00
9.179183387010162454e-01
6.814675595571255684e-01
6.814675595571260125e-01
9.179183387010160233e-01
1.000000000000000000e+00
1.000000000000000000e+00
1.000000000000000000e+00
1.000000000000000000e+00
9.999999999999997780e-01
1.000000000000000000e+00
9.999999999999997780e-01
1.000000000000000000e+00
1.000000000000000000e+00
1.000000000000000000e+00
9.999999999999997780e-01
1.000000000000000000e+00
9.999999999999997780e-01
9.999999999999996669e-01
1.000000000000000000e+00
1.000000000000000000e+00
1.000000000000000000e+00
9.999999999999997780e-01
1.000000000000000000e+00
1.000000000000000000e+00
1.000000000000000000e+00
1.000000000000000000e+00
1.000000000000000000e+00
1.000000000000000000e+00
1.000000000000000000e+00
9.999999999999997780e-01
1.000000000000000000e+00
1.000000000000000000e+00
1.000000000000000000e+00
1.000000000000000000e+00
1.000000000000000000e+00
1.000000000000000000e+00
1.000000000000000000e+00
1.000000000000000000e+00
1.000000000000000000e+00
1.000000000000000000e+00
9.954509299268202716e-01
9.529399316436153455e-01
8.127898983119750120e-01
5.613526249659868128e-01
2.601698509553260763e-01
7.682280585524467464e-02
4.549070073179648649e-03
0.000000000000000000e+00
4.549070073179648649e-03
7.682280585524467464e-02
2.601698509553259653e-01
5.613526249659868128e-01
8.127898983119751231e-01
9.529399316436155676e-01
9.954509299268202716e-01
1.000000000000000000e+00
9.999999999999997780e-01
9.999999999999997780e-01
1.000000000000000000e+00
1.000000000000000000e+00
9.999999999999994449e-01
9.179183387010162454e-01
6.814675595571261235e-01
6.814675595571259015e-01
9.179183387010162454e-01
1.000000000000000000e+00
1.000000000000000000e+00
1.000000000000000000e+00
9.999999999999997780e-01
1.000000000000000000e+00
1.000000000000000000e+00
1.000000000000000000e+00
1.000000000000000000e+00
9.999999999999997780e-01
9.999999999999997780e-01
1.000000000000000000e+00
1.000000000000000000e+00
1.000000000000000000e+00
1.000000000000000000e+00
9.999999999999997780e-01
1.000000000000000000e+00
1.000000000000000000e+00
1.000000000000000000e+00
9.999999999999997780e-01
1.000000000000000000e+00
9.999999999999997780e-01
1.000000000000000000e+00
1.000000000000000000e+00
1.000000000000000000e+00
1.000000000000000000e+00
1.000000000000000000e+00
1.000000000000000000e+00
1.000000000000000000e+00
1.000000000000000000e+00
9.999999999999997780e-01
1.000000000000000000e+00
9.999999999999997780e-01
9.999999999999997780e-01
1.000000000000000000e+00
1.000000000000000000e+00
9.999999999999997780e-01
1.000000000000000000e+00
9.954509299268202716e-01
9.231771941447551866e-01
7.333606096247156092e-01
4.076123896417602199e-01
1.526055187928017642e-01
2.535488543167871769e-02
0.000000000000000000e+00
2.535488543167862402e-02
1.526055187928017642e-01
4.076123896417600534e-01
7.333606096247156092e-01
9.231771941447551866e-01
9.954509299268202716e-01
9.999999999999997780e-01
9.999999999999996669e-01
9.999999999999997780e-01
9.999999999999997780e-01
1.000000000000000000e+00
9.999999999999997780e-01
1.000000000000000000e+00
9.179183387010162454e-01
6.814675595571255684e-01
6.814675595571261235e-01
9.179183387010162454e-01
9.999999999999997780e-01
1.000000000000000000e+00
9.999999999999997780e-01
9.999999999999997780e-01
9.999999999999997780e-01
9.999999999999996669e-01
9.999999999999997780e-01
1.000000000000000000e+00
9.999999999999994449e-01
1.000000000000000000e+00
9.999999999999996669e-01
9.999999999999996669e-01
9.999999999999997780e-01
9.999999999999997780e-01
9.999999999999997780e-01
9.999999999999997780e-01
1.000000000000000000e+00
9.999999999999997780e-01
9.999999999999997780e-01
9.999999999999997780e-01
9.999999999999997780e-01
9.999999999999997780e-01
1.000000000000000000e+00
9.999999999999997780e-01
1.000000000000000000e+00
9.999999999999997780e-01
9.999999999999997780e-01
1.000000000000000000e+00
1.000000000000000000e+00
1.000000000000000000e+00
1.000000000000000000e+00
1.000000000000000000e+00
1.000000000000000000e+00
1.000000000000000000e+00
1.000000000000000000e+00
1.000000000000000000e+00
1.000000000000000000e+00
9.999999999999997780e-01
9.698485312768838629e-01
8.150615708768195189e-01
5.204834658015679016e-01
2.016910102427245666e-01
4.893358574509463349e-02
0.000000000000000000e+00
4.893358574509453635e-02
2.016910102427245666e-01
5.204834658015679016e-01
8.150615708768195189e-01
9.698485312768837519e-01
9.999999999999997780e-01
1.000000000000000000e+00
9.999999999999997780e-01
9.999999999999997780e-01
9.999999999999997780e-01
1.000000000000000000e+00
1.000000000000000000e+00
1.000000000000000000e+00
9.179183387010162454e-01
6.814675595571259015e-01
6.814675595571255684e-01
9.179183387010162454e-01
9.999999999999997780e-01
1.000000000000000000e+00
9.999999999999997780e-01
9.999999999999997780e-01
9.999999999999997780e-01
1.000000000000000000e+00
9.999999999999994449e-01
9.999999999999997780e-01
9.999999999999994449e-01
1.000000000000000000e+00
1.000000000000000000e+00
1.000000000000000000e+00
1.000000000000000000e+00
1.000000000000000000e+00
9.999999999999997780e-01
9.999999999999997780e-01
9.999999999999997780e-01
1.000000000000000000e+00
9.999999999999997780e-01
9.999999999999997780e-01
1.000000000000000000e+00
9.999999999999997780e-01
1.000000000000000000e+00
9.999999999999997780e-01
1.000000000000000000e+00
9.999999999999996669e-01
1.000000000000000000e+00
1.000000000000000000e+00
1.000000000000000000e+00
1.000000000000000000e+00
1.000000000000000000e+00
1.000000000000000000e+00
1.000000000000000000e+00
1.000000000000000000e+00
1.000000000000000000e+00
9.999999999999997780e-01
1.000000000000000000e+00
1.000000000000000000e+00
9.698485312768838629e-01
8.150615708768195189e-01
5.204834658015680127e-01
2.016910102427245666e-01
4.893358574509463349e-02
0.000000000000000000e+00
4.893358574509453635e-02
2.016910102427245666e-01
5.204834658015679016e-01
8.150615708768195189e-01
9.698485312768838629e-01
9.999999999999997780e-01
1.000000000000000000e+00
9.999999999999997780e-01
1.000000000000000000e+00
9.999999999999997780e-01
1.000000000000000000e+00
1.000000000000000000e+00
1.000000000000000000e+00
9.179183387010162454e-01
6.814675595571259015e-01
6.814675595571255684e-01
9.179183387010160233e-01
1.000000000000000000e+00
1.000000000000000000e+00
9.999999999999997780e-01
9.999999999999997780e-01
9.999999999999997780e-01
9.999999999999997780e-01
9.999999999999997780e-01
9.999999999999997780e-01
9.999999999999992228e-01
9.999999999999997780e-01
1.000000000000000000e+00
1.000000000000000000e+00
9.999999999999997780e-01
1.000000000000000000e+00
1.000000000000000000e+00
1.000000000000000000e+00
9.999999999999997780e-01
9.999999999999997780e-01
9.999999999999997780e-01
9.999999999999997780e-01
9.999999999999997780e-01
1.000000000000000000e+00
1.000000000000000000e+00
9.999999999999997780e-01
9.999999999999997780e-01
9.999999999999997780e-01
9.999999999999997780e-01
1.000000000000000000e+00
1.000000000000000000e+00
9.999999999999997780e-01
1.000000000000000000e+00
1.000000000000000000e+00
9.999999999999997780e-01
9.999999999999997780e-01
9.999999999999997780e-01
9.999999999999997780e-01
1.000000000000000000e+00
9.954509299268200495e-01
9.231771941447551866e-01
7.333606096247156092e-01
4.076123896417603309e-01
1.526055187928017642e-01
2.535488543167871769e-02
0.000000000000000000e+00
2.535488543167862402e-02
1.526055187928017642e-01
4.076123896417601089e-01
7.333606096247152761e-01
9.231771941447551866e-01
9.954509299268202716e-01
1.000000000000000000e+00
9.999999999999994449e-01
9.999999999999996669e-01
9.999999999999997780e-01
9.999999999999997780e-01
9.999999999999997780e-01
9.999999999999994449e-01
9.179183387010160233e-01
6.814675595571255684e-01
6.814675595571261235e-01
9.179183387010162454e-01
9.999999999999997780e-01
1.000000000000000000e+00
9.999999999999996669e-01
1.000000000000000000e+00
9.999999999999997780e-01
1.000000000000000000e+00
1.000000000000000000e+00
9.999999999999997780e-01
9.999999999999997780e-01
1.000000000000000000e+00
1.000000000000000000e+00
1.000000000000000000e+00
9.999999999999997780e-01
1.000000000000000000e+00
1.000000000000000000e+00
9.999999999999997780e-01
9.999999999999997780e-01
1.000000000000000000e+00
9.999999999999994449e-01
1.000000000000000000e+00
1.000000000000000000e+00
1.000000000000000000e+00
1.000000000000000000e+00
1.000000000000000000e+00
1.000000000000000000e+00
9.999999999999997780e-01
1.000000000000000000e+00
1.000000000000000000e+00
1.000000000000000000e+00
9.999999999999997780e-01
1.000000000000000000e+00
1.000000000000000000e+00
1.000000000000000000e+00
1.000000000000000000e+00
1.000000000000000000e+00
1.000000000000000000e+00
9.954509299268202716e-01
9.529399316436155676e-01
8.127898983119750120e-01
5.613526249659868128e-01
2.601698509553260763e-01
7.682280585524477179e-02
4.549070073179741457e-03
0.000000000000000000e+00
4.549070073179648649e-03
7.682280585524467464e-02
2.601698509553260763e-01
5.613526249659868128e-01
8.127898983119750120e-01
9.529399316436155676e-01
9.954509299268202716e-01
9.999999999999997780e-01
1.000000000000000000e+00
9.999999999999997780e-01
1.000000000000000000e+00
9.999999999999997780e-01
9.999999999999997780e-01
9.179183387010162454e-01
6.814675595571257904e-01
6.814675595571261235e-01
9.179183387010160233e-01
1.000000000000000000e+00
1.000000000000000000e+00
9.999999999999997780e-01
1.000000000000000000e+00
9.999999999999996669e-01
1.000000000000000000e+00
9.999999999999997780e-01
1.000000000000000000e+00
9.999999999999997780e-01
1.000000000000000000e+00
9.999999999999997780e-01
1.000000000000000000e+00
9.999999999999996669e-01
9.999999999999997780e-01
9.999999999999997780e-01
1.000000000000000000e+00
1.000000000000000000e+00
9.999999999999997780e-01
9.999999999999997780e-01
1.000000000000000000e+00
1.000000000000000000e+00
9.999999999999997780e-01
1.000000000000000000e+00
9.999999999999997780e-01
1.000000000000000000e+00
9.999999999999996669e-01
1.000000000000000000e+00
9.999999999999997780e-01
1.000000000000000000e+00
1.000000000000000000e+00
1.000000000000000000e+00
1.000000000000000000e+00
1.000000000000000000e+00
1.000000000000000000e+00
9.999999999999997780e-01
9.954509299268200495e-01
9.529399316436155676e-01
8.393464221213565724e-01
6.254891531809607663e-01
3.373192050157352573e-01
1.270920813056493903e-01
2.535488543167871769e-02
0.000000000000000000e+00
0.000000000000000000e+00
0.000000000000000000e+00
2.535488543167871769e-02
1.270920813056492515e-01
3.373192050157353128e-01
6.254891531809607663e-01
8.393464221213562393e-01
9.529399316436155676e-01
9.954509299268199385e-01
9.999999999999997780e-01
9.999999999999997780e-01
1.000000000000000000e+00
9.999999999999997780e-01
9.999999999999997780e-01
9.179183387010162454e-01
6.814675595571255684e-01
6.814675595571260125e-01
9.179183387010162454e-01
1.000000000000000000e+00
1.000000000000000000e+00
9.999999999999997780e-01
1.000000000000000000e+00
9.999999999999997780e-01
9.999999999999997780e-01
1.000000000000000000e+00
9.999999999999997780e-01
9.999999999999994449e-01
1.000000000000000000e+00
9.999999999999997780e-01
1.000000000000000000e+00
9.999999999999997780e-01
9.999999999999996669e-01
1.000000000000000000e+00
1.000000000000000000e+00
9.999999999999997780e-01
9.999999999999997780e-01
9.999999999999997780e-01
1.000000000000000000e+00
9.999999999999997780e-01
1.000000000000000000e+00
1.000000000000000000e+00
1.000000000000000000e+00
1.000000000000000000e+00
1.000000000000000000e+00
9.999999999999997780e-01
1.000000000000000000e+00
1.000000000000000000e+00
1.000000000000000000e+00
1.000000000000000000e+00
1.000000000000000000e+00
9.999999999999997780e-01
1.000000000000000000e+00
9.954509299268199385e-01
9.529399316436155676e-01
8.393464221213562393e-01
6.323528651023393454e-01
3.676471348976604880e-01
1.606535778786436219e-01
4.706006835638445324e-02
4.549070073179741457e-03
0.000000000000000000e+00
0.000000000000000000e+00
0.000000000000000000e+00
4.549070073179741457e-03
4.706006835638426589e-02
1.606535778786434832e-01
3.676471348976605991e-01
6.323528651023393454e-01
8.393464221213562393e-01
9.529399316436151235e-01
9.954509299268199385e-01
1.000000000000000000e+00
1.000000000000000000e+00
9.999999999999997780e-01
9.999999999999997780e-01
9.179183387010162454e-01
6.814675595571259015e-01
6.814675595571260125e-01
9.179183387010160233e-01
9.999999999999997780e-01
9.999999999999997780e-01
1.000000000000000000e+00
1.000000000000000000e+00
9.999999999999997780e-01
1.000000000000000000e+00
9.999999999999996669e-01
9.999999999999997780e-01
9.999999999999997780e-01
1.000000000000000000e+00
9.999999999999997780e-01
1.000000000000000000e+00
9.999999999999996669e-01
9.999999999999997780e-01
1.000000000000000000e+00
9.999999999999997780e-01
9.999999999999997780e-01
9.999999999999997780e-01
9.999999999999997780e-01
9.999999999999997780e-01
9.999999999999997780e-01
9.999999999999997780e-01
1.000000000000000000e+00
1.000000000000000000e+00
9.999999999999997780e-01
9.999999999999996669e-01
1.000000000000000000e+00
1.000000000000000000e+00
1.000000000000000000e+00
1.000000000000000000e+00
1.000000000000000000e+00
1.000000000000000000e+00
9.954509299268202716e-01
9.746451145683212580e-01
9.231771941447551866e-01
8.127898983119751231e-01
6.254891531809607663e-01
3.676471348976608211e-01
1.606535778786436219e-01
4.706006835638445324e-02
4.549070073179741457e-03
9.301717104653790482e-17
0.000000000000000000e+00
0.000000000000000000e+00
0.000000000000000000e+00
9.301717104653790482e-17
4.549070073179648649e-03
4.706006835638445324e-02
1.606535778786436219e-01
3.676471348976605991e-01
6.254891531809607663e-01
8.127898983119750120e-01
9.231771941447551866e-01
9.746451145683212580e-01
9.954509299268202716e-01
9.999999999999997780e-01
1.000000000000000000e+00
9.179183387010162454e-01
6.814675595571259015e-01
6.814675595571260125e-01
9.179183387010162454e-01
1.000000000000000000e+00
9.999999999999997780e-01
9.999999999999997780e-01
1.000000000000000000e+00
9.999999999999997780e-01
1.000000000000000000e+00
9.999999999999997780e-01
9.999999999999997780e-01
1.000000000000000000e+00
1.000000000000000000e+00
9.999999999999997780e-01
9.999999999999997780e-01
9.999999999999994449e-01
9.999999999999997780e-01
9.999999999999997780e-01
9.999999999999997780e-01
9.999999999999997780e-01
9.999999999999997780e-01
9.999999999999997780e-01
9.999999999999997780e-01
9.999999999999997780e-01
9.999999999999997780e-01
1.000000000000000000e+00
9.999999999999997780e-01
9.999999999999997780e-01
9.999999999999997780e-01
1.000000000000000000e+00
9.999999999999997780e-01
1.000000000000000000e+00
1.000000000000000000e+00
9.999999999999997780e-01
9.954509299268200495e-01
9.529399316436151235e-01
8.729079186943504709e-01
7.398301490446737017e-01
5.613526249659868128e-01
3.373192050157352573e-01
1.606535778786437052e-01
4.706006835638445324e-02
4.549070073179741457e-03
0.000000000000000000e+00
9.301717104653790482e-17
0.000000000000000000e+00
0.000000000000000000e+00
0.000000000000000000e+00
0.000000000000000000e+00
0.000000000000000000e+00
4.549070073179741457e-03
4.706006835638445324e-02
1.606535778786436219e-01
3.373192050157354793e-01
5.613526249659867018e-01
7.398301490446737017e-01
8.729079186943504709e-01
9.529399316436155676e-01
9.954509299268200495e-01
9.999999999999997780e-01
9.179183387010162454e-01
6.814675595571259015e-01
6.814675595571261235e-01
9.179183387010160233e-01
1.000000000000000000e+00
9.999999999999997780e-01
9.999999999999997780e-01
1.000000000000000000e+00
1.000000000000000000e+00
1.000000000000000000e+00
9.999999999999997780e-01
1.000000000000000000e+00
9.999999999999997780e-01
9.999999999999997780e-01
1.000000000000000000e+00
1.000000000000000000e+00
9.999999999999994449e-01
9.999999999999997780e-01
1.000000000000000000e+00
1.000000000000000000e+00
9.999999999999997780e-01
9.999999999999997780e-01
1.000000000000000000e+00
9.999999999999997780e-01
9.999999999999997780e-01
1.000000000000000000e+00
9.999999999999996669e-01
9.999999999999997780e-01
9.999999999999997780e-01
9.999999999999997780e-01
9.999999999999997780e-01
1.000000000000000000e+00
1.000000000000000000e+00
9.999999999999997780e-01
1.000000000000000000e+00
9.793963116343550324e-01
8.975870831246995918e-01
7.309208010583183590e-01
4.768756331542986504e-01
2.666393903752842798e-01
1.270920813056494458e-01
4.706006835638464059e-02
4.549070073179741457e-03
0.000000000000000000e+00
0.000000000000000000e+00
9.301717104653790482e-17
0.000000000000000000e+00
0.000000000000000000e+00
0.000000000000000000e+00
9.301717104653790482e-17
0.000000000000000000e+00
9.301717104653790482e-17
4.549070073179741457e-03
4.706006835638445324e-02
1.270920813056493903e-01
2.666393903752842243e-01
4.768756331542987059e-01
7.309208010583183590e-01
8.975870831246997028e-01
9.793963116343548103e-01
1.000000000000000000e+00
9.179183387010162454e-01
6.814675595571257904e-01
6.814675595571261235e-01
9.179183387010160233e-01
1.000000000000000000e+00
1.000000000000000000e+00
1.000000000000000000e+00
1.000000000000000000e+00
1.000000000000000000e+00
1.000000000000000000e+00
9.999999999999997780e-01
1.000000000000000000e+00
1.000000000000000000e+00
1.000000000000000000e+00
1.000000000000000000e+00
9.999999999999997780e-01
1.000000000000000000e+00
1.000000000000000000e+00
1.000000000000000000e+00
1.000000000000000000e+00
9.999999999999997780e-01
1.000000000000000000e+00
9.999999999999994449e-01
9.999999999999996669e-01
1.000000000000000000e+00
9.999999999999997780e-01
1.000000000000000000e+00
1.000000000000000000e+00
9.999999999999997780e-01
1.000000000000000000e+00
9.999999999999997780e-01
9.999999999999997780e-01
1.000000000000000000e+00
1.000000000000000000e+00
9.999999999999997780e-01
9.728473773124101109e-01
8.648933517377437319e-01
6.300376876463232856e-01
3.485954427528413779e-01
1.308355960720988809e-01
3.015146872311611631e-02
4.549070073179741457e-03
9.301717104653790482e-17
0.000000000000000000e+00
0.000000000000000000e+00
9.301717104653790482e-17
0.000000000000000000e+00
0.000000000000000000e+00
0.000000000000000000e+00
0.000000000000000000e+00
0.000000000000000000e+00
9.301717104653790482e-17
9.301717104653790482e-17
4.549070073179741457e-03
3.015146872311611631e-02
1.308355960720987976e-01
3.485954427528413779e-01
6.300376876463232856e-01
8.648933517377437319e-01
9.728473773124101109e-01
9.999999999999997780e-01
9.179183387010162454e-01
6.814675595571255684e-01
6.814675595571261235e-01
9.179183387010162454e-01
1.000000000000000000e+00
1.000000000000000000e+00
9.999999999999997780e-01
1.000000000000000000e+00
1.000000000000000000e+00
1.000000000000000000e+00
9.999999999999997780e-01
9.999999999999997780e-01
9.999999999999997780e-01
9.999999999999997780e-01
9.999999999999994449e-01
9.999999999999997780e-01
9.999999999999997780e-01
1.000000000000000000e+00
9.999999999999997780e-01
9.999999999999997780e-01
9.999999999999997780e-01
9.999999999999997780e-01
9.999999999999997780e-01
1.000000000000000000e+00
1.000000000000000000e+00
9.999999999999997780e-01
1.000000000000000000e+00
9.999999999999997780e-01
1.000000000000000000e+00
9.999999999999997780e-01
9.999999999999997780e-01
9.999999999999997780e-01
1.000000000000000000e+00
1.000000000000000000e+00
1.000000000000000000e+00
9.793963116343548103e-01
8.975870831246995918e-01
7.017093053192304808e-01
4.052686118552028538e-01
1.665503769989691019e-01
4.706006835638445324e-02
4.549070073179741457e-03
0.000000000000000000e+00
0.000000000000000000e+00
0.000000000000000000e+00
9.301717104653790482e-17
0.000000000000000000e+00
0.000000000000000000e+00
0.000000000000000000e+00
0.000000000000000000e+00
0.000000000000000000e+00
0.000000000000000000e+00
0.000000000000000000e+00
4.549070073179741457e-03
4.706006835638445324e-02
1.665503769989689631e-01
4.052686118552028538e-01
7.017093053192303698e-01
8.975870831246997028e-01
9.793963116343544772e-01
1.000000000000000000e+00
9.179183387010162454e-01
6.814675595571259015e-01
6.814675595571261235e-01
9.179183387010162454e-01
1.000000000000000000e+00
1.000000000000000000e+00
9.999999999999997780e-01
1.000000000000000000e+00
1.000000000000000000e+00
9.999999999999997780e-01
1.000000000000000000e+00
9.999999999999997780e-01
1.000000000000000000e+00
1.000000000000000000e+00
1.000000000000000000e+00
9.999999999999997780e-01
9.999999999999994449e-01
9.999999999999994449e-01
1.000000000000000000e+00
1.000000000000000000e+00
9.999999999999997780e-01
1.000000000000000000e+00
1.000000000000000000e+00
1.000000000000000000e+00
9.999999999999997780e-01
1.000000000000000000e+00
9.999999999999997780e-01
9.999999999999997780e-01
1.000000000000000000e+00
9.999999999999997780e-01
9.999999999999997780e-01
1.000000000000000000e+00
1.000000000000000000e+00
1.000000000000000000e+00
1.000000000000000000e+00
9.954509299268202716e-01
9.529399316436155676e-01
8.393464221213562393e-01
6.254891531809607663e-01
3.373192050157352573e-01
1.270920813056494458e-01
2.535488543167871769e-02
0.000000000000000000e+00
0.000000000000000000e+00
9.301717104653790482e-17
9.301717104653790482e-17
0.000000000000000000e+00
0.000000000000000000e+00
0.000000000000000000e+00
9.301717104653790482e-17
0.000000000000000000e+00
9.301717104653790482e-17
0.000000000000000000e+00
2.535488543167880790e-02
1.270920813056494458e-01
3.373192050157351463e-01
6.254891531809609884e-01
8.393464221213563503e-01
9.529399316436155676e-01
9.954509299268202716e-01
1.000000000000000000e+00
9.179183387010162454e-01
6.814675595571259015e-01
6.814675595571260125e-01
9.179183387010162454e-01
9.999999999999997780e-01
1.000000000000000000e+00
9.999999999999997780e-01
1.000000000000000000e+00
9.999999999999997780e-01
1.000000000000000000e+00
1.000000000000000000e+00
9.999999999999996669e-01
9.999999999999997780e-01
9.999999999999997780e-01
1.000000000000000000e+00
1.000000000000000000e+00
9.999999999999997780e-01
1.000000000000000000e+00
1.000000000000000000e+00
1.000000000000000000e+00
9.999999999999997780e-01
9.999999999999994449e-01
9.999999999999996669e-01
1.000000000000000000e+00
1.000000000000000000e+00
9.999999999999992228e-01
9.999999999999997780e-01
9.999999999999997780e-01
1.000000000000000000e+00
9.999999999999996669e-01
1.000000000000000000e+00
9.999999999999997780e-01
1.000000000000000000e+00
9.999999999999997780e-01
1.000000000000000000e+00
9.999999999999997780e-01
9.908564901212973952e-01
9.251425546633256225e-01
7.422541002938146670e-01
4.579186118219797930e-01
1.894871307349579592e-01
4.893358574509472370e-02
0.000000000000000000e+00
0.000000000000000000e+00
0.000000000000000000e+00
9.301717104653790482e-17
0.000000000000000000e+00
0.000000000000000000e+00
0.000000000000000000e+00
9.301717104653790482e-17
0.000000000000000000e+00
9.301717104653790482e-17
0.000000000000000000e+00
4.893358574509463349e-02
1.894871307349579592e-01
4.579186118219796264e-01
7.422541002938147781e-01
9.251425546633256225e-01
9.908564901212973952e-01
9.999999999999997780e-01
1.000000000000000000e+00
9.179183387010162454e-01
6.814675595571259015e-01
6.814675595571261235e-01
9.179183387010160233e-01
9.999999999999997780e-01
1.000000000000000000e+00
1.000000000000000000e+00
1.000000000000000000e+00
9.999999999999997780e-01
9.999999999999997780e-01
9.999999999999997780e-01
9.999999999999997780e-01
9.999999999999997780e-01
9.999999999999997780e-01
9.999999999999997780e-01
9.999999999999997780e-01
1.000000000000000000e+00
1.000000000000000000e+00
9.999999999999996669e-01
9.999999999999997780e-01
9.999999999999997780e-01
9.999999999999997780e-01
9.999999999999997780e-01
9.999999999999996669e-01
1.000000000000000000e+00
9.999999999999997780e-01
1.000000000000000000e+00
1.000000000000000000e+00
1.000000000000000000e+00
9.999999999999994449e-01
1.000000000000000000e+00
9.999999999999997780e-01
1.000000000000000000e+00
9.954509299268202716e-01
9.746451145683212580e-01
9.460513777880504849e-01
8.994235128432167548e-01
8.356709180625567779e-01
6.677606206226186503e-01
4.174461275301433183e-01
1.687772561388957704e-01
4.893358574509463349e-02
9.301717104653790482e-17
0.000000000000000000e+00
0.000000000000000000e+00
9.301717104653790482e-17
0.000000000000000000e+00
0.000000000000000000e+00
0.000000000000000000e+00
9.301717104653790482e-17
0.000000000000000000e+00
9.301717104653790482e-17
0.000000000000000000e+00
4.893358574509463349e-02
1.687772561388956871e-01
4.174461275301432628e-01
6.677606206226188723e-01
8.356709180625567779e-01
8.994235128432167548e-01
9.460513777880504849e-01
9.746451145683211470e-01
9.126152766862924981e-01
6.814675595571259015e-01
6.814675595571259015e-01
9.179183387010162454e-01
1.000000000000000000e+00
1.000000000000000000e+00
1.000000000000000000e+00
1.000000000000000000e+00
1.000000000000000000e+00
1.000000000000000000e+00
9.999999999999997780e-01
1.000000000000000000e+00
9.999999999999997780e-01
1.000000000000000000e+00
1.000000000000000000e+00
1.000000000000000000e+00
1.000000000000000000e+00
1.000000000000000000e+00
1.000000000000000000e+00
1.000000000000000000e+00
1.000000000000000000e+00
1.000000000000000000e+00
9.999999999999996669e-01
9.999999999999997780e-01
9.999999999999997780e-01
1.000000000000000000e+00
1.000000000000000000e+00
1.000000000000000000e+00
1.000000000000000000e+00
9.999999999999997780e-01
1.000000000000000000e+00
9.954509299268202716e-01
9.746451145683212580e-01
9.231771941447551866e-01
8.473944812071982913e-01
7.706196173996378018e-01
6.722257356071204004e-01
5.613526249659872569e-01
4.006742421517432984e-01
2.317497673745436415e-01
9.495946612926858821e-02
2.535488543167871769e-02
9.301717104653790482e-17
0.000000000000000000e+00
9.301717104653790482e-17
9.301717104653790482e-17
0.000000000000000000e+00
0.000000000000000000e+00
0.000000000000000000e+00
0.000000000000000000e+00
0.000000000000000000e+00
1.860343420930758096e-16
0.000000000000000000e+00
2.535488543167871769e-02
9.495946612926858821e-02
2.317497673745433917e-01
4.006742421517433539e-01
5.613526249659871459e-01
6.722257356071204004e-01
7.706196173996378018e-01
8.473944812071981803e-01
8.295217774268012212e-01
6.445937578289175907e-01
6.814675595571259015e-01
9.179183387010162454e-01
1.000000000000000000e+00
1.000000000000000000e+00
1.000000000000000000e+00
9.999999999999997780e-01
1.000000000000000000e+00
9.999999999999997780e-01
1.000000000000000000e+00
1.000000000000000000e+00
9.999999999999997780e-01
1.000000000000000000e+00
9.999999999999997780e-01
1.000000000000000000e+00
9.999999999999997780e-01
9.999999999999997780e-01
1.000000000000000000e+00
1.000000000000000000e+00
9.999999999999997780e-01
9.999999999999997780e-01
1.000000000000000000e+00
1.000000000000000000e+00
9.999999999999997780e-01
1.000000000000000000e+00
9.999999999999996669e-01
1.000000000000000000e+00
1.000000000000000000e+00
1.000000000000000000e+00
9.954509299268202716e-01
9.529399316436155676e-01
8.729079186943504709e-01
7.398301490446738127e-01
5.923876103582395025e-01
4.386473750340130762e-01
3.277742643928798216e-01
2.293803826003622814e-01
1.526055187928018475e-01
7.682280585524477179e-02
2.535488543167871769e-02
4.549070073179741457e-03
9.301717104653790482e-17
0.000000000000000000e+00
9.301717104653790482e-17
9.301717104653790482e-17
0.000000000000000000e+00
0.000000000000000000e+00
0.000000000000000000e+00
9.301717104653790482e-17
0.000000000000000000e+00
1.860343420930758096e-16
0.000000000000000000e+00
4.549070073179741457e-03
2.535488543167871769e-02
7.682280585524459138e-02
1.526055187928017087e-01
2.293803826003621982e-01
3.277742643928798216e-01
4.386473750340129651e-01
5.923876103582395025e-01
6.280713315943615704e-01
5.088001700614300793e-01
6.814675595571261235e-01
9.179183387010160233e-01
1.000000000000000000e+00
9.999999999999997780e-01
1.000000000000000000e+00
1.000000000000000000e+00
9.999999999999997780e-01
1.000000000000000000e+00
9.999999999999997780e-01
1.000000000000000000e+00
9.999999999999994449e-01
9.999999999999997780e-01
1.000000000000000000e+00
1.000000000000000000e+00
1.000000000000000000e+00
9.999999999999997780e-01
1.000000000000000000e+00
1.000000000000000000e+00
9.999999999999997780e-01
9.999999999999996669e-01
1.000000000000000000e+00
1.000000000000000000e+00
1.000000000000000000e+00
9.999999999999996669e-01
1.000000000000000000e+00
1.000000000000000000e+00
9.999999999999997780e-01
9.999999999999997780e-01
9.746451145683212580e-01
8.729079186943501378e-01
6.925720700982909150e-01
4.456440262512079142e-01
2.666393903752842798e-01
1.584472491798648852e-01
1.005764871567831759e-01
5.394862221194952207e-02
2.535488543167871769e-02
4.549070073179741457e-03
9.301717104653790482e-17
0.000000000000000000e+00
9.301717104653790482e-17
0.000000000000000000e+00
9.301717104653790482e-17
9.301717104653790482e-17
0.000000000000000000e+00
0.000000000000000000e+00
0.000000000000000000e+00
0.000000000000000000e+00
0.000000000000000000e+00
1.860343420930758096e-16
0.000000000000000000e+00
9.301717104653790482e-17
9.301717104653790482e-17
4.549070073179648649e-03
2.535488543167871769e-02
5.394862221194933471e-02
1.005764871567831759e-01
1.584472491798648019e-01
2.666393903752841132e-01
3.303069210822908164e-01
3.074279299017091960e-01
6.420283886097450932e-01
8.939694357128598057e-01
9.954509299268202716e-01
1.000000000000000000e+00
9.999999999999997780e-01
9.999999999999997780e-01
1.000000000000000000e+00
9.999999999999997780e-01
1.000000000000000000e+00
9.999999999999997780e-01
9.999999999999996669e-01
1.000000000000000000e+00
1.000000000000000000e+00
1.000000000000000000e+00
9.999999999999997780e-01
1.000000000000000000e+00
9.999999999999997780e-01
1.000000000000000000e+00
1.000000000000000000e+00
9.999999999999997780e-01
9.999999999999997780e-01
1.000000000000000000e+00
1.000000000000000000e+00
1.000000000000000000e+00
9.999999999999996669e-01
9.999999999999997780e-01
9.999999999999997780e-01
9.954509299268202716e-01
9.231771941447555196e-01
7.398301490446738127e-01
4.456440262512082473e-01
2.145175880923718414e-01
7.682280585524477179e-02
2.535488543167871769e-02
4.549070073179741457e-03
1.860343420930758096e-16
0.000000000000000000e+00
0.000000000000000000e+00
0.000000000000000000e+00
0.000000000000000000e+00
9.301717104653790482e-17
0.000000000000000000e+00
9.301717104653790482e-17
9.301717104653790482e-17
0.000000000000000000e+00
0.000000000000000000e+00
0.000000000000000000e+00
9.301717104653790482e-17
0.000000000000000000e+00
1.860343420930758096e-16
0.000000000000000000e+00
0.000000000000000000e+00
9.301717104653790482e-17
0.000000000000000000e+00
0.000000000000000000e+00
0.000000000000000000e+00
4.549070073179741457e-03
2.535488543167880790e-02
7.682280585524467464e-02
1.214757009848364960e-01
1.156890599567253070e-01
5.613526249659868128e-01
8.415527508201353646e-01
9.746451145683212580e-01
1.000000000000000000e+00
1.000000000000000000e+00
9.999999999999997780e-01
1.000000000000000000e+00
9.999999999999997780e-01
1.000000000000000000e+00
1.000000000000000000e+00
9.999999999999997780e-01
1.000000000000000000e+00
9.999999999999997780e-01
1.000000000000000000e+00
9.999999999999997780e-01
9.999999999999997780e-01
1.000000000000000000e+00
1.000000000000000000e+00
9.999999999999997780e-01
9.999999999999997780e-01
1.000000000000000000e+00
1.000000000000000000e+00
9.999999999999997780e-01
1.000000000000000000e+00
9.999999999999996669e-01
1.000000000000000000e+00
1.000000000000000000e+00
9.746451145683212580e-01
8.473944812071982913e-01
5.923876103582395025e-01
2.666393903752842798e-01
7.682280585524477179e-02
4.549070073179741457e-03
9.301717104653790482e-17
9.301717104653790482e-17
0.000000000000000000e+00
0.000000000000000000e+00
9.301717104653790482e-17
0.000000000000000000e+00
0.000000000000000000e+00
9.301717104653790482e-17
0.000000000000000000e+00
9.301717104653790482e-17
9.301717104653790482e-17
0.000000000000000000e+00
0.000000000000000000e+00
0.000000000000000000e+00
9.301717104653790482e-17
0.000000000000000000e+00
1.860343420930758096e-16
0.000000000000000000e+00
9.301717104653790482e-17
9.301717104653790482e-17
0.000000000000000000e+00
0.000000000000000000e+00
0.000000000000000000e+00
9.301717104653790482e-17
0.000000000000000000e+00
4.549070073179648649e-03
2.060368836564510989e-02
2.715262268758959763e-02
4.386473750340132427e-01
7.706196173996375798e-01
9.460513777880507069e-01
9.999999999999997780e-01
9.954509299268202716e-01
9.793963116343550324e-01
9.728473773124101109e-01
9.793963116343548103e-01
9.954509299268202716e-01
1.000000000000000000e+00
9.999999999999994449e-01
9.999999999999997780e-01
1.000000000000000000e+00
1.000000000000000000e+00
1.000000000000000000e+00
9.999999999999997780e-01
1.000000000000000000e+00
1.000000000000000000e+00
9.999999999999997780e-01
9.999999999999996669e-01
1.000000000000000000e+00
9.954509299268202716e-01
9.793963116343550324e-01
9.728473773124101109e-01
9.793963116343550324e-01
9.954509299268202716e-01
9.999999999999997780e-01
9.460513777880502628e-01
7.706196173996378018e-01
4.386473750340125766e-01
1.584472491798650517e-01
2.535488543167862402e-02
0.000000000000000000e+00
9.301717104653790482e-17
9.301717104653790482e-17
9.301717104653790482e-17
0.000000000000000000e+00
0.000000000000000000e+00
9.301717104653790482e-17
9.301717104653790482e-17
9.301717104653790482e-17
0.000000000000000000e+00
9.301717104653790482e-17
9.301717104653790482e-17
0.000000000000000000e+00
0.000000000000000000e+00
0.000000000000000000e+00
9.301717104653790482e-17
0.000000000000000000e+00
1.860343420930758096e-16
0.000000000000000000e+00
9.301717104653790482e-17
9.301717104653790482e-17
0.000000000000000000e+00
9.301717104653790482e-17
0.000000000000000000e+00
9.301717104653790482e-17
0.000000000000000000e+00
0.000000000000000000e+00
9.301717104653790482e-17
0.000000000000000000e+00
3.277742643928798216e-01
6.722257356071205114e-01
8.994235128432167548e-01
9.908564901212973952e-01
9.529399316436151235e-01
8.975870831246997028e-01
8.648933517377440650e-01
8.975870831246997028e-01
9.529399316436157896e-01
9.954509299268202716e-01
9.999999999999996669e-01
1.000000000000000000e+00
1.000000000000000000e+00
1.000000000000000000e+00
9.999999999999997780e-01
1.000000000000000000e+00
9.999999999999997780e-01
1.000000000000000000e+00
1.000000000000000000e+00
9.999999999999997780e-01
9.954509299268200495e-01
9.529399316436159006e-01
8.975870831246997028e-01
8.648933517377438429e-01
8.975870831246993697e-01
9.529399316436153455e-01
9.908564901212973952e-01
8.994235128432167548e-01
6.722257356071205114e-01
3.277742643928797661e-01
1.005764871567834118e-01
4.549070073179834264e-03
9.301717104653790482e-17
9.301717104653790482e-17
9.301717104653790482e-17
1.860343420930758096e-16
9.301717104653790482e-17
9.301717104653790482e-17
9.301717104653790482e-17
9.301717104653790482e-17
9.301717104653790482e-17
0.000000000000000000e+00
9.301717104653790482e-17
9.301717104653790482e-17
0.000000000000000000e+00
0.000000000000000000e+00
0.000000000000000000e+00
9.301717104653790482e-17
0.000000000000000000e+00
1.860343420930758096e-16
0.000000000000000000e+00
9.301717104653790482e-17
9.301717104653790482e-17
0.000000000000000000e+00
9.301717104653790482e-17
0.000000000000000000e+00
9.301717104653790482e-17
1.860343420930758096e-16
9.301717104653790482e-17
9.301717104653790482e-17
9.301717104653790482e-17
2.293803826003622814e-01
5.613526249659868128e-01
8.356709180625566669e-01
9.251425546633256225e-01
8.393464221213560172e-01
7.017093053192309249e-01
6.300376876463229525e-01
7.309208010583186921e-01
8.729079186943504709e-01
9.746451145683209250e-01
9.999999999999997780e-01
9.999999999999997780e-01
1.000000000000000000e+00
1.000000000000000000e+00
9.999999999999997780e-01
1.000000000000000000e+00
1.000000000000000000e+00
1.000000000000000000e+00
9.999999999999997780e-01
9.999999999999997780e-01
9.746451145683209250e-01
8.729079186943504709e-01
7.309208010583186921e-01
6.300376876463226195e-01
7.017093053192302587e-01
8.393464221213563503e-01
9.251425546633256225e-01
8.356709180625564448e-01
5.613526249659872569e-01
2.293803826003620039e-01
5.394862221194943186e-02
1.860343420930758096e-16
0.000000000000000000e+00
1.860343420930758096e-16
0.000000000000000000e+00
1.860343420930758096e-16
0.000000000000000000e+00
9.301717104653790482e-17
9.301717104653790482e-17
9.301717104653790482e-17
9.301717104653790482e-17
0.000000000000000000e+00
9.301717104653790482e-17
9.301717104653790482e-17
0.000000000000000000e+00
0.000000000000000000e+00
0.000000000000000000e+00
9.301717104653790482e-17
0.000000000000000000e+00
1.860343420930758096e-16
0.000000000000000000e+00
9.301717104653790482e-17
9.301717104653790482e-17
0.000000000000000000e+00
0.000000000000000000e+00
9.301717104653790482e-17
0.000000000000000000e+00
1.860343420930758096e-16
0.000000000000000000e+00
0.000000000000000000e+00
0.000000000000000000e+00
1.526055187928019863e-01
4.006742421517433539e-01
6.677606206226188723e-01
7.422541002938150001e-01
6.254891531809613214e-01
4.052686118552029093e-01
3.485954427528413779e-01
4.768756331542986504e-01
7.398301490446734796e-01
9.231771941447551866e-01
9.954509299268202716e-01
9.999999999999997780e-01
9.999999999999997780e-01
9.999999999999997780e-01
1.000000000000000000e+00
1.000000000000000000e+00
9.999999999999996669e-01
9.999999999999997780e-01
9.999999999999997780e-01
9.954509299268199385e-01
9.231771941447551866e-01
7.398301490446734796e-01
4.768756331542988169e-01
3.485954427528412669e-01
4.052686118552032424e-01
6.254891531809610994e-01
7.422541002938150001e-01
6.677606206226185392e-01
4.006742421517434649e-01
1.526055187928015699e-01
2.535488543167890158e-02
0.000000000000000000e+00
0.000000000000000000e+00
0.000000000000000000e+00
1.860343420930758096e-16
0.000000000000000000e+00
0.000000000000000000e+00
0.000000000000000000e+00
0.000000000000000000e+00
9.301717104653790482e-17
9.301717104653790482e-17
0.000000000000000000e+00
9.301717104653790482e-17
9.301717104653790482e-17
0.000000000000000000e+00
0.000000000000000000e+00
0.000000000000000000e+00
9.301717104653790482e-17
0.000000000000000000e+00
1.860343420930758096e-16
0.000000000000000000e+00
9.301717104653790482e-17
9.301717104653790482e-17
0.000000000000000000e+00
9.301717104653790482e-17
0.000000000000000000e+00
0.000000000000000000e+00
9.301717104653790482e-17
0.000000000000000000e+00
9.301717104653790482e-17
9.301717104653790482e-17
7.682280585524477179e-02
2.317497673745440578e-01
4.174461275301437069e-01
4.579186118219800705e-01
3.373192050157353128e-01
1.665503769989690186e-01
1.308355960720988809e-01
2.666393903752842798e-01
5.613526249659868128e-01
8.127898983119751231e-01
9.529399316436153455e-01
9.954509299268206046e-01
1.000000000000000000e+00
1.000000000000000000e+00
1.000000000000000000e+00
1.000000000000000000e+00
1.000000000000000000e+00
1.000000000000000000e+00
9.954509299268202716e-01
9.529399316436155676e-01
8.127898983119747900e-01
5.613526249659868128e-01
2.666393903752844463e-01
1.308355960720988809e-01
1.665503769989693794e-01
3.373192050157356459e-01
4.579186118219797930e-01
4.174461275301435403e-01
2.317497673745438080e-01
7.682280585524467464e-02
4.549070073179834264e-03
1.860343420930758096e-16
0.000000000000000000e+00
0.000000000000000000e+00
0.000000000000000000e+00
1.860343420930758096e-16
0.000000000000000000e+00
0.000000000000000000e+00
0.000000000000000000e+00
9.301717104653790482e-17
9.301717104653790482e-17
0.000000000000000000e+00
9.301717104653790482e-17
9.301717104653790482e-17
0.000000000000000000e+00
0.000000000000000000e+00
0.000000000000000000e+00
9.301717104653790482e-17
0.000000000000000000e+00
9.301717104653790482e-17
0.000000000000000000e+00
1.860343420930758096e-16
1.860343420930758096e-16
0.000000000000000000e+00
9.301717104653790482e-17
9.301717104653790482e-17
0.000000000000000000e+00
0.000000000000000000e+00
9.301717104653790482e-17
9.301717104653790482e-17
0.000000000000000000e+00
2.535488543167880790e-02
9.495946612926864372e-02
1.687772561388959092e-01
1.894871307349580702e-01
1.270920813056494458e-01
4.706006835638454344e-02
3.015146872311602264e-02
1.270920813056495846e-01
3.373192050157350907e-01
6.254891531809607663e-01
8.393464221213562393e-01
9.529399316436155676e-01
9.954509299268202716e-01
9.999999999999997780e-01
1.000000000000000000e+00
1.000000000000000000e+00
1.000000000000000000e+00
9.954509299268202716e-01
9.529399316436153455e-01
8.393464221213565724e-01
6.254891531809605443e-01
3.373192050157351463e-01
1.270920813056496124e-01
3.015146872311611631e-02
4.706006835638464059e-02
1.270920813056494458e-01
1.894871307349579592e-01
1.687772561388957704e-01
9.495946612926872699e-02
2.535488543167871769e-02
0.000000000000000000e+00
0.000000000000000000e+00
9.301717104653790482e-17
9.301717104653790482e-17
0.000000000000000000e+00
1.860343420930758096e-16
9.301717104653790482e-17
0.000000000000000000e+00
0.000000000000000000e+00
0.000000000000000000e+00
9.301717104653790482e-17
0.000000000000000000e+00
9.301717104653790482e-17
9.301717104653790482e-17
0.000000000000000000e+00
0.000000000000000000e+00
0.000000000000000000e+00
9.301717104653790482e-17
0.000000000000000000e+00
9.301717104653790482e-17
0.000000000000000000e+00
9.301717104653790482e-17
0.000000000000000000e+00
0.000000000000000000e+00
1.860343420930758096e-16
9.301717104653790482e-17
9.301717104653790482e-17
9.301717104653790482e-17
9.301717104653790482e-17
9.301717104653790482e-17
9.301717104653790482e-17
4.549070073179834264e-03
2.535488543167862402e-02
4.893358574509491105e-02
4.893358574509472370e-02
2.535488543167853034e-02
4.549070073179554974e-03
4.549070073179741457e-03
4.706006835638445324e-02
1.606535778786433444e-01
3.676471348976605991e-01
6.323528651023391234e-01
8.393464221213560172e-01
9.529399316436151235e-01
9.954509299268200495e-01
9.999999999999997780e-01
1.000000000000000000e+00
9.954509299268202716e-01
9.529399316436151235e-01
8.393464221213563503e-01
6.323528651023394564e-01
3.676471348976604880e-01
1.606535778786434832e-01
4.706006835638473079e-02
4.549070073179554974e-03
4.549070073179741457e-03
2.535488543167871769e-02
4.893358574509491105e-02
4.893358574509453635e-02
2.535488543167871769e-02
4.549070073179462166e-03
1.860343420930758096e-16
0.000000000000000000e+00
0.000000000000000000e+00
1.860343420930758096e-16
9.301717104653790482e-17
0.000000000000000000e+00
1.860343420930758096e-16
0.000000000000000000e+00
0.000000000000000000e+00
9.301717104653790482e-17
9.301717104653790482e-17
0.000000000000000000e+00
9.301717104653790482e-17
0.000000000000000000e+00
0.000000000000000000e+00
0.000000000000000000e+00
0.000000000000000000e+00
9.301717104653790482e-17
0.000000000000000000e+00
9.301717104653790482e-17
0.000000000000000000e+00
9.301717104653790482e-17
9.301717104653790482e-17
0.000000000000000000e+00
9.301717104653790482e-17
0.000000000000000000e+00
9.301717104653790482e-17
9.301717104653790482e-17
0.000000000000000000e+00
9.301717104653790482e-17
0.000000000000000000e+00
1.860343420930758096e-16
0.000000000000000000e+00
1.860343420930758096e-16
0.000000000000000000e+00
0.000000000000000000e+00
0.000000000000000000e+00
2.790515131396136898e-16
4.549070073179741457e-03
4.706006835638445324e-02
1.606535778786437052e-01
3.676471348976608766e-01
6.254891531809607663e-01
8.127898983119753451e-01
9.231771941447551866e-01
9.698485312768833078e-01
9.698485312768837519e-01
9.231771941447552976e-01
8.127898983119754561e-01
6.254891531809609884e-01
3.676471348976608766e-01
1.606535778786434832e-01
4.706006835638454344e-02
4.549070073179741457e-03
2.790515131396136898e-16
0.000000000000000000e+00
9.301717104653790482e-17
0.000000000000000000e+00
0.000000000000000000e+00
0.000000000000000000e+00
0.000000000000000000e+00
9.301717104653790482e-17
9.301717104653790482e-17
0.000000000000000000e+00
0.000000000000000000e+00
9.301717104653790482e-17
9.301717104653790482e-17
9.301717104653790482e-17
9.301717104653790482e-17
0.000000000000000000e+00
9.301717104653790482e-17
9.301717104653790482e-17
0.000000000000000000e+00
9.301717104653790482e-17
0.000000000000000000e+00
0.000000000000000000e+00
0.000000000000000000e+00
0.000000000000000000e+00
9.301717104653790482e-17
0.000000000000000000e+00
9.301717104653790482e-17
9.301717104653790482e-17
9.301717104653790482e-17
1.860343420930758096e-16
0.000000000000000000e+00
9.301717104653790482e-17
0.000000000000000000e+00
9.301717104653790482e-17
0.000000000000000000e+00
0.000000000000000000e+00
9.301717104653790482e-17
0.000000000000000000e+00
1.860343420930758096e-16
9.301717104653790482e-17
0.000000000000000000e+00
9.301717104653790482e-17
0.000000000000000000e+00
9.301717104653790482e-17
0.000000000000000000e+00
1.860343420930758096e-16
4.549070073179554974e-03
4.706006835638464059e-02
1.606535778786432056e-01
3.373192050157354793e-01
5.613526249659867018e-01
7.333606096247158312e-01
8.150615708768191858e-01
8.150615708768192968e-01
7.333606096247158312e-01
5.613526249659868128e-01
3.373192050157351463e-01
1.606535778786433444e-01
4.706006835638445324e-02
4.549070073179834264e-03
9.301717104653790482e-17
0.000000000000000000e+00
9.301717104653790482e-17
9.301717104653790482e-17
0.000000000000000000e+00
0.000000000000000000e+00
0.000000000000000000e+00
0.000000000000000000e+00
0.000000000000000000e+00
0.000000000000000000e+00
9.301717104653790482e-17
9.301717104653790482e-17
0.000000000000000000e+00
0.000000000000000000e+00
0.000000000000000000e+00
1.860343420930758096e-16
0.000000000000000000e+00
9.301717104653790482e-17
9.301717104653790482e-17
0.000000000000000000e+00
9.301717104653790482e-17
0.000000000000000000e+00
0.000000000000000000e+00
0.000000000000000000e+00
0.000000000000000000e+00
9.301717104653790482e-17
0.000000000000000000e+00
9.301717104653790482e-17
0.000000000000000000e+00
0.000000000000000000e+00
9.301717104653790482e-17
0.000000000000000000e+00
9.301717104653790482e-17
0.000000000000000000e+00
0.000000000000000000e+00
9.301717104653790482e-17
9.301717104653790482e-17
9.301717104653790482e-17
0.000000000000000000e+00
9.301717104653790482e-17
9.301717104653790482e-17
0.000000000000000000e+00
9.301717104653790482e-17
0.000000000000000000e+00
0.000000000000000000e+00
9.301717104653790482e-17
0.000000000000000000e+00
0.000000000000000000e+00
4.549070073179554974e-03
4.706006835638445324e-02
1.270920813056494458e-01
2.601698509553260763e-01
4.076123896417598869e-01
5.204834658015675686e-01
5.204834658015677906e-01
4.076123896417601089e-01
2.601698509553262428e-01
1.270920813056492515e-01
4.706006835638445324e-02
4.549070073179554974e-03
0.000000000000000000e+00
1.860343420930758096e-16
0.000000000000000000e+00
0.000000000000000000e+00
9.301717104653790482e-17
0.000000000000000000e+00
0.000000000000000000e+00
1.860343420930758096e-16
0.000000000000000000e+00
0.000000000000000000e+00
0.000000000000000000e+00
0.000000000000000000e+00
0.000000000000000000e+00
9.301717104653790482e-17
0.000000000000000000e+00
0.000000000000000000e+00
9.301717104653790482e-17
0.000000000000000000e+00
1.860343420930758096e-16
0.000000000000000000e+00
0.000000000000000000e+00
9.301717104653790482e-17
0.000000000000000000e+00
0.000000000000000000e+00
0.000000000000000000e+00
0.000000000000000000e+00
9.301717104653790482e-17
0.000000000000000000e+00
0.000000000000000000e+00
0.000000000000000000e+00
0.000000000000000000e+00
9.301717104653790482e-17
0.000000000000000000e+00
0.000000000000000000e+00
0.000000000000000000e+00
9.301717104653790482e-17
0.000000000000000000e+00
0.000000000000000000e+00
0.000000000000000000e+00
0.000000000000000000e+00
1.860343420930758096e-16
9.301717104653790482e-17
9.301717104653790482e-17
9.301717104653790482e-17
0.000000000000000000e+00
0.000000000000000000e+00
2.790515131396136898e-16
0.000000000000000000e+00
0.000000000000000000e+00
0.000000000000000000e+00
4.549070073179554974e-03
2.535488543167871769e-02
7.682280585524477179e-02
1.526055187928019863e-01
2.016910102427243168e-01
2.016910102427244000e-01
1.526055187928019863e-01
7.682280585524477179e-02
2.535488543167871769e-02
4.549070073179741457e-03
0.000000000000000000e+00
1.860343420930758096e-16
0.000000000000000000e+00
9.301717104653790482e-17
0.000000000000000000e+00
0.000000000000000000e+00
0.000000000000000000e+00
9.301717104653790482e-17
0.000000000000000000e+00
9.301717104653790482e-17
0.000000000000000000e+00
0.000000000000000000e+00
0.000000000000000000e+00
0.000000000000000000e+00
9.301717104653790482e-17
0.000000000000000000e+00
0.000000000000000000e+00
0.000000000000000000e+00
0.000000000000000000e+00
9.301717104653790482e-17
0.000000000000000000e+00
0.000000000000000000e+00
9.301717104653790482e-17
0.000000000000000000e+00
0.000000000000000000e+00
0.000000000000000000e+00
0.000000000000000000e+00
9.301717104653790482e-17
0.000000000000000000e+00
9.301717104653790482e-17
0.000000000000000000e+00
9.301717104653790482e-17
1.860343420930758096e-16
0.000000000000000000e+00
9.301717104653790482e-17
0.000000000000000000e+00
9.301717104653790482e-17
0.000000000000000000e+00
0.000000000000000000e+00
9.301717104653790482e-17
0.000000000000000000e+00
9.301717104653790482e-17
9.301717104653790482e-17
2.790515131396136898e-16
2.790515131396136898e-16
0.000000000000000000e+00
9.301717104653790482e-17
0.000000000000000000e+00
3.720686841861516193e-16
0.000000000000000000e+00
2.790515131396136898e-16
0.000000000000000000e+00
9.301717104653790482e-17
4.549070073179834264e-03
2.535488543167890158e-02
4.893358574509472370e-02
4.893358574509491105e-02
2.535488543167890158e-02
4.549070073180020747e-03
9.301717104653790482e-17
0.000000000000000000e+00
0.000000000000000000e+00
0.000000000000000000e+00
2.790515131396136898e-16
0.000000000000000000e+00
1.860343420930758096e-16
0.000000000000000000e+00
1.860343420930758096e-16
0.000000000000000000e+00
1.860343420930758096e-16
0.000000000000000000e+00
9.301717104653790482e-17
9.301717104653790482e-17
0.000000000000000000e+00
0.000000000000000000e+00
0.000000000000000000e+00
0.000000000000000000e+00
0.000000000000000000e+00
9.301717104653790482e-17
9.301717104653790482e-17
9.301717104653790482e-17
9.301717104653790482e-17
9.301717104653790482e-17
9.301717104653790482e-17
0.000000000000000000e+00
0.000000000000000000e+00
0.000000000000000000e+00
0.000000000000000000e+00
9.301717104653790482e-17
0.000000000000000000e+00
9.301717104653790482e-17
9.301717104653790482e-17
9.301717104653790482e-17
3.720686841861516193e-16
0.000000000000000000e+00
0.000000000000000000e+00
0.000000000000000000e+00
9.301717104653790482e-17
0.000000000000000000e+00
9.301717104653790482e-17
3.720686841861516193e-16
9.301717104653790482e-17
1.860343420930758096e-16
0.000000000000000000e+00
2.790515131396136898e-16
1.860343420930758096e-16
0.000000000000000000e+00
9.301717104653790482e-17
9.301717104653790482e-17
1.860343420930758096e-16
0.000000000000000000e+00
1.860343420930758096e-16
0.000000000000000000e+00
9.301717104653790482e-17
9.301717104653790482e-17
1.860343420930758096e-16
9.301717104653790482e-17
1.860343420930758096e-16
1.860343420930758096e-16
3.720686841861516193e-16
0.000000000000000000e+00
0.000000000000000000e+00
0.000000000000000000e+00
3.720686841861516193e-16
9.301717104653790482e-17
0.000000000000000000e+00
0.000000000000000000e+00
0.000000000000000000e+00
9.301717104653790482e-17
0.000000000000000000e+00
9.301717104653790482e-17
0.000000000000000000e+00
1.860343420930758096e-16
0.000000000000000000e+00
0.000000000000000000e+00
0.000000000000000000e+00
9.301717104653790482e-17
9.301717104653790482e-17
0.000000000000000000e+00
0.000000000000000000e+00
0.000000000000000000e+00
1.860343420930758096e-16
0.000000000000000000e+00
0.000000000000000000e+00
9.301717104653790482e-17
0.000000000000000000e+00
0.000000000000000000e+00
0.000000000000000000e+00
0.000000000000000000e+00
9.301717104653790482e-17
0.000000000000000000e+00
0.000000000000000000e+00
0.000000000000000000e+00
9.301717104653790482e-17
0.000000000000000000e+00
0.000000000000000000e+00
0.000000000000000000e+00
0.000000000000000000e+00
9.301717104653790482e-17
9.301717104653790482e-17
0.000000000000000000e+00
0.000000000000000000e+00
0.000000000000000000e+00
9.301717104653790482e-17
0.000000000000000000e+00
1.860343420930758096e-16
0.000000000000000000e+00
0.000000000000000000e+00
9.301717104653790482e-17
1.860343420930758096e-16
0.000000000000000000e+00
0.000000000000000000e+00
1.860343420930758096e-16
0.000000000000000000e+00
1.860343420930758096e-16
4.549070073179834264e-03
2.535488543167927628e-02
4.893358574509463349e-02
4.893358574509453635e-02
2.535488543167918260e-02
4.549070073179834264e-03
0.000000000000000000e+00
9.301717104653790482e-17
1.860343420930758096e-16
1.860343420930758096e-16
9.301717104653790482e-17
0.000000000000000000e+00
1.860343420930758096e-16
9.301717104653790482e-17
9.301717104653790482e-17
3.720686841861516193e-16
1.860343420930758096e-16
0.000000000000000000e+00
0.000000000000000000e+00
9.301717104653790482e-17
0.000000000000000000e+00
1.860343420930758096e-16
0.000000000000000000e+00
9.301717104653790482e-17
0.000000000000000000e+00
0.000000000000000000e+00
0.000000000000000000e+00
9.301717104653790482e-17
9.301717104653790482e-17
9.301717104653790482e-17
9.301717104653790482e-17
0.000000000000000000e+00
0.000000000000000000e+00
0.000000000000000000e+00
0.000000000000000000e+00
9.301717104653790482e-17
0.000000000000000000e+00
0.000000000000000000e+00
9.301717104653790482e-17
0.000000000000000000e+00
9.301717104653790482e-17
9.301717104653790482e-17
0.000000000000000000e+00
0.000000000000000000e+00
9.301717104653790482e-17
9.301717104653790482e-17
0.000000000000000000e+00
0.000000000000000000e+00
0.000000000000000000e+00
9.301717104653790482e-17
0.000000000000000000e+00
0.000000000000000000e+00
9.301717104653790482e-17
0.000000000000000000e+00
0.000000000000000000e+00
0.000000000000000000e+00
0.000000000000000000e+00
0.000000000000000000e+00
1.860343420930758096e-16
4.549070073179554974e-03
2.535488543167871769e-02
7.682280585524459138e-02
1.526055187928017087e-01
2.016910102427244000e-01
2.016910102427245666e-01
1.526055187928015699e-01
7.682280585524467464e-02
2.535488543167871769e-02
4.549070073179741457e-03
0.000000000000000000e+00
9.301717104653790482e-17
0.000000000000000000e+00
0.000000000000000000e+00
1.860343420930758096e-16
0.000000000000000000e+00
9.301717104653790482e-17
0.000000000000000000e+00
9.301717104653790482e-17
0.000000000000000000e+00
0.000000000000000000e+00
0.000000000000000000e+00
0.000000000000000000e+00
0.000000000000000000e+00
0.000000000000000000e+00
9.301717104653790482e-17
0.000000000000000000e+00
9.301717104653790482e-17
0.000000000000000000e+00
9.301717104653790482e-17
0.000000000000000000e+00
0.000000000000000000e+00
1.860343420930758096e-16
0.000000000000000000e+00
0.000000000000000000e+00
0.000000000000000000e+00
0.000000000000000000e+00
9.301717104653790482e-17
0.000000000000000000e+00
1.860343420930758096e-16
0.000000000000000000e+00
9.301717104653790482e-17
0.000000000000000000e+00
0.000000000000000000e+00
0.000000000000000000e+00
0.000000000000000000e+00
0.000000000000000000e+00
0.000000000000000000e+00
1.860343420930758096e-16
9.301717104653790482e-17
0.000000000000000000e+00
2.790515131396136898e-16
0.000000000000000000e+00
2.790515131396136898e-16
2.790515131396136898e-16
0.000000000000000000e+00
0.000000000000000000e+00
2.790515131396136898e-16
1.860343420930758096e-16
9.301717104653790482e-17
4.549070073179741457e-03
4.706006835638426589e-02
1.270920813056496124e-01
2.601698509553261873e-01
4.076123896417606640e-01
5.204834658015684568e-01
5.204834658015684568e-01
4.076123896417602199e-01
2.601698509553262428e-01
1.270920813056492515e-01
4.706006835638445324e-02
4.549070073179741457e-03
2.790515131396136898e-16
1.860343420930758096e-16
9.301717104653790482e-17
9.301717104653790482e-17
0.000000000000000000e+00
9.301717104653790482e-17
9.301717104653790482e-17
1.860343420930758096e-16
0.000000000000000000e+00
2.790515131396136898e-16
0.000000000000000000e+00
0.000000000000000000e+00
0.000000000000000000e+00
2.790515131396136898e-16
0.000000000000000000e+00
0.000000000000000000e+00
9.301717104653790482e-17
0.000000000000000000e+00
0.000000000000000000e+00
0.000000000000000000e+00
0.000000000000000000e+00
1.860343420930758096e-16
0.000000000000000000e+00
0.000000000000000000e+00
0.000000000000000000e+00
0.000000000000000000e+00
9.301717104653790482e-17
0.000000000000000000e+00
0.000000000000000000e+00
0.000000000000000000e+00
9.301717104653790482e-17
0.000000000000000000e+00
0.000000000000000000e+00
9.301717104653790482e-17
0.000000000000000000e+00
2.790515131396136898e-16
9.301717104653790482e-17
9.301717104653790482e-17
9.301717104653790482e-17
0.000000000000000000e+00
9.301717104653790482e-17
0.000000000000000000e+00
9.301717104653790482e-17
9.301717104653790482e-17
9.301717104653790482e-17
0.000000000000000000e+00
9.301717104653790482e-17
0.000000000000000000e+00
4.549070073179741457e-03
4.706006835638473079e-02
1.606535778786434276e-01
3.373192050157351463e-01
5.613526249659872569e-01
7.333606096247158312e-01
8.150615708768195189e-01
8.150615708768198520e-01
7.333606096247158312e-01
5.613526249659872569e-01
3.373192050157351463e-01
1.606535778786438440e-01
4.706006835638445324e-02
4.549070073179834264e-03
0.000000000000000000e+00
9.301717104653790482e-17
0.000000000000000000e+00
0.000000000000000000e+00
0.000000000000000000e+00
0.000000000000000000e+00
1.860343420930758096e-16
0.000000000000000000e+00
0.000000000000000000e+00
0.000000000000000000e+00
0.000000000000000000e+00
0.000000000000000000e+00
0.000000000000000000e+00
0.000000000000000000e+00
9.301717104653790482e-17
9.301717104653790482e-17
9.301717104653790482e-17
0.000000000000000000e+00
9.301717104653790482e-17
0.000000000000000000e+00
9.301717104653790482e-17
0.000000000000000000e+00
0.000000000000000000e+00
0.000000000000000000e+00
0.000000000000000000e+00
9.301717104653790482e-17
0.000000000000000000e+00
0.000000000000000000e+00
9.301717104653790482e-17
9.301717104653790482e-17
2.790515131396136898e-16
0.000000000000000000e+00
1.860343420930758096e-16
0.000000000000000000e+00
0.000000000000000000e+00
9.301717104653790482e-17
9.301717104653790482e-17
9.301717104653790482e-17
9.301717104653790482e-17
1.860343420930758096e-16
0.000000000000000000e+00
1.860343420930758096e-16
1.860343420930758096e-16
0.000000000000000000e+00
0.000000000000000000e+00
9.301717104653790482e-17
4.549070073179741457e-03
4.706006835638445324e-02
1.606535778786437052e-01
3.676471348976602105e-01
6.254891531809610994e-01
8.127898983119751231e-01
9.231771941447551866e-01
9.698485312768837519e-01
9.698485312768840849e-01
9.231771941447555196e-01
8.127898983119751231e-01
6.254891531809607663e-01
3.676471348976602660e-01
1.606535778786434832e-01
4.706006835638473079e-02
4.549070073179834264e-03
0.000000000000000000e+00
9.301717104653790482e-17
0.000000000000000000e+00
9.301717104653790482e-17
9.301717104653790482e-17
0.000000000000000000e+00
0.000000000000000000e+00
9.301717104653790482e-17
0.000000000000000000e+00
0.000000000000000000e+00
9.301717104653790482e-17
0.000000000000000000e+00
0.000000000000000000e+00
9.301717104653790482e-17
9.301717104653790482e-17
0.000000000000000000e+00
0.000000000000000000e+00
9.301717104653790482e-17
0.000000000000000000e+00
1.860343420930758096e-16
0.000000000000000000e+00
0.000000000000000000e+00
0.000000000000000000e+00
0.000000000000000000e+00
0.000000000000000000e+00
0.000000000000000000e+00
9.301717104653790482e-17
9.301717104653790482e-17
9.301717104653790482e-17
1.860343420930758096e-16
0.000000000000000000e+00
9.301717104653790482e-17
0.000000000000000000e+00
0.000000000000000000e+00
0.000000000000000000e+00
0.000000000000000000e+00
0.000000000000000000e+00
0.000000000000000000e+00
4.549070073179834264e-03
2.535488543167880790e-02
4.893358574509500125e-02
4.893358574509482084e-02
2.535488543167871769e-02
4.549070073179554974e-03
4.549070073179834264e-03
4.706006835638445324e-02
1.606535778786434832e-01
3.676471348976608766e-01
6.323528651023390124e-01
8.393464221213562393e-01
9.529399316436153455e-01
9.954509299268202716e-01
9.999999999999997780e-01
9.999999999999996669e-01
9.954509299268202716e-01
9.529399316436155676e-01
8.393464221213563503e-01
6.323528651023391234e-01
3.676471348976606546e-01
1.606535778786434832e-01
4.706006835638454344e-02
4.549070073179648649e-03
4.549070073179554974e-03
2.535488543167880790e-02
4.893358574509472370e-02
4.893358574509453635e-02
2.535488543167880790e-02
4.549070073179554974e-03
9.301717104653790482e-17
0.000000000000000000e+00
0.000000000000000000e+00
0.000000000000000000e+00
1.860343420930758096e-16
9.301717104653790482e-17
0.000000000000000000e+00
0.000000000000000000e+00
0.000000000000000000e+00
9.301717104653790482e-17
0.000000000000000000e+00
0.000000000000000000e+00
9.301717104653790482e-17
0.000000000000000000e+00
0.000000000000000000e+00
0.000000000000000000e+00
0.000000000000000000e+00
9.301717104653790482e-17
0.000000000000000000e+00
9.301717104653790482e-17
0.000000000000000000e+00
1.860343420930758096e-16
0.000000000000000000e+00
0.000000000000000000e+00
1.860343420930758096e-16
9.301717104653790482e-17
9.301717104653790482e-17
1.860343420930758096e-16
9.301717104653790482e-17
0.000000000000000000e+00
0.000000000000000000e+00
2.535488543167880790e-02
9.495946612926864372e-02
1.687772561388962422e-01
1.894871307349580702e-01
1.270920813056496124e-01
4.706006835638426589e-02
3.015146872311611631e-02
1.270920813056494458e-01
3.373192050157356459e-01
6.254891531809614325e-01
8.393464221213562393e-01
9.529399316436153455e-01
9.954509299268202716e-01
1.000000000000000000e+00
1.000000000000000000e+00
1.000000000000000000e+00
1.000000000000000000e+00
9.954509299268202716e-01
9.529399316436155676e-01
8.393464221213562393e-01
6.254891531809609884e-01
3.373192050157357569e-01
1.270920813056496679e-01
3.015146872311611631e-02
4.706006835638445324e-02
1.270920813056495846e-01
1.894871307349580702e-01
1.687772561388959092e-01
9.495946612926850494e-02
2.535488543167853034e-02
0.000000000000000000e+00
1.860343420930758096e-16
0.000000000000000000e+00
0.000000000000000000e+00
0.000000000000000000e+00
0.000000000000000000e+00
0.000000000000000000e+00
0.000000000000000000e+00
0.000000000000000000e+00
0.000000000000000000e+00
0.000000000000000000e+00
0.000000000000000000e+00
1.860343420930758096e-16
0.000000000000000000e+00
0.000000000000000000e+00
0.000000000000000000e+00
0.000000000000000000e+00
0.000000000000000000e+00
0.000000000000000000e+00
0.000000000000000000e+00
9.301717104653790482e-17
9.301717104653790482e-17
0.000000000000000000e+00
0.000000000000000000e+00
0.000000000000000000e+00
0.000000000000000000e+00
9.301717104653790482e-17
0.000000000000000000e+00
0.000000000000000000e+00
9.301717104653790482e-17
0.000000000000000000e+00
7.682280585524467464e-02
2.317497673745438636e-01
4.174461275301438179e-01
4.579186118219802926e-01
3.373192050157351463e-01
1.665503769989689353e-01
1.308355960720991307e-01
2.666393903752840022e-01
5.613526249659865908e-01
8.127898983119751231e-01
9.529399316436153455e-01
9.954509299268202716e-01
9.999999999999997780e-01
1.000000000000000000e+00
9.999999999999997780e-01
9.999999999999997780e-01
1.000000000000000000e+00
1.000000000000000000e+00
9.954509299268199385e-01
9.529399316436155676e-01
8.127898983119750120e-01
5.613526249659865908e-01
2.666393903752842798e-01
1.308355960720991307e-01
1.665503769989689631e-01
3.373192050157351463e-01
4.579186118219800705e-01
4.174461275301433738e-01
2.317497673745435305e-01
7.682280585524459138e-02
4.549070073180020747e-03
0.000000000000000000e+00
0.000000000000000000e+00
1.860343420930758096e-16
9.301717104653790482e-17
9.301717104653790482e-17
0.000000000000000000e+00
9.301717104653790482e-17
9.301717104653790482e-17
9.301717104653790482e-17
9.301717104653790482e-17
0.000000000000000000e+00
9.301717104653790482e-17
0.000000000000000000e+00
0.000000000000000000e+00
0.000000000000000000e+00
0.000000000000000000e+00
0.000000000000000000e+00
0.000000000000000000e+00
1.860343420930758096e-16
0.000000000000000000e+00
1.860343420930758096e-16
9.301717104653790482e-17
0.000000000000000000e+00
1.860343420930758096e-16
1.860343420930758096e-16
9.301717104653790482e-17
9.301717104653790482e-17
0.000000000000000000e+00
1.860343420930758096e-16
0.000000000000000000e+00
1.526055187928018475e-01
4.006742421517437425e-01
6.677606206226194274e-01
7.422541002938147781e-01
6.254891531809610994e-01
4.052686118552032979e-01
3.485954427528415445e-01
4.768756331542985394e-01
7.398301490446738127e-01
9.231771941447551866e-01
9.954509299268202716e-01
1.000000000000000000e+00
9.999999999999997780e-01
1.000000000000000000e+00
1.000000000000000000e+00
1.000000000000000000e+00
9.999999999999997780e-01
9.999999999999997780e-01
9.999999999999997780e-01
9.954509299268200495e-01
9.231771941447551866e-01
7.398301490446738127e-01
4.768756331542989280e-01
3.485954427528411559e-01
4.052686118552032424e-01
6.254891531809610994e-01
7.422541002938147781e-01
6.677606206226189833e-01
4.006742421517431318e-01
1.526055187928017087e-01
2.535488543167871769e-02
1.860343420930758096e-16
0.000000000000000000e+00
9.301717104653790482e-17
1.860343420930758096e-16
0.000000000000000000e+00
0.000000000000000000e+00
9.301717104653790482e-17
9.301717104653790482e-17
1.860343420930758096e-16
1.860343420930758096e-16
0.000000000000000000e+00
1.860343420930758096e-16
0.000000000000000000e+00
0.000000000000000000e+00
0.000000000000000000e+00
9.301717104653790482e-17
0.000000000000000000e+00
0.000000000000000000e+00
9.301717104653790482e-17
0.000000000000000000e+00
1.860343420930758096e-16
9.301717104653790482e-17
0.000000000000000000e+00
9.301717104653790482e-17
9.301717104653790482e-17
0.000000000000000000e+00
0.000000000000000000e+00
9.301717104653790482e-17
1.860343420930758096e-16
0.000000000000000000e+00
2.293803826003622259e-01
5.613526249659872569e-01
8.356709180625567779e-01
9.251425546633256225e-01
8.393464221213563503e-01
7.017093053192302587e-01
6.300376876463232856e-01
7.309208010583183590e-01
8.729079186943504709e-01
9.746451145683211470e-01
9.999999999999997780e-01
9.999999999999996669e-01
1.000000000000000000e+00
1.000000000000000000e+00
1.000000000000000000e+00
9.999999999999997780e-01
1.000000000000000000e+00
1.000000000000000000e+00
9.999999999999997780e-01
9.999999999999997780e-01
9.746451145683209250e-01
8.729079186943504709e-01
7.309208010583183590e-01
6.300376876463232856e-01
7.017093053192303698e-01
8.393464221213563503e-01
9.251425546633256225e-01
8.356709180625564448e-01
5.613526249659869238e-01
2.293803826003621427e-01
5.394862221194933471e-02
0.000000000000000000e+00
0.000000000000000000e+00
1.860343420930758096e-16
0.000000000000000000e+00
9.301717104653790482e-17
1.860343420930758096e-16
0.000000000000000000e+00
1.860343420930758096e-16
9.301717104653790482e-17
1.860343420930758096e-16
0.000000000000000000e+00
1.860343420930758096e-16
9.301717104653790482e-17
0.000000000000000000e+00
0.000000000000000000e+00
9.301717104653790482e-17
0.000000000000000000e+00
0.000000000000000000e+00
1.860343420930758096e-16
0.000000000000000000e+00
0.000000000000000000e+00
1.860343420930758096e-16
0.000000000000000000e+00
0.000000000000000000e+00
9.301717104653790482e-17
0.000000000000000000e+00
0.000000000000000000e+00
9.301717104653790482e-17
9.301717104653790482e-17
9.301717104653790482e-17
3.277742643928797661e-01
6.722257356071202894e-01
8.994235128432167548e-01
9.908564901212972842e-01
9.529399316436151235e-01
8.975870831246997028e-01
8.648933517377438429e-01
8.975870831246997028e-01
9.529399316436155676e-01
9.954509299268202716e-01
9.999999999999997780e-01
1.000000000000000000e+00
1.000000000000000000e+00
9.999999999999997780e-01
9.999999999999997780e-01
9.999999999999997780e-01
9.999999999999997780e-01
1.000000000000000000e+00
1.000000000000000000e+00
9.999999999999997780e-01
9.954509299268200495e-01
9.529399316436153455e-01
8.975870831246997028e-01
8.648933517377438429e-01
8.975870831246997028e-01
9.529399316436151235e-01
9.908564901212972842e-01
8.994235128432166437e-01
6.722257356071200673e-01
3.277742643928795996e-01
1.005764871567833146e-01
4.549070073179741457e-03
0.000000000000000000e+00
0.000000000000000000e+00
1.860343420930758096e-16
0.000000000000000000e+00
0.000000000000000000e+00
9.301717104653790482e-17
9.301717104653790482e-17
9.301717104653790482e-17
1.860343420930758096e-16
0.000000000000000000e+00
1.860343420930758096e-16
9.301717104653790482e-17
9.301717104653790482e-17
0.000000000000000000e+00
9.301717104653790482e-17
0.000000000000000000e+00
0.000000000000000000e+00
9.301717104653790482e-17
0.000000000000000000e+00
9.301717104653790482e-17
9.301717104653790482e-17
0.000000000000000000e+00
9.301717104653790482e-17
0.000000000000000000e+00
9.301717104653790482e-17
0.000000000000000000e+00
0.000000000000000000e+00
0.000000000000000000e+00
0.000000000000000000e+00
4.386473750340130762e-01
7.706196173996378018e-01
9.460513777880504849e-01
9.999999999999997780e-01
9.954509299268199385e-01
9.793963116343548103e-01
9.728473773124104440e-01
9.793963116343544772e-01
9.954509299268200495e-01
1.000000000000000000e+00
1.000000000000000000e+00
1.000000000000000000e+00
1.000000000000000000e+00
1.000000000000000000e+00
9.999999999999997780e-01
9.999999999999994449e-01
1.000000000000000000e+00
1.000000000000000000e+00
1.000000000000000000e+00
1.000000000000000000e+00
9.999999999999996669e-01
9.954509299268202716e-01
9.793963116343548103e-01
9.728473773124101109e-01
9.793963116343545883e-01
9.954509299268200495e-01
9.999999999999996669e-01
9.460513777880501518e-01
7.706196173996375798e-01
4.386473750340130762e-01
1.584472491798650795e-01
2.535488543167871769e-02
9.301717104653790482e-17
9.301717104653790482e-17
9.301717104653790482e-17
0.000000000000000000e+00
9.301717104653790482e-17
9.301717104653790482e-17
1.860343420930758096e-16
9.301717104653790482e-17
1.860343420930758096e-16
0.000000000000000000e+00
1.860343420930758096e-16
9.301717104653790482e-17
0.000000000000000000e+00
0.000000000000000000e+00
9.301717104653790482e-17
0.000000000000000000e+00
0.000000000000000000e+00
9.301717104653790482e-17
0.000000000000000000e+00
1.860343420930758096e-16
9.301717104653790482e-17
0.000000000000000000e+00
9.301717104653790482e-17
1.860343420930758096e-16
9.301717104653790482e-17
0.000000000000000000e+00
9.301717104653790482e-17
9.301717104653790482e-17
0.000000000000000000e+00
5.613526249659872569e-01
8.415527508201351425e-01
9.746451145683212580e-01
9.999999999999997780e-01
1.000000000000000000e+00
9.999999999999997780e-01
1.000000000000000000e+00
1.000000000000000000e+00
1.000000000000000000e+00
1.000000000000000000e+00
1.000000000000000000e+00
1.000000000000000000e+00
9.999999999999997780e-01
9.999999999999997780e-01
9.999999999999997780e-01
9.999999999999997780e-01
9.999999999999997780e-01
1.000000000000000000e+00
1.000000000000000000e+00
1.000000000000000000e+00
9.999999999999996669e-01
1.000000000000000000e+00
1.000000000000000000e+00
1.000000000000000000e+00
1.000000000000000000e+00
1.000000000000000000e+00
9.999999999999997780e-01
9.746451145683209250e-01
8.473944812071979582e-01
5.923876103582396135e-01
2.666393903752841688e-01
7.682280585524477179e-02
4.549070073179741457e-03
1.860343420930758096e-16
9.301717104653790482e-17
0.000000000000000000e+00
0.000000000000000000e+00
0.000000000000000000e+00
9.301717104653790482e-17
9.301717104653790482e-17
0.000000000000000000e+00
0.000000000000000000e+00
9.301717104653790482e-17
9.301717104653790482e-17
0.000000000000000000e+00
0.000000000000000000e+00
9.301717104653790482e-17
0.000000000000000000e+00
0.000000000000000000e+00
9.301717104653790482e-17
0.000000000000000000e+00
0.000000000000000000e+00
9.301717104653790482e-17
0.000000000000000000e+00
9.301717104653790482e-17
9.301717104653790482e-17
9.301717104653790482e-17
9.301717104653790482e-17
4.549070073179741457e-03
2.060368836564520356e-02
2.715262268758978498e-02
5.639805310984673525e-01
8.026797868040559392e-01
9.126152766862927201e-01
9.179183387010162454e-01
9.179183387010160233e-01
9.179183387010162454e-01
9.179183387010162454e-01
9.179183387010159123e-01
9.179183387010162454e-01
9.179183387010162454e-01
9.179183387010160233e-01
9.179183387010162454e-01
9.179183387010162454e-01
9.179183387010162454e-01
9.179183387010162454e-01
9.179183387010162454e-01
9.179183387010162454e-01
9.179183387010160233e-01
9.179183387010160233e-01
9.179183387010162454e-01
9.179183387010160233e-01
9.179183387010162454e-01
9.179183387010160233e-01
9.179183387010162454e-01
9.179183387010162454e-01
9.179183387010160233e-01
9.179183387010162454e-01
9.126152766862924981e-01
8.295217774268011102e-01
6.280713315943615704e-01
3.303069210822909274e-01
1.214757009848362185e-01
2.060368836564520356e-02
1.860343420930758096e-16
2.790515131396136898e-16
0.000000000000000000e+00
0.000000000000000000e+00
0.000000000000000000e+00
0.000000000000000000e+00
0.000000000000000000e+00
0.000000000000000000e+00
0.000000000000000000e+00
9.301717104653790482e-17
0.000000000000000000e+00
0.000000000000000000e+00
0.000000000000000000e+00
0.000000000000000000e+00
0.000000000000000000e+00
0.000000000000000000e+00
9.301717104653790482e-17
0.000000000000000000e+00
9.301717104653790482e-17
9.301717104653790482e-17
0.000000000000000000e+00
9.301717104653790482e-17
0.000000000000000000e+00
0.000000000000000000e+00
9.301717104653790482e-17
2.060368836564510989e-02
4.377416325816682607e-02
5.584544448407489925e-02
4.270356055721760136e-01
6.045328966702417928e-01
6.814675595571261235e-01
6.814675595571260125e-01
6.814675595571255684e-01
6.814675595571259015e-01
6.814675595571259015e-01
6.814675595571259015e-01
6.814675595571260125e-01
6.814675595571261235e-01
6.814675595571257904e-01
6.814675595571255684e-01
6.814675595571259015e-01
6.814675595571259015e-01
6.814675595571259015e-01
6.814675595571259015e-01
6.814675595571259015e-01
6.814675595571261235e-01
6.814675595571253464e-01
6.814675595571257904e-01
6.814675595571259015e-01
6.814675595571259015e-01
6.814675595571259015e-01
6.814675595571257904e-01
6.814675595571260125e-01
6.814675595571253464e-01
6.814675595571260125e-01
6.814675595571253464e-01
6.445937578289175907e-01
5.088001700614304124e-01
3.074279299017093070e-01
1.156890599567252237e-01
2.715262268758959763e-02
0.000000000000000000e+00
2.790515131396136898e-16
0.000000000000000000e+00
0.000000000000000000e+00
0.000000000000000000e+00
9.301717104653790482e-17
0.000000000000000000e+00
9.301717104653790482e-17
0.000000000000000000e+00
9.301717104653790482e-17
0.000000000000000000e+00
0.000000000000000000e+00
0.000000000000000000e+00
0.000000000000000000e+00
0.000000000000000000e+00
0.000000000000000000e+00
9.301717104653790482e-17
0.000000000000000000e+00
0.000000000000000000e+00
9.301717104653790482e-17
0.000000000000000000e+00
9.301717104653790482e-17
0.000000000000000000e+00
0.000000000000000000e+00
0.000000000000000000e+00
2.715262268758959763e-02
5.584544448407499639e-02
8.606444253068033789e-02
