1.001677869134074560e-16
1.001677869134074560e-16
1.001677869134074560e-16
1.001677869134074560e-16
1.001677869134074560e-16
0.000000000000000000e+00
0.000000000000000000e+00
2.003355738268149121e-16
1.001677869134074560e-16
1.001677869134074560e-16
0.000000000000000000e+00
1.001677869134074560e-16
1.001677869134074560e-16
0.000000000000000000e+00
0.000000000000000000e+00
1.001677869134074560e-16
1.001677869134074560e-16
1.001677869134074560e-16
2.003355738268149121e-16
1.001677869134074560e-16
1.001677869134074560e-16
1.001677869134074560e-16
1.001677869134074560e-16
1.001677869134074560e-16
2.003355738268149121e-16
2.003355738268149121e-16
0.000000000000000000e+00
1.001677869134074560e-16
5.104420750568903348e-02
1.672871668091632791e-01
3.590630026359180604e-01
5.320393196910077060e-01
6.415361159628014676e-01
6.712004614076563236e-01
6.778128444370707939e-01
6.778128444370707939e-01
6.778128444370707939e-01
6.778128444370707939e-01
6.778128444370710159e-01
6.778128444370710159e-01
6.778128444370710159e-01
6.778128444370704608e-01
6.778128444370707939e-01
6.778128444370707939e-01
6.778128444370707939e-01
6.778128444370709049e-01
6.778128444370710159e-01
6.778128444370707939e-01
6.778128444370707939e-01
6.778128444370707939e-01
6.778128444370707939e-01
6.778128444370707939e-01
6.778128444370710159e-01
6.778128444370710159e-01
6.778128444370707939e-01
6.778128444370707939e-01
6.778128444370707939e-01
6.712004614076564346e-01
6.415361159628014676e-01
5.320393196910077060e-01
3.590630026359180604e-01
0.000000000000000000e+00
0.000000000000000000e+00
1.001677869134074560e-16
0.000000000000000000e+00
1.001677869134074560e-16
0.000000000000000000e+00
0.000000000000000000e+00
1.001677869134074560e-16
1.001677869134074560e-16
1.001677869134074560e-16
1.001677869134074560e-16
1.001677869134074560e-16
1.001677869134074560e-16
0.000000000000000000e+00
1.001677869134074560e-16
1.001677869134074560e-16
1.001677869134074560e-16
1.001677869134074560e-16
2.003355738268149121e-16
1.001677869134074560e-16
1.001677869134074560e-16
1.001677869134074560e-16
0.000000000000000000e+00
2.003355738268149121e-16
2.003355738268149121e-16
2.003355738268149121e-16
0.000000000000000000e+00
0.000000000000000000e+00
5.104420750568903348e-02
1.672871668091631681e-01
3.822910778671813614e-01
5.951886639254569955e-01
7.684578898313596529e-01
8.593203566705591712e-01
9.093623038235489897e-01
9.147986603910925885e-01
9.147986603910928105e-01
9.147986603910925885e-01
9.147986603910925885e-01
9.147986603910928105e-01
9.147986603910928105e-01
9.147986603910928105e-01
9.147986603910925885e-01
9.147986603910928105e-01
9.147986603910928105e-01
9.147986603910925885e-01
9.147986603910928105e-01
9.147986603910925885e-01
9.147986603910925885e-01
9.147986603910925885e-01
9.147986603910928105e-01
9.147986603910928105e-01
9.147986603910925885e-01
9.147986603910928105e-01
9.147986603910925885e-01
9.147986603910928105e-01
9.093623038235489897e-01
8.593203566705590601e-01
7.684578898313596529e-01
5.951886639254569955e-01
3.822910778671813059e-01
0.000000000000000000e+00
0.000000000000000000e+00
1.001677869134074560e-16
0.000000000000000000e+00
1.001677869134074560e-16
0.000000000000000000e+00
0.000000000000000000e+00
1.001677869134074560e-16
1.001677869134074560e-16
0.000000000000000000e+00
0.000000000000000000e+00
1.001677869134074560e-16
1.001677869134074560e-16
0.000000000000000000e+00
1.001677869134074560e-16
1.001677869134074560e-16
1.001677869134074560e-16
1.001677869134074560e-16
1.001677869134074560e-16
1.001677869134074560e-16
1.001677869134074560e-16
1.001677869134074560e-16
0.000000000000000000e+00
2.003355738268149121e-16
2.003355738268149121e-16
1.001677869134074560e-16
0.000000000000000000e+00
2.003355738268149121e-16
2.654784168284743395e-02
9.839014781956058331e-02
2.362573362776308472e-01
4.331963550509537186e-01
6.593161820014307173e-01
8.349415615402877577e-01
9.508958731980817758e-01
9.952202339524496288e-01
9.999999999999997780e-01
9.999999999999995559e-01
9.999999999999995559e-01
1.000000000000000000e+00
9.999999999999997780e-01
9.999999999999995559e-01
9.999999999999997780e-01
9.999999999999995559e-01
1.000000000000000000e+00
9.999999999999995559e-01
1.000000000000000000e+00
9.999999999999995559e-01
9.999999999999995559e-01
1.000000000000000000e+00
1.000000000000000000e+00
1.000000000000000000e+00
9.999999999999995559e-01
9.999999999999997780e-01
9.999999999999997780e-01
9.952202339524498509e-01
9.508958731980817758e-01
8.349415615402877577e-01
6.593161820014307173e-01
4.331963550509537186e-01
2.362573362776307917e-01
1.001677869134074560e-16
0.000000000000000000e+00
0.000000000000000000e+00
0.000000000000000000e+00
0.000000000000000000e+00
0.000000000000000000e+00
0.000000000000000000e+00
2.003355738268149121e-16
0.000000000000000000e+00
0.000000000000000000e+00
0.000000000000000000e+00
1.001677869134074560e-16
1.001677869134074560e-16
0.000000000000000000e+00
1.001677869134074560e-16
1.001677869134074560e-16
1.001677869134074560e-16
1.001677869134074560e-16
1.001677869134074560e-16
1.001677869134074560e-16
1.001677869134074560e-16
1.001677869134074560e-16
0.000000000000000000e+00
1.001677869134074560e-16
2.003355738268149121e-16
1.001677869134074560e-16
0.000000000000000000e+00
1.001677869134074560e-16
4.779766047549865483e-03
2.654784168284753457e-02
7.980290865940957434e-02
1.917550731931360053e-01
3.772183397537056671e-01
6.227816602462939999e-01
8.082449268068638837e-01
9.201970913405903563e-01
9.734521583171524828e-01
9.952202339524498509e-01
9.999999999999995559e-01
9.999999999999995559e-01
1.000000000000000000e+00
9.999999999999995559e-01
9.999999999999995559e-01
9.999999999999995559e-01
9.999999999999995559e-01
1.000000000000000000e+00
9.999999999999995559e-01
9.999999999999995559e-01
9.999999999999997780e-01
9.999999999999995559e-01
9.999999999999997780e-01
9.999999999999995559e-01
1.000000000000000000e+00
9.952202339524500729e-01
9.734521583171524828e-01
9.201970913405903563e-01
8.082449268068639947e-01
6.227816602462939999e-01
3.772183397537057781e-01
1.917550731931362551e-01
7.980290865940957434e-02
0.000000000000000000e+00
0.000000000000000000e+00
1.001677869134074560e-16
0.000000000000000000e+00
1.001677869134074560e-16
0.000000000000000000e+00
0.000000000000000000e+00
0.000000000000000000e+00
0.000000000000000000e+00
0.000000000000000000e+00
1.001677869134074560e-16
1.001677869134074560e-16
1.001677869134074560e-16
0.000000000000000000e+00
1.001677869134074560e-16
1.001677869134074560e-16
1.001677869134074560e-16
1.001677869134074560e-16
1.001677869134074560e-16
1.001677869134074560e-16
1.001677869134074560e-16
0.000000000000000000e+00
0.000000000000000000e+00
1.001677869134074560e-16
1.001677869134074560e-16
1.001677869134074560e-16
0.000000000000000000e+00
0.000000000000000000e+00
0.000000000000000000e+00
0.000000000000000000e+00
4.779766047549865483e-03
4.910412680191789114e-02
1.650584384597119925e-01
3.406838179985690607e-01
5.599681805819010094e-01
7.355011069290030568e-01
8.688801066364347792e-01
9.508958731980817758e-01
9.952202339524496288e-01
1.000000000000000000e+00
9.999999999999995559e-01
9.999999999999995559e-01
9.999999999999995559e-01
9.999999999999995559e-01
9.999999999999995559e-01
1.000000000000000000e+00
9.999999999999995559e-01
9.999999999999995559e-01
9.999999999999995559e-01
9.999999999999995559e-01
9.999999999999995559e-01
1.000000000000000000e+00
9.952202339524500729e-01
9.508958731980817758e-01
8.688801066364346681e-01
7.355011069290036119e-01
5.599681805819010094e-01
3.406838179985690607e-01
1.650584384597120480e-01
4.910412680191804380e-02
4.779766047549865483e-03
0.000000000000000000e+00
0.000000000000000000e+00
1.001677869134074560e-16
2.003355738268149121e-16
1.001677869134074560e-16
2.003355738268149121e-16
0.000000000000000000e+00
1.001677869134074560e-16
0.000000000000000000e+00
0.000000000000000000e+00
1.001677869134074560e-16
1.001677869134074560e-16
1.001677869134074560e-16
0.000000000000000000e+00
1.001677869134074560e-16
1.001677869134074560e-16
1.001677869134074560e-16
1.001677869134074560e-16
1.001677869134074560e-16
1.001677869134074560e-16
1.001677869134074560e-16
1.001677869134074560e-16
1.001677869134074560e-16
2.003355738268149121e-16
3.005033607402223928e-16
2.003355738268149121e-16
0.000000000000000000e+00
1.001677869134074560e-16
0.000000000000000000e+00
0.000000000000000000e+00
0.000000000000000000e+00
4.779766047549765737e-03
4.910412680191789114e-02
1.311198933635650266e-01
2.644988930709965547e-01
4.400318194180984910e-01
6.526521399840035098e-01
8.082449268068639947e-01
9.201970913405903563e-01
9.734521583171524828e-01
9.952202339524500729e-01
9.999999999999995559e-01
1.000000000000000000e+00
1.000000000000000000e+00
1.000000000000000000e+00
9.999999999999997780e-01
1.000000000000000000e+00
9.999999999999997780e-01
9.999999999999995559e-01
9.999999999999995559e-01
9.952202339524496288e-01
9.734521583171524828e-01
9.201970913405906893e-01
8.082449268068639947e-01
6.526521399840035098e-01
4.400318194180987685e-01
2.644988930709964436e-01
1.311198933635651653e-01
4.910412680191804380e-02
4.779766047550166458e-03
2.003355738268149121e-16
1.001677869134074560e-16
1.001677869134074560e-16
1.001677869134074560e-16
1.001677869134074560e-16
1.001677869134074560e-16
1.001677869134074560e-16
0.000000000000000000e+00
1.001677869134074560e-16
0.000000000000000000e+00
1.001677869134074560e-16
1.001677869134074560e-16
2.003355738268149121e-16
1.001677869134074560e-16
0.000000000000000000e+00
1.001677869134074560e-16
1.001677869134074560e-16
1.001677869134074560e-16
1.001677869134074560e-16
1.001677869134074560e-16
1.001677869134074560e-16
1.001677869134074560e-16
1.001677869134074560e-16
0.000000000000000000e+00
1.001677869134074560e-16
1.001677869134074560e-16
2.003355738268149121e-16
0.000000000000000000e+00
1.001677869134074560e-16
0.000000000000000000e+00
1.001677869134074560e-16
0.000000000000000000e+00
0.000000000000000000e+00
4.779766047550065844e-03
2.654784168284763518e-02
7.980290865940936618e-02
1.917550731931357555e-01
3.473478600159965457e-01
5.599681805819008984e-01
7.355011069290029457e-01
8.688801066364345571e-01
9.508958731980819978e-01
9.952202339524496288e-01
9.999999999999995559e-01
1.000000000000000000e+00
1.000000000000000000e+00
9.999999999999997780e-01
1.000000000000000000e+00
9.999999999999997780e-01
9.999999999999997780e-01
9.952202339524498509e-01
9.508958731980817758e-01
8.688801066364346681e-01
7.355011069290033898e-01
5.599681805819013425e-01
3.473478600159965457e-01
1.917550731931359498e-01
7.980290865940957434e-02
2.654784168284783294e-02
4.779766047550065844e-03
1.001677869134074560e-16
1.001677869134074560e-16
0.000000000000000000e+00
2.003355738268149121e-16
1.001677869134074560e-16
0.000000000000000000e+00
2.003355738268149121e-16
1.001677869134074560e-16
0.000000000000000000e+00
1.001677869134074560e-16
1.001677869134074560e-16
1.001677869134074560e-16
1.001677869134074560e-16
2.003355738268149121e-16
1.001677869134074560e-16
0.000000000000000000e+00
1.001677869134074560e-16
1.001677869134074560e-16
1.001677869134074560e-16
1.001677869134074560e-16
1.001677869134074560e-16
1.001677869134074560e-16
2.003355738268149121e-16
1.001677869134074560e-16
0.000000000000000000e+00
2.003355738268149121e-16
1.001677869134074560e-16
1.001677869134074560e-16
0.000000000000000000e+00
0.000000000000000000e+00
0.000000000000000000e+00
0.000000000000000000e+00
1.001677869134074560e-16
0.000000000000000000e+00
0.000000000000000000e+00
0.000000000000000000e+00
4.779766047549966097e-03
4.910412680191774543e-02
1.311198933635656649e-01
2.644988930709965547e-01
4.400318194180987130e-01
6.526521399840038429e-01
8.082449268068639947e-01
9.201970913405901342e-01
9.734521583171524828e-01
9.952202339524501840e-01
9.999999999999995559e-01
1.000000000000000000e+00
9.999999999999995559e-01
9.952202339524500729e-01
9.734521583171520387e-01
9.201970913405903563e-01
8.082449268068638837e-01
6.526521399840036208e-01
4.400318194180988240e-01
2.644988930709966102e-01
1.311198933635654151e-01
4.910412680191819645e-02
4.779766047549865483e-03
0.000000000000000000e+00
0.000000000000000000e+00
2.003355738268149121e-16
0.000000000000000000e+00
0.000000000000000000e+00
0.000000000000000000e+00
0.000000000000000000e+00
1.001677869134074560e-16
1.001677869134074560e-16
1.001677869134074560e-16
1.001677869134074560e-16
1.001677869134074560e-16
1.001677869134074560e-16
1.001677869134074560e-16
1.001677869134074560e-16
2.003355738268149121e-16
1.001677869134074560e-16
1.001677869134074560e-16
1.001677869134074560e-16
1.001677869134074560e-16
1.001677869134074560e-16
1.001677869134074560e-16
1.001677869134074560e-16
1.001677869134074560e-16
2.003355738268149121e-16
1.001677869134074560e-16
1.001677869134074560e-16
2.003355738268149121e-16
3.005033607402223928e-16
1.001677869134074560e-16
1.001677869134074560e-16
0.000000000000000000e+00
0.000000000000000000e+00
0.000000000000000000e+00
1.001677869134074560e-16
0.000000000000000000e+00
0.000000000000000000e+00
0.000000000000000000e+00
2.003355738268149121e-16
4.779766047549865483e-03
2.654784168284783294e-02
7.980290865940922740e-02
1.917550731931362551e-01
3.473478600159962126e-01
5.599681805819008984e-01
7.355011069290036119e-01
8.688801066364346681e-01
9.508958731980819978e-01
9.952202339524496288e-01
1.000000000000000000e+00
9.952202339524498509e-01
9.508958731980819978e-01
8.688801066364346681e-01
7.355011069290036119e-01
5.599681805819010094e-01
3.473478600159962126e-01
1.917550731931362551e-01
7.980290865940947720e-02
2.654784168284773579e-02
4.779766047550166458e-03
1.001677869134074560e-16
1.001677869134074560e-16
2.003355738268149121e-16
2.003355738268149121e-16
0.000000000000000000e+00
0.000000000000000000e+00
0.000000000000000000e+00
1.001677869134074560e-16
1.001677869134074560e-16
1.001677869134074560e-16
0.000000000000000000e+00
1.001677869134074560e-16
1.001677869134074560e-16
1.001677869134074560e-16
1.001677869134074560e-16
1.001677869134074560e-16
2.003355738268149121e-16
1.001677869134074560e-16
1.001677869134074560e-16
1.001677869134074560e-16
1.001677869134074560e-16
1.001677869134074560e-16
0.000000000000000000e+00
1.001677869134074560e-16
1.001677869134074560e-16
2.003355738268149121e-16
1.001677869134074560e-16
1.001677869134074560e-16
1.001677869134074560e-16
1.001677869134074560e-16
2.003355738268149121e-16
0.000000000000000000e+00
1.001677869134074560e-16
1.001677869134074560e-16
0.000000000000000000e+00
1.001677869134074560e-16
1.001677869134074560e-16
0.000000000000000000e+00
0.000000000000000000e+00
2.003355738268149121e-16
0.000000000000000000e+00
0.000000000000000000e+00
4.779766047549765737e-03
4.910412680191789114e-02
1.311198933635652208e-01
2.644988930709965547e-01
4.400318194180987130e-01
6.526521399840032878e-01
8.021616338923099887e-01
8.903050563197808520e-01
9.147986603910928105e-01
8.903050563197810741e-01
8.021616338923100997e-01
6.526521399840036208e-01
4.400318194180987685e-01
2.644988930709965547e-01
1.311198933635653874e-01
4.910412680191804380e-02
4.779766047549765737e-03
0.000000000000000000e+00
2.003355738268149121e-16
0.000000000000000000e+00
0.000000000000000000e+00
0.000000000000000000e+00
1.001677869134074560e-16
1.001677869134074560e-16
0.000000000000000000e+00
0.000000000000000000e+00
0.000000000000000000e+00
0.000000000000000000e+00
0.000000000000000000e+00
0.000000000000000000e+00
1.001677869134074560e-16
1.001677869134074560e-16
1.001677869134074560e-16
1.001677869134074560e-16
1.001677869134074560e-16
1.001677869134074560e-16
1.001677869134074560e-16
1.001677869134074560e-16
1.001677869134074560e-16
1.001677869134074560e-16
0.000000000000000000e+00
0.000000000000000000e+00
1.001677869134074560e-16
1.001677869134074560e-16
2.003355738268149121e-16
1.001677869134074560e-16
0.000000000000000000e+00
2.003355738268149121e-16
1.001677869134074560e-16
1.001677869134074560e-16
0.000000000000000000e+00
0.000000000000000000e+00
2.003355738268149121e-16
1.001677869134074560e-16
0.000000000000000000e+00
1.001677869134074560e-16
1.001677869134074560e-16
0.000000000000000000e+00
1.001677869134074560e-16
0.000000000000000000e+00
1.001677869134074560e-16
0.000000000000000000e+00
4.779766047549865483e-03
2.654784168284753457e-02
7.980290865940936618e-02
1.917550731931360053e-01
3.473478600159958241e-01
5.294600778582820855e-01
6.390162955636262687e-01
6.778128444370710159e-01
6.390162955636263797e-01
5.294600778582818634e-01
3.473478600159959351e-01
1.917550731931358388e-01
7.980290865940922740e-02
2.654784168284763518e-02
4.779766047549865483e-03
1.001677869134074560e-16
1.001677869134074560e-16
1.001677869134074560e-16
0.000000000000000000e+00
0.000000000000000000e+00
0.000000000000000000e+00
1.001677869134074560e-16
0.000000000000000000e+00
0.000000000000000000e+00
1.001677869134074560e-16
2.003355738268149121e-16
1.001677869134074560e-16
1.001677869134074560e-16
0.000000000000000000e+00
0.000000000000000000e+00
0.000000000000000000e+00
1.001677869134074560e-16
0.000000000000000000e+00
0.000000000000000000e+00
1.001677869134074560e-16
1.001677869134074560e-16
1.001677869134074560e-16
0.000000000000000000e+00
1.001677869134074560e-16
0.000000000000000000e+00
0.000000000000000000e+00
1.001677869134074560e-16
1.001677869134074560e-16
3.005033607402223928e-16
1.001677869134074560e-16
0.000000000000000000e+00
0.000000000000000000e+00
1.001677869134074560e-16
0.000000000000000000e+00
0.000000000000000000e+00
1.001677869134074560e-16
1.001677869134074560e-16
0.000000000000000000e+00
0.000000000000000000e+00
1.001677869134074560e-16
0.000000000000000000e+00
1.001677869134074560e-16
0.000000000000000000e+00
0.000000000000000000e+00
0.000000000000000000e+00
0.000000000000000000e+00
1.001677869134074560e-16
3.005033607402223928e-16
4.779766047549966097e-03
4.910412680191844625e-02
1.311198933635652208e-01
2.276400614987788562e-01
2.929952018977091677e-01
3.221871555629290951e-01
2.929952018977089456e-01
2.276400614987787174e-01
1.311198933635655817e-01
4.910412680191799523e-02
4.779766047549966097e-03
3.005033607402223928e-16
0.000000000000000000e+00
1.001677869134074560e-16
0.000000000000000000e+00
0.000000000000000000e+00
0.000000000000000000e+00
1.001677869134074560e-16
0.000000000000000000e+00
1.001677869134074560e-16
0.000000000000000000e+00
2.003355738268149121e-16
0.000000000000000000e+00
2.003355738268149121e-16
0.000000000000000000e+00
0.000000000000000000e+00
0.000000000000000000e+00
0.000000000000000000e+00
0.000000000000000000e+00
0.000000000000000000e+00
0.000000000000000000e+00
0.000000000000000000e+00
1.001677869134074560e-16
1.001677869134074560e-16
0.000000000000000000e+00
0.000000000000000000e+00
1.001677869134074560e-16
0.000000000000000000e+00
0.000000000000000000e+00
0.000000000000000000e+00
1.001677869134074560e-16
2.003355738268149121e-16
1.001677869134074560e-16
1.001677869134074560e-16
1.001677869134074560e-16
1.001677869134074560e-16
0.000000000000000000e+00
0.000000000000000000e+00
3.005033607402223928e-16
1.001677869134074560e-16
0.000000000000000000e+00
0.000000000000000000e+00
1.001677869134074560e-16
0.000000000000000000e+00
1.001677869134074560e-16
0.000000000000000000e+00
1.001677869134074560e-16
2.003355738268149121e-16
0.000000000000000000e+00
0.000000000000000000e+00
1.001677869134074560e-16
0.000000000000000000e+00
4.779766047549765737e-03
2.654784168284723272e-02
5.623222040981514652e-02
7.980290865940947720e-02
8.520133960890721725e-02
7.980290865940922740e-02
5.623222040981524367e-02
2.654784168284773579e-02
4.779766047549765737e-03
0.000000000000000000e+00
0.000000000000000000e+00
1.001677869134074560e-16
0.000000000000000000e+00
0.000000000000000000e+00
2.003355738268149121e-16
0.000000000000000000e+00
1.001677869134074560e-16
0.000000000000000000e+00
2.003355738268149121e-16
0.000000000000000000e+00
0.000000000000000000e+00
1.001677869134074560e-16
0.000000000000000000e+00
0.000000000000000000e+00
1.001677869134074560e-16
0.000000000000000000e+00
1.001677869134074560e-16
0.000000000000000000e+00
1.001677869134074560e-16
0.000000000000000000e+00
0.000000000000000000e+00
1.001677869134074560e-16
1.001677869134074560e-16
0.000000000000000000e+00
0.000000000000000000e+00
1.001677869134074560e-16
0.000000000000000000e+00
0.000000000000000000e+00
0.000000000000000000e+00
1.001677869134074560e-16
1.001677869134074560e-16
0.000000000000000000e+00
0.000000000000000000e+00
1.001677869134074560e-16
1.001677869134074560e-16
1.001677869134074560e-16
0.000000000000000000e+00
0.000000000000000000e+00
0.000000000000000000e+00
0.000000000000000000e+00
0.000000000000000000e+00
0.000000000000000000e+00
1.001677869134074560e-16
0.000000000000000000e+00
1.001677869134074560e-16
0.000000000000000000e+00
1.001677869134074560e-16
0.000000000000000000e+00
0.000000000000000000e+00
0.000000000000000000e+00
0.000000000000000000e+00
1.001677869134074560e-16
0.000000000000000000e+00
2.003355738268149121e-16
2.003355738268149121e-16
0.000000000000000000e+00
2.003355738268149121e-16
1.001677869134074560e-16
0.000000000000000000e+00
0.000000000000000000e+00
0.000000000000000000e+00
1.001677869134074560e-16
0.000000000000000000e+00
0.000000000000000000e+00
0.000000000000000000e+00
3.005033607402223928e-16
0.000000000000000000e+00
0.000000000000000000e+00
0.000000000000000000e+00
0.000000000000000000e+00
0.000000000000000000e+00
1.001677869134074560e-16
0.000000000000000000e+00
4.006711476536298242e-16
1.001677869134074560e-16
0.000000000000000000e+00
2.003355738268149121e-16
1.001677869134074560e-16
0.000000000000000000e+00
1.001677869134074560e-16
0.000000000000000000e+00
0.000000000000000000e+00
1.001677869134074560e-16
1.001677869134074560e-16
0.000000000000000000e+00
0.000000000000000000e+00
1.001677869134074560e-16
0.000000000000000000e+00
0.000000000000000000e+00
0.000000000000000000e+00
2.003355738268149121e-16
2.003355738268149121e-16
0.000000000000000000e+00
1.001677869134074560e-16
0.000000000000000000e+00
3.005033607402223928e-16
1.001677869134074560e-16
0.000000000000000000e+00
3.005033607402223928e-16
1.001677869134074560e-16
0.000000000000000000e+00
1.001677869134074560e-16
1.001677869134074560e-16
0.000000000000000000e+00
2.003355738268149121e-16
0.000000000000000000e+00
0.000000000000000000e+00
1.001677869134074560e-16
0.000000000000000000e+00
3.005033607402223928e-16
0.000000000000000000e+00
2.003355738268149121e-16
0.000000000000000000e+00
0.000000000000000000e+00
3.005033607402223928e-16
0.000000000000000000e+00
0.000000000000000000e+00
1.001677869134074560e-16
2.003355738268149121e-16
0.000000000000000000e+00
0.000000000000000000e+00
2.003355738268149121e-16
0.000000000000000000e+00
1.001677869134074560e-16
1.001677869134074560e-16
1.001677869134074560e-16
0.000000000000000000e+00
0.000000000000000000e+00
1.001677869134074560e-16
0.000000000000000000e+00
0.000000000000000000e+00
0.000000000000000000e+00
2.003355738268149121e-16
0.000000000000000000e+00
3.005033607402223928e-16
1.001677869134074560e-16
0.000000000000000000e+00
1.001677869134074560e-16
1.001677869134074560e-16
0.000000000000000000e+00
1.001677869134074560e-16
1.001677869134074560e-16
1.001677869134074560e-16
1.001677869134074560e-16
1.001677869134074560e-16
0.000000000000000000e+00
0.000000000000000000e+00
1.001677869134074560e-16
0.000000000000000000e+00
0.000000000000000000e+00
0.000000000000000000e+00
1.001677869134074560e-16
2.003355738268149121e-16
0.000000000000000000e+00
1.001677869134074560e-16
0.000000000000000000e+00
2.003355738268149121e-16
0.000000000000000000e+00
0.000000000000000000e+00
2.003355738268149121e-16
0.000000000000000000e+00
0.000000000000000000e+00
0.000000000000000000e+00
1.001677869134074560e-16
0.000000000000000000e+00
0.000000000000000000e+00
0.000000000000000000e+00
1.001677869134074560e-16
1.001677869134074560e-16
0.000000000000000000e+00
0.000000000000000000e+00
2.003355738268149121e-16
2.003355738268149121e-16
0.000000000000000000e+00
0.000000000000000000e+00
0.000000000000000000e+00
0.000000000000000000e+00
0.000000000000000000e+00
0.000000000000000000e+00
0.000000000000000000e+00
0.000000000000000000e+00
0.000000000000000000e+00
0.000000000000000000e+00
3.005033607402223928e-16
0.000000000000000000e+00
0.000000000000000000e+00
0.000000000000000000e+00
2.003355738268149121e-16
1.001677869134074560e-16
1.001677869134074560e-16
0.000000000000000000e+00
2.003355738268149121e-16
0.000000000000000000e+00
0.000000000000000000e+00
0.000000000000000000e+00
0.000000000000000000e+00
2.003355738268149121e-16
1.001677869134074560e-16
0.000000000000000000e+00
0.000000000000000000e+00
0.000000000000000000e+00
2.003355738268149121e-16
0.000000000000000000e+00
0.000000000000000000e+00
1.001677869134074560e-16
1.001677869134074560e-16
0.000000000000000000e+00
0.000000000000000000e+00
1.001677869134074560e-16
0.000000000000000000e+00
0.000000000000000000e+00
0.000000000000000000e+00
1.001677869134074560e-16
1.001677869134074560e-16
1.001677869134074560e-16
1.001677869134074560e-16
1.001677869134074560e-16
1.001677869134074560e-16
0.000000000000000000e+00
1.001677869134074560e-16
1.001677869134074560e-16
1.001677869134074560e-16
0.000000000000000000e+00
1.001677869134074560e-16
1.001677869134074560e-16
0.000000000000000000e+00
0.000000000000000000e+00
1.001677869134074560e-16
1.001677869134074560e-16
2.003355738268149121e-16
0.000000000000000000e+00
0.000000000000000000e+00
2.003355738268149121e-16
1.001677869134074560e-16
0.000000000000000000e+00
0.000000000000000000e+00
0.000000000000000000e+00
0.000000000000000000e+00
0.000000000000000000e+00
0.000000000000000000e+00
0.000000000000000000e+00
0.000000000000000000e+00
0.000000000000000000e+00
0.000000000000000000e+00
1.001677869134074560e-16
0.000000000000000000e+00
1.001677869134074560e-16
0.000000000000000000e+00
3.005033607402223928e-16
1.001677869134074560e-16
0.000000000000000000e+00
0.000000000000000000e+00
0.000000000000000000e+00
1.001677869134074560e-16
3.005033607402223928e-16
0.000000000000000000e+00
0.000000000000000000e+00
1.001677869134074560e-16
0.000000000000000000e+00
1.001677869134074560e-16
0.000000000000000000e+00
0.000000000000000000e+00
1.001677869134074560e-16
0.000000000000000000e+00
0.000000000000000000e+00
0.000000000000000000e+00
1.001677869134074560e-16
0.000000000000000000e+00
0.000000000000000000e+00
1.001677869134074560e-16
0.000000000000000000e+00
0.000000000000000000e+00
0.000000000000000000e+00
1.001677869134074560e-16
0.000000000000000000e+00
0.000000000000000000e+00
1.001677869134074560e-16
0.000000000000000000e+00
1.001677869134074560e-16
0.000000000000000000e+00
0.000000000000000000e+00
2.003355738268149121e-16
2.003355738268149121e-16
1.001677869134074560e-16
1.001677869134074560e-16
0.000000000000000000e+00
0.000000000000000000e+00
0.000000000000000000e+00
0.000000000000000000e+00
0.000000000000000000e+00
0.000000000000000000e+00
0.000000000000000000e+00
0.000000000000000000e+00
0.000000000000000000e+00
1.001677869134074560e-16
4.779766047549966097e-03
2.654784168284753457e-02
5.623222040981539632e-02
7.980290865940907474e-02
8.520133960890732827e-02
7.980290865940932454e-02
5.623222040981539632e-02
2.654784168284763518e-02
4.779766047549865483e-03
0.000000000000000000e+00
1.001677869134074560e-16
1.001677869134074560e-16
0.000000000000000000e+00
0.000000000000000000e+00
1.001677869134074560e-16
0.000000000000000000e+00
0.000000000000000000e+00
0.000000000000000000e+00
0.000000000000000000e+00
0.000000000000000000e+00
1.001677869134074560e-16
0.000000000000000000e+00
2.003355738268149121e-16
1.001677869134074560e-16
2.003355738268149121e-16
0.000000000000000000e+00
0.000000000000000000e+00
0.000000000000000000e+00
2.003355738268149121e-16
0.000000000000000000e+00
1.001677869134074560e-16
1.001677869134074560e-16
1.001677869134074560e-16
0.000000000000000000e+00
0.000000000000000000e+00
1.001677869134074560e-16
0.000000000000000000e+00
0.000000000000000000e+00
0.000000000000000000e+00
1.001677869134074560e-16
0.000000000000000000e+00
1.001677869134074560e-16
0.000000000000000000e+00
0.000000000000000000e+00
1.001677869134074560e-16
0.000000000000000000e+00
0.000000000000000000e+00
2.003355738268149121e-16
0.000000000000000000e+00
0.000000000000000000e+00
0.000000000000000000e+00
2.003355738268149121e-16
0.000000000000000000e+00
0.000000000000000000e+00
1.001677869134074560e-16
1.001677869134074560e-16
2.003355738268149121e-16
0.000000000000000000e+00
2.003355738268149121e-16
0.000000000000000000e+00
4.779766047549966097e-03
4.910412680191814788e-02
1.311198933635653874e-01
2.276400614987785231e-01
2.929952018977091677e-01
3.221871555629290951e-01
2.929952018977091677e-01
2.276400614987785231e-01
1.311198933635653874e-01
4.910412680191774543e-02
4.779766047549865483e-03
1.001677869134074560e-16
1.001677869134074560e-16
0.000000000000000000e+00
0.000000000000000000e+00
2.003355738268149121e-16
0.000000000000000000e+00
2.003355738268149121e-16
0.000000000000000000e+00
0.000000000000000000e+00
0.000000000000000000e+00
2.003355738268149121e-16
0.000000000000000000e+00
0.000000000000000000e+00
0.000000000000000000e+00
1.001677869134074560e-16
0.000000000000000000e+00
0.000000000000000000e+00
1.001677869134074560e-16
2.003355738268149121e-16
0.000000000000000000e+00
0.000000000000000000e+00
1.001677869134074560e-16
1.001677869134074560e-16
0.000000000000000000e+00
0.000000000000000000e+00
1.001677869134074560e-16
0.000000000000000000e+00
0.000000000000000000e+00
0.000000000000000000e+00
0.000000000000000000e+00
0.000000000000000000e+00
2.003355738268149121e-16
4.006711476536298242e-16
0.000000000000000000e+00
0.000000000000000000e+00
0.000000000000000000e+00
0.000000000000000000e+00
0.000000000000000000e+00
1.001677869134074560e-16
1.001677869134074560e-16
0.000000000000000000e+00
2.003355738268149121e-16
0.000000000000000000e+00
2.003355738268149121e-16
0.000000000000000000e+00
2.003355738268149121e-16
1.001677869134074560e-16
0.000000000000000000e+00
4.779766047549865483e-03
2.654784168284763518e-02
7.980290865940957434e-02
1.917550731931360608e-01
3.473478600159964902e-01
5.294600778582816414e-01
6.390162955636258246e-01
6.778128444370705719e-01
6.390162955636260467e-01
5.294600778582813083e-01
3.473478600159966567e-01
1.917550731931359498e-01
7.980290865940932454e-02
2.654784168284753457e-02
4.779766047549966097e-03
0.000000000000000000e+00
0.000000000000000000e+00
4.006711476536298242e-16
0.000000000000000000e+00
1.001677869134074560e-16
1.001677869134074560e-16
0.000000000000000000e+00
0.000000000000000000e+00
1.001677869134074560e-16
0.000000000000000000e+00
1.001677869134074560e-16
2.003355738268149121e-16
0.000000000000000000e+00
0.000000000000000000e+00
0.000000000000000000e+00
1.001677869134074560e-16
1.001677869134074560e-16
2.003355738268149121e-16
1.001677869134074560e-16
1.001677869134074560e-16
1.001677869134074560e-16
0.000000000000000000e+00
0.000000000000000000e+00
1.001677869134074560e-16
0.000000000000000000e+00
0.000000000000000000e+00
0.000000000000000000e+00
1.001677869134074560e-16
1.001677869134074560e-16
1.001677869134074560e-16
0.000000000000000000e+00
0.000000000000000000e+00
1.001677869134074560e-16
0.000000000000000000e+00
1.001677869134074560e-16
2.003355738268149121e-16
0.000000000000000000e+00
0.000000000000000000e+00
0.000000000000000000e+00
2.003355738268149121e-16
0.000000000000000000e+00
0.000000000000000000e+00
0.000000000000000000e+00
0.000000000000000000e+00
0.000000000000000000e+00
4.779766047549765737e-03
4.910412680191814788e-02
1.311198933635654706e-01
2.644988930709969432e-01
4.400318194180987685e-01
6.526521399840031767e-01
8.021616338923098777e-01
8.903050563197808520e-01
9.147986603910928105e-01
8.903050563197810741e-01
8.021616338923097667e-01
6.526521399840032878e-01
4.400318194180987130e-01
2.644988930709966657e-01
1.311198933635656649e-01
4.910412680191814788e-02
4.779766047549765737e-03
0.000000000000000000e+00
0.000000000000000000e+00
0.000000000000000000e+00
0.000000000000000000e+00
0.000000000000000000e+00
0.000000000000000000e+00
0.000000000000000000e+00
2.003355738268149121e-16
0.000000000000000000e+00
0.000000000000000000e+00
0.000000000000000000e+00
3.005033607402223928e-16
0.000000000000000000e+00
0.000000000000000000e+00
0.000000000000000000e+00
0.000000000000000000e+00
0.000000000000000000e+00
0.000000000000000000e+00
2.003355738268149121e-16
1.001677869134074560e-16
0.000000000000000000e+00
0.000000000000000000e+00
1.001677869134074560e-16
0.000000000000000000e+00
0.000000000000000000e+00
0.000000000000000000e+00
0.000000000000000000e+00
0.000000000000000000e+00
1.001677869134074560e-16
0.000000000000000000e+00
0.000000000000000000e+00
1.001677869134074560e-16
3.005033607402223928e-16
0.000000000000000000e+00
1.001677869134074560e-16
0.000000000000000000e+00
0.000000000000000000e+00
0.000000000000000000e+00
0.000000000000000000e+00
0.000000000000000000e+00
0.000000000000000000e+00
0.000000000000000000e+00
4.779766047549865483e-03
2.654784168284793355e-02
7.980290865940922740e-02
1.917550731931361441e-01
3.473478600159965457e-01
5.599681805819011204e-01
7.355011069290036119e-01
8.688801066364342240e-01
9.508958731980817758e-01
9.952202339524496288e-01
1.000000000000000000e+00
9.952202339524498509e-01
9.508958731980817758e-01
8.688801066364342240e-01
7.355011069290036119e-01
5.599681805819008984e-01
3.473478600159964902e-01
1.917550731931361441e-01
7.980290865940936618e-02
2.654784168284753457e-02
4.779766047549865483e-03
0.000000000000000000e+00
0.000000000000000000e+00
0.000000000000000000e+00
1.001677869134074560e-16
0.000000000000000000e+00
0.000000000000000000e+00
0.000000000000000000e+00
0.000000000000000000e+00
0.000000000000000000e+00
0.000000000000000000e+00
0.000000000000000000e+00
0.000000000000000000e+00
0.000000000000000000e+00
0.000000000000000000e+00
1.001677869134074560e-16
1.001677869134074560e-16
1.001677869134074560e-16
1.001677869134074560e-16
0.000000000000000000e+00
1.001677869134074560e-16
1.001677869134074560e-16
0.000000000000000000e+00
0.000000000000000000e+00
0.000000000000000000e+00
1.001677869134074560e-16
1.001677869134074560e-16
0.000000000000000000e+00
0.000000000000000000e+00
1.001677869134074560e-16
0.000000000000000000e+00
0.000000000000000000e+00
0.000000000000000000e+00
0.000000000000000000e+00
0.000000000000000000e+00
0.000000000000000000e+00
1.001677869134074560e-16
0.000000000000000000e+00
0.000000000000000000e+00
0.000000000000000000e+00
4.779766047550065844e-03
4.910412680191774543e-02
1.311198933635655817e-01
2.644988930709961106e-01
4.400318194180984355e-01
6.526521399840037319e-01
8.082449268068638837e-01
9.201970913405903563e-01
9.734521583171520387e-01
9.952202339524500729e-01
9.999999999999995559e-01
9.999999999999997780e-01
9.999999999999997780e-01
9.952202339524496288e-01
9.734521583171520387e-01
9.201970913405903563e-01
8.082449268068634396e-01
6.526521399840035098e-01
4.400318194180984355e-01
2.644988930709964436e-01
1.311198933635654151e-01
4.910412680191814788e-02
4.779766047549865483e-03
1.001677869134074560e-16
0.000000000000000000e+00
0.000000000000000000e+00
0.000000000000000000e+00
0.000000000000000000e+00
0.000000000000000000e+00
0.000000000000000000e+00
0.000000000000000000e+00
2.003355738268149121e-16
2.003355738268149121e-16
1.001677869134074560e-16
0.000000000000000000e+00
1.001677869134074560e-16
0.000000000000000000e+00
1.001677869134074560e-16
2.003355738268149121e-16
1.001677869134074560e-16
0.000000000000000000e+00
1.001677869134074560e-16
1.001677869134074560e-16
0.000000000000000000e+00
0.000000000000000000e+00
0.000000000000000000e+00
1.001677869134074560e-16
0.000000000000000000e+00
0.000000000000000000e+00
0.000000000000000000e+00
1.001677869134074560e-16
3.005033607402223928e-16
2.003355738268149121e-16
1.001677869134074560e-16
0.000000000000000000e+00
0.000000000000000000e+00
0.000000000000000000e+00
0.000000000000000000e+00
1.001677869134074560e-16
4.779766047549865483e-03
2.654784168284763518e-02
7.980290865940972700e-02
1.917550731931358388e-01
3.473478600159964902e-01
5.599681805819007874e-01
7.355011069290036119e-01
8.688801066364345571e-01
9.508958731980819978e-01
9.952202339524500729e-01
9.999999999999995559e-01
1.000000000000000000e+00
1.000000000000000000e+00
1.000000000000000000e+00
9.999999999999997780e-01
9.999999999999997780e-01
9.999999999999997780e-01
9.952202339524500729e-01
9.508958731980817758e-01
8.688801066364346681e-01
7.355011069290036119e-01
5.599681805819007874e-01
3.473478600159961571e-01
1.917550731931359498e-01
7.980290865940961598e-02
2.654784168284763518e-02
4.779766047549865483e-03
0.000000000000000000e+00
0.000000000000000000e+00
1.001677869134074560e-16
0.000000000000000000e+00
1.001677869134074560e-16
1.001677869134074560e-16
1.001677869134074560e-16
1.001677869134074560e-16
1.001677869134074560e-16
0.000000000000000000e+00
2.003355738268149121e-16
0.000000000000000000e+00
1.001677869134074560e-16
2.003355738268149121e-16
1.001677869134074560e-16
0.000000000000000000e+00
1.001677869134074560e-16
1.001677869134074560e-16
0.000000000000000000e+00
0.000000000000000000e+00
0.000000000000000000e+00
1.001677869134074560e-16
0.000000000000000000e+00
1.001677869134074560e-16
1.001677869134074560e-16
2.003355738268149121e-16
1.001677869134074560e-16
0.000000000000000000e+00
1.001677869134074560e-16
1.001677869134074560e-16
1.001677869134074560e-16
0.000000000000000000e+00
0.000000000000000000e+00
4.779766047549865483e-03
4.910412680191804380e-02
1.311198933635653874e-01
2.644988930709966102e-01
4.400318194180986575e-01
6.526521399840038429e-01
8.082449268068634396e-01
9.201970913405903563e-01
9.734521583171524828e-01
9.952202339524500729e-01
1.000000000000000000e+00
1.000000000000000000e+00
1.000000000000000000e+00
9.999999999999995559e-01
1.000000000000000000e+00
9.999999999999997780e-01
1.000000000000000000e+00
1.000000000000000000e+00
1.000000000000000000e+00
9.952202339524500729e-01
9.734521583171524828e-01
9.201970913405905783e-01
8.082449268068639947e-01
6.526521399840032878e-01
4.400318194180987685e-01
2.644988930709966102e-01
1.311198933635654151e-01
4.910412680191804380e-02
4.779766047549765737e-03
0.000000000000000000e+00
1.001677869134074560e-16
1.001677869134074560e-16
0.000000000000000000e+00
0.000000000000000000e+00
1.001677869134074560e-16
0.000000000000000000e+00
0.000000000000000000e+00
2.003355738268149121e-16
0.000000000000000000e+00
0.000000000000000000e+00
1.001677869134074560e-16
2.003355738268149121e-16
1.001677869134074560e-16
0.000000000000000000e+00
1.001677869134074560e-16
1.001677869134074560e-16
0.000000000000000000e+00
0.000000000000000000e+00
0.000000000000000000e+00
1.001677869134074560e-16
1.001677869134074560e-16
1.001677869134074560e-16
1.001677869134074560e-16
1.001677869134074560e-16
1.001677869134074560e-16
0.000000000000000000e+00
0.000000000000000000e+00
0.000000000000000000e+00
1.001677869134074560e-16
0.000000000000000000e+00
4.779766047549966097e-03
4.910412680191804380e-02
1.650584384597118537e-01
3.406838179985690607e-01
5.599681805819007874e-01
7.355011069290036119e-01
8.688801066364347792e-01
9.508958731980817758e-01
9.952202339524501840e-01
1.000000000000000000e+00
1.000000000000000000e+00
9.999999999999995559e-01
9.999999999999995559e-01
9.999999999999995559e-01
9.999999999999995559e-01
9.999999999999995559e-01
9.999999999999995559e-01
9.999999999999997780e-01
9.999999999999995559e-01
9.999999999999997780e-01
9.999999999999995559e-01
1.000000000000000000e+00
9.952202339524504060e-01
9.508958731980817758e-01
8.688801066364345571e-01
7.355011069290036119e-01
5.599681805819007874e-01
3.406838179985691717e-01
1.650584384597121035e-01
4.910412680191789114e-02
4.779766047549765737e-03
0.000000000000000000e+00
1.001677869134074560e-16
0.000000000000000000e+00
1.001677869134074560e-16
1.001677869134074560e-16
0.000000000000000000e+00
0.000000000000000000e+00
0.000000000000000000e+00
1.001677869134074560e-16
0.000000000000000000e+00
1.001677869134074560e-16
2.003355738268149121e-16
1.001677869134074560e-16
0.000000000000000000e+00
1.001677869134074560e-16
1.001677869134074560e-16
0.000000000000000000e+00
0.000000000000000000e+00
1.001677869134074560e-16
1.001677869134074560e-16
1.001677869134074560e-16
0.000000000000000000e+00
1.001677869134074560e-16
2.003355738268149121e-16
1.001677869134074560e-16
2.003355738268149121e-16
0.000000000000000000e+00
1.001677869134074560e-16
4.779766047549665123e-03
2.654784168284753457e-02
7.980290865940961598e-02
1.917550731931363106e-01
3.772183397537053895e-01
6.227816602462938889e-01
8.082449268068639947e-01
9.201970913405903563e-01
9.734521583171524828e-01
9.952202339524498509e-01
1.000000000000000000e+00
1.000000000000000000e+00
1.000000000000000000e+00
9.999999999999995559e-01
9.999999999999995559e-01
1.000000000000000000e+00
1.000000000000000000e+00
9.999999999999997780e-01
1.000000000000000000e+00
9.999999999999995559e-01
1.000000000000000000e+00
9.999999999999995559e-01
9.999999999999997780e-01
9.999999999999997780e-01
1.000000000000000000e+00
9.952202339524501840e-01
9.734521583171520387e-01
9.201970913405903563e-01
8.082449268068638837e-01
6.227816602462938889e-01
3.772183397537053895e-01
1.917550731931362551e-01
7.980290865940947720e-02
0.000000000000000000e+00
0.000000000000000000e+00
1.001677869134074560e-16
2.003355738268149121e-16
0.000000000000000000e+00
1.001677869134074560e-16
0.000000000000000000e+00
0.000000000000000000e+00
1.001677869134074560e-16
0.000000000000000000e+00
1.001677869134074560e-16
2.003355738268149121e-16
2.003355738268149121e-16
0.000000000000000000e+00
1.001677869134074560e-16
1.001677869134074560e-16
0.000000000000000000e+00
0.000000000000000000e+00
1.001677869134074560e-16
1.001677869134074560e-16
1.001677869134074560e-16
0.000000000000000000e+00
1.001677869134074560e-16
2.003355738268149121e-16
1.001677869134074560e-16
0.000000000000000000e+00
3.005033607402223928e-16
2.003355738268149121e-16
2.654784168284783294e-02
9.839014781956043065e-02
2.362573362776308472e-01
4.331963550509537186e-01
6.593161820014307173e-01
8.349415615402879798e-01
9.508958731980819978e-01
9.952202339524500729e-01
1.000000000000000000e+00
9.999999999999997780e-01
1.000000000000000000e+00
1.000000000000000000e+00
9.999999999999997780e-01
9.999999999999995559e-01
1.000000000000000000e+00
1.000000000000000000e+00
9.999999999999995559e-01
9.999999999999995559e-01
9.999999999999995559e-01
9.999999999999995559e-01
9.999999999999997780e-01
9.999999999999995559e-01
9.999999999999997780e-01
1.000000000000000000e+00
9.999999999999997780e-01
1.000000000000000000e+00
9.999999999999995559e-01
9.952202339524504060e-01
9.508958731980817758e-01
8.349415615402877577e-01
6.593161820014308283e-01
4.331963550509537186e-01
2.362573362776305419e-01
5.104420750568878368e-02
5.104420750568878368e-02
2.654784168284753457e-02
4.779766047549765737e-03
0.000000000000000000e+00
0.000000000000000000e+00
0.000000000000000000e+00
0.000000000000000000e+00
1.001677869134074560e-16
0.000000000000000000e+00
1.001677869134074560e-16
2.003355738268149121e-16
2.003355738268149121e-16
0.000000000000000000e+00
1.001677869134074560e-16
1.001677869134074560e-16
0.000000000000000000e+00
1.001677869134074560e-16
1.001677869134074560e-16
1.001677869134074560e-16
1.001677869134074560e-16
0.000000000000000000e+00
0.000000000000000000e+00
2.003355738268149121e-16
1.001677869134074560e-16
0.000000000000000000e+00
4.779766047549865483e-03
2.654784168284763518e-02
1.117965353634395587e-01
2.644988930709962771e-01
4.965653149561994328e-01
7.067554773601945062e-01
8.688801066364346681e-01
9.508958731980817758e-01
9.952202339524498509e-01
1.000000000000000000e+00
1.000000000000000000e+00
9.999999999999995559e-01
9.999999999999995559e-01
9.999999999999997780e-01
1.000000000000000000e+00
1.000000000000000000e+00
9.999999999999995559e-01
1.000000000000000000e+00
9.999999999999995559e-01
9.999999999999995559e-01
9.999999999999997780e-01
9.999999999999995559e-01
9.999999999999997780e-01
9.999999999999997780e-01
9.999999999999997780e-01
9.999999999999997780e-01
9.999999999999997780e-01
1.000000000000000000e+00
9.999999999999995559e-01
1.000000000000000000e+00
9.952202339524496288e-01
9.508958731980817758e-01
8.688801066364345571e-01
7.002355668157101976e-01
4.591376985391661392e-01
1.672871668091632791e-01
1.672871668091631681e-01
9.839014781956033351e-02
2.654784168284753457e-02
0.000000000000000000e+00
0.000000000000000000e+00
0.000000000000000000e+00
0.000000000000000000e+00
0.000000000000000000e+00
0.000000000000000000e+00
1.001677869134074560e-16
2.003355738268149121e-16
2.003355738268149121e-16
0.000000000000000000e+00
1.001677869134074560e-16
1.001677869134074560e-16
0.000000000000000000e+00
1.001677869134074560e-16
1.001677869134074560e-16
2.003355738268149121e-16
1.001677869134074560e-16
0.000000000000000000e+00
0.000000000000000000e+00
1.001677869134074560e-16
2.003355738268149121e-16
1.001677869134074560e-16
2.654784168284753457e-02
9.839014781956047229e-02
2.644988930709964436e-01
4.965653149561989332e-01
7.355011069290037229e-01
8.882034646365606356e-01
9.734521583171520387e-01
9.952202339524498509e-01
1.000000000000000000e+00
1.000000000000000000e+00
1.000000000000000000e+00
9.999999999999997780e-01
1.000000000000000000e+00
1.000000000000000000e+00
9.999999999999995559e-01
1.000000000000000000e+00
1.000000000000000000e+00
9.999999999999997780e-01
1.000000000000000000e+00
9.999999999999995559e-01
1.000000000000000000e+00
9.999999999999995559e-01
9.999999999999997780e-01
9.999999999999997780e-01
9.999999999999997780e-01
9.999999999999997780e-01
1.000000000000000000e+00
1.000000000000000000e+00
9.999999999999995559e-01
1.000000000000000000e+00
1.000000000000000000e+00
9.952202339524498509e-01
9.734521583171520387e-01
8.571452073333944988e-01
6.090110297782983517e-01
3.590630026359180049e-01
3.822910778671813614e-01
2.362573362776311525e-01
7.980290865940957434e-02
4.779766047549966097e-03
0.000000000000000000e+00
0.000000000000000000e+00
0.000000000000000000e+00
0.000000000000000000e+00
0.000000000000000000e+00
1.001677869134074560e-16
1.001677869134074560e-16
1.001677869134074560e-16
0.000000000000000000e+00
1.001677869134074560e-16
1.001677869134074560e-16
0.000000000000000000e+00
1.001677869134074560e-16
1.001677869134074560e-16
1.001677869134074560e-16
1.001677869134074560e-16
0.000000000000000000e+00
0.000000000000000000e+00
1.001677869134074560e-16
2.003355738268149121e-16
4.779766047549966097e-03
7.980290865940947720e-02
2.362573362776309027e-01
4.965653149561993218e-01
7.355011069290029457e-01
9.016098521804397636e-01
9.734521583171524828e-01
9.999999999999997780e-01
1.000000000000000000e+00
9.999999999999995559e-01
1.000000000000000000e+00
1.000000000000000000e+00
1.000000000000000000e+00
9.999999999999997780e-01
9.999999999999997780e-01
1.000000000000000000e+00
1.000000000000000000e+00
9.999999999999997780e-01
9.999999999999995559e-01
9.999999999999997780e-01
1.000000000000000000e+00
9.999999999999997780e-01
9.999999999999995559e-01
9.999999999999995559e-01
1.000000000000000000e+00
1.000000000000000000e+00
9.999999999999997780e-01
9.999999999999997780e-01
9.999999999999997780e-01
9.999999999999995559e-01
1.000000000000000000e+00
9.999999999999995559e-01
9.999999999999997780e-01
9.999999999999997780e-01
9.147986603910925885e-01
6.778128444370705719e-01
5.320393196910075950e-01
5.951886639254571065e-01
4.331963550509539962e-01
1.917550731931360053e-01
4.910412680191814788e-02
4.779766047549765737e-03
0.000000000000000000e+00
0.000000000000000000e+00
0.000000000000000000e+00
0.000000000000000000e+00
1.001677869134074560e-16
1.001677869134074560e-16
1.001677869134074560e-16
0.000000000000000000e+00
1.001677869134074560e-16
1.001677869134074560e-16
0.000000000000000000e+00
1.001677869134074560e-16
1.001677869134074560e-16
1.001677869134074560e-16
1.001677869134074560e-16
0.000000000000000000e+00
0.000000000000000000e+00
2.003355738268149121e-16
4.779766047549865483e-03
4.910412680191814788e-02
1.917550731931359498e-01
4.331963550509541072e-01
7.067554773601940621e-01
8.882034646365599695e-01
9.734521583171524828e-01
9.952202339524504060e-01
1.000000000000000000e+00
1.000000000000000000e+00
1.000000000000000000e+00
9.999999999999997780e-01
1.000000000000000000e+00
9.999999999999997780e-01
9.999999999999995559e-01
1.000000000000000000e+00
9.999999999999997780e-01
1.000000000000000000e+00
1.000000000000000000e+00
1.000000000000000000e+00
9.999999999999997780e-01
9.999999999999997780e-01
1.000000000000000000e+00
9.999999999999997780e-01
9.999999999999997780e-01
1.000000000000000000e+00
9.999999999999995559e-01
1.000000000000000000e+00
9.999999999999995559e-01
1.000000000000000000e+00
9.999999999999997780e-01
1.000000000000000000e+00
9.999999999999997780e-01
9.999999999999997780e-01
1.000000000000000000e+00
9.147986603910928105e-01
6.778128444370704608e-01
6.415361159628014676e-01
7.684578898313594308e-01
6.593161820014307173e-01
3.772183397537056671e-01
1.650584384597121035e-01
4.910412680191804380e-02
4.779766047549865483e-03
0.000000000000000000e+00
0.000000000000000000e+00
0.000000000000000000e+00
1.001677869134074560e-16
1.001677869134074560e-16
1.001677869134074560e-16
0.000000000000000000e+00
1.001677869134074560e-16
1.001677869134074560e-16
0.000000000000000000e+00
1.001677869134074560e-16
1.001677869134074560e-16
2.003355738268149121e-16
1.001677869134074560e-16
0.000000000000000000e+00
0.000000000000000000e+00
4.779766047549966097e-03
4.910412680191819645e-02
1.650584384597121035e-01
3.772183397537056671e-01
6.593161820014308283e-01
8.688801066364345571e-01
9.734521583171520387e-01
1.000000000000000000e+00
1.000000000000000000e+00
9.999999999999995559e-01
9.999999999999997780e-01
1.000000000000000000e+00
1.000000000000000000e+00
1.000000000000000000e+00
9.999999999999997780e-01
1.000000000000000000e+00
1.000000000000000000e+00
9.999999999999995559e-01
1.000000000000000000e+00
1.000000000000000000e+00
9.999999999999997780e-01
1.000000000000000000e+00
9.999999999999995559e-01
1.000000000000000000e+00
9.999999999999995559e-01
9.999999999999997780e-01
9.999999999999997780e-01
9.999999999999997780e-01
9.999999999999997780e-01
1.000000000000000000e+00
1.000000000000000000e+00
9.999999999999995559e-01
1.000000000000000000e+00
1.000000000000000000e+00
9.999999999999997780e-01
9.999999999999997780e-01
9.147986603910925885e-01
6.778128444370709049e-01
6.712004614076562126e-01
8.593203566705591712e-01
8.349415615402879798e-01
6.227816602462939999e-01
3.406838179985692827e-01
1.311198933635653874e-01
2.654784168284753457e-02
1.001677869134074560e-16
0.000000000000000000e+00
0.000000000000000000e+00
1.001677869134074560e-16
2.003355738268149121e-16
1.001677869134074560e-16
0.000000000000000000e+00
1.001677869134074560e-16
1.001677869134074560e-16
0.000000000000000000e+00
1.001677869134074560e-16
1.001677869134074560e-16
2.003355738268149121e-16
0.000000000000000000e+00
0.000000000000000000e+00
0.000000000000000000e+00
2.654784168284763518e-02
1.311198933635654151e-01
3.406838179985691717e-01
6.227816602462939999e-01
8.349415615402878688e-01
9.508958731980817758e-01
9.952202339524496288e-01
1.000000000000000000e+00
1.000000000000000000e+00
9.999999999999997780e-01
1.000000000000000000e+00
9.999999999999995559e-01
1.000000000000000000e+00
9.999999999999997780e-01
1.000000000000000000e+00
9.999999999999997780e-01
9.999999999999997780e-01
1.000000000000000000e+00
1.000000000000000000e+00
9.999999999999997780e-01
9.999999999999995559e-01
9.999999999999997780e-01
1.000000000000000000e+00
9.999999999999997780e-01
9.999999999999995559e-01
9.999999999999995559e-01
1.000000000000000000e+00
1.000000000000000000e+00
9.999999999999997780e-01
9.999999999999997780e-01
9.999999999999997780e-01
9.999999999999995559e-01
1.000000000000000000e+00
9.999999999999995559e-01
9.999999999999997780e-01
9.999999999999997780e-01
9.147986603910925885e-01
6.778128444370705719e-01
6.778128444370707939e-01
9.093623038235492118e-01
9.508958731980822199e-01
8.082449268068638837e-01
5.599681805819013425e-01
2.644988930709964436e-01
7.980290865940957434e-02
4.779766047549865483e-03
0.000000000000000000e+00
1.001677869134074560e-16
1.001677869134074560e-16
1.001677869134074560e-16
1.001677869134074560e-16
0.000000000000000000e+00
1.001677869134074560e-16
1.001677869134074560e-16
0.000000000000000000e+00
0.000000000000000000e+00
1.001677869134074560e-16
1.001677869134074560e-16
1.001677869134074560e-16
0.000000000000000000e+00
4.779766047549765737e-03
7.980290865940972700e-02
2.644988930709966102e-01
5.599681805819013425e-01
8.082449268068637727e-01
9.508958731980822199e-01
9.952202339524500729e-01
9.999999999999995559e-01
9.999999999999997780e-01
1.000000000000000000e+00
1.000000000000000000e+00
1.000000000000000000e+00
1.000000000000000000e+00
9.999999999999997780e-01
1.000000000000000000e+00
9.999999999999997780e-01
9.999999999999995559e-01
1.000000000000000000e+00
9.999999999999997780e-01
1.000000000000000000e+00
1.000000000000000000e+00
1.000000000000000000e+00
9.999999999999997780e-01
9.999999999999997780e-01
1.000000000000000000e+00
9.999999999999997780e-01
9.999999999999997780e-01
1.000000000000000000e+00
9.999999999999995559e-01
1.000000000000000000e+00
9.999999999999995559e-01
1.000000000000000000e+00
9.999999999999997780e-01
1.000000000000000000e+00
9.999999999999997780e-01
9.999999999999997780e-01
1.000000000000000000e+00
9.147986603910928105e-01
6.778128444370704608e-01
6.778128444370707939e-01
9.147986603910925885e-01
9.952202339524498509e-01
9.201970913405903563e-01
7.355011069290031678e-01
4.400318194180986575e-01
1.917550731931360608e-01
4.910412680191814788e-02
4.779766047549865483e-03
0.000000000000000000e+00
1.001677869134074560e-16
1.001677869134074560e-16
1.001677869134074560e-16
0.000000000000000000e+00
1.001677869134074560e-16
1.001677869134074560e-16
0.000000000000000000e+00
0.000000000000000000e+00
1.001677869134074560e-16
1.001677869134074560e-16
0.000000000000000000e+00
4.779766047549665123e-03
4.910412680191804380e-02
1.917550731931361441e-01
4.400318194180987130e-01
7.355011069290036119e-01
9.201970913405905783e-01
9.952202339524500729e-01
9.999999999999997780e-01
9.999999999999995559e-01
1.000000000000000000e+00
1.000000000000000000e+00
9.999999999999995559e-01
9.999999999999997780e-01
1.000000000000000000e+00
9.999999999999995559e-01
9.999999999999997780e-01
9.999999999999997780e-01
9.999999999999995559e-01
1.000000000000000000e+00
1.000000000000000000e+00
9.999999999999995559e-01
9.999999999999995559e-01
1.000000000000000000e+00
1.000000000000000000e+00
9.999999999999997780e-01
1.000000000000000000e+00
9.999999999999995559e-01
1.000000000000000000e+00
9.999999999999995559e-01
9.999999999999997780e-01
9.999999999999997780e-01
1.000000000000000000e+00
1.000000000000000000e+00
9.999999999999995559e-01
9.999999999999995559e-01
9.999999999999995559e-01
9.999999999999995559e-01
9.999999999999995559e-01
9.147986603910928105e-01
6.778128444370707939e-01
6.778128444370707939e-01
9.147986603910925885e-01
1.000000000000000000e+00
9.734521583171520387e-01
8.688801066364345571e-01
6.526521399840035098e-01
3.473478600159963237e-01
1.311198933635653874e-01
2.654784168284753457e-02
0.000000000000000000e+00
0.000000000000000000e+00
1.001677869134074560e-16
1.001677869134074560e-16
0.000000000000000000e+00
0.000000000000000000e+00
1.001677869134074560e-16
0.000000000000000000e+00
0.000000000000000000e+00
0.000000000000000000e+00
1.001677869134074560e-16
0.000000000000000000e+00
2.654784168284753457e-02
1.311198933635651653e-01
3.473478600159964902e-01
6.526521399840035098e-01
8.688801066364346681e-01
9.734521583171520387e-01
1.000000000000000000e+00
9.999999999999997780e-01
9.999999999999997780e-01
9.999999999999995559e-01
9.999999999999997780e-01
9.999999999999997780e-01
1.000000000000000000e+00
1.000000000000000000e+00
1.000000000000000000e+00
9.999999999999997780e-01
9.999999999999997780e-01
1.000000000000000000e+00
1.000000000000000000e+00
9.999999999999997780e-01
9.999999999999995559e-01
9.999999999999995559e-01
1.000000000000000000e+00
9.999999999999995559e-01
9.999999999999995559e-01
9.999999999999995559e-01
9.999999999999995559e-01
9.999999999999995559e-01
9.999999999999995559e-01
9.999999999999997780e-01
9.999999999999995559e-01
9.999999999999997780e-01
1.000000000000000000e+00
9.999999999999995559e-01
1.000000000000000000e+00
9.999999999999995559e-01
9.999999999999995559e-01
1.000000000000000000e+00
9.147986603910925885e-01
6.778128444370703498e-01
6.778128444370707939e-01
9.147986603910925885e-01
1.000000000000000000e+00
9.952202339524500729e-01
9.508958731980817758e-01
8.082449268068634396e-01
5.599681805819010094e-01
2.644988930709964992e-01
7.980290865940947720e-02
4.779766047549865483e-03
0.000000000000000000e+00
1.001677869134074560e-16
1.001677869134074560e-16
0.000000000000000000e+00
0.000000000000000000e+00
1.001677869134074560e-16
0.000000000000000000e+00
0.000000000000000000e+00
0.000000000000000000e+00
1.001677869134074560e-16
4.779766047549865483e-03
7.980290865940936618e-02
2.644988930709962771e-01
5.599681805819013425e-01
8.082449268068639947e-01
9.508958731980817758e-01
9.952202339524500729e-01
9.999999999999995559e-01
1.000000000000000000e+00
9.999999999999995559e-01
1.000000000000000000e+00
9.999999999999997780e-01
9.999999999999995559e-01
1.000000000000000000e+00
9.999999999999997780e-01
1.000000000000000000e+00
1.000000000000000000e+00
9.999999999999995559e-01
9.999999999999995559e-01
9.999999999999997780e-01
1.000000000000000000e+00
1.000000000000000000e+00
9.999999999999995559e-01
9.999999999999995559e-01
9.999999999999995559e-01
9.999999999999995559e-01
9.999999999999997780e-01
9.999999999999995559e-01
9.999999999999995559e-01
9.999999999999997780e-01
9.999999999999997780e-01
9.999999999999997780e-01
9.999999999999997780e-01
9.999999999999995559e-01
9.999999999999995559e-01
1.000000000000000000e+00
9.999999999999995559e-01
9.999999999999995559e-01
9.999999999999997780e-01
9.147986603910928105e-01
6.778128444370704608e-01
6.778128444370707939e-01
9.147986603910925885e-01
9.999999999999997780e-01
1.000000000000000000e+00
9.952202339524500729e-01
9.201970913405905783e-01
7.355011069290031678e-01
4.400318194180987685e-01
1.917550731931360053e-01
4.910412680191814788e-02
4.779766047549865483e-03
1.001677869134074560e-16
0.000000000000000000e+00
0.000000000000000000e+00
0.000000000000000000e+00
1.001677869134074560e-16
0.000000000000000000e+00
0.000000000000000000e+00
0.000000000000000000e+00
4.779766047549966097e-03
4.910412680191804380e-02
1.917550731931359498e-01
4.400318194180987130e-01
7.355011069290036119e-01
9.201970913405905783e-01
9.952202339524500729e-01
1.000000000000000000e+00
1.000000000000000000e+00
9.999999999999997780e-01
1.000000000000000000e+00
1.000000000000000000e+00
1.000000000000000000e+00
9.999999999999997780e-01
1.000000000000000000e+00
1.000000000000000000e+00
9.999999999999997780e-01
1.000000000000000000e+00
9.999999999999995559e-01
1.000000000000000000e+00
9.999999999999997780e-01
1.000000000000000000e+00
1.000000000000000000e+00
9.999999999999995559e-01
1.000000000000000000e+00
1.000000000000000000e+00
1.000000000000000000e+00
9.999999999999997780e-01
9.999999999999997780e-01
9.999999999999997780e-01
1.000000000000000000e+00
9.999999999999997780e-01
1.000000000000000000e+00
1.000000000000000000e+00
9.999999999999995559e-01
9.999999999999995559e-01
9.999999999999995559e-01
1.000000000000000000e+00
1.000000000000000000e+00
1.000000000000000000e+00
9.147986603910925885e-01
6.778128444370707939e-01
6.778128444370707939e-01
9.147986603910928105e-01
1.000000000000000000e+00
9.999999999999995559e-01
1.000000000000000000e+00
9.734521583171524828e-01
8.688801066364345571e-01
6.526521399840035098e-01
3.473478600159964902e-01
1.311198933635653874e-01
2.654784168284753457e-02
1.001677869134074560e-16
1.001677869134074560e-16
0.000000000000000000e+00
0.000000000000000000e+00
1.001677869134074560e-16
0.000000000000000000e+00
0.000000000000000000e+00
0.000000000000000000e+00
2.654784168284763518e-02
1.311198933635653874e-01
3.473478600159964347e-01
6.526521399840035098e-01
8.688801066364346681e-01
9.734521583171524828e-01
1.000000000000000000e+00
1.000000000000000000e+00
1.000000000000000000e+00
9.999999999999995559e-01
1.000000000000000000e+00
1.000000000000000000e+00
1.000000000000000000e+00
9.999999999999997780e-01
1.000000000000000000e+00
1.000000000000000000e+00
1.000000000000000000e+00
1.000000000000000000e+00
9.999999999999995559e-01
1.000000000000000000e+00
9.999999999999997780e-01
1.000000000000000000e+00
1.000000000000000000e+00
1.000000000000000000e+00
1.000000000000000000e+00
9.999999999999995559e-01
1.000000000000000000e+00
9.999999999999997780e-01
1.000000000000000000e+00
1.000000000000000000e+00
1.000000000000000000e+00
1.000000000000000000e+00
9.999999999999997780e-01
1.000000000000000000e+00
1.000000000000000000e+00
9.999999999999997780e-01
1.000000000000000000e+00
9.999999999999995559e-01
9.999999999999997780e-01
1.000000000000000000e+00
9.147986603910928105e-01
6.778128444370707939e-01
6.778128444370707939e-01
9.147986603910925885e-01
1.000000000000000000e+00
9.999999999999997780e-01
9.999999999999995559e-01
9.952202339524498509e-01
9.508958731980817758e-01
8.082449268068637727e-01
5.599681805819010094e-01
2.644988930709966102e-01
7.980290865940957434e-02
4.779766047549865483e-03
0.000000000000000000e+00
0.000000000000000000e+00
0.000000000000000000e+00
1.001677869134074560e-16
0.000000000000000000e+00
0.000000000000000000e+00
4.779766047549865483e-03
7.980290865940961598e-02
2.644988930709964436e-01
5.599681805819008984e-01
8.082449268068634396e-01
9.508958731980819978e-01
9.952202339524500729e-01
9.999999999999997780e-01
9.999999999999997780e-01
1.000000000000000000e+00
1.000000000000000000e+00
9.999999999999995559e-01
1.000000000000000000e+00
9.999999999999995559e-01
9.999999999999995559e-01
1.000000000000000000e+00
9.999999999999995559e-01
1.000000000000000000e+00
1.000000000000000000e+00
1.000000000000000000e+00
1.000000000000000000e+00
1.000000000000000000e+00
1.000000000000000000e+00
9.999999999999995559e-01
9.999999999999995559e-01
9.999999999999995559e-01
9.999999999999995559e-01
9.999999999999995559e-01
9.999999999999995559e-01
9.999999999999997780e-01
9.999999999999995559e-01
9.999999999999997780e-01
9.999999999999995559e-01
1.000000000000000000e+00
1.000000000000000000e+00
1.000000000000000000e+00
9.999999999999997780e-01
1.000000000000000000e+00
9.999999999999995559e-01
9.999999999999997780e-01
1.000000000000000000e+00
9.147986603910928105e-01
6.778128444370707939e-01
6.778128444370707939e-01
9.147986603910928105e-01
1.000000000000000000e+00
1.000000000000000000e+00
1.000000000000000000e+00
9.999999999999995559e-01
9.952202339524500729e-01
9.201970913405903563e-01
7.355011069290036119e-01
4.400318194180988240e-01
1.917550731931359498e-01
4.910412680191814788e-02
4.779766047549865483e-03
0.000000000000000000e+00
0.000000000000000000e+00
1.001677869134074560e-16
0.000000000000000000e+00
4.779766047549865483e-03
4.910412680191804380e-02
1.917550731931360608e-01
4.400318194180986020e-01
7.355011069290033898e-01
9.201970913405903563e-01
9.952202339524501840e-01
9.999999999999995559e-01
1.000000000000000000e+00
9.999999999999995559e-01
1.000000000000000000e+00
9.999999999999995559e-01
1.000000000000000000e+00
9.999999999999995559e-01
1.000000000000000000e+00
9.999999999999997780e-01
9.999999999999997780e-01
9.999999999999995559e-01
1.000000000000000000e+00
9.999999999999995559e-01
1.000000000000000000e+00
1.000000000000000000e+00
1.000000000000000000e+00
1.000000000000000000e+00
1.000000000000000000e+00
9.999999999999995559e-01
9.999999999999995559e-01
9.999999999999995559e-01
1.000000000000000000e+00
9.999999999999995559e-01
9.999999999999995559e-01
9.999999999999995559e-01
1.000000000000000000e+00
1.000000000000000000e+00
1.000000000000000000e+00
1.000000000000000000e+00
1.000000000000000000e+00
9.999999999999995559e-01
1.000000000000000000e+00
9.999999999999995559e-01
9.999999999999995559e-01
1.000000000000000000e+00
9.147986603910928105e-01
6.778128444370710159e-01
6.778128444370710159e-01
9.147986603910925885e-01
9.999999999999997780e-01
9.999999999999995559e-01
9.999999999999995559e-01
9.999999999999997780e-01
9.999999999999995559e-01
9.734521583171524828e-01
8.688801066364345571e-01
6.526521399840035098e-01
3.473478600159963237e-01
1.311198933635654151e-01
2.654784168284763518e-02
0.000000000000000000e+00
0.000000000000000000e+00
1.001677869134074560e-16
0.000000000000000000e+00
2.654784168284763518e-02
1.311198933635653874e-01
3.473478600159964902e-01
6.526521399840031767e-01
8.688801066364342240e-01
9.734521583171520387e-01
1.000000000000000000e+00
1.000000000000000000e+00
9.999999999999995559e-01
9.999999999999995559e-01
9.999999999999997780e-01
9.999999999999995559e-01
1.000000000000000000e+00
1.000000000000000000e+00
9.999999999999995559e-01
9.999999999999995559e-01
1.000000000000000000e+00
9.999999999999995559e-01
1.000000000000000000e+00
1.000000000000000000e+00
9.999999999999995559e-01
1.000000000000000000e+00
1.000000000000000000e+00
1.000000000000000000e+00
1.000000000000000000e+00
9.999999999999995559e-01
9.999999999999995559e-01
9.999999999999995559e-01
1.000000000000000000e+00
9.999999999999995559e-01
9.999999999999995559e-01
9.999999999999995559e-01
1.000000000000000000e+00
9.999999999999995559e-01
1.000000000000000000e+00
1.000000000000000000e+00
1.000000000000000000e+00
9.999999999999995559e-01
1.000000000000000000e+00
9.999999999999995559e-01
9.999999999999995559e-01
1.000000000000000000e+00
9.147986603910930326e-01
6.778128444370705719e-01
6.778128444370709049e-01
9.147986603910925885e-01
1.000000000000000000e+00
9.999999999999995559e-01
9.999999999999997780e-01
9.999999999999995559e-01
9.999999999999995559e-01
9.952202339524500729e-01
9.508958731980817758e-01
8.021616338923100997e-01
5.294600778582817524e-01
2.276400614987785231e-01
5.623222040981529918e-02
0.000000000000000000e+00
0.000000000000000000e+00
1.001677869134074560e-16
0.000000000000000000e+00
5.623222040981524367e-02
2.276400614987784676e-01
5.294600778582818634e-01
8.021616338923099887e-01
9.508958731980817758e-01
9.952202339524498509e-01
1.000000000000000000e+00
1.000000000000000000e+00
9.999999999999997780e-01
9.999999999999995559e-01
9.999999999999997780e-01
1.000000000000000000e+00
1.000000000000000000e+00
1.000000000000000000e+00
1.000000000000000000e+00
9.999999999999995559e-01
1.000000000000000000e+00
1.000000000000000000e+00
1.000000000000000000e+00
1.000000000000000000e+00
9.999999999999995559e-01
9.999999999999995559e-01
1.000000000000000000e+00
1.000000000000000000e+00
1.000000000000000000e+00
9.999999999999997780e-01
1.000000000000000000e+00
9.999999999999995559e-01
9.999999999999997780e-01
9.999999999999997780e-01
9.999999999999995559e-01
9.999999999999995559e-01
1.000000000000000000e+00
9.999999999999995559e-01
1.000000000000000000e+00
9.999999999999995559e-01
9.999999999999995559e-01
1.000000000000000000e+00
1.000000000000000000e+00
1.000000000000000000e+00
9.999999999999995559e-01
1.000000000000000000e+00
9.147986603910925885e-01
6.778128444370707939e-01
6.778128444370709049e-01
9.147986603910925885e-01
9.999999999999997780e-01
9.999999999999995559e-01
1.000000000000000000e+00
9.999999999999995559e-01
9.999999999999997780e-01
1.000000000000000000e+00
9.952202339524500729e-01
8.903050563197810741e-01
6.390162955636262687e-01
2.929952018977092232e-01
7.980290865940972700e-02
0.000000000000000000e+00
0.000000000000000000e+00
1.001677869134074560e-16
0.000000000000000000e+00
7.980290865940961598e-02
2.929952018977091677e-01
6.390162955636262687e-01
8.903050563197808520e-01
9.952202339524500729e-01
1.000000000000000000e+00
1.000000000000000000e+00
9.999999999999995559e-01
1.000000000000000000e+00
9.999999999999997780e-01
9.999999999999995559e-01
9.999999999999995559e-01
1.000000000000000000e+00
1.000000000000000000e+00
1.000000000000000000e+00
1.000000000000000000e+00
1.000000000000000000e+00
1.000000000000000000e+00
9.999999999999995559e-01
9.999999999999995559e-01
9.999999999999995559e-01
9.999999999999995559e-01
1.000000000000000000e+00
1.000000000000000000e+00
1.000000000000000000e+00
9.999999999999995559e-01
1.000000000000000000e+00
9.999999999999997780e-01
1.000000000000000000e+00
1.000000000000000000e+00
1.000000000000000000e+00
1.000000000000000000e+00
1.000000000000000000e+00
9.999999999999997780e-01
1.000000000000000000e+00
1.000000000000000000e+00
1.000000000000000000e+00
9.999999999999995559e-01
9.999999999999997780e-01
9.999999999999995559e-01
1.000000000000000000e+00
1.000000000000000000e+00
9.147986603910925885e-01
6.778128444370707939e-01
6.778128444370707939e-01
9.147986603910928105e-01
1.000000000000000000e+00
9.999999999999995559e-01
1.000000000000000000e+00
9.999999999999995559e-01
9.999999999999995559e-01
1.000000000000000000e+00
9.999999999999995559e-01
9.147986603910925885e-01
6.778128444370710159e-01
3.221871555629293171e-01
8.520133960890742542e-02
0.000000000000000000e+00
0.000000000000000000e+00
1.001677869134074560e-16
0.000000000000000000e+00
8.520133960890727276e-02
3.221871555629292061e-01
6.778128444370709049e-01
9.147986603910925885e-01
9.999999999999995559e-01
9.999999999999997780e-01
9.999999999999995559e-01
1.000000000000000000e+00
1.000000000000000000e+00
9.999999999999995559e-01
1.000000000000000000e+00
9.999999999999997780e-01
1.000000000000000000e+00
9.999999999999995559e-01
1.000000000000000000e+00
1.000000000000000000e+00
9.999999999999997780e-01
1.000000000000000000e+00
1.000000000000000000e+00
1.000000000000000000e+00
9.999999999999995559e-01
1.000000000000000000e+00
9.999999999999997780e-01
1.000000000000000000e+00
1.000000000000000000e+00
1.000000000000000000e+00
9.999999999999995559e-01
1.000000000000000000e+00
9.999999999999995559e-01
1.000000000000000000e+00
9.999999999999995559e-01
1.000000000000000000e+00
9.999999999999995559e-01
9.999999999999997780e-01
9.999999999999997780e-01
1.000000000000000000e+00
9.999999999999997780e-01
9.999999999999995559e-01
1.000000000000000000e+00
9.999999999999995559e-01
9.999999999999995559e-01
1.000000000000000000e+00
9.147986603910928105e-01
6.778128444370707939e-01
6.778128444370710159e-01
9.147986603910928105e-01
1.000000000000000000e+00
1.000000000000000000e+00
1.000000000000000000e+00
9.999999999999995559e-01
1.000000000000000000e+00
1.000000000000000000e+00
9.952202339524500729e-01
8.903050563197808520e-01
6.390162955636262687e-01
2.929952018977092232e-01
7.980290865940972700e-02
0.000000000000000000e+00
0.000000000000000000e+00
1.001677869134074560e-16
0.000000000000000000e+00
7.980290865940961598e-02
2.929952018977091677e-01
6.390162955636262687e-01
8.903050563197808520e-01
9.952202339524498509e-01
9.999999999999995559e-01
1.000000000000000000e+00
1.000000000000000000e+00
9.999999999999997780e-01
1.000000000000000000e+00
1.000000000000000000e+00
9.999999999999995559e-01
9.999999999999995559e-01
1.000000000000000000e+00
1.000000000000000000e+00
9.999999999999997780e-01
9.999999999999995559e-01
1.000000000000000000e+00
1.000000000000000000e+00
9.999999999999995559e-01
1.000000000000000000e+00
1.000000000000000000e+00
1.000000000000000000e+00
1.000000000000000000e+00
1.000000000000000000e+00
1.000000000000000000e+00
9.999999999999997780e-01
1.000000000000000000e+00
9.999999999999995559e-01
9.999999999999997780e-01
9.999999999999995559e-01
1.000000000000000000e+00
1.000000000000000000e+00
9.999999999999995559e-01
1.000000000000000000e+00
1.000000000000000000e+00
1.000000000000000000e+00
9.999999999999995559e-01
1.000000000000000000e+00
1.000000000000000000e+00
9.999999999999995559e-01
1.000000000000000000e+00
9.147986603910930326e-01
6.778128444370707939e-01
6.778128444370705719e-01
9.147986603910925885e-01
1.000000000000000000e+00
1.000000000000000000e+00
9.999999999999997780e-01
9.999999999999995559e-01
9.999999999999995559e-01
9.952202339524500729e-01
9.508958731980817758e-01
8.021616338923100997e-01
5.294600778582818634e-01
2.276400614987785787e-01
5.623222040981539632e-02
0.000000000000000000e+00
0.000000000000000000e+00
1.001677869134074560e-16
0.000000000000000000e+00
5.623222040981524367e-02
2.276400614987785231e-01
5.294600778582819744e-01
8.021616338923100997e-01
9.508958731980817758e-01
9.952202339524500729e-01
1.000000000000000000e+00
1.000000000000000000e+00
9.999999999999995559e-01
1.000000000000000000e+00
9.999999999999995559e-01
1.000000000000000000e+00
9.999999999999997780e-01
9.999999999999995559e-01
9.999999999999997780e-01
1.000000000000000000e+00
1.000000000000000000e+00
1.000000000000000000e+00
1.000000000000000000e+00
9.999999999999995559e-01
9.999999999999995559e-01
1.000000000000000000e+00
1.000000000000000000e+00
9.999999999999995559e-01
9.999999999999995559e-01
1.000000000000000000e+00
1.000000000000000000e+00
9.999999999999995559e-01
9.999999999999995559e-01
9.999999999999995559e-01
1.000000000000000000e+00
9.999999999999997780e-01
1.000000000000000000e+00
9.999999999999995559e-01
1.000000000000000000e+00
1.000000000000000000e+00
9.999999999999995559e-01
9.999999999999995559e-01
9.999999999999997780e-01
9.999999999999995559e-01
9.999999999999997780e-01
1.000000000000000000e+00
9.147986603910925885e-01
6.778128444370707939e-01
6.778128444370710159e-01
9.147986603910925885e-01
1.000000000000000000e+00
9.999999999999995559e-01
1.000000000000000000e+00
9.999999999999997780e-01
9.999999999999995559e-01
9.734521583171524828e-01
8.688801066364346681e-01
6.526521399840035098e-01
3.473478600159964347e-01
1.311198933635653874e-01
2.654784168284763518e-02
0.000000000000000000e+00
0.000000000000000000e+00
0.000000000000000000e+00
0.000000000000000000e+00
2.654784168284763518e-02
1.311198933635653874e-01
3.473478600159964902e-01
6.526521399840032878e-01
8.688801066364342240e-01
9.734521583171524828e-01
1.000000000000000000e+00
1.000000000000000000e+00
1.000000000000000000e+00
1.000000000000000000e+00
1.000000000000000000e+00
1.000000000000000000e+00
9.999999999999997780e-01
1.000000000000000000e+00
9.999999999999997780e-01
9.999999999999995559e-01
1.000000000000000000e+00
1.000000000000000000e+00
1.000000000000000000e+00
9.999999999999995559e-01
9.999999999999995559e-01
9.999999999999997780e-01
1.000000000000000000e+00
1.000000000000000000e+00
9.999999999999995559e-01
9.999999999999995559e-01
9.999999999999995559e-01
9.999999999999995559e-01
9.999999999999995559e-01
1.000000000000000000e+00
9.999999999999995559e-01
9.999999999999997780e-01
9.999999999999995559e-01
1.000000000000000000e+00
1.000000000000000000e+00
9.999999999999997780e-01
9.999999999999997780e-01
9.999999999999995559e-01
1.000000000000000000e+00
9.999999999999995559e-01
9.999999999999995559e-01
9.999999999999995559e-01
9.147986603910925885e-01
6.778128444370707939e-01
6.778128444370707939e-01
9.147986603910928105e-01
9.999999999999997780e-01
1.000000000000000000e+00
9.999999999999997780e-01
1.000000000000000000e+00
9.952202339524500729e-01
9.201970913405903563e-01
7.355011069290036119e-01
4.400318194180987685e-01
1.917550731931360608e-01
4.910412680191814788e-02
4.779766047549865483e-03
0.000000000000000000e+00
0.000000000000000000e+00
0.000000000000000000e+00
0.000000000000000000e+00
4.779766047549865483e-03
4.910412680191814788e-02
1.917550731931361441e-01
4.400318194180988240e-01
7.355011069290036119e-01
9.201970913405901342e-01
9.952202339524500729e-01
1.000000000000000000e+00
9.999999999999997780e-01
1.000000000000000000e+00
9.999999999999995559e-01
1.000000000000000000e+00
9.999999999999997780e-01
1.000000000000000000e+00
9.999999999999995559e-01
1.000000000000000000e+00
9.999999999999995559e-01
9.999999999999995559e-01
1.000000000000000000e+00
1.000000000000000000e+00
9.999999999999997780e-01
1.000000000000000000e+00
1.000000000000000000e+00
1.000000000000000000e+00
1.000000000000000000e+00
9.999999999999995559e-01
1.000000000000000000e+00
9.999999999999995559e-01
9.999999999999997780e-01
9.999999999999995559e-01
9.999999999999997780e-01
9.999999999999995559e-01
1.000000000000000000e+00
9.999999999999995559e-01
1.000000000000000000e+00
1.000000000000000000e+00
1.000000000000000000e+00
1.000000000000000000e+00
1.000000000000000000e+00
9.999999999999995559e-01
9.999999999999995559e-01
1.000000000000000000e+00
9.147986603910928105e-01
6.778128444370710159e-01
6.778128444370707939e-01
9.147986603910925885e-01
1.000000000000000000e+00
1.000000000000000000e+00
1.000000000000000000e+00
9.952202339524500729e-01
9.508958731980817758e-01
8.082449268068638837e-01
5.599681805819013425e-01
2.644988930709964992e-01
7.980290865940957434e-02
4.779766047549865483e-03
1.001677869134074560e-16
0.000000000000000000e+00
0.000000000000000000e+00
0.000000000000000000e+00
0.000000000000000000e+00
0.000000000000000000e+00
4.779766047549966097e-03
7.980290865940961598e-02
2.644988930709965547e-01
5.599681805819013425e-01
8.082449268068637727e-01
9.508958731980817758e-01
9.952202339524500729e-01
9.999999999999997780e-01
1.000000000000000000e+00
1.000000000000000000e+00
9.999999999999997780e-01
1.000000000000000000e+00
9.999999999999995559e-01
1.000000000000000000e+00
1.000000000000000000e+00
1.000000000000000000e+00
1.000000000000000000e+00
1.000000000000000000e+00
9.999999999999997780e-01
1.000000000000000000e+00
1.000000000000000000e+00
1.000000000000000000e+00
1.000000000000000000e+00
1.000000000000000000e+00
1.000000000000000000e+00
1.000000000000000000e+00
9.999999999999995559e-01
9.999999999999995559e-01
9.999999999999997780e-01
1.000000000000000000e+00
1.000000000000000000e+00
9.999999999999997780e-01
9.999999999999995559e-01
1.000000000000000000e+00
1.000000000000000000e+00
9.999999999999995559e-01
1.000000000000000000e+00
1.000000000000000000e+00
9.999999999999997780e-01
1.000000000000000000e+00
1.000000000000000000e+00
9.147986603910928105e-01
6.778128444370710159e-01
6.778128444370710159e-01
9.147986603910925885e-01
1.000000000000000000e+00
1.000000000000000000e+00
1.000000000000000000e+00
9.734521583171520387e-01
8.688801066364342240e-01
6.526521399840036208e-01
3.473478600159964902e-01
1.311198933635653874e-01
2.654784168284763518e-02
1.001677869134074560e-16
1.001677869134074560e-16
0.000000000000000000e+00
0.000000000000000000e+00
0.000000000000000000e+00
0.000000000000000000e+00
0.000000000000000000e+00
1.001677869134074560e-16
2.654784168284763518e-02
1.311198933635652208e-01
3.473478600159964347e-01
6.526521399840035098e-01
8.688801066364346681e-01
9.734521583171524828e-01
1.000000000000000000e+00
1.000000000000000000e+00
9.999999999999995559e-01
9.999999999999995559e-01
1.000000000000000000e+00
1.000000000000000000e+00
1.000000000000000000e+00
9.999999999999997780e-01
1.000000000000000000e+00
1.000000000000000000e+00
1.000000000000000000e+00
1.000000000000000000e+00
1.000000000000000000e+00
1.000000000000000000e+00
1.000000000000000000e+00
9.999999999999995559e-01
9.999999999999995559e-01
9.999999999999995559e-01
9.999999999999997780e-01
1.000000000000000000e+00
9.999999999999995559e-01
9.999999999999995559e-01
9.999999999999995559e-01
9.999999999999995559e-01
1.000000000000000000e+00
9.999999999999995559e-01
9.999999999999995559e-01
1.000000000000000000e+00
1.000000000000000000e+00
1.000000000000000000e+00
1.000000000000000000e+00
9.999999999999997780e-01
1.000000000000000000e+00
1.000000000000000000e+00
9.147986603910928105e-01
6.778128444370704608e-01
6.778128444370710159e-01
9.147986603910928105e-01
1.000000000000000000e+00
1.000000000000000000e+00
9.952202339524500729e-01
9.201970913405903563e-01
7.355011069290036119e-01
4.400318194180988240e-01
1.917550731931361441e-01
4.910412680191814788e-02
4.779766047549865483e-03
1.001677869134074560e-16
1.001677869134074560e-16
0.000000000000000000e+00
0.000000000000000000e+00
0.000000000000000000e+00
0.000000000000000000e+00
0.000000000000000000e+00
1.001677869134074560e-16
4.779766047549966097e-03
4.910412680191814788e-02
1.917550731931361441e-01
4.400318194180988240e-01
7.355011069290036119e-01
9.201970913405905783e-01
9.952202339524500729e-01
1.000000000000000000e+00
1.000000000000000000e+00
9.999999999999997780e-01
9.999999999999997780e-01
1.000000000000000000e+00
1.000000000000000000e+00
1.000000000000000000e+00
1.000000000000000000e+00
1.000000000000000000e+00
1.000000000000000000e+00
1.000000000000000000e+00
1.000000000000000000e+00
1.000000000000000000e+00
9.999999999999997780e-01
1.000000000000000000e+00
1.000000000000000000e+00
1.000000000000000000e+00
1.000000000000000000e+00
1.000000000000000000e+00
1.000000000000000000e+00
1.000000000000000000e+00
9.999999999999995559e-01
9.999999999999995559e-01
1.000000000000000000e+00
1.000000000000000000e+00
1.000000000000000000e+00
1.000000000000000000e+00
9.999999999999995559e-01
1.000000000000000000e+00
1.000000000000000000e+00
9.999999999999995559e-01
9.999999999999995559e-01
1.000000000000000000e+00
9.147986603910928105e-01
6.778128444370705719e-01
6.778128444370707939e-01
9.147986603910925885e-01
9.999999999999997780e-01
9.952202339524500729e-01
9.508958731980817758e-01
8.082449268068638837e-01
5.599681805819010094e-01
2.644988930709965547e-01
7.980290865940957434e-02
4.779766047549865483e-03
0.000000000000000000e+00
1.001677869134074560e-16
1.001677869134074560e-16
0.000000000000000000e+00
0.000000000000000000e+00
0.000000000000000000e+00
0.000000000000000000e+00
0.000000000000000000e+00
1.001677869134074560e-16
1.001677869134074560e-16
4.779766047549865483e-03
7.980290865940961598e-02
2.644988930709964436e-01
5.599681805819013425e-01
8.082449268068639947e-01
9.508958731980817758e-01
9.952202339524500729e-01
9.999999999999997780e-01
9.999999999999997780e-01
1.000000000000000000e+00
1.000000000000000000e+00
1.000000000000000000e+00
1.000000000000000000e+00
1.000000000000000000e+00
1.000000000000000000e+00
1.000000000000000000e+00
9.999999999999997780e-01
9.999999999999995559e-01
1.000000000000000000e+00
9.999999999999995559e-01
9.999999999999995559e-01
9.999999999999997780e-01
1.000000000000000000e+00
1.000000000000000000e+00
9.999999999999995559e-01
9.999999999999997780e-01
9.999999999999997780e-01
9.999999999999997780e-01
1.000000000000000000e+00
1.000000000000000000e+00
9.999999999999997780e-01
9.999999999999995559e-01
1.000000000000000000e+00
1.000000000000000000e+00
1.000000000000000000e+00
1.000000000000000000e+00
9.999999999999997780e-01
1.000000000000000000e+00
1.000000000000000000e+00
9.147986603910925885e-01
6.778128444370704608e-01
6.778128444370707939e-01
9.147986603910925885e-01
9.999999999999997780e-01
9.734521583171520387e-01
8.688801066364346681e-01
6.526521399840036208e-01
3.473478600159963237e-01
1.311198933635652208e-01
2.654784168284753457e-02
0.000000000000000000e+00
0.000000000000000000e+00
1.001677869134074560e-16
1.001677869134074560e-16
0.000000000000000000e+00
0.000000000000000000e+00
0.000000000000000000e+00
0.000000000000000000e+00
0.000000000000000000e+00
1.001677869134074560e-16
1.001677869134074560e-16
0.000000000000000000e+00
2.654784168284753457e-02
1.311198933635652208e-01
3.473478600159964902e-01
6.526521399840037319e-01
8.688801066364348902e-01
9.734521583171520387e-01
9.999999999999995559e-01
9.999999999999995559e-01
9.999999999999997780e-01
9.999999999999997780e-01
1.000000000000000000e+00
9.999999999999997780e-01
1.000000000000000000e+00
1.000000000000000000e+00
9.999999999999995559e-01
9.999999999999995559e-01
9.999999999999995559e-01
9.999999999999995559e-01
1.000000000000000000e+00
9.999999999999997780e-01
9.999999999999995559e-01
9.999999999999995559e-01
9.999999999999995559e-01
9.999999999999995559e-01
1.000000000000000000e+00
9.999999999999995559e-01
9.999999999999995559e-01
9.999999999999997780e-01
1.000000000000000000e+00
9.999999999999997780e-01
1.000000000000000000e+00
9.999999999999997780e-01
9.999999999999997780e-01
1.000000000000000000e+00
1.000000000000000000e+00
9.999999999999995559e-01
1.000000000000000000e+00
1.000000000000000000e+00
9.147986603910925885e-01
6.778128444370709049e-01
6.778128444370707939e-01
9.147986603910928105e-01
9.952202339524501840e-01
9.201970913405905783e-01
7.355011069290033898e-01
4.400318194180986575e-01
1.917550731931360608e-01
4.910412680191814788e-02
4.779766047549865483e-03
0.000000000000000000e+00
1.001677869134074560e-16
1.001677869134074560e-16
1.001677869134074560e-16
0.000000000000000000e+00
1.001677869134074560e-16
0.000000000000000000e+00
0.000000000000000000e+00
1.001677869134074560e-16
1.001677869134074560e-16
1.001677869134074560e-16
0.000000000000000000e+00
4.779766047549865483e-03
4.910412680191804380e-02
1.917550731931361441e-01
4.400318194180990461e-01
7.355011069290036119e-01
9.201970913405905783e-01
9.952202339524500729e-01
1.000000000000000000e+00
1.000000000000000000e+00
1.000000000000000000e+00
1.000000000000000000e+00
1.000000000000000000e+00
1.000000000000000000e+00
1.000000000000000000e+00
1.000000000000000000e+00
9.999999999999997780e-01
9.999999999999995559e-01
9.999999999999995559e-01
1.000000000000000000e+00
9.999999999999995559e-01
1.000000000000000000e+00
9.999999999999992228e-01
1.000000000000000000e+00
1.000000000000000000e+00
1.000000000000000000e+00
1.000000000000000000e+00
9.999999999999995559e-01
9.999999999999995559e-01
1.000000000000000000e+00
9.999999999999995559e-01
1.000000000000000000e+00
9.999999999999997780e-01
1.000000000000000000e+00
1.000000000000000000e+00
1.000000000000000000e+00
1.000000000000000000e+00
9.999999999999997780e-01
9.999999999999995559e-01
9.147986603910925885e-01
6.778128444370707939e-01
6.778128444370707939e-01
9.093623038235489897e-01
9.508958731980822199e-01
8.082449268068637727e-01
5.599681805819010094e-01
2.644988930709965547e-01
7.980290865940961598e-02
4.779766047549865483e-03
1.001677869134074560e-16
0.000000000000000000e+00
1.001677869134074560e-16
1.001677869134074560e-16
1.001677869134074560e-16
0.000000000000000000e+00
1.001677869134074560e-16
0.000000000000000000e+00
0.000000000000000000e+00
1.001677869134074560e-16
1.001677869134074560e-16
1.001677869134074560e-16
0.000000000000000000e+00
0.000000000000000000e+00
4.779766047549865483e-03
7.980290865940961598e-02
2.644988930709966102e-01
5.599681805819010094e-01
8.082449268068637727e-01
9.508958731980817758e-01
9.952202339524500729e-01
9.999999999999995559e-01
9.999999999999997780e-01
1.000000000000000000e+00
1.000000000000000000e+00
9.999999999999997780e-01
1.000000000000000000e+00
1.000000000000000000e+00
9.999999999999995559e-01
1.000000000000000000e+00
1.000000000000000000e+00
1.000000000000000000e+00
9.999999999999995559e-01
9.999999999999995559e-01
1.000000000000000000e+00
1.000000000000000000e+00
1.000000000000000000e+00
9.999999999999997780e-01
1.000000000000000000e+00
9.999999999999997780e-01
9.999999999999995559e-01
9.999999999999995559e-01
9.999999999999995559e-01
1.000000000000000000e+00
1.000000000000000000e+00
1.000000000000000000e+00
9.999999999999995559e-01
1.000000000000000000e+00
1.000000000000000000e+00
9.999999999999995559e-01
1.000000000000000000e+00
9.147986603910925885e-01
6.778128444370707939e-01
6.712004614076562126e-01
8.593203566705591712e-01
8.349415615402877577e-01
6.227816602462939999e-01
3.406838179985692272e-01
1.311198933635652208e-01
2.654784168284763518e-02
1.001677869134074560e-16
0.000000000000000000e+00
0.000000000000000000e+00
1.001677869134074560e-16
1.001677869134074560e-16
1.001677869134074560e-16
0.000000000000000000e+00
1.001677869134074560e-16
0.000000000000000000e+00
0.000000000000000000e+00
1.001677869134074560e-16
1.001677869134074560e-16
1.001677869134074560e-16
0.000000000000000000e+00
0.000000000000000000e+00
0.000000000000000000e+00
2.654784168284763518e-02
1.311198933635654706e-01
3.406838179985692827e-01
6.227816602462939999e-01
8.349415615402877577e-01
9.508958731980817758e-01
9.952202339524500729e-01
9.999999999999995559e-01
1.000000000000000000e+00
1.000000000000000000e+00
9.999999999999995559e-01
9.999999999999995559e-01
9.999999999999995559e-01
1.000000000000000000e+00
9.999999999999995559e-01
9.999999999999995559e-01
9.999999999999997780e-01
9.999999999999997780e-01
9.999999999999995559e-01
9.999999999999995559e-01
1.000000000000000000e+00
1.000000000000000000e+00
9.999999999999997780e-01
1.000000000000000000e+00
9.999999999999997780e-01
9.999999999999995559e-01
9.999999999999995559e-01
9.999999999999995559e-01
9.999999999999995559e-01
9.999999999999997780e-01
9.999999999999995559e-01
1.000000000000000000e+00
9.999999999999995559e-01
9.999999999999997780e-01
9.999999999999997780e-01
1.000000000000000000e+00
9.147986603910925885e-01
6.778128444370709049e-01
6.415361159628013565e-01
7.684578898313594308e-01
6.593161820014311614e-01
3.772183397537058336e-01
1.650584384597120480e-01
4.910412680191804380e-02
4.779766047549865483e-03
1.001677869134074560e-16
0.000000000000000000e+00
0.000000000000000000e+00
1.001677869134074560e-16
1.001677869134074560e-16
1.001677869134074560e-16
0.000000000000000000e+00
1.001677869134074560e-16
0.000000000000000000e+00
0.000000000000000000e+00
1.001677869134074560e-16
1.001677869134074560e-16
1.001677869134074560e-16
1.001677869134074560e-16
0.000000000000000000e+00
1.001677869134074560e-16
4.779766047549865483e-03
4.910412680191819645e-02
1.650584384597122423e-01
3.772183397537058336e-01
6.593161820014308283e-01
8.688801066364342240e-01
9.734521583171524828e-01
9.999999999999995559e-01
1.000000000000000000e+00
9.999999999999997780e-01
9.999999999999995559e-01
1.000000000000000000e+00
1.000000000000000000e+00
1.000000000000000000e+00
9.999999999999997780e-01
1.000000000000000000e+00
1.000000000000000000e+00
1.000000000000000000e+00
9.999999999999997780e-01
1.000000000000000000e+00
1.000000000000000000e+00
9.999999999999995559e-01
1.000000000000000000e+00
9.999999999999997780e-01
1.000000000000000000e+00
1.000000000000000000e+00
9.999999999999995559e-01
9.999999999999997780e-01
1.000000000000000000e+00
1.000000000000000000e+00
1.000000000000000000e+00
1.000000000000000000e+00
1.000000000000000000e+00
1.000000000000000000e+00
9.999999999999995559e-01
9.999999999999997780e-01
9.147986603910928105e-01
6.778128444370707939e-01
5.320393196910073730e-01
5.951886639254567735e-01
4.331963550509536076e-01
1.917550731931359498e-01
4.910412680191789114e-02
4.779766047549765737e-03
0.000000000000000000e+00
0.000000000000000000e+00
0.000000000000000000e+00
0.000000000000000000e+00
0.000000000000000000e+00
1.001677869134074560e-16
0.000000000000000000e+00
0.000000000000000000e+00
1.001677869134074560e-16
0.000000000000000000e+00
0.000000000000000000e+00
1.001677869134074560e-16
1.001677869134074560e-16
0.000000000000000000e+00
0.000000000000000000e+00
0.000000000000000000e+00
0.000000000000000000e+00
0.000000000000000000e+00
4.779766047549865483e-03
4.910412680191814788e-02
1.917550731931361441e-01
4.331963550509535521e-01
7.002355668157098645e-01
8.571452073333944988e-01
9.147986603910925885e-01
9.147986603910925885e-01
9.147986603910925885e-01
9.147986603910925885e-01
9.147986603910928105e-01
9.147986603910925885e-01
9.147986603910925885e-01
9.147986603910923664e-01
9.147986603910925885e-01
9.147986603910928105e-01
9.147986603910925885e-01
9.147986603910925885e-01
9.147986603910925885e-01
9.147986603910925885e-01
9.147986603910928105e-01
9.147986603910923664e-01
9.147986603910928105e-01
9.147986603910925885e-01
9.147986603910925885e-01
9.147986603910928105e-01
9.147986603910925885e-01
9.147986603910928105e-01
9.147986603910925885e-01
9.147986603910925885e-01
9.147986603910925885e-01
9.147986603910923664e-01
9.147986603910925885e-01
9.147986603910925885e-01
9.147986603910925885e-01
8.250497194938124501e-01
6.022358069891102783e-01
3.590630026359180049e-01
3.822910778671810839e-01
2.362573362776307917e-01
7.980290865940947720e-02
4.779766047549865483e-03
0.000000000000000000e+00
0.000000000000000000e+00
0.000000000000000000e+00
0.000000000000000000e+00
0.000000000000000000e+00
0.000000000000000000e+00
0.000000000000000000e+00
0.000000000000000000e+00
0.000000000000000000e+00
1.001677869134074560e-16
0.000000000000000000e+00
0.000000000000000000e+00
1.001677869134074560e-16
1.001677869134074560e-16
1.001677869134074560e-16
0.000000000000000000e+00
0.000000000000000000e+00
0.000000000000000000e+00
0.000000000000000000e+00
0.000000000000000000e+00
4.779766047549966097e-03
7.980290865940957434e-02
2.362573362776307362e-01
4.591376985391660281e-01
6.090110297782979076e-01
6.778128444370707939e-01
6.778128444370707939e-01
6.778128444370705719e-01
6.778128444370707939e-01
6.778128444370709049e-01
6.778128444370707939e-01
6.778128444370705719e-01
6.778128444370705719e-01
6.778128444370704608e-01
6.778128444370704608e-01
6.778128444370707939e-01
6.778128444370703498e-01
6.778128444370704608e-01
6.778128444370704608e-01
6.778128444370704608e-01
6.778128444370709049e-01
6.778128444370707939e-01
6.778128444370704608e-01
6.778128444370705719e-01
6.778128444370703498e-01
6.778128444370703498e-01
6.778128444370704608e-01
6.778128444370707939e-01
6.778128444370709049e-01
6.778128444370707939e-01
6.778128444370709049e-01
6.778128444370707939e-01
6.778128444370707939e-01
6.778128444370707939e-01
6.022358069891103893e-01
4.286727118128538794e-01
