5.832304005737185584e-17
5.832304005737185584e-17
5.832304005737185584e-17
5.832304005737185584e-17
0.000000000000000000e+00
5.145439412230990578e-03
2.842609167000809817e-02
8.442636678011036788e-02
1.986400491424728243e-01
3.521786586515829875e-01
5.284452951057722059e-01
6.345474873401089067e-01
6.723726735886877970e-01
6.723726735886877970e-01
6.723726735886881301e-01
6.723726735886880190e-01
6.723726735886881301e-01
6.723726735886877970e-01
6.345474873401089067e-01
5.284452951057722059e-01
3.521786586515829875e-01
1.986400491424728243e-01
8.442636678011047890e-02
2.842609167000815715e-02
5.145439412231049559e-03
5.832304005737185584e-17
5.832304005737185584e-17
5.832304005737185584e-17
0.000000000000000000e+00
3.041899549255174667e-02
1.196640847667939517e-01
2.884321338172357030e-01
4.696561221168728539e-01
6.078725563263877030e-01
6.659125375248667877e-01
6.723726735886880190e-01
6.723726735886877970e-01
6.723726735886877970e-01
6.723726735886875749e-01
6.345474873401087956e-01
5.284452951057724279e-01
3.456837516296452639e-01
1.717639048810570002e-01
5.230145507752636397e-02
5.145439412230990578e-03
5.832304005737185584e-17
5.145439412230990578e-03
5.230145507752636397e-02
1.717639048810570557e-01
3.456837516296452639e-01
5.284452951057722059e-01
6.345474873401087956e-01
6.723726735886877970e-01
6.723726735886877970e-01
6.723726735886881301e-01
6.723726735886881301e-01
6.659125375248667877e-01
6.078725563263877030e-01
4.696561221168727984e-01
2.884321338172357030e-01
1.196640847667937713e-01
5.832304005737185584e-17
5.832304005737185584e-17
0.000000000000000000e+00
5.832304005737185584e-17
5.145439412230874351e-03
5.230145507752624601e-02
1.372939653005400551e-01
2.709848183640095054e-01
4.420772257548520878e-01
6.478213413484168459e-01
7.952625801402093408e-01
8.846611016695121732e-01
9.099652469359883478e-01
9.099652469359883478e-01
9.099652469359884588e-01
9.099652469359883478e-01
9.099652469359883478e-01
9.099652469359885698e-01
8.846611016695121732e-01
7.952625801402093408e-01
6.478213413484167349e-01
4.420772257548520878e-01
2.709848183640095609e-01
1.372939653005401661e-01
5.230145507752636397e-02
5.145439412231049559e-03
0.000000000000000000e+00
0.000000000000000000e+00
0.000000000000000000e+00
2.314514455335334175e-02
1.058284706370735823e-01
2.733606108804668144e-01
5.149330937701114275e-01
7.250694451281499697e-01
8.529598890844780623e-01
9.043291652520545343e-01
9.099652469359880147e-01
9.099652469359882367e-01
9.099652469359883478e-01
8.846611016695118401e-01
7.952625801402090078e-01
6.187693257809109282e-01
3.746881365004763875e-01
1.717639048810570557e-01
5.230145507752636397e-02
1.032156514541930810e-02
5.230145507752636397e-02
1.717639048810570002e-01
3.746881365004764985e-01
6.187693257809109282e-01
7.952625801402088968e-01
8.846611016695119512e-01
9.099652469359883478e-01
9.099652469359882367e-01
9.099652469359882367e-01
9.043291652520545343e-01
8.529598890844780623e-01
7.250694451281499697e-01
5.149330937701114275e-01
2.733606108804668144e-01
1.058284706370735267e-01
5.832304005737185584e-17
5.832304005737185584e-17
5.145439412230990578e-03
2.842609167000798021e-02
8.442636678011036788e-02
1.986400491424726578e-01
3.521786586515829320e-01
5.579227742451475791e-01
7.290151816359903281e-01
8.627060346994599449e-01
9.476985449224734070e-01
9.948545605877691100e-01
9.999999999999996669e-01
9.999999999999997780e-01
1.000000000000000000e+00
9.999999999999997780e-01
9.999999999999997780e-01
9.999999999999997780e-01
9.948545605877689990e-01
9.476985449224734070e-01
8.627060346994596118e-01
7.290151816359905501e-01
5.579227742451479122e-01
3.521786586515830431e-01
1.986400491424728243e-01
8.442636678011047890e-02
2.842609167000792122e-02
5.145439412230874351e-03
5.832304005737185584e-17
5.145439412231049559e-03
5.230145507752642642e-02
1.717639048810570557e-01
3.812306742190890163e-01
6.543162483703547361e-01
8.627060346994598339e-01
9.715739083299919088e-01
1.000000000000000000e+00
1.000000000000000000e+00
9.999999999999997780e-01
9.948545605877685549e-01
9.476985449224737401e-01
8.282360951189428055e-01
6.187693257809109282e-01
3.456837516296453749e-01
1.372939653005400551e-01
5.774386340556025149e-02
1.372939653005400551e-01
3.456837516296453749e-01
6.187693257809112612e-01
8.282360951189428055e-01
9.476985449224737401e-01
9.948545605877685549e-01
1.000000000000000000e+00
9.999999999999997780e-01
1.000000000000000000e+00
9.715739083299919088e-01
8.627060346994599449e-01
6.543162483703547361e-01
3.812306742190889053e-01
1.717639048810566949e-01
5.230145507752630846e-02
5.832304005737185584e-17
5.832304005737185584e-17
2.842609167000798021e-02
1.036882560654499436e-01
2.430370915978065927e-01
4.354677282395456039e-01
6.478213413484166239e-01
8.013599508575272035e-01
9.155736332198898264e-01
9.715739083299917977e-01
9.948545605877691100e-01
1.000000000000000000e+00
9.999999999999997780e-01
1.000000000000000000e+00
9.999999999999997780e-01
1.000000000000000000e+00
1.000000000000000000e+00
9.999999999999997780e-01
9.999999999999997780e-01
9.948545605877689990e-01
9.715739083299917977e-01
9.155736332198896044e-01
8.013599508575272035e-01
6.478213413484168459e-01
4.354677282395457150e-01
2.430370915978068425e-01
1.036882560654498880e-01
2.842609167000803919e-02
0.000000000000000000e+00
0.000000000000000000e+00
5.145439412230990578e-03
5.230145507752613498e-02
1.986400491424728243e-01
4.420772257548523099e-01
7.290151816359901060e-01
9.155736332198899374e-01
9.948545605877688880e-01
9.999999999999997780e-01
9.999999999999997780e-01
1.000000000000000000e+00
9.948545605877691100e-01
9.422561365944398526e-01
7.678561292358602186e-01
4.897981930421565488e-01
2.070350761904768411e-01
1.117598521911548765e-01
2.070350761904768411e-01
4.897981930421565488e-01
7.678561292358602186e-01
9.422561365944397416e-01
9.948545605877689990e-01
1.000000000000000000e+00
1.000000000000000000e+00
9.999999999999997780e-01
9.948545605877689990e-01
9.155736332198899374e-01
7.290151816359903281e-01
4.420772257548521988e-01
1.986400491424728243e-01
5.230145507752630846e-02
5.145439412230990578e-03
5.832304005737185584e-17
5.145439412231049559e-03
8.442636678011036788e-02
2.430370915978066759e-01
4.900522336676897406e-01
7.007230033850592177e-01
8.627060346994596118e-01
9.476985449224737401e-01
9.948545605877689990e-01
1.000000000000000000e+00
9.999999999999997780e-01
1.000000000000000000e+00
1.000000000000000000e+00
1.000000000000000000e+00
1.000000000000000000e+00
1.000000000000000000e+00
1.000000000000000000e+00
1.000000000000000000e+00
9.999999999999997780e-01
9.999999999999997780e-01
9.999999999999997780e-01
9.948545605877685549e-01
9.476985449224737401e-01
8.627060346994599449e-01
7.007230033850595508e-01
4.900522336676900181e-01
2.430370915978067592e-01
8.442636678011036788e-02
5.145439412230990578e-03
0.000000000000000000e+00
1.749691201721155675e-16
5.145439412231049559e-03
8.442636678011018747e-02
2.709848183640095609e-01
5.579227742451475791e-01
8.013599508575272035e-01
9.476985449224737401e-01
9.948545605877685549e-01
1.000000000000000000e+00
9.999999999999997780e-01
1.000000000000000000e+00
9.662629526334656216e-01
8.036463032176445198e-01
5.193250081760885095e-01
2.131621672763061304e-01
1.117598521911548209e-01
2.131621672763061304e-01
5.193250081760885095e-01
8.036463032176446308e-01
9.662629526334659547e-01
1.000000000000000000e+00
9.999999999999997780e-01
1.000000000000000000e+00
9.948545605877685549e-01
9.476985449224738511e-01
8.013599508575269814e-01
5.579227742451478012e-01
2.709848183640095609e-01
8.442636678011031237e-02
5.145439412230990578e-03
0.000000000000000000e+00
5.145439412231165785e-03
5.230145507752619050e-02
1.986400491424729631e-01
4.354677282395456039e-01
7.007230033850595508e-01
8.825003766000985017e-01
9.715739083299920198e-01
9.948545605877689990e-01
1.000000000000000000e+00
9.999999999999997780e-01
1.000000000000000000e+00
1.000000000000000000e+00
9.999999999999997780e-01
1.000000000000000000e+00
1.000000000000000000e+00
1.000000000000000000e+00
1.000000000000000000e+00
1.000000000000000000e+00
1.000000000000000000e+00
1.000000000000000000e+00
9.999999999999997780e-01
1.000000000000000000e+00
9.948545605877689990e-01
9.715739083299920198e-01
8.825003766000986127e-01
7.007230033850596618e-01
4.354677282395454929e-01
1.986400491424729631e-01
5.230145507752636397e-02
5.145439412230990578e-03
0.000000000000000000e+00
1.749691201721155675e-16
2.842609167000792122e-02
1.372939653005399441e-01
3.456837516296454305e-01
6.187693257809112612e-01
8.282360951189426945e-01
9.476985449224737401e-01
9.948545605877689990e-01
9.999999999999997780e-01
9.948545605877691100e-01
9.155736332198896044e-01
7.226896253280284954e-01
4.126909302023776815e-01
1.635519448491160599e-01
5.774386340556019598e-02
1.635519448491160599e-01
4.126909302023776815e-01
7.226896253280289395e-01
9.155736332198896044e-01
9.948545605877689990e-01
9.999999999999997780e-01
9.948545605877691100e-01
9.476985449224737401e-01
8.282360951189428055e-01
6.187693257809112612e-01
3.456837516296454305e-01
1.372939653005402216e-01
2.842609167000798021e-02
0.000000000000000000e+00
0.000000000000000000e+00
2.842609167000803919e-02
1.372939653005401661e-01
3.521786586515829875e-01
6.478213413484168459e-01
8.627060346994599449e-01
9.715739083299919088e-01
9.999999999999997780e-01
1.000000000000000000e+00
1.000000000000000000e+00
1.000000000000000000e+00
9.999999999999997780e-01
1.000000000000000000e+00
1.000000000000000000e+00
1.000000000000000000e+00
1.000000000000000000e+00
1.000000000000000000e+00
1.000000000000000000e+00
9.999999999999997780e-01
1.000000000000000000e+00
9.999999999999997780e-01
9.999999999999997780e-01
1.000000000000000000e+00
9.999999999999997780e-01
1.000000000000000000e+00
9.715739083299920198e-01
8.627060346994601669e-01
6.478213413484168459e-01
3.521786586515829875e-01
1.372939653005400551e-01
2.842609167000815715e-02
1.749691201721155675e-16
5.832304005737185584e-17
5.145439412230816238e-03
5.230145507752642642e-02
1.717639048810570002e-01
3.812306742190891273e-01
6.543162483703547361e-01
8.627060346994596118e-01
9.715739083299915757e-01
9.948545605877691100e-01
9.476985449224737401e-01
8.013599508575272035e-01
5.579227742451474681e-01
2.709848183640094499e-01
8.442636678011036788e-02
1.032156514541930810e-02
8.442636678011036788e-02
2.709848183640094499e-01
5.579227742451476901e-01
8.013599508575269814e-01
9.476985449224734070e-01
9.948545605877691100e-01
9.715739083299920198e-01
8.627060346994596118e-01
6.543162483703547361e-01
3.812306742190891273e-01
1.717639048810570002e-01
5.230145507752630846e-02
5.145439412230990578e-03
0.000000000000000000e+00
5.832304005737185584e-17
8.442636678011047890e-02
2.709848183640095054e-01
5.579227742451479122e-01
8.013599508575272035e-01
9.476985449224732960e-01
9.948545605877691100e-01
9.999999999999997780e-01
1.000000000000000000e+00
9.999999999999997780e-01
1.000000000000000000e+00
9.999999999999996669e-01
1.000000000000000000e+00
9.999999999999997780e-01
1.000000000000000000e+00
1.000000000000000000e+00
1.000000000000000000e+00
9.999999999999997780e-01
1.000000000000000000e+00
9.999999999999997780e-01
9.999999999999997780e-01
9.999999999999997780e-01
1.000000000000000000e+00
1.000000000000000000e+00
9.999999999999997780e-01
9.948545605877691100e-01
9.476985449224737401e-01
8.013599508575272035e-01
5.579227742451478012e-01
2.709848183640094499e-01
8.442636678011002094e-02
5.145439412231049559e-03
0.000000000000000000e+00
5.832304005737185584e-17
5.145439412230990578e-03
5.230145507752624601e-02
1.986400491424725467e-01
4.420772257548521988e-01
7.290151816359903281e-01
9.099652469359883478e-01
9.422561365944398526e-01
8.282360951189431386e-01
6.187693257809112612e-01
3.456837516296452639e-01
1.372939653005400551e-01
2.842609167000803919e-02
0.000000000000000000e+00
2.842609167000803919e-02
1.372939653005400551e-01
3.456837516296451529e-01
6.187693257809112612e-01
8.282360951189431386e-01
9.422561365944395195e-01
9.099652469359883478e-01
7.290151816359906611e-01
4.420772257548521988e-01
1.986400491424726578e-01
5.230145507752636397e-02
5.145439412230816238e-03
1.749691201721155675e-16
1.749691201721155675e-16
0.000000000000000000e+00
1.986400491424727688e-01
4.420772257548525874e-01
7.290151816359905501e-01
9.155736332198898264e-01
9.948545605877689990e-01
1.000000000000000000e+00
9.999999999999997780e-01
1.000000000000000000e+00
1.000000000000000000e+00
9.999999999999997780e-01
1.000000000000000000e+00
1.000000000000000000e+00
1.000000000000000000e+00
1.000000000000000000e+00
1.000000000000000000e+00
1.000000000000000000e+00
1.000000000000000000e+00
1.000000000000000000e+00
9.999999999999997780e-01
1.000000000000000000e+00
9.999999999999997780e-01
1.000000000000000000e+00
1.000000000000000000e+00
9.999999999999997780e-01
1.000000000000000000e+00
9.948545605877691100e-01
9.155736332198896044e-01
7.290151816359903281e-01
4.420772257548518658e-01
1.986400491424722414e-01
5.230145507752642642e-02
5.145439412230990578e-03
0.000000000000000000e+00
0.000000000000000000e+00
5.145439412230874351e-03
8.442636678011042339e-02
2.773103746719710050e-01
5.873090697976219854e-01
8.036463032176447419e-01
8.304841221274669172e-01
6.543162483703547361e-01
3.812306742190887388e-01
1.717639048810570002e-01
5.230145507752636397e-02
5.145439412230990578e-03
5.832304005737185584e-17
5.145439412230990578e-03
5.230145507752630846e-02
1.717639048810570002e-01
3.812306742190889053e-01
6.543162483703547361e-01
8.304841221274668062e-01
8.036463032176450749e-01
5.873090697976220964e-01
2.773103746719712270e-01
8.442636678011042339e-02
5.145439412230874351e-03
5.832304005737185584e-17
0.000000000000000000e+00
0.000000000000000000e+00
0.000000000000000000e+00
3.521786586515832651e-01
6.478213413484170680e-01
8.627060346994600559e-01
9.715739083299920198e-01
9.999999999999997780e-01
9.999999999999997780e-01
1.000000000000000000e+00
1.000000000000000000e+00
1.000000000000000000e+00
1.000000000000000000e+00
1.000000000000000000e+00
1.000000000000000000e+00
9.999999999999996669e-01
9.999999999999997780e-01
9.999999999999997780e-01
9.999999999999997780e-01
9.999999999999996669e-01
9.999999999999997780e-01
1.000000000000000000e+00
1.000000000000000000e+00
9.999999999999997780e-01
1.000000000000000000e+00
1.000000000000000000e+00
1.000000000000000000e+00
9.999999999999997780e-01
1.000000000000000000e+00
9.715739083299919088e-01
8.627060346994598339e-01
6.478213413484167349e-01
3.521786586515830431e-01
1.372939653005402216e-01
2.842609167000786571e-02
0.000000000000000000e+00
0.000000000000000000e+00
0.000000000000000000e+00
2.842609167000798021e-02
1.695158778725330551e-01
4.420772257548521988e-01
6.879128211607373755e-01
6.943253901194370581e-01
4.715547048942279607e-01
2.047374198597908812e-01
5.230145507752630846e-02
5.145439412231049559e-03
5.832304005737185584e-17
5.832304005737185584e-17
5.832304005737185584e-17
5.145439412230990578e-03
5.230145507752630846e-02
2.047374198597909367e-01
4.715547048942278496e-01
6.943253901194367250e-01
6.879128211607373755e-01
4.420772257548521988e-01
1.695158778725329995e-01
2.842609167000815715e-02
0.000000000000000000e+00
0.000000000000000000e+00
0.000000000000000000e+00
5.832304005737185584e-17
0.000000000000000000e+00
5.284452951057722059e-01
7.952625801402088968e-01
9.476985449224737401e-01
9.948545605877692211e-01
9.999999999999996669e-01
9.999999999999997780e-01
1.000000000000000000e+00
1.000000000000000000e+00
1.000000000000000000e+00
9.999999999999997780e-01
1.000000000000000000e+00
1.000000000000000000e+00
1.000000000000000000e+00
1.000000000000000000e+00
1.000000000000000000e+00
1.000000000000000000e+00
1.000000000000000000e+00
1.000000000000000000e+00
1.000000000000000000e+00
1.000000000000000000e+00
9.999999999999997780e-01
1.000000000000000000e+00
9.999999999999997780e-01
1.000000000000000000e+00
1.000000000000000000e+00
9.999999999999997780e-01
9.948545605877689990e-01
9.476985449224737401e-01
7.952625801402090078e-01
5.284452951057722059e-01
2.344762602832689280e-01
5.979720201216753850e-02
0.000000000000000000e+00
0.000000000000000000e+00
0.000000000000000000e+00
5.145439412230874351e-03
1.153388983304878546e-01
3.654525126598910933e-01
5.988358567936121757e-01
5.988358567936121757e-01
3.654525126598913709e-01
1.153388983304877435e-01
5.145439412230990578e-03
5.832304005737185584e-17
5.832304005737185584e-17
1.749691201721155675e-16
5.832304005737185584e-17
5.832304005737185584e-17
5.145439412231049559e-03
1.153388983304879101e-01
3.654525126598912599e-01
5.988358567936117316e-01
5.988358567936122867e-01
3.654525126598912044e-01
1.153388983304878546e-01
5.145439412231049559e-03
0.000000000000000000e+00
0.000000000000000000e+00
0.000000000000000000e+00
0.000000000000000000e+00
0.000000000000000000e+00
6.345474873401089067e-01
8.846611016695121732e-01
9.948545605877689990e-01
1.000000000000000000e+00
1.000000000000000000e+00
1.000000000000000000e+00
1.000000000000000000e+00
9.999999999999997780e-01
1.000000000000000000e+00
9.999999999999997780e-01
1.000000000000000000e+00
1.000000000000000000e+00
9.999999999999997780e-01
9.999999999999997780e-01
1.000000000000000000e+00
1.000000000000000000e+00
9.999999999999997780e-01
9.999999999999997780e-01
1.000000000000000000e+00
1.000000000000000000e+00
9.999999999999997780e-01
9.999999999999997780e-01
1.000000000000000000e+00
1.000000000000000000e+00
1.000000000000000000e+00
1.000000000000000000e+00
9.999999999999997780e-01
9.948545605877688880e-01
8.846611016695122842e-01
6.345474873401090177e-01
2.990322168824895988e-01
8.442636678011018747e-02
0.000000000000000000e+00
0.000000000000000000e+00
0.000000000000000000e+00
0.000000000000000000e+00
9.003475306401158285e-02
3.276273264113119810e-01
5.628923183658606222e-01
5.628923183658605112e-01
3.276273264113119810e-01
9.003475306401158285e-02
0.000000000000000000e+00
5.832304005737185584e-17
5.832304005737185584e-17
1.749691201721155675e-16
5.832304005737185584e-17
5.832304005737185584e-17
5.832304005737185584e-17
9.003475306401169387e-02
3.276273264113119810e-01
5.628923183658602891e-01
5.628923183658607332e-01
3.276273264113120920e-01
9.003475306401163836e-02
5.832304005737185584e-17
0.000000000000000000e+00
0.000000000000000000e+00
0.000000000000000000e+00
0.000000000000000000e+00
0.000000000000000000e+00
6.723726735886877970e-01
9.099652469359882367e-01
1.000000000000000000e+00
1.000000000000000000e+00
1.000000000000000000e+00
1.000000000000000000e+00
1.000000000000000000e+00
1.000000000000000000e+00
1.000000000000000000e+00
1.000000000000000000e+00
9.999999999999997780e-01
1.000000000000000000e+00
1.000000000000000000e+00
1.000000000000000000e+00
1.000000000000000000e+00
1.000000000000000000e+00
1.000000000000000000e+00
1.000000000000000000e+00
1.000000000000000000e+00
1.000000000000000000e+00
1.000000000000000000e+00
1.000000000000000000e+00
1.000000000000000000e+00
9.999999999999997780e-01
1.000000000000000000e+00
1.000000000000000000e+00
1.000000000000000000e+00
1.000000000000000000e+00
9.099652469359882367e-01
6.723726735886877970e-01
3.276273264113120920e-01
9.003475306401158285e-02
0.000000000000000000e+00
0.000000000000000000e+00
5.832304005737185584e-17
0.000000000000000000e+00
9.003475306401163836e-02
3.276273264113119810e-01
5.628923183658605112e-01
5.628923183658605112e-01
3.276273264113122030e-01
9.003475306401152733e-02
0.000000000000000000e+00
5.832304005737185584e-17
5.832304005737185584e-17
5.832304005737185584e-17
5.832304005737185584e-17
5.832304005737185584e-17
1.749691201721155675e-16
9.003475306401169387e-02
3.276273264113119810e-01
5.628923183658602891e-01
5.628923183658605112e-01
3.276273264113119810e-01
9.003475306401158285e-02
5.832304005737185584e-17
0.000000000000000000e+00
0.000000000000000000e+00
0.000000000000000000e+00
0.000000000000000000e+00
0.000000000000000000e+00
6.723726735886877970e-01
9.099652469359883478e-01
9.999999999999997780e-01
9.999999999999997780e-01
1.000000000000000000e+00
9.999999999999996669e-01
1.000000000000000000e+00
1.000000000000000000e+00
1.000000000000000000e+00
1.000000000000000000e+00
1.000000000000000000e+00
1.000000000000000000e+00
1.000000000000000000e+00
1.000000000000000000e+00
1.000000000000000000e+00
1.000000000000000000e+00
1.000000000000000000e+00
1.000000000000000000e+00
9.999999999999997780e-01
1.000000000000000000e+00
1.000000000000000000e+00
9.999999999999997780e-01
9.999999999999997780e-01
9.999999999999997780e-01
9.999999999999997780e-01
1.000000000000000000e+00
9.999999999999996669e-01
9.999999999999995559e-01
9.099652469359879037e-01
6.723726735886875749e-01
3.276273264113119810e-01
9.003475306401152733e-02
0.000000000000000000e+00
0.000000000000000000e+00
5.832304005737185584e-17
5.832304005737185584e-17
9.003475306401163836e-02
3.276273264113118699e-01
5.628923183658604001e-01
5.628923183658606222e-01
3.276273264113120920e-01
9.003475306401158285e-02
0.000000000000000000e+00
5.832304005737185584e-17
0.000000000000000000e+00
5.832304005737185584e-17
5.832304005737185584e-17
5.832304005737185584e-17
5.832304005737185584e-17
9.003475306401169387e-02
3.276273264113119810e-01
5.628923183658602891e-01
5.628923183658605112e-01
3.276273264113119810e-01
9.003475306401163836e-02
1.749691201721155675e-16
0.000000000000000000e+00
0.000000000000000000e+00
0.000000000000000000e+00
0.000000000000000000e+00
0.000000000000000000e+00
6.723726735886877970e-01
9.099652469359884588e-01
1.000000000000000000e+00
1.000000000000000000e+00
1.000000000000000000e+00
1.000000000000000000e+00
1.000000000000000000e+00
9.999999999999997780e-01
1.000000000000000000e+00
9.999999999999997780e-01
1.000000000000000000e+00
1.000000000000000000e+00
1.000000000000000000e+00
9.999999999999997780e-01
9.999999999999997780e-01
1.000000000000000000e+00
1.000000000000000000e+00
9.999999999999997780e-01
1.000000000000000000e+00
1.000000000000000000e+00
9.999999999999997780e-01
1.000000000000000000e+00
9.999999999999997780e-01
9.999999999999997780e-01
1.000000000000000000e+00
1.000000000000000000e+00
1.000000000000000000e+00
9.999999999999997780e-01
9.099652469359882367e-01
6.723726735886877970e-01
3.276273264113119810e-01
9.003475306401169387e-02
0.000000000000000000e+00
0.000000000000000000e+00
0.000000000000000000e+00
0.000000000000000000e+00
9.003475306401163836e-02
3.276273264113119810e-01
5.628923183658605112e-01
5.628923183658602891e-01
3.276273264113122030e-01
9.003475306401152733e-02
0.000000000000000000e+00
5.832304005737185584e-17
0.000000000000000000e+00
5.832304005737185584e-17
5.832304005737185584e-17
5.832304005737185584e-17
5.832304005737185584e-17
9.003475306401163836e-02
3.276273264113119810e-01
5.628923183658602891e-01
5.628923183658605112e-01
3.276273264113119810e-01
9.003475306401163836e-02
1.749691201721155675e-16
0.000000000000000000e+00
0.000000000000000000e+00
0.000000000000000000e+00
0.000000000000000000e+00
0.000000000000000000e+00
6.723726735886877970e-01
9.099652469359882367e-01
1.000000000000000000e+00
1.000000000000000000e+00
1.000000000000000000e+00
9.999999999999997780e-01
1.000000000000000000e+00
1.000000000000000000e+00
1.000000000000000000e+00
9.999999999999997780e-01
1.000000000000000000e+00
1.000000000000000000e+00
1.000000000000000000e+00
1.000000000000000000e+00
1.000000000000000000e+00
1.000000000000000000e+00
1.000000000000000000e+00
1.000000000000000000e+00
1.000000000000000000e+00
1.000000000000000000e+00
1.000000000000000000e+00
9.999999999999997780e-01
1.000000000000000000e+00
1.000000000000000000e+00
9.999999999999997780e-01
1.000000000000000000e+00
9.999999999999996669e-01
1.000000000000000000e+00
9.099652469359882367e-01
6.723726735886877970e-01
3.276273264113118699e-01
9.003475306401163836e-02
0.000000000000000000e+00
0.000000000000000000e+00
5.832304005737185584e-17
0.000000000000000000e+00
9.003475306401163836e-02
3.276273264113119810e-01
5.628923183658606222e-01
5.628923183658605112e-01
3.276273264113122030e-01
9.003475306401152733e-02
0.000000000000000000e+00
5.832304005737185584e-17
5.832304005737185584e-17
5.832304005737185584e-17
5.832304005737185584e-17
5.832304005737185584e-17
5.832304005737185584e-17
9.003475306401169387e-02
3.276273264113120920e-01
5.628923183658602891e-01
5.628923183658605112e-01
3.276273264113120920e-01
9.003475306401152733e-02
5.832304005737185584e-17
0.000000000000000000e+00
0.000000000000000000e+00
0.000000000000000000e+00
0.000000000000000000e+00
0.000000000000000000e+00
6.723726735886877970e-01
9.099652469359882367e-01
9.999999999999997780e-01
9.999999999999997780e-01
1.000000000000000000e+00
9.999999999999997780e-01
1.000000000000000000e+00
9.999999999999997780e-01
9.999999999999997780e-01
9.999999999999995559e-01
1.000000000000000000e+00
9.999999999999997780e-01
9.999999999999997780e-01
1.000000000000000000e+00
9.999999999999997780e-01
1.000000000000000000e+00
1.000000000000000000e+00
9.999999999999997780e-01
9.999999999999996669e-01
1.000000000000000000e+00
9.999999999999996669e-01
1.000000000000000000e+00
1.000000000000000000e+00
1.000000000000000000e+00
1.000000000000000000e+00
1.000000000000000000e+00
1.000000000000000000e+00
9.999999999999997780e-01
9.099652469359880147e-01
6.723726735886877970e-01
3.276273264113119810e-01
9.003475306401158285e-02
0.000000000000000000e+00
0.000000000000000000e+00
5.832304005737185584e-17
5.832304005737185584e-17
9.003475306401163836e-02
3.276273264113120920e-01
5.628923183658602891e-01
5.628923183658604001e-01
3.276273264113122030e-01
9.003475306401158285e-02
0.000000000000000000e+00
5.832304005737185584e-17
5.832304005737185584e-17
5.832304005737185584e-17
5.832304005737185584e-17
5.832304005737185584e-17
5.832304005737185584e-17
9.003475306401169387e-02
3.276273264113119810e-01
5.628923183658601781e-01
5.628923183658605112e-01
3.276273264113122030e-01
9.003475306401158285e-02
1.749691201721155675e-16
0.000000000000000000e+00
0.000000000000000000e+00
0.000000000000000000e+00
0.000000000000000000e+00
0.000000000000000000e+00
6.723726735886877970e-01
9.099652469359883478e-01
1.000000000000000000e+00
1.000000000000000000e+00
1.000000000000000000e+00
1.000000000000000000e+00
1.000000000000000000e+00
9.999999999999997780e-01
1.000000000000000000e+00
1.000000000000000000e+00
9.999999999999997780e-01
9.999999999999997780e-01
1.000000000000000000e+00
1.000000000000000000e+00
1.000000000000000000e+00
1.000000000000000000e+00
1.000000000000000000e+00
1.000000000000000000e+00
9.999999999999997780e-01
1.000000000000000000e+00
1.000000000000000000e+00
9.999999999999997780e-01
1.000000000000000000e+00
9.999999999999997780e-01
1.000000000000000000e+00
1.000000000000000000e+00
9.999999999999997780e-01
1.000000000000000000e+00
9.099652469359880147e-01
6.723726735886880190e-01
3.276273264113119810e-01
9.003475306401163836e-02
0.000000000000000000e+00
0.000000000000000000e+00
1.749691201721155675e-16
5.832304005737185584e-17
9.003475306401163836e-02
3.276273264113119810e-01
5.628923183658605112e-01
5.628923183658602891e-01
3.276273264113120920e-01
9.003475306401158285e-02
0.000000000000000000e+00
0.000000000000000000e+00
5.832304005737185584e-17
5.832304005737185584e-17
5.832304005737185584e-17
5.832304005737185584e-17
5.832304005737185584e-17
9.003475306401174938e-02
3.276273264113119810e-01
5.628923183658600671e-01
5.628923183658604001e-01
3.276273264113122030e-01
9.003475306401158285e-02
1.749691201721155675e-16
0.000000000000000000e+00
0.000000000000000000e+00
5.832304005737185584e-17
0.000000000000000000e+00
0.000000000000000000e+00
6.345474873401085736e-01
8.846611016695122842e-01
9.948545605877689990e-01
1.000000000000000000e+00
1.000000000000000000e+00
1.000000000000000000e+00
9.999999999999997780e-01
1.000000000000000000e+00
1.000000000000000000e+00
9.999999999999997780e-01
1.000000000000000000e+00
1.000000000000000000e+00
9.999999999999997780e-01
9.999999999999997780e-01
9.999999999999997780e-01
1.000000000000000000e+00
9.999999999999997780e-01
9.999999999999997780e-01
1.000000000000000000e+00
1.000000000000000000e+00
9.999999999999997780e-01
9.999999999999997780e-01
9.999999999999997780e-01
9.999999999999997780e-01
9.999999999999997780e-01
1.000000000000000000e+00
1.000000000000000000e+00
9.948545605877688880e-01
8.846611016695116181e-01
6.345474873401087956e-01
2.990322168824895988e-01
8.442636678011036788e-02
0.000000000000000000e+00
0.000000000000000000e+00
1.749691201721155675e-16
1.749691201721155675e-16
9.003475306401169387e-02
3.276273264113119810e-01
5.628923183658606222e-01
5.628923183658602891e-01
3.276273264113120920e-01
9.003475306401158285e-02
0.000000000000000000e+00
5.832304005737185584e-17
5.832304005737185584e-17
5.832304005737185584e-17
5.832304005737185584e-17
5.832304005737185584e-17
5.832304005737185584e-17
9.003475306401169387e-02
3.276273264113120920e-01
5.628923183658601781e-01
5.628923183658605112e-01
3.276273264113120920e-01
9.003475306401169387e-02
1.749691201721155675e-16
0.000000000000000000e+00
0.000000000000000000e+00
0.000000000000000000e+00
0.000000000000000000e+00
0.000000000000000000e+00
5.284452951057719838e-01
7.952625801402092298e-01
9.476985449224734070e-01
9.948545605877689990e-01
9.999999999999997780e-01
9.999999999999996669e-01
9.999999999999997780e-01
9.999999999999997780e-01
1.000000000000000000e+00
9.999999999999997780e-01
9.999999999999997780e-01
1.000000000000000000e+00
9.999999999999997780e-01
9.999999999999997780e-01
1.000000000000000000e+00
1.000000000000000000e+00
1.000000000000000000e+00
1.000000000000000000e+00
1.000000000000000000e+00
9.999999999999997780e-01
9.999999999999997780e-01
9.999999999999997780e-01
1.000000000000000000e+00
1.000000000000000000e+00
9.999999999999995559e-01
1.000000000000000000e+00
9.948545605877689990e-01
9.476985449224737401e-01
7.952625801402090078e-01
5.284452951057720949e-01
2.344762602832690390e-01
5.979720201216788544e-02
0.000000000000000000e+00
0.000000000000000000e+00
0.000000000000000000e+00
5.145439412230990578e-03
1.153388983304878546e-01
3.654525126598912599e-01
5.988358567936121757e-01
5.988358567936122867e-01
3.654525126598913709e-01
1.153388983304878546e-01
5.145439412230990578e-03
5.832304005737185584e-17
5.832304005737185584e-17
1.749691201721155675e-16
5.832304005737185584e-17
5.832304005737185584e-17
5.145439412230990578e-03
1.153388983304880905e-01
3.654525126598913154e-01
5.988358567936119536e-01
5.988358567936122867e-01
3.654525126598913154e-01
1.153388983304877990e-01
5.145439412231165785e-03
0.000000000000000000e+00
0.000000000000000000e+00
0.000000000000000000e+00
0.000000000000000000e+00
0.000000000000000000e+00
3.521786586515829320e-01
6.478213413484166239e-01
8.627060346994596118e-01
9.715739083299920198e-01
1.000000000000000000e+00
9.999999999999996669e-01
9.999999999999997780e-01
9.999999999999997780e-01
9.999999999999997780e-01
9.999999999999997780e-01
9.999999999999997780e-01
1.000000000000000000e+00
1.000000000000000000e+00
1.000000000000000000e+00
1.000000000000000000e+00
1.000000000000000000e+00
1.000000000000000000e+00
1.000000000000000000e+00
1.000000000000000000e+00
1.000000000000000000e+00
9.999999999999997780e-01
9.999999999999997780e-01
9.999999999999997780e-01
9.999999999999997780e-01
9.999999999999997780e-01
1.000000000000000000e+00
9.715739083299920198e-01
8.627060346994596118e-01
6.478213413484165129e-01
3.521786586515829320e-01
1.372939653005398886e-01
2.842609167000803919e-02
0.000000000000000000e+00
0.000000000000000000e+00
0.000000000000000000e+00
2.842609167000803919e-02
1.695158778725329995e-01
4.420772257548520878e-01
6.879128211607373755e-01
6.943253901194370581e-01
4.715547048942279051e-01
2.047374198597908812e-01
5.230145507752624601e-02
5.145439412230990578e-03
5.832304005737185584e-17
5.832304005737185584e-17
5.832304005737185584e-17
5.145439412230990578e-03
5.230145507752624601e-02
2.047374198597908812e-01
4.715547048942277941e-01
6.943253901194372801e-01
6.879128211607375976e-01
4.420772257548520878e-01
1.695158778725328885e-01
2.842609167000815715e-02
0.000000000000000000e+00
0.000000000000000000e+00
5.832304005737185584e-17
0.000000000000000000e+00
0.000000000000000000e+00
1.986400491424728243e-01
4.420772257548521988e-01
7.290151816359902170e-01
9.155736332198899374e-01
9.948545605877689990e-01
9.999999999999997780e-01
9.999999999999997780e-01
9.999999999999995559e-01
1.000000000000000000e+00
9.999999999999996669e-01
1.000000000000000000e+00
1.000000000000000000e+00
1.000000000000000000e+00
1.000000000000000000e+00
1.000000000000000000e+00
1.000000000000000000e+00
9.999999999999997780e-01
1.000000000000000000e+00
9.999999999999997780e-01
1.000000000000000000e+00
9.999999999999995559e-01
1.000000000000000000e+00
9.999999999999997780e-01
1.000000000000000000e+00
9.999999999999996669e-01
9.948545605877689990e-01
9.155736332198898264e-01
7.290151816359902170e-01
4.420772257548516992e-01
1.986400491424727688e-01
5.230145507752624601e-02
5.145439412230990578e-03
0.000000000000000000e+00
0.000000000000000000e+00
5.145439412231049559e-03
8.442636678011031237e-02
2.773103746719710605e-01
5.873090697976220964e-01
8.036463032176447419e-01
8.304841221274668062e-01
6.543162483703545140e-01
3.812306742190887388e-01
1.717639048810568614e-01
5.230145507752630846e-02
5.145439412230990578e-03
5.832304005737185584e-17
5.145439412231049559e-03
5.230145507752630846e-02
1.717639048810570002e-01
3.812306742190889053e-01
6.543162483703546251e-01
8.304841221274668062e-01
8.036463032176448529e-01
5.873090697976220964e-01
2.773103746719711160e-01
8.442636678011036788e-02
5.145439412230874351e-03
0.000000000000000000e+00
5.832304005737185584e-17
0.000000000000000000e+00
0.000000000000000000e+00
8.442636678011036788e-02
2.709848183640094499e-01
5.579227742451474681e-01
8.013599508575274255e-01
9.476985449224734070e-01
9.948545605877688880e-01
9.999999999999997780e-01
9.999999999999997780e-01
9.999999999999997780e-01
9.999999999999996669e-01
1.000000000000000000e+00
1.000000000000000000e+00
9.999999999999997780e-01
9.999999999999997780e-01
9.999999999999997780e-01
9.999999999999997780e-01
1.000000000000000000e+00
9.999999999999997780e-01
9.999999999999997780e-01
1.000000000000000000e+00
9.999999999999997780e-01
9.999999999999997780e-01
1.000000000000000000e+00
9.999999999999997780e-01
9.948545605877689990e-01
9.476985449224737401e-01
8.013599508575272035e-01
5.579227742451474681e-01
2.709848183640093389e-01
8.442636678011031237e-02
5.145439412230874351e-03
0.000000000000000000e+00
0.000000000000000000e+00
5.145439412230874351e-03
5.230145507752619050e-02
1.986400491424726023e-01
4.420772257548521988e-01
7.290151816359903281e-01
9.099652469359882367e-01
9.422561365944397416e-01
8.282360951189431386e-01
6.187693257809109282e-01
3.456837516296450419e-01
1.372939653005400551e-01
2.842609167000803919e-02
5.832304005737185584e-17
2.842609167000809817e-02
1.372939653005400551e-01
3.456837516296452639e-01
6.187693257809109282e-01
8.282360951189428055e-01
9.422561365944394085e-01
9.099652469359882367e-01
7.290151816359903281e-01
4.420772257548521988e-01
1.986400491424726578e-01
5.230145507752613498e-02
5.145439412230874351e-03
0.000000000000000000e+00
0.000000000000000000e+00
0.000000000000000000e+00
2.842609167000821266e-02
1.372939653005402216e-01
3.521786586515832651e-01
6.478213413484170680e-01
8.627060346994598339e-01
9.715739083299919088e-01
1.000000000000000000e+00
9.999999999999996669e-01
1.000000000000000000e+00
9.999999999999997780e-01
1.000000000000000000e+00
9.999999999999997780e-01
9.999999999999997780e-01
1.000000000000000000e+00
1.000000000000000000e+00
9.999999999999997780e-01
1.000000000000000000e+00
9.999999999999997780e-01
9.999999999999997780e-01
1.000000000000000000e+00
1.000000000000000000e+00
1.000000000000000000e+00
9.999999999999997780e-01
1.000000000000000000e+00
9.715739083299920198e-01
8.627060346994601669e-01
6.478213413484168459e-01
3.521786586515828765e-01
1.372939653005398331e-01
2.842609167000798021e-02
0.000000000000000000e+00
5.832304005737185584e-17
5.145439412231049559e-03
5.230145507752624601e-02
1.717639048810568614e-01
3.812306742190889053e-01
6.543162483703545140e-01
8.627060346994596118e-01
9.715739083299919088e-01
9.948545605877689990e-01
9.476985449224737401e-01
8.013599508575272035e-01
5.579227742451474681e-01
2.709848183640094499e-01
8.442636678011031237e-02
1.032156514541936708e-02
8.442636678011036788e-02
2.709848183640094499e-01
5.579227742451478012e-01
8.013599508575272035e-01
9.476985449224734070e-01
9.948545605877689990e-01
9.715739083299917977e-01
8.627060346994596118e-01
6.543162483703545140e-01
3.812306742190889053e-01
1.717639048810568614e-01
5.230145507752624601e-02
5.145439412231049559e-03
0.000000000000000000e+00
0.000000000000000000e+00
5.145439412231049559e-03
5.230145507752630846e-02
1.986400491424726023e-01
4.354677282395459925e-01
7.007230033850595508e-01
8.825003766000985017e-01
9.715739083299919088e-01
9.948545605877691100e-01
1.000000000000000000e+00
1.000000000000000000e+00
1.000000000000000000e+00
9.999999999999996669e-01
9.999999999999997780e-01
9.999999999999997780e-01
9.999999999999997780e-01
1.000000000000000000e+00
1.000000000000000000e+00
9.999999999999997780e-01
9.999999999999995559e-01
1.000000000000000000e+00
1.000000000000000000e+00
9.999999999999997780e-01
9.948545605877691100e-01
9.715739083299920198e-01
8.825003766000986127e-01
7.007230033850597728e-01
4.354677282395461035e-01
1.986400491424726023e-01
5.230145507752619050e-02
5.145439412230990578e-03
5.832304005737185584e-17
5.832304005737185584e-17
2.842609167000792122e-02
1.372939653005399441e-01
3.456837516296452639e-01
6.187693257809109282e-01
8.282360951189424725e-01
9.476985449224737401e-01
9.948545605877689990e-01
9.999999999999997780e-01
9.948545605877691100e-01
9.155736332198896044e-01
7.226896253280288285e-01
4.126909302023776815e-01
1.635519448491160599e-01
5.774386340556025149e-02
1.635519448491162264e-01
4.126909302023776815e-01
7.226896253280289395e-01
9.155736332198896044e-01
9.948545605877689990e-01
1.000000000000000000e+00
9.948545605877689990e-01
9.476985449224737401e-01
8.282360951189426945e-01
6.187693257809112612e-01
3.456837516296450974e-01
1.372939653005400551e-01
2.842609167000815715e-02
5.832304005737185584e-17
5.832304005737185584e-17
5.832304005737185584e-17
5.145439412231049559e-03
8.442636678011054829e-02
2.430370915978068425e-01
4.900522336676899626e-01
7.007230033850595508e-01
8.627060346994599449e-01
9.476985449224734070e-01
9.948545605877689990e-01
9.999999999999997780e-01
9.999999999999997780e-01
9.999999999999997780e-01
1.000000000000000000e+00
1.000000000000000000e+00
9.999999999999997780e-01
1.000000000000000000e+00
9.999999999999997780e-01
9.999999999999997780e-01
9.999999999999997780e-01
9.999999999999997780e-01
9.999999999999997780e-01
9.948545605877688880e-01
9.476985449224737401e-01
8.627060346994599449e-01
7.007230033850595508e-01
4.900522336676901847e-01
2.430370915978066482e-01
8.442636678011054829e-02
5.145439412230816238e-03
0.000000000000000000e+00
0.000000000000000000e+00
5.145439412230874351e-03
8.442636678011025686e-02
2.709848183640093389e-01
5.579227742451475791e-01
8.013599508575272035e-01
9.476985449224734070e-01
9.948545605877689990e-01
1.000000000000000000e+00
1.000000000000000000e+00
1.000000000000000000e+00
9.662629526334659547e-01
8.036463032176447419e-01
5.193250081760885095e-01
2.131621672763061304e-01
1.117598521911548765e-01
2.131621672763062414e-01
5.193250081760885095e-01
8.036463032176447419e-01
9.662629526334661767e-01
1.000000000000000000e+00
9.999999999999997780e-01
1.000000000000000000e+00
9.948545605877688880e-01
9.476985449224737401e-01
8.013599508575272035e-01
5.579227742451475791e-01
2.709848183640095054e-01
8.442636678011025686e-02
5.145439412231049559e-03
5.832304005737185584e-17
0.000000000000000000e+00
0.000000000000000000e+00
2.842609167000803919e-02
1.036882560654498325e-01
2.430370915978065927e-01
4.354677282395456595e-01
6.478213413484171790e-01
8.013599508575267594e-01
9.155736332198898264e-01
9.715739083299919088e-01
9.948545605877688880e-01
9.999999999999997780e-01
9.999999999999997780e-01
9.999999999999997780e-01
9.999999999999997780e-01
9.999999999999997780e-01
9.999999999999997780e-01
9.999999999999996669e-01
9.999999999999997780e-01
9.948545605877685549e-01
9.715739083299919088e-01
9.155736332198898264e-01
8.013599508575269814e-01
6.478213413484168459e-01
4.354677282395458815e-01
2.430370915978070645e-01
1.036882560654499436e-01
2.842609167000815715e-02
5.832304005737185584e-17
0.000000000000000000e+00
5.145439412230990578e-03
5.230145507752619050e-02
1.986400491424729631e-01
4.420772257548525874e-01
7.290151816359902170e-01
9.155736332198896044e-01
9.948545605877688880e-01
9.999999999999997780e-01
9.999999999999997780e-01
9.999999999999997780e-01
9.948545605877691100e-01
9.422561365944398526e-01
7.678561292358602186e-01
4.897981930421565488e-01
2.070350761904768411e-01
1.117598521911548765e-01
2.070350761904768966e-01
4.897981930421564933e-01
7.678561292358604407e-01
9.422561365944400746e-01
9.948545605877689990e-01
9.999999999999997780e-01
9.999999999999997780e-01
9.999999999999997780e-01
9.948545605877689990e-01
9.155736332198896044e-01
7.290151816359901060e-01
4.420772257548523099e-01
1.986400491424731296e-01
5.230145507752636397e-02
5.145439412230874351e-03
0.000000000000000000e+00
0.000000000000000000e+00
5.145439412230990578e-03
2.842609167000803919e-02
8.442636678011036788e-02
1.986400491424726578e-01
3.521786586515830431e-01
5.579227742451475791e-01
7.290151816359902170e-01
8.627060346994598339e-01
9.476985449224737401e-01
9.948545605877688880e-01
9.999999999999997780e-01
1.000000000000000000e+00
9.999999999999997780e-01
1.000000000000000000e+00
1.000000000000000000e+00
9.999999999999997780e-01
9.948545605877685549e-01
9.476985449224737401e-01
8.627060346994596118e-01
7.290151816359903281e-01
5.579227742451476901e-01
3.521786586515832651e-01
1.986400491424727133e-01
8.442636678011060380e-02
2.842609167000792122e-02
5.145439412230990578e-03
0.000000000000000000e+00
5.145439412230816238e-03
5.230145507752642642e-02
1.717639048810570557e-01
3.812306742190889053e-01
6.543162483703547361e-01
8.627060346994596118e-01
9.715739083299915757e-01
9.999999999999996669e-01
1.000000000000000000e+00
9.999999999999997780e-01
9.948545605877688880e-01
9.476985449224738511e-01
8.282360951189428055e-01
6.187693257809109282e-01
3.456837516296453749e-01
1.372939653005400551e-01
5.774386340556025149e-02
1.372939653005401661e-01
3.456837516296453749e-01
6.187693257809112612e-01
8.282360951189428055e-01
9.476985449224734070e-01
9.948545605877689990e-01
9.999999999999997780e-01
1.000000000000000000e+00
1.000000000000000000e+00
9.715739083299920198e-01
8.627060346994596118e-01
6.543162483703547361e-01
3.812306742190889053e-01
1.717639048810571112e-01
5.230145507752636397e-02
0.000000000000000000e+00
0.000000000000000000e+00
0.000000000000000000e+00
5.832304005737185584e-17
5.145439412230990578e-03
5.230145507752613498e-02
1.372939653005400551e-01
2.709848183640095609e-01
4.420772257548521988e-01
6.478213413484168459e-01
7.952625801402092298e-01
8.846611016695121732e-01
9.099652469359882367e-01
9.099652469359882367e-01
9.099652469359883478e-01
9.099652469359883478e-01
9.099652469359884588e-01
9.099652469359882367e-01
8.846611016695119512e-01
7.952625801402092298e-01
6.478213413484165129e-01
4.420772257548523099e-01
2.709848183640094499e-01
1.372939653005400551e-01
5.230145507752642642e-02
5.145439412231165785e-03
0.000000000000000000e+00
0.000000000000000000e+00
5.145439412230990578e-03
5.230145507752624601e-02
1.717639048810568614e-01
3.746881365004761655e-01
6.253118634995229463e-01
8.282360951189429166e-01
9.476985449224731850e-01
9.948545605877688880e-01
1.000000000000000000e+00
9.999999999999997780e-01
9.948545605877689990e-01
9.476985449224734070e-01
8.282360951189431386e-01
6.253118634995236125e-01
3.746881365004764985e-01
1.717639048810570002e-01
5.230145507752636397e-02
1.032156514541936708e-02
5.230145507752642642e-02
1.717639048810570557e-01
3.746881365004767761e-01
6.253118634995236125e-01
8.282360951189429166e-01
9.476985449224737401e-01
9.948545605877691100e-01
1.000000000000000000e+00
1.000000000000000000e+00
9.948545605877689990e-01
9.476985449224734070e-01
8.282360951189428055e-01
6.253118634995230574e-01
3.746881365004765541e-01
1.717639048810568614e-01
3.041899549255174667e-02
2.314514455335345625e-02
5.145439412231049559e-03
1.749691201721155675e-16
5.832304005737185584e-17
5.145439412230990578e-03
2.842609167000809817e-02
8.442636678011036788e-02
1.986400491424727133e-01
3.521786586515830431e-01
5.284452951057723169e-01
6.345474873401090177e-01
6.723726735886880190e-01
6.723726735886877970e-01
6.723726735886881301e-01
6.723726735886881301e-01
6.723726735886881301e-01
6.723726735886881301e-01
6.345474873401089067e-01
5.284452951057724279e-01
3.521786586515832651e-01
1.986400491424727133e-01
8.442636678011036788e-02
2.842609167000815715e-02
5.145439412230990578e-03
1.749691201721155675e-16
5.832304005737185584e-17
5.145439412231165785e-03
5.230145507752642642e-02
1.717639048810568614e-01
3.746881365004763320e-01
6.253118634995233904e-01
8.282360951189424725e-01
9.476985449224734070e-01
9.948545605877685549e-01
1.000000000000000000e+00
9.999999999999997780e-01
1.000000000000000000e+00
9.715739083299919088e-01
8.627060346994596118e-01
6.543162483703549581e-01
3.812306742190889053e-01
1.717639048810568614e-01
5.230145507752619050e-02
5.145439412230990578e-03
5.832304005737185584e-17
5.145439412231049559e-03
5.230145507752636397e-02
1.717639048810571112e-01
3.812306742190891273e-01
6.543162483703547361e-01
8.627060346994599449e-01
9.715739083299920198e-01
1.000000000000000000e+00
9.999999999999997780e-01
9.999999999999997780e-01
9.948545605877685549e-01
9.476985449224734070e-01
8.282360951189426945e-01
6.187693257809112612e-01
3.456837516296451529e-01
1.196640847667937713e-01
1.058284706370737072e-01
5.230145507752648193e-02
5.145439412231049559e-03
1.749691201721155675e-16
0.000000000000000000e+00
0.000000000000000000e+00
5.145439412230874351e-03
5.230145507752619050e-02
1.372939653005400551e-01
2.344762602832690945e-01
2.990322168824895988e-01
3.276273264113120920e-01
3.276273264113123140e-01
3.276273264113120920e-01
3.276273264113122030e-01
3.276273264113120920e-01
3.276273264113122030e-01
2.990322168824898208e-01
2.344762602832690945e-01
1.372939653005398886e-01
5.230145507752648193e-02
5.145439412231049559e-03
1.749691201721155675e-16
5.832304005737185584e-17
2.332921602294874233e-16
5.145439412231165785e-03
5.230145507752648193e-02
1.717639048810570557e-01
3.746881365004763320e-01
6.253118634995233904e-01
8.282360951189426945e-01
9.476985449224734070e-01
9.948545605877691100e-01
9.999999999999997780e-01
9.999999999999997780e-01
1.000000000000000000e+00
9.948545605877691100e-01
9.155736332198894933e-01
7.290151816359905501e-01
4.420772257548523099e-01
1.986400491424726023e-01
5.230145507752630846e-02
5.145439412230874351e-03
5.832304005737185584e-17
5.832304005737185584e-17
5.832304005737185584e-17
5.145439412230990578e-03
5.230145507752642642e-02
1.986400491424727133e-01
4.420772257548521988e-01
7.290151816359903281e-01
9.155736332198896044e-01
9.948545605877689990e-01
1.000000000000000000e+00
1.000000000000000000e+00
1.000000000000000000e+00
9.948545605877685549e-01
9.476985449224734070e-01
7.952625801402090078e-01
5.284452951057720949e-01
2.884321338172357030e-01
2.733606108804670365e-01
1.717639048810570557e-01
5.230145507752630846e-02
5.145439412230990578e-03
0.000000000000000000e+00
1.749691201721155675e-16
5.832304005737185584e-17
5.145439412230874351e-03
2.842609167000809817e-02
5.979720201216800340e-02
8.442636678011031237e-02
9.003475306401158285e-02
9.003475306401152733e-02
9.003475306401158285e-02
9.003475306401169387e-02
9.003475306401169387e-02
9.003475306401163836e-02
8.442636678011047890e-02
5.979720201216805892e-02
2.842609167000803919e-02
5.145439412230874351e-03
1.749691201721155675e-16
0.000000000000000000e+00
0.000000000000000000e+00
5.145439412231340992e-03
5.230145507752636397e-02
1.717639048810571112e-01
3.746881365004764985e-01
6.253118634995233904e-01
8.282360951189428055e-01
9.476985449224731850e-01
9.948545605877689990e-01
1.000000000000000000e+00
9.999999999999995559e-01
1.000000000000000000e+00
9.948545605877685549e-01
9.476985449224734070e-01
8.013599508575269814e-01
5.579227742451475791e-01
2.709848183640095609e-01
8.442636678011031237e-02
5.145439412231049559e-03
0.000000000000000000e+00
0.000000000000000000e+00
5.832304005737185584e-17
5.832304005737185584e-17
0.000000000000000000e+00
5.145439412231049559e-03
8.442636678011047890e-02
2.709848183640093389e-01
5.579227742451476901e-01
8.013599508575272035e-01
9.476985449224737401e-01
9.948545605877685549e-01
1.000000000000000000e+00
9.999999999999996669e-01
9.999999999999996669e-01
9.948545605877685549e-01
8.846611016695122842e-01
6.345474873401089067e-01
4.696561221168726319e-01
5.149330937701114275e-01
3.812306742190889053e-01
1.986400491424728243e-01
8.442636678011036788e-02
2.842609167000803919e-02
5.145439412230990578e-03
5.832304005737185584e-17
0.000000000000000000e+00
5.832304005737185584e-17
5.832304005737185584e-17
0.000000000000000000e+00
5.832304005737185584e-17
0.000000000000000000e+00
1.749691201721155675e-16
2.332921602294874233e-16
2.332921602294874233e-16
1.749691201721155675e-16
5.832304005737185584e-17
1.749691201721155675e-16
5.832304005737185584e-17
5.832304005737185584e-17
5.832304005737185584e-17
5.145439412231049559e-03
2.842609167000798021e-02
8.442636678011054829e-02
1.986400491424728243e-01
3.812306742190891273e-01
6.253118634995232794e-01
8.282360951189428055e-01
9.476985449224734070e-01
9.948545605877689990e-01
9.999999999999995559e-01
9.999999999999997780e-01
9.999999999999997780e-01
9.948545605877689990e-01
9.476985449224734070e-01
8.282360951189428055e-01
6.187693257809111502e-01
3.456837516296454305e-01
1.372939653005402216e-01
2.842609167000798021e-02
5.832304005737185584e-17
0.000000000000000000e+00
5.832304005737185584e-17
5.832304005737185584e-17
5.832304005737185584e-17
5.832304005737185584e-17
1.749691201721155675e-16
2.842609167000803919e-02
1.372939653005400551e-01
3.456837516296452639e-01
6.187693257809112612e-01
8.282360951189428055e-01
9.476985449224734070e-01
9.948545605877689990e-01
9.999999999999997780e-01
9.999999999999997780e-01
9.999999999999997780e-01
9.099652469359883478e-01
6.723726735886880190e-01
6.078725563263877030e-01
7.250694451281499697e-01
6.543162483703546251e-01
4.420772257548523099e-01
2.709848183640095609e-01
1.372939653005399441e-01
5.230145507752624601e-02
5.145439412230874351e-03
0.000000000000000000e+00
5.832304005737185584e-17
0.000000000000000000e+00
0.000000000000000000e+00
5.832304005737185584e-17
2.332921602294874233e-16
1.749691201721155675e-16
5.832304005737185584e-17
1.749691201721155675e-16
5.832304005737185584e-17
0.000000000000000000e+00
0.000000000000000000e+00
0.000000000000000000e+00
1.749691201721155675e-16
5.145439412231049559e-03
5.230145507752642642e-02
1.372939653005400551e-01
2.709848183640097830e-01
4.420772257548524764e-01
6.543162483703549581e-01
8.282360951189429166e-01
9.476985449224734070e-01
9.948545605877689990e-01
9.999999999999997780e-01
9.999999999999997780e-01
1.000000000000000000e+00
9.948545605877689990e-01
9.476985449224734070e-01
8.282360951189431386e-01
6.253118634995236125e-01
3.746881365004763320e-01
1.717639048810570557e-01
5.230145507752648193e-02
5.145439412230990578e-03
5.832304005737185584e-17
0.000000000000000000e+00
5.832304005737185584e-17
0.000000000000000000e+00
0.000000000000000000e+00
5.832304005737185584e-17
5.832304005737185584e-17
5.145439412230990578e-03
5.230145507752630846e-02
1.717639048810570002e-01
3.746881365004764985e-01
6.253118634995233904e-01
8.282360951189431386e-01
9.476985449224737401e-01
9.948545605877691100e-01
9.999999999999997780e-01
9.999999999999997780e-01
9.099652469359883478e-01
6.723726735886877970e-01
6.659125375248668988e-01
8.529598890844782844e-01
8.627060346994600559e-01
7.290151816359902170e-01
5.579227742451474681e-01
3.456837516296451529e-01
1.717639048810570557e-01
5.230145507752642642e-02
5.145439412230990578e-03
5.832304005737185584e-17
2.332921602294874233e-16
0.000000000000000000e+00
5.832304005737185584e-17
0.000000000000000000e+00
5.832304005737185584e-17
1.749691201721155675e-16
1.749691201721155675e-16
5.832304005737185584e-17
1.749691201721155675e-16
2.332921602294874233e-16
5.832304005737185584e-17
5.145439412230874351e-03
5.230145507752648193e-02
1.717639048810568614e-01
3.456837516296450419e-01
5.579227742451478012e-01
7.290151816359905501e-01
8.627060346994599449e-01
9.476985449224734070e-01
9.948545605877691100e-01
9.999999999999997780e-01
9.999999999999995559e-01
1.000000000000000000e+00
9.948545605877689990e-01
9.476985449224734070e-01
8.282360951189429166e-01
6.253118634995231684e-01
3.746881365004766651e-01
1.717639048810570002e-01
5.230145507752642642e-02
5.145439412231049559e-03
0.000000000000000000e+00
1.749691201721155675e-16
0.000000000000000000e+00
5.832304005737185584e-17
0.000000000000000000e+00
5.832304005737185584e-17
5.832304005737185584e-17
1.749691201721155675e-16
1.749691201721155675e-16
5.145439412230990578e-03
5.230145507752636397e-02
1.717639048810570002e-01
3.746881365004766651e-01
6.253118634995231684e-01
8.282360951189431386e-01
9.476985449224734070e-01
9.948545605877685549e-01
9.999999999999997780e-01
9.099652469359883478e-01
6.723726735886877970e-01
6.723726735886877970e-01
9.043291652520545343e-01
9.715739083299919088e-01
9.155736332198896044e-01
8.013599508575269814e-01
6.187693257809109282e-01
3.812306742190891273e-01
1.986400491424726023e-01
8.442636678011031237e-02
2.842609167000803919e-02
5.145439412231049559e-03
0.000000000000000000e+00
0.000000000000000000e+00
5.832304005737185584e-17
5.832304005737185584e-17
0.000000000000000000e+00
5.832304005737185584e-17
0.000000000000000000e+00
0.000000000000000000e+00
5.145439412230990578e-03
2.842609167000803919e-02
8.442636678011031237e-02
1.986400491424727133e-01
3.812306742190890163e-01
6.187693257809109282e-01
8.013599508575274255e-01
9.155736332198898264e-01
9.715739083299920198e-01
9.948545605877689990e-01
1.000000000000000000e+00
1.000000000000000000e+00
9.999999999999997780e-01
9.948545605877689990e-01
9.476985449224737401e-01
8.282360951189428055e-01
6.253118634995232794e-01
3.746881365004763320e-01
1.717639048810570557e-01
5.230145507752624601e-02
5.145439412230816238e-03
1.749691201721155675e-16
1.749691201721155675e-16
1.749691201721155675e-16
0.000000000000000000e+00
5.832304005737185584e-17
0.000000000000000000e+00
0.000000000000000000e+00
5.832304005737185584e-17
2.332921602294874233e-16
2.332921602294874233e-16
5.832304005737185584e-17
5.145439412230816238e-03
5.230145507752624601e-02
1.717639048810570557e-01
3.746881365004763875e-01
6.253118634995236125e-01
8.282360951189426945e-01
9.476985449224734070e-01
9.948545605877691100e-01
9.099652469359882367e-01
6.723726735886877970e-01
6.723726735886880190e-01
9.099652469359883478e-01
9.999999999999997780e-01
9.948545605877691100e-01
9.476985449224737401e-01
8.282360951189428055e-01
6.543162483703546251e-01
4.420772257548521988e-01
2.773103746719710050e-01
1.695158778725330551e-01
1.153388983304880350e-01
9.003475306401158285e-02
9.003475306401140243e-02
9.003475306401169387e-02
9.003475306401158285e-02
9.003475306401152733e-02
9.003475306401158285e-02
9.003475306401152733e-02
9.003475306401152733e-02
1.153388983304878546e-01
1.695158778725329995e-01
2.773103746719710050e-01
4.420772257548521988e-01
6.543162483703546251e-01
8.282360951189428055e-01
9.476985449224738511e-01
9.948545605877691100e-01
9.999999999999997780e-01
9.999999999999997780e-01
1.000000000000000000e+00
1.000000000000000000e+00
9.948545605877691100e-01
9.476985449224734070e-01
8.282360951189428055e-01
6.253118634995231684e-01
3.746881365004763320e-01
1.717639048810570002e-01
5.230145507752619050e-02
5.145439412230990578e-03
0.000000000000000000e+00
3.499382403442311350e-16
0.000000000000000000e+00
5.832304005737185584e-17
0.000000000000000000e+00
5.832304005737185584e-17
0.000000000000000000e+00
5.832304005737185584e-17
5.832304005737185584e-17
5.832304005737185584e-17
5.832304005737185584e-17
1.749691201721155675e-16
1.749691201721155675e-16
5.145439412230990578e-03
5.230145507752619050e-02
1.717639048810570002e-01
3.746881365004767206e-01
6.253118634995231684e-01
8.282360951189428055e-01
9.476985449224734070e-01
9.043291652520545343e-01
6.723726735886877970e-01
6.723726735886877970e-01
9.099652469359882367e-01
1.000000000000000000e+00
1.000000000000000000e+00
9.948545605877689990e-01
9.476985449224737401e-01
8.627060346994596118e-01
7.290151816359903281e-01
5.873090697976223185e-01
4.420772257548521988e-01
3.654525126598912599e-01
3.276273264113122030e-01
3.276273264113119810e-01
3.276273264113119810e-01
3.276273264113118699e-01
3.276273264113119810e-01
3.276273264113122030e-01
3.276273264113119810e-01
3.276273264113119810e-01
3.654525126598914819e-01
4.420772257548518103e-01
5.873090697976220964e-01
7.290151816359902170e-01
8.627060346994598339e-01
9.476985449224737401e-01
9.948545605877691100e-01
1.000000000000000000e+00
1.000000000000000000e+00
9.999999999999997780e-01
1.000000000000000000e+00
9.948545605877689990e-01
9.476985449224734070e-01
8.282360951189423615e-01
6.253118634995232794e-01
3.746881365004763875e-01
1.717639048810570002e-01
5.230145507752648193e-02
5.145439412231165785e-03
0.000000000000000000e+00
0.000000000000000000e+00
5.832304005737185584e-17
0.000000000000000000e+00
5.832304005737185584e-17
0.000000000000000000e+00
5.832304005737185584e-17
5.832304005737185584e-17
5.832304005737185584e-17
5.832304005737185584e-17
5.832304005737185584e-17
2.332921602294874233e-16
0.000000000000000000e+00
0.000000000000000000e+00
2.332921602294874233e-16
5.145439412231049559e-03
5.230145507752648193e-02
1.717639048810568614e-01
3.746881365004762765e-01
6.253118634995231684e-01
8.282360951189424725e-01
8.529598890844783954e-01
6.659125375248666767e-01
6.723726735886881301e-01
9.099652469359883478e-01
1.000000000000000000e+00
9.999999999999997780e-01
9.999999999999997780e-01
9.948545605877691100e-01
9.715739083299920198e-01
9.099652469359882367e-01
8.036463032176448529e-01
6.879128211607373755e-01
5.988358567936126198e-01
5.628923183658605112e-01
5.628923183658605112e-01
5.628923183658604001e-01
5.628923183658602891e-01
5.628923183658605112e-01
5.628923183658607332e-01
5.628923183658605112e-01
5.628923183658602891e-01
5.988358567936122867e-01
6.879128211607375976e-01
8.036463032176448529e-01
9.099652469359882367e-01
9.715739083299919088e-01
9.948545605877691100e-01
1.000000000000000000e+00
9.999999999999997780e-01
1.000000000000000000e+00
9.948545605877685549e-01
9.715739083299920198e-01
9.155736332198892713e-01
8.013599508575272035e-01
6.187693257809109282e-01
3.746881365004763320e-01
1.717639048810570002e-01
5.230145507752624601e-02
5.145439412231049559e-03
0.000000000000000000e+00
2.332921602294874233e-16
2.332921602294874233e-16
1.749691201721155675e-16
0.000000000000000000e+00
1.749691201721155675e-16
0.000000000000000000e+00
5.832304005737185584e-17
5.832304005737185584e-17
5.832304005737185584e-17
0.000000000000000000e+00
1.749691201721155675e-16
5.832304005737185584e-17
0.000000000000000000e+00
5.832304005737185584e-17
2.332921602294874233e-16
0.000000000000000000e+00
5.145439412230990578e-03
5.230145507752642642e-02
1.717639048810568614e-01
3.746881365004763875e-01
6.187693257809109282e-01
6.967320638801388633e-01
5.694980128716083945e-01
6.345474873401085736e-01
8.846611016695121732e-01
9.948545605877685549e-01
1.000000000000000000e+00
1.000000000000000000e+00
9.999999999999997780e-01
9.948545605877691100e-01
9.422561365944398526e-01
8.304841221274669172e-01
6.943253901194372801e-01
5.988358567936122867e-01
5.628923183658601781e-01
5.628923183658602891e-01
5.628923183658605112e-01
5.628923183658605112e-01
5.628923183658602891e-01
5.628923183658606222e-01
5.628923183658602891e-01
5.628923183658601781e-01
5.988358567936122867e-01
6.943253901194372801e-01
8.304841221274669172e-01
9.422561365944398526e-01
9.948545605877689990e-01
9.999999999999997780e-01
1.000000000000000000e+00
1.000000000000000000e+00
9.948545605877685549e-01
9.476985449224734070e-01
8.627060346994600559e-01
7.290151816359899950e-01
5.579227742451475791e-01
3.456837516296452639e-01
1.717639048810568614e-01
5.230145507752648193e-02
5.145439412231049559e-03
2.332921602294874233e-16
5.832304005737185584e-17
5.832304005737185584e-17
5.832304005737185584e-17
5.832304005737185584e-17
5.832304005737185584e-17
0.000000000000000000e+00
0.000000000000000000e+00
5.832304005737185584e-17
5.832304005737185584e-17
1.749691201721155675e-16
1.749691201721155675e-16
5.832304005737185584e-17
3.499382403442311350e-16
0.000000000000000000e+00
0.000000000000000000e+00
2.332921602294874233e-16
0.000000000000000000e+00
5.832304005737185584e-17
5.145439412230990578e-03
5.230145507752624601e-02
1.717639048810568614e-01
3.456837516296453749e-01
4.536665855580395701e-01
3.927141744328096484e-01
5.284452951057722059e-01
7.952625801402090078e-01
9.476985449224738511e-01
9.948545605877689990e-01
1.000000000000000000e+00
9.948545605877689990e-01
9.476985449224737401e-01
8.282360951189429166e-01
6.543162483703547361e-01
4.715547048942277941e-01
3.654525126598909823e-01
3.276273264113119810e-01
3.276273264113124251e-01
3.276273264113124251e-01
3.276273264113119810e-01
3.276273264113123140e-01
3.276273264113119810e-01
3.276273264113119810e-01
3.276273264113118699e-01
3.654525126598909823e-01
4.715547048942278496e-01
6.543162483703546251e-01
8.282360951189428055e-01
9.476985449224734070e-01
9.948545605877689990e-01
1.000000000000000000e+00
9.948545605877685549e-01
9.476985449224738511e-01
8.282360951189429166e-01
6.543162483703546251e-01
4.420772257548521988e-01
2.709848183640095609e-01
1.372939653005399441e-01
5.230145507752619050e-02
5.145439412231165785e-03
5.832304005737185584e-17
5.832304005737185584e-17
5.832304005737185584e-17
5.832304005737185584e-17
2.332921602294874233e-16
5.832304005737185584e-17
0.000000000000000000e+00
5.832304005737185584e-17
0.000000000000000000e+00
1.749691201721155675e-16
5.832304005737185584e-17
5.832304005737185584e-17
5.832304005737185584e-17
5.832304005737185584e-17
5.832304005737185584e-17
0.000000000000000000e+00
0.000000000000000000e+00
5.832304005737185584e-17
0.000000000000000000e+00
5.832304005737185584e-17
5.832304005737185584e-17
5.145439412230816238e-03
5.230145507752624601e-02
1.372939653005398331e-01
2.009295157930980624e-01
1.800205485074592993e-01
3.456837516296452639e-01
6.187693257809109282e-01
8.282360951189426945e-01
9.422561365944398526e-01
9.662629526334659547e-01
9.155736332198891603e-01
8.013599508575272035e-01
6.187693257809109282e-01
3.812306742190887388e-01
2.047374198597908812e-01
1.153388983304876741e-01
9.003475306401169387e-02
9.003475306401140243e-02
9.003475306401181877e-02
9.003475306401163836e-02
9.003475306401163836e-02
9.003475306401169387e-02
9.003475306401158285e-02
9.003475306401163836e-02
1.153388983304876741e-01
2.047374198597907702e-01
3.812306742190887388e-01
6.187693257809109282e-01
8.013599508575268704e-01
9.155736332198896044e-01
9.662629526334660657e-01
9.422561365944398526e-01
8.282360951189426945e-01
6.253118634995232794e-01
3.812306742190889053e-01
1.986400491424726578e-01
8.442636678011036788e-02
2.842609167000798021e-02
5.145439412230990578e-03
0.000000000000000000e+00
5.832304005737185584e-17
0.000000000000000000e+00
0.000000000000000000e+00
1.749691201721155675e-16
5.832304005737185584e-17
5.832304005737185584e-17
0.000000000000000000e+00
5.832304005737185584e-17
0.000000000000000000e+00
5.832304005737185584e-17
5.832304005737185584e-17
5.832304005737185584e-17
5.832304005737185584e-17
5.832304005737185584e-17
5.832304005737185584e-17
0.000000000000000000e+00
0.000000000000000000e+00
0.000000000000000000e+00
0.000000000000000000e+00
0.000000000000000000e+00
5.832304005737185584e-17
0.000000000000000000e+00
5.145439412230874351e-03
2.842609167000798021e-02
5.434386922570705325e-02
5.434386922570717121e-02
1.717639048810570002e-01
3.746881365004764985e-01
6.187693257809109282e-01
7.678561292358607737e-01
8.036463032176445198e-01
7.226896253280289395e-01
5.579227742451474681e-01
3.456837516296450974e-01
1.717639048810570002e-01
5.230145507752607253e-02
5.145439412230990578e-03
0.000000000000000000e+00
5.832304005737185584e-17
5.832304005737185584e-17
5.832304005737185584e-17
5.832304005737185584e-17
5.832304005737185584e-17
0.000000000000000000e+00
0.000000000000000000e+00
5.145439412230990578e-03
5.230145507752613498e-02
1.717639048810570557e-01
3.456837516296449309e-01
5.579227742451474681e-01
7.226896253280284954e-01
8.036463032176447419e-01
7.678561292358604407e-01
6.187693257809109282e-01
3.746881365004761655e-01
1.717639048810569169e-01
5.230145507752619050e-02
5.145439412230874351e-03
0.000000000000000000e+00
0.000000000000000000e+00
1.749691201721155675e-16
5.832304005737185584e-17
5.832304005737185584e-17
5.832304005737185584e-17
5.832304005737185584e-17
2.332921602294874233e-16
2.332921602294874233e-16
0.000000000000000000e+00
5.832304005737185584e-17
0.000000000000000000e+00
5.832304005737185584e-17
5.832304005737185584e-17
5.832304005737185584e-17
5.832304005737185584e-17
5.832304005737185584e-17
1.749691201721155675e-16
0.000000000000000000e+00
0.000000000000000000e+00
2.332921602294874233e-16
5.832304005737185584e-17
0.000000000000000000e+00
0.000000000000000000e+00
0.000000000000000000e+00
0.000000000000000000e+00
0.000000000000000000e+00
5.832304005737185584e-17
0.000000000000000000e+00
5.230145507752630846e-02
1.717639048810570002e-01
3.456837516296451529e-01
4.897981930421569374e-01
5.193250081760885095e-01
4.126909302023774595e-01
2.709848183640095609e-01
1.372939653005400551e-01
5.230145507752624601e-02
5.145439412230990578e-03
1.749691201721155675e-16
5.832304005737185584e-17
5.832304005737185584e-17
5.832304005737185584e-17
5.832304005737185584e-17
5.832304005737185584e-17
1.749691201721155675e-16
0.000000000000000000e+00
5.832304005737185584e-17
1.749691201721155675e-16
5.145439412231049559e-03
5.230145507752636397e-02
1.372939653005402216e-01
2.709848183640095609e-01
4.126909302023775705e-01
5.193250081760882875e-01
4.897981930421565488e-01
3.456837516296449309e-01
1.717639048810568059e-01
5.230145507752624601e-02
5.145439412230990578e-03
5.832304005737185584e-17
0.000000000000000000e+00
0.000000000000000000e+00
0.000000000000000000e+00
0.000000000000000000e+00
1.749691201721155675e-16
0.000000000000000000e+00
5.832304005737185584e-17
0.000000000000000000e+00
1.749691201721155675e-16
0.000000000000000000e+00
1.749691201721155675e-16
0.000000000000000000e+00
5.832304005737185584e-17
5.832304005737185584e-17
5.832304005737185584e-17
5.832304005737185584e-17
5.832304005737185584e-17
5.832304005737185584e-17
0.000000000000000000e+00
0.000000000000000000e+00
5.832304005737185584e-17
0.000000000000000000e+00
0.000000000000000000e+00
0.000000000000000000e+00
0.000000000000000000e+00
0.000000000000000000e+00
0.000000000000000000e+00
5.832304005737185584e-17
5.832304005737185584e-17
5.145439412231049559e-03
5.230145507752648193e-02
1.372939653005401661e-01
2.070350761904770076e-01
2.131621672763063524e-01
1.635519448491162264e-01
8.442636678011025686e-02
2.842609167000815715e-02
5.145439412230990578e-03
0.000000000000000000e+00
2.332921602294874233e-16
0.000000000000000000e+00
0.000000000000000000e+00
0.000000000000000000e+00
0.000000000000000000e+00
0.000000000000000000e+00
5.832304005737185584e-17
5.832304005737185584e-17
0.000000000000000000e+00
5.832304005737185584e-17
5.832304005737185584e-17
5.145439412230816238e-03
2.842609167000838960e-02
8.442636678010989604e-02
1.635519448491162264e-01
2.131621672763064634e-01
2.070350761904768966e-01
1.372939653005399441e-01
5.230145507752619050e-02
5.145439412230990578e-03
0.000000000000000000e+00
0.000000000000000000e+00
0.000000000000000000e+00
0.000000000000000000e+00
5.832304005737185584e-17
5.832304005737185584e-17
5.832304005737185584e-17
0.000000000000000000e+00
0.000000000000000000e+00
5.832304005737185584e-17
1.749691201721155675e-16
0.000000000000000000e+00
0.000000000000000000e+00
0.000000000000000000e+00
5.832304005737185584e-17
5.832304005737185584e-17
0.000000000000000000e+00
5.832304005737185584e-17
5.832304005737185584e-17
1.749691201721155675e-16
0.000000000000000000e+00
0.000000000000000000e+00
0.000000000000000000e+00
0.000000000000000000e+00
0.000000000000000000e+00
5.832304005737185584e-17
0.000000000000000000e+00
0.000000000000000000e+00
5.832304005737185584e-17
5.832304005737185584e-17
5.832304005737185584e-17
0.000000000000000000e+00
1.032156514541936708e-02
5.774386340556001557e-02
1.117598521911548765e-01
1.117598521911548209e-01
5.774386340556030700e-02
1.032156514541930810e-02
5.832304005737185584e-17
0.000000000000000000e+00
0.000000000000000000e+00
0.000000000000000000e+00
0.000000000000000000e+00
0.000000000000000000e+00
5.832304005737185584e-17
5.832304005737185584e-17
2.332921602294874233e-16
5.832304005737185584e-17
0.000000000000000000e+00
0.000000000000000000e+00
5.832304005737185584e-17
0.000000000000000000e+00
0.000000000000000000e+00
5.832304005737185584e-17
1.032156514541919187e-02
5.774386340556025149e-02
1.117598521911550569e-01
1.117598521911548209e-01
5.774386340555990454e-02
1.032156514541919187e-02
5.832304005737185584e-17
0.000000000000000000e+00
0.000000000000000000e+00
0.000000000000000000e+00
0.000000000000000000e+00
5.832304005737185584e-17
1.749691201721155675e-16
1.749691201721155675e-16
0.000000000000000000e+00
1.749691201721155675e-16
5.832304005737185584e-17
5.832304005737185584e-17
0.000000000000000000e+00
5.832304005737185584e-17
0.000000000000000000e+00
5.832304005737185584e-17
0.000000000000000000e+00
0.000000000000000000e+00
5.832304005737185584e-17
1.749691201721155675e-16
5.832304005737185584e-17
0.000000000000000000e+00
0.000000000000000000e+00
5.832304005737185584e-17
0.000000000000000000e+00
0.000000000000000000e+00
5.832304005737185584e-17
0.000000000000000000e+00
0.000000000000000000e+00
0.000000000000000000e+00
5.832304005737185584e-17
5.832304005737185584e-17
5.145439412230874351e-03
5.230145507752642642e-02
1.372939653005400551e-01
2.070350761904770076e-01
2.131621672763061304e-01
1.635519448491157823e-01
8.442636678011036788e-02
2.842609167000833062e-02
5.145439412231049559e-03
2.332921602294874233e-16
5.832304005737185584e-17
5.832304005737185584e-17
0.000000000000000000e+00
5.832304005737185584e-17
0.000000000000000000e+00
1.749691201721155675e-16
1.749691201721155675e-16
0.000000000000000000e+00
0.000000000000000000e+00
5.832304005737185584e-17
5.832304005737185584e-17
5.145439412230990578e-03
2.842609167000815715e-02
8.442636678011054829e-02
1.635519448491157823e-01
2.131621672763063524e-01
2.070350761904768411e-01
1.372939653005399441e-01
5.230145507752636397e-02
5.145439412230874351e-03
0.000000000000000000e+00
0.000000000000000000e+00
0.000000000000000000e+00
0.000000000000000000e+00
0.000000000000000000e+00
5.832304005737185584e-17
0.000000000000000000e+00
0.000000000000000000e+00
0.000000000000000000e+00
1.749691201721155675e-16
5.832304005737185584e-17
5.832304005737185584e-17
5.832304005737185584e-17
0.000000000000000000e+00
5.832304005737185584e-17
0.000000000000000000e+00
0.000000000000000000e+00
5.832304005737185584e-17
1.749691201721155675e-16
5.832304005737185584e-17
0.000000000000000000e+00
0.000000000000000000e+00
0.000000000000000000e+00
0.000000000000000000e+00
0.000000000000000000e+00
5.832304005737185584e-17
0.000000000000000000e+00
0.000000000000000000e+00
0.000000000000000000e+00
5.832304005737185584e-17
5.832304005737185584e-17
5.230145507752630846e-02
1.717639048810570557e-01
3.456837516296451529e-01
4.897981930421567709e-01
5.193250081760886205e-01
4.126909302023777926e-01
2.709848183640097830e-01
1.372939653005400551e-01
5.230145507752624601e-02
5.145439412230816238e-03
5.832304005737185584e-17
0.000000000000000000e+00
0.000000000000000000e+00
5.832304005737185584e-17
5.832304005737185584e-17
2.332921602294874233e-16
2.332921602294874233e-16
5.832304005737185584e-17
5.832304005737185584e-17
0.000000000000000000e+00
5.145439412230990578e-03
5.230145507752648193e-02
1.372939653005398886e-01
2.709848183640095609e-01
4.126909302023779591e-01
5.193250081760885095e-01
4.897981930421566044e-01
3.456837516296450974e-01
1.717639048810568614e-01
5.230145507752613498e-02
5.145439412230874351e-03
0.000000000000000000e+00
0.000000000000000000e+00
0.000000000000000000e+00
0.000000000000000000e+00
5.832304005737185584e-17
5.832304005737185584e-17
0.000000000000000000e+00
5.832304005737185584e-17
1.749691201721155675e-16
0.000000000000000000e+00
0.000000000000000000e+00
5.832304005737185584e-17
0.000000000000000000e+00
5.832304005737185584e-17
0.000000000000000000e+00
5.832304005737185584e-17
5.832304005737185584e-17
5.832304005737185584e-17
1.749691201721155675e-16
0.000000000000000000e+00
5.832304005737185584e-17
5.832304005737185584e-17
0.000000000000000000e+00
0.000000000000000000e+00
1.749691201721155675e-16
0.000000000000000000e+00
0.000000000000000000e+00
0.000000000000000000e+00
0.000000000000000000e+00
0.000000000000000000e+00
1.717639048810570002e-01
3.746881365004764985e-01
6.187693257809112612e-01
7.678561292358602186e-01
8.036463032176450749e-01
7.226896253280289395e-01
5.579227742451478012e-01
3.456837516296457635e-01
1.717639048810570557e-01
5.230145507752619050e-02
5.145439412230874351e-03
0.000000000000000000e+00
0.000000000000000000e+00
5.832304005737185584e-17
0.000000000000000000e+00
2.332921602294874233e-16
0.000000000000000000e+00
0.000000000000000000e+00
5.832304005737185584e-17
5.145439412230990578e-03
5.230145507752613498e-02
1.717639048810570002e-01
3.456837516296454305e-01
5.579227742451476901e-01
7.226896253280288285e-01
8.036463032176452970e-01
7.678561292358601076e-01
6.187693257809109282e-01
3.746881365004763875e-01
1.717639048810568059e-01
5.230145507752619050e-02
5.145439412230874351e-03
0.000000000000000000e+00
0.000000000000000000e+00
0.000000000000000000e+00
0.000000000000000000e+00
0.000000000000000000e+00
0.000000000000000000e+00
2.332921602294874233e-16
0.000000000000000000e+00
1.749691201721155675e-16
0.000000000000000000e+00
5.832304005737185584e-17
0.000000000000000000e+00
5.832304005737185584e-17
5.832304005737185584e-17
5.832304005737185584e-17
5.832304005737185584e-17
5.832304005737185584e-17
1.749691201721155675e-16
5.832304005737185584e-17
0.000000000000000000e+00
5.832304005737185584e-17
0.000000000000000000e+00
0.000000000000000000e+00
0.000000000000000000e+00
0.000000000000000000e+00
0.000000000000000000e+00
0.000000000000000000e+00
0.000000000000000000e+00
0.000000000000000000e+00
3.456837516296451529e-01
6.187693257809111502e-01
8.282360951189428055e-01
9.422561365944398526e-01
9.662629526334661767e-01
9.155736332198896044e-01
8.013599508575272035e-01
6.187693257809112612e-01
3.812306742190889053e-01
2.047374198597908257e-01
1.153388983304878546e-01
9.003475306401158285e-02
9.003475306401140243e-02
9.003475306401169387e-02
9.003475306401152733e-02
9.003475306401163836e-02
9.003475306401163836e-02
9.003475306401152733e-02
9.003475306401134692e-02
1.153388983304880350e-01
2.047374198597907702e-01
3.812306742190893494e-01
6.187693257809109282e-01
8.013599508575272035e-01
9.155736332198898264e-01
9.662629526334663987e-01
9.422561365944397416e-01
8.282360951189428055e-01
6.253118634995232794e-01
3.812306742190889053e-01
1.986400491424726023e-01
8.442636678011018747e-02
2.842609167000786571e-02
5.145439412230816238e-03
0.000000000000000000e+00
5.832304005737185584e-17
0.000000000000000000e+00
0.000000000000000000e+00
5.832304005737185584e-17
2.332921602294874233e-16
1.749691201721155675e-16
5.832304005737185584e-17
5.832304005737185584e-17
0.000000000000000000e+00
5.832304005737185584e-17
5.832304005737185584e-17
5.832304005737185584e-17
5.832304005737185584e-17
1.749691201721155675e-16
5.832304005737185584e-17
0.000000000000000000e+00
0.000000000000000000e+00
5.832304005737185584e-17
0.000000000000000000e+00
0.000000000000000000e+00
0.000000000000000000e+00
0.000000000000000000e+00
5.145439412230874351e-03
2.842609167000786571e-02
5.434386922570711570e-02
5.434386922570705325e-02
5.284452951057722059e-01
7.952625801402092298e-01
9.476985449224737401e-01
9.948545605877692211e-01
1.000000000000000000e+00
9.948545605877692211e-01
9.476985449224738511e-01
8.282360951189429166e-01
6.543162483703545140e-01
4.715547048942276276e-01
3.654525126598912044e-01
3.276273264113119810e-01
3.276273264113119810e-01
3.276273264113118699e-01
3.276273264113118699e-01
3.276273264113120920e-01
3.276273264113119810e-01
3.276273264113119810e-01
3.276273264113120920e-01
3.654525126598909823e-01
4.715547048942276276e-01
6.543162483703546251e-01
8.282360951189431386e-01
9.476985449224737401e-01
9.948545605877689990e-01
1.000000000000000000e+00
9.948545605877688880e-01
9.476985449224734070e-01
8.282360951189431386e-01
6.543162483703549581e-01
4.420772257548521988e-01
2.709848183640094499e-01
1.372939653005399441e-01
5.230145507752619050e-02
5.145439412230990578e-03
5.832304005737185584e-17
5.832304005737185584e-17
0.000000000000000000e+00
5.832304005737185584e-17
1.749691201721155675e-16
1.749691201721155675e-16
0.000000000000000000e+00
5.832304005737185584e-17
0.000000000000000000e+00
1.749691201721155675e-16
5.832304005737185584e-17
5.832304005737185584e-17
5.832304005737185584e-17
5.832304005737185584e-17
1.749691201721155675e-16
5.832304005737185584e-17
0.000000000000000000e+00
5.832304005737185584e-17
0.000000000000000000e+00
0.000000000000000000e+00
0.000000000000000000e+00
5.145439412230874351e-03
5.230145507752636397e-02
1.372939653005399996e-01
2.009295157930979514e-01
1.800205485074592993e-01
6.345474873401085736e-01
8.846611016695119512e-01
9.948545605877691100e-01
1.000000000000000000e+00
1.000000000000000000e+00
1.000000000000000000e+00
9.948545605877692211e-01
9.422561365944400746e-01
8.304841221274669172e-01
6.943253901194370581e-01
5.988358567936121757e-01
5.628923183658606222e-01
5.628923183658602891e-01
5.628923183658602891e-01
5.628923183658602891e-01
5.628923183658601781e-01
5.628923183658601781e-01
5.628923183658602891e-01
5.628923183658606222e-01
5.988358567936122867e-01
6.943253901194370581e-01
8.304841221274669172e-01
9.422561365944398526e-01
9.948545605877688880e-01
1.000000000000000000e+00
1.000000000000000000e+00
1.000000000000000000e+00
9.948545605877689990e-01
9.476985449224734070e-01
8.627060346994599449e-01
7.290151816359903281e-01
5.579227742451474681e-01
3.456837516296451529e-01
1.717639048810568614e-01
5.230145507752630846e-02
5.145439412230990578e-03
5.832304005737185584e-17
0.000000000000000000e+00
1.749691201721155675e-16
5.832304005737185584e-17
2.332921602294874233e-16
0.000000000000000000e+00
5.832304005737185584e-17
0.000000000000000000e+00
1.749691201721155675e-16
5.832304005737185584e-17
5.832304005737185584e-17
5.832304005737185584e-17
5.832304005737185584e-17
1.749691201721155675e-16
5.832304005737185584e-17
5.832304005737185584e-17
5.832304005737185584e-17
0.000000000000000000e+00
0.000000000000000000e+00
5.145439412230990578e-03
5.230145507752624601e-02
1.717639048810570002e-01
3.456837516296451529e-01
4.536665855580394591e-01
3.927141744328095374e-01
6.723726735886877970e-01
9.099652469359883478e-01
9.999999999999997780e-01
9.999999999999997780e-01
1.000000000000000000e+00
9.948545605877688880e-01
9.715739083299920198e-01
9.099652469359884588e-01
8.036463032176447419e-01
6.879128211607375976e-01
5.988358567936119536e-01
5.628923183658605112e-01
5.628923183658606222e-01
5.628923183658606222e-01
5.628923183658605112e-01
5.628923183658605112e-01
5.628923183658604001e-01
5.628923183658604001e-01
5.628923183658605112e-01
5.988358567936121757e-01
6.879128211607373755e-01
8.036463032176446308e-01
9.099652469359882367e-01
9.715739083299917977e-01
9.948545605877688880e-01
1.000000000000000000e+00
9.999999999999996669e-01
9.999999999999997780e-01
9.948545605877685549e-01
9.715739083299915757e-01
9.155736332198896044e-01
8.013599508575269814e-01
6.187693257809109282e-01
3.746881365004764985e-01
1.717639048810568614e-01
5.230145507752636397e-02
5.145439412230990578e-03
0.000000000000000000e+00
5.832304005737185584e-17
1.749691201721155675e-16
1.749691201721155675e-16
5.832304005737185584e-17
5.832304005737185584e-17
5.832304005737185584e-17
5.832304005737185584e-17
5.832304005737185584e-17
5.832304005737185584e-17
5.832304005737185584e-17
5.832304005737185584e-17
5.832304005737185584e-17
5.832304005737185584e-17
0.000000000000000000e+00
5.832304005737185584e-17
0.000000000000000000e+00
5.145439412230990578e-03
5.230145507752630846e-02
1.717639048810570002e-01
3.746881365004766651e-01
6.187693257809107061e-01
6.967320638801384192e-01
5.694980128716081724e-01
6.723726735886877970e-01
9.099652469359886808e-01
1.000000000000000000e+00
1.000000000000000000e+00
9.948545605877689990e-01
9.476985449224737401e-01
8.627060346994598339e-01
7.290151816359907722e-01
5.873090697976219854e-01
4.420772257548523099e-01
3.654525126598914819e-01
3.276273264113118699e-01
3.276273264113122030e-01
3.276273264113119810e-01
3.276273264113122030e-01
3.276273264113122030e-01
3.276273264113119810e-01
3.276273264113118699e-01
3.276273264113119810e-01
3.654525126598914819e-01
4.420772257548521988e-01
5.873090697976223185e-01
7.290151816359905501e-01
8.627060346994599449e-01
9.476985449224737401e-01
9.948545605877691100e-01
1.000000000000000000e+00
1.000000000000000000e+00
1.000000000000000000e+00
9.999999999999997780e-01
9.948545605877689990e-01
9.476985449224734070e-01
8.282360951189431386e-01
6.253118634995232794e-01
3.746881365004763320e-01
1.717639048810570557e-01
5.230145507752636397e-02
5.145439412230816238e-03
1.749691201721155675e-16
5.832304005737185584e-17
5.832304005737185584e-17
1.749691201721155675e-16
0.000000000000000000e+00
0.000000000000000000e+00
5.832304005737185584e-17
5.832304005737185584e-17
0.000000000000000000e+00
5.832304005737185584e-17
5.832304005737185584e-17
2.332921602294874233e-16
0.000000000000000000e+00
0.000000000000000000e+00
3.499382403442311350e-16
5.145439412230874351e-03
5.230145507752648193e-02
1.717639048810570557e-01
3.746881365004763320e-01
6.253118634995233904e-01
8.282360951189429166e-01
8.529598890844783954e-01
6.659125375248667877e-01
6.723726735886880190e-01
9.099652469359882367e-01
1.000000000000000000e+00
9.948545605877689990e-01
9.476985449224734070e-01
8.282360951189428055e-01
6.543162483703546251e-01
4.420772257548524764e-01
2.773103746719711160e-01
1.695158778725331661e-01
1.153388983304880350e-01
9.003475306401181877e-02
9.003475306401158285e-02
9.003475306401152733e-02
9.003475306401140243e-02
9.003475306401152733e-02
9.003475306401134692e-02
9.003475306401140243e-02
9.003475306401181877e-02
1.153388983304882015e-01
1.695158778725330551e-01
2.773103746719713381e-01
4.420772257548521988e-01
6.543162483703547361e-01
8.282360951189426945e-01
9.476985449224737401e-01
9.948545605877688880e-01
9.999999999999997780e-01
9.999999999999997780e-01
1.000000000000000000e+00
1.000000000000000000e+00
9.948545605877688880e-01
9.476985449224734070e-01
8.282360951189428055e-01
6.253118634995233904e-01
3.746881365004764985e-01
1.717639048810570557e-01
5.230145507752636397e-02
5.145439412231049559e-03
5.832304005737185584e-17
2.332921602294874233e-16
0.000000000000000000e+00
5.832304005737185584e-17
0.000000000000000000e+00
5.832304005737185584e-17
5.832304005737185584e-17
0.000000000000000000e+00
0.000000000000000000e+00
0.000000000000000000e+00
5.832304005737185584e-17
5.832304005737185584e-17
0.000000000000000000e+00
5.145439412231049559e-03
5.230145507752636397e-02
1.717639048810570002e-01
3.746881365004765541e-01
6.253118634995233904e-01
8.282360951189428055e-01
9.476985449224734070e-01
9.043291652520545343e-01
6.723726735886877970e-01
6.723726735886877970e-01
9.043291652520545343e-01
9.715739083299917977e-01
9.155736332198898264e-01
8.013599508575268704e-01
6.187693257809109282e-01
3.812306742190890163e-01
1.986400491424730186e-01
8.442636678011054829e-02
2.842609167000815715e-02
5.145439412231340992e-03
0.000000000000000000e+00
0.000000000000000000e+00
5.832304005737185584e-17
0.000000000000000000e+00
0.000000000000000000e+00
0.000000000000000000e+00
0.000000000000000000e+00
0.000000000000000000e+00
5.145439412231165785e-03
2.842609167000803919e-02
8.442636678011036788e-02
1.986400491424725467e-01
3.812306742190890163e-01
6.187693257809109282e-01
8.013599508575272035e-01
9.155736332198896044e-01
9.715739083299920198e-01
9.948545605877689990e-01
1.000000000000000000e+00
1.000000000000000000e+00
9.999999999999995559e-01
9.948545605877691100e-01
9.476985449224734070e-01
8.282360951189424725e-01
6.253118634995233904e-01
3.746881365004765541e-01
1.717639048810569169e-01
5.230145507752636397e-02
5.145439412231049559e-03
1.749691201721155675e-16
0.000000000000000000e+00
5.832304005737185584e-17
0.000000000000000000e+00
5.832304005737185584e-17
5.832304005737185584e-17
0.000000000000000000e+00
0.000000000000000000e+00
0.000000000000000000e+00
5.832304005737185584e-17
5.832304005737185584e-17
5.145439412230990578e-03
5.230145507752642642e-02
1.717639048810570002e-01
3.746881365004763875e-01
6.253118634995233904e-01
8.282360951189431386e-01
9.476985449224737401e-01
9.948545605877691100e-01
9.099652469359883478e-01
6.723726735886880190e-01
6.659125375248668988e-01
8.529598890844780623e-01
8.627060346994600559e-01
7.290151816359902170e-01
5.579227742451478012e-01
3.456837516296452639e-01
1.717639048810571112e-01
5.230145507752659989e-02
5.145439412230990578e-03
5.832304005737185584e-17
0.000000000000000000e+00
5.832304005737185584e-17
0.000000000000000000e+00
5.832304005737185584e-17
0.000000000000000000e+00
5.832304005737185584e-17
5.832304005737185584e-17
0.000000000000000000e+00
2.332921602294874233e-16
0.000000000000000000e+00
0.000000000000000000e+00
5.145439412231049559e-03
5.230145507752624601e-02
1.717639048810571667e-01
3.456837516296453749e-01
5.579227742451479122e-01
7.290151816359901060e-01
8.627060346994601669e-01
9.476985449224737401e-01
9.948545605877689990e-01
9.999999999999997780e-01
9.999999999999997780e-01
1.000000000000000000e+00
9.948545605877691100e-01
9.476985449224737401e-01
8.282360951189431386e-01
6.253118634995232794e-01
3.746881365004766651e-01
1.717639048810570557e-01
5.230145507752630846e-02
5.145439412231165785e-03
0.000000000000000000e+00
5.832304005737185584e-17
0.000000000000000000e+00
5.832304005737185584e-17
0.000000000000000000e+00
0.000000000000000000e+00
5.832304005737185584e-17
0.000000000000000000e+00
0.000000000000000000e+00
5.145439412231049559e-03
5.230145507752642642e-02
1.717639048810570557e-01
3.746881365004767206e-01
6.253118634995233904e-01
8.282360951189431386e-01
9.476985449224737401e-01
9.948545605877691100e-01
1.000000000000000000e+00
9.099652469359884588e-01
6.723726735886877970e-01
6.078725563263875920e-01
7.250694451281499697e-01
6.543162483703545140e-01
4.420772257548521988e-01
2.709848183640095609e-01
1.372939653005398886e-01
5.230145507752619050e-02
5.145439412231049559e-03
0.000000000000000000e+00
1.749691201721155675e-16
5.832304005737185584e-17
0.000000000000000000e+00
0.000000000000000000e+00
5.832304005737185584e-17
5.832304005737185584e-17
0.000000000000000000e+00
5.832304005737185584e-17
0.000000000000000000e+00
5.832304005737185584e-17
0.000000000000000000e+00
0.000000000000000000e+00
0.000000000000000000e+00
5.145439412230699144e-03
5.230145507752624601e-02
1.372939653005398886e-01
2.709848183640097830e-01
4.420772257548520878e-01
6.543162483703546251e-01
8.282360951189428055e-01
9.476985449224737401e-01
9.948545605877689990e-01
9.999999999999997780e-01
9.999999999999997780e-01
1.000000000000000000e+00
9.948545605877688880e-01
9.476985449224737401e-01
8.282360951189431386e-01
6.253118634995231684e-01
3.746881365004763320e-01
1.717639048810572777e-01
5.230145507752659989e-02
5.145439412230990578e-03
0.000000000000000000e+00
0.000000000000000000e+00
5.832304005737185584e-17
0.000000000000000000e+00
0.000000000000000000e+00
0.000000000000000000e+00
0.000000000000000000e+00
5.145439412230990578e-03
5.230145507752630846e-02
1.717639048810571112e-01
3.746881365004764985e-01
6.253118634995233904e-01
8.282360951189431386e-01
9.476985449224737401e-01
9.948545605877689990e-01
9.999999999999997780e-01
9.999999999999997780e-01
9.099652469359883478e-01
6.723726735886877970e-01
4.696561221168727429e-01
5.149330937701114275e-01
3.812306742190890163e-01
1.986400491424728243e-01
8.442636678011025686e-02
2.842609167000792122e-02
5.145439412230990578e-03
2.332921602294874233e-16
0.000000000000000000e+00
5.832304005737185584e-17
0.000000000000000000e+00
5.832304005737185584e-17
0.000000000000000000e+00
5.832304005737185584e-17
5.832304005737185584e-17
2.332921602294874233e-16
5.832304005737185584e-17
5.832304005737185584e-17
5.832304005737185584e-17
5.832304005737185584e-17
0.000000000000000000e+00
0.000000000000000000e+00
1.749691201721155675e-16
5.145439412230990578e-03
2.842609167000815715e-02
8.442636678011047890e-02
1.986400491424727133e-01
3.812306742190891273e-01
6.253118634995232794e-01
8.282360951189428055e-01
9.476985449224737401e-01
9.948545605877688880e-01
1.000000000000000000e+00
1.000000000000000000e+00
9.999999999999997780e-01
9.948545605877688880e-01
9.476985449224737401e-01
8.282360951189426945e-01
6.187693257809112612e-01
3.456837516296453749e-01
1.372939653005401661e-01
2.842609167000815715e-02
0.000000000000000000e+00
0.000000000000000000e+00
5.832304005737185584e-17
0.000000000000000000e+00
0.000000000000000000e+00
5.832304005737185584e-17
5.832304005737185584e-17
2.842609167000815715e-02
1.372939653005400551e-01
3.456837516296450419e-01
6.187693257809112612e-01
8.282360951189431386e-01
9.476985449224737401e-01
9.948545605877689990e-01
1.000000000000000000e+00
9.999999999999997780e-01
9.999999999999997780e-01
9.099652469359882367e-01
6.723726735886877970e-01
2.884321338172355920e-01
2.733606108804669810e-01
1.717639048810570557e-01
5.230145507752624601e-02
5.145439412230990578e-03
0.000000000000000000e+00
0.000000000000000000e+00
0.000000000000000000e+00
0.000000000000000000e+00
0.000000000000000000e+00
5.832304005737185584e-17
0.000000000000000000e+00
0.000000000000000000e+00
0.000000000000000000e+00
0.000000000000000000e+00
0.000000000000000000e+00
0.000000000000000000e+00
0.000000000000000000e+00
5.832304005737185584e-17
0.000000000000000000e+00
0.000000000000000000e+00
0.000000000000000000e+00
0.000000000000000000e+00
5.832304005737185584e-17
5.832304005737185584e-17
5.145439412231049559e-03
5.230145507752624601e-02
1.717639048810569169e-01
3.746881365004764985e-01
6.187693257809109282e-01
7.952625801402088968e-01
8.846611016695120622e-01
9.099652469359883478e-01
9.099652469359883478e-01
9.099652469359882367e-01
9.099652469359882367e-01
9.043291652520548674e-01
8.529598890844783954e-01
6.967320638801384192e-01
4.536665855580394591e-01
2.009295157930979514e-01
5.434386922570711570e-02
0.000000000000000000e+00
0.000000000000000000e+00
5.832304005737185584e-17
0.000000000000000000e+00
0.000000000000000000e+00
0.000000000000000000e+00
5.832304005737185584e-17
5.434386922570717121e-02
2.009295157930979514e-01
4.536665855580393480e-01
6.967320638801384192e-01
8.529598890844782844e-01
9.043291652520545343e-01
9.099652469359882367e-01
9.099652469359883478e-01
9.099652469359883478e-01
9.099652469359882367e-01
8.182546686351306331e-01
5.988358567936121757e-01
1.196640847667937713e-01
1.058284706370735267e-01
5.230145507752630846e-02
5.145439412230990578e-03
0.000000000000000000e+00
0.000000000000000000e+00
1.749691201721155675e-16
2.332921602294874233e-16
0.000000000000000000e+00
0.000000000000000000e+00
5.832304005737185584e-17
0.000000000000000000e+00
0.000000000000000000e+00
0.000000000000000000e+00
5.832304005737185584e-17
5.832304005737185584e-17
0.000000000000000000e+00
0.000000000000000000e+00
5.832304005737185584e-17
5.832304005737185584e-17
0.000000000000000000e+00
0.000000000000000000e+00
1.749691201721155675e-16
1.749691201721155675e-16
0.000000000000000000e+00
0.000000000000000000e+00
5.145439412230990578e-03
5.230145507752624601e-02
1.717639048810568614e-01
3.456837516296450974e-01
5.284452951057722059e-01
6.345474873401082405e-01
6.723726735886880190e-01
6.723726735886877970e-01
6.723726735886877970e-01
6.723726735886881301e-01
6.723726735886877970e-01
6.659125375248666767e-01
5.694980128716083945e-01
3.927141744328096484e-01
1.800205485074595213e-01
5.434386922570705325e-02
0.000000000000000000e+00
0.000000000000000000e+00
5.832304005737185584e-17
5.832304005737185584e-17
0.000000000000000000e+00
5.832304005737185584e-17
5.832304005737185584e-17
5.434386922570723366e-02
1.800205485074594103e-01
3.927141744328096484e-01
5.694980128716083945e-01
6.659125375248668988e-01
6.723726735886877970e-01
6.723726735886883521e-01
6.723726735886877970e-01
6.723726735886877970e-01
6.723726735886880190e-01
5.988358567936121757e-01
4.310923620544951373e-01
