4.282351210116382978e-01
6.028500690714122534e-01
6.787917976031513367e-01
6.787917976031510037e-01
6.787917976031510037e-01
6.787917976031510037e-01
6.787917976031510037e-01
6.787917976031510037e-01
6.787917976031512257e-01
6.787917976031512257e-01
6.787917976031508926e-01
6.787917976031513367e-01
6.787917976031510037e-01
6.787917976031510037e-01
6.787917976031512257e-01
6.787917976031510037e-01
6.787917976031510037e-01
6.787917976031510037e-01
6.787917976031512257e-01
6.787917976031510037e-01
6.787917976031512257e-01
6.787917976031510037e-01
6.787917976031510037e-01
6.787917976031510037e-01
6.787917976031508926e-01
6.787917976031512257e-01
6.787917976031510037e-01
6.787917976031510037e-01
6.787917976031510037e-01
6.787917976031513367e-01
6.787917976031513367e-01
6.398223239139492202e-01
5.603381924441898088e-01
4.396618075558103023e-01
3.303486226044767271e-01
2.326838673935462398e-01
1.557716506129999678e-01
7.899493614276167919e-02
2.622303671244754011e-02
4.716834248290642864e-03
0.000000000000000000e+00
0.000000000000000000e+00
0.000000000000000000e+00
0.000000000000000000e+00
0.000000000000000000e+00
0.000000000000000000e+00
0.000000000000000000e+00
0.000000000000000000e+00
0.000000000000000000e+00
0.000000000000000000e+00
0.000000000000000000e+00
4.716834248290740876e-03
2.622303671244744297e-02
7.899493614276152653e-02
1.557716506129999123e-01
2.326838673935462121e-01
3.303486226044767271e-01
4.396618075558103023e-01
5.603381924441896977e-01
5.629239268248027450e-01
4.282351210116380202e-01
6.028500690714121424e-01
8.262548810375514030e-01
9.156441428433002017e-01
9.156441428433002017e-01
9.156441428432999796e-01
9.156441428433002017e-01
9.156441428432999796e-01
9.156441428432999796e-01
9.156441428433002017e-01
9.156441428432999796e-01
9.156441428432998686e-01
9.156441428433002017e-01
9.156441428432999796e-01
9.156441428432999796e-01
9.156441428432999796e-01
9.156441428432999796e-01
9.156441428432999796e-01
9.156441428433002017e-01
9.156441428432999796e-01
9.156441428432999796e-01
9.156441428432998686e-01
9.156441428433002017e-01
9.156441428432999796e-01
9.156441428432999796e-01
9.156441428432999796e-01
9.156441428432999796e-01
9.156441428432999796e-01
9.156441428432999796e-01
9.156441428433002017e-01
9.156441428433002017e-01
9.156441428433002017e-01
8.912964699927587997e-01
8.383486442734082722e-01
7.673161326064537047e-01
6.696513773955233839e-01
5.603381924441898088e-01
4.022796730729422676e-01
2.350462229063584874e-01
9.746124598336193545e-02
2.622303671244744297e-02
0.000000000000000000e+00
0.000000000000000000e+00
0.000000000000000000e+00
0.000000000000000000e+00
0.000000000000000000e+00
0.000000000000000000e+00
0.000000000000000000e+00
0.000000000000000000e+00
0.000000000000000000e+00
0.000000000000000000e+00
0.000000000000000000e+00
2.622303671244754011e-02
9.746124598336168565e-02
2.350462229063583208e-01
4.022796730729422676e-01
5.603381924441896977e-01
6.696513773955236060e-01
7.673161326064537047e-01
8.383486442734081612e-01
7.993433524939911328e-01
6.028500690714120314e-01
6.787917976031510037e-01
9.156441428432999796e-01
1.000000000000000000e+00
9.999999999999997780e-01
9.999999999999997780e-01
1.000000000000000000e+00
1.000000000000000000e+00
9.999999999999995559e-01
9.999999999999997780e-01
1.000000000000000000e+00
9.999999999999997780e-01
1.000000000000000000e+00
9.999999999999997780e-01
9.999999999999997780e-01
1.000000000000000000e+00
1.000000000000000000e+00
9.999999999999997780e-01
9.999999999999997780e-01
1.000000000000000000e+00
1.000000000000000000e+00
9.999999999999997780e-01
9.999999999999997780e-01
9.999999999999997780e-01
1.000000000000000000e+00
1.000000000000000000e+00
9.999999999999997780e-01
1.000000000000000000e+00
9.999999999999997780e-01
9.999999999999997780e-01
1.000000000000000000e+00
1.000000000000000000e+00
9.952831657517092756e-01
9.737769632875525883e-01
9.443880227257490656e-01
8.968321179458492720e-01
8.324335603119416005e-01
6.652372595867863669e-01
4.187958059944550948e-01
1.720365086096805607e-01
5.047071085630221166e-02
0.000000000000000000e+00
0.000000000000000000e+00
0.000000000000000000e+00
0.000000000000000000e+00
0.000000000000000000e+00
0.000000000000000000e+00
0.000000000000000000e+00
0.000000000000000000e+00
0.000000000000000000e+00
0.000000000000000000e+00
0.000000000000000000e+00
5.047071085630230880e-02
1.720365086096804774e-01
4.187958059944550948e-01
6.652372595867863669e-01
8.324335603119413785e-01
8.968321179458491610e-01
9.443880227257490656e-01
9.737769632875525883e-01
9.102435681612304208e-01
6.787917976031510037e-01
6.787917976031513367e-01
9.156441428433002017e-01
1.000000000000000000e+00
1.000000000000000000e+00
9.999999999999995559e-01
1.000000000000000000e+00
9.999999999999997780e-01
9.999999999999997780e-01
9.999999999999997780e-01
1.000000000000000000e+00
9.999999999999997780e-01
9.999999999999997780e-01
1.000000000000000000e+00
9.999999999999997780e-01
1.000000000000000000e+00
1.000000000000000000e+00
1.000000000000000000e+00
1.000000000000000000e+00
9.999999999999995559e-01
9.999999999999997780e-01
1.000000000000000000e+00
1.000000000000000000e+00
9.999999999999997780e-01
9.999999999999997780e-01
9.999999999999997780e-01
9.999999999999995559e-01
1.000000000000000000e+00
9.999999999999995559e-01
1.000000000000000000e+00
1.000000000000000000e+00
1.000000000000000000e+00
1.000000000000000000e+00
1.000000000000000000e+00
9.999999999999997780e-01
9.905247275751841718e-01
9.230099618865337252e-01
7.390727508505549048e-01
4.586194926952020245e-01
1.928129272156526297e-01
5.047071085630221166e-02
0.000000000000000000e+00
0.000000000000000000e+00
0.000000000000000000e+00
0.000000000000000000e+00
0.000000000000000000e+00
0.000000000000000000e+00
0.000000000000000000e+00
0.000000000000000000e+00
0.000000000000000000e+00
0.000000000000000000e+00
0.000000000000000000e+00
5.047071085630230880e-02
1.928129272156524354e-01
4.586194926952018580e-01
7.390727508505549048e-01
9.230099618865335032e-01
9.905247275751841718e-01
9.999999999999997780e-01
1.000000000000000000e+00
9.156441428433002017e-01
6.787917976031510037e-01
6.787917976031513367e-01
9.156441428433002017e-01
9.999999999999997780e-01
9.999999999999997780e-01
9.999999999999997780e-01
1.000000000000000000e+00
9.999999999999997780e-01
9.999999999999997780e-01
9.999999999999995559e-01
1.000000000000000000e+00
9.999999999999997780e-01
1.000000000000000000e+00
1.000000000000000000e+00
9.999999999999997780e-01
9.999999999999997780e-01
9.999999999999997780e-01
1.000000000000000000e+00
1.000000000000000000e+00
1.000000000000000000e+00
1.000000000000000000e+00
9.999999999999997780e-01
9.999999999999997780e-01
9.999999999999997780e-01
1.000000000000000000e+00
9.999999999999997780e-01
9.999999999999997780e-01
9.999999999999997780e-01
9.999999999999997780e-01
9.999999999999997780e-01
1.000000000000000000e+00
9.999999999999997780e-01
9.999999999999995559e-01
1.000000000000000000e+00
9.952831657517092756e-01
9.514513694085428019e-01
8.361292627379418585e-01
6.235059334856437596e-01
3.397830212291105267e-01
1.300316651980518157e-01
2.622303671244734583e-02
0.000000000000000000e+00
0.000000000000000000e+00
0.000000000000000000e+00
0.000000000000000000e+00
0.000000000000000000e+00
0.000000000000000000e+00
0.000000000000000000e+00
0.000000000000000000e+00
0.000000000000000000e+00
0.000000000000000000e+00
0.000000000000000000e+00
2.622303671244744297e-02
1.300316651980517046e-01
3.397830212291103047e-01
6.235059334856434266e-01
8.361292627379418585e-01
9.514513694085431350e-01
9.952831657517092756e-01
9.999999999999997780e-01
9.156441428433002017e-01
6.787917976031508926e-01
6.787917976031512257e-01
9.156441428432999796e-01
9.999999999999997780e-01
9.999999999999997780e-01
9.999999999999995559e-01
1.000000000000000000e+00
1.000000000000000000e+00
1.000000000000000000e+00
1.000000000000000000e+00
9.999999999999997780e-01
9.999999999999997780e-01
1.000000000000000000e+00
1.000000000000000000e+00
9.999999999999997780e-01
9.999999999999997780e-01
9.999999999999997780e-01
9.999999999999997780e-01
1.000000000000000000e+00
1.000000000000000000e+00
9.999999999999997780e-01
9.999999999999997780e-01
9.999999999999997780e-01
1.000000000000000000e+00
1.000000000000000000e+00
9.999999999999997780e-01
9.999999999999995559e-01
9.999999999999997780e-01
9.999999999999997780e-01
9.999999999999997780e-01
1.000000000000000000e+00
1.000000000000000000e+00
1.000000000000000000e+00
1.000000000000000000e+00
9.786786784237299086e-01
8.949676292408242917e-01
6.988323757939913783e-01
4.068049302952893020e-01
1.697990147023756835e-01
4.854863059145703846e-02
4.716834248290544852e-03
0.000000000000000000e+00
0.000000000000000000e+00
0.000000000000000000e+00
0.000000000000000000e+00
0.000000000000000000e+00
0.000000000000000000e+00
0.000000000000000000e+00
0.000000000000000000e+00
0.000000000000000000e+00
0.000000000000000000e+00
0.000000000000000000e+00
4.716834248290642864e-03
4.854863059145694132e-02
1.697990147023754337e-01
4.068049302952893020e-01
6.988323757939911562e-01
8.949676292408247358e-01
9.786786784237299086e-01
9.999999999999997780e-01
9.156441428432999796e-01
6.787917976031510037e-01
6.787917976031510037e-01
9.156441428432999796e-01
1.000000000000000000e+00
9.999999999999997780e-01
9.999999999999997780e-01
1.000000000000000000e+00
1.000000000000000000e+00
9.999999999999997780e-01
9.999999999999997780e-01
9.999999999999997780e-01
1.000000000000000000e+00
1.000000000000000000e+00
1.000000000000000000e+00
1.000000000000000000e+00
9.999999999999997780e-01
9.999999999999995559e-01
1.000000000000000000e+00
1.000000000000000000e+00
1.000000000000000000e+00
1.000000000000000000e+00
9.999999999999995559e-01
9.999999999999997780e-01
9.999999999999997780e-01
1.000000000000000000e+00
9.999999999999995559e-01
9.999999999999995559e-01
9.999999999999997780e-01
9.999999999999995559e-01
9.999999999999997780e-01
1.000000000000000000e+00
1.000000000000000000e+00
1.000000000000000000e+00
1.000000000000000000e+00
9.719236864111852059e-01
8.618716391132754673e-01
6.279918414252096959e-01
3.509215290534784537e-01
1.338148261891038693e-01
3.116610122904437535e-02
4.716834248290544852e-03
0.000000000000000000e+00
0.000000000000000000e+00
0.000000000000000000e+00
0.000000000000000000e+00
0.000000000000000000e+00
0.000000000000000000e+00
0.000000000000000000e+00
0.000000000000000000e+00
0.000000000000000000e+00
0.000000000000000000e+00
0.000000000000000000e+00
4.716834248290642864e-03
3.116610122904427474e-02
1.338148261891036750e-01
3.509215290534782872e-01
6.279918414252096959e-01
8.618716391132756893e-01
9.719236864111852059e-01
9.999999999999997780e-01
9.156441428433002017e-01
6.787917976031510037e-01
6.787917976031512257e-01
9.156441428433002017e-01
1.000000000000000000e+00
9.999999999999997780e-01
1.000000000000000000e+00
9.999999999999997780e-01
1.000000000000000000e+00
1.000000000000000000e+00
1.000000000000000000e+00
9.999999999999997780e-01
9.999999999999997780e-01
1.000000000000000000e+00
9.999999999999997780e-01
9.999999999999997780e-01
9.999999999999995559e-01
9.999999999999995559e-01
9.999999999999995559e-01
1.000000000000000000e+00
1.000000000000000000e+00
1.000000000000000000e+00
9.999999999999995559e-01
1.000000000000000000e+00
1.000000000000000000e+00
1.000000000000000000e+00
9.999999999999997780e-01
1.000000000000000000e+00
9.999999999999997780e-01
9.999999999999995559e-01
9.999999999999995559e-01
1.000000000000000000e+00
9.999999999999997780e-01
1.000000000000000000e+00
1.000000000000000000e+00
9.786786784237294645e-01
8.949676292408247358e-01
7.278101371409118059e-01
4.772625096990285032e-01
2.697662658722280726e-01
1.300316651980517602e-01
4.854863059145694132e-02
4.716834248290544852e-03
0.000000000000000000e+00
0.000000000000000000e+00
0.000000000000000000e+00
0.000000000000000000e+00
0.000000000000000000e+00
0.000000000000000000e+00
0.000000000000000000e+00
0.000000000000000000e+00
0.000000000000000000e+00
4.716834248290544852e-03
4.854863059145694132e-02
1.300316651980517602e-01
2.697662658722280171e-01
4.772625096990285032e-01
7.278101371409115838e-01
8.949676292408247358e-01
9.786786784237296866e-01
1.000000000000000000e+00
9.156441428432999796e-01
6.787917976031510037e-01
6.787917976031512257e-01
9.156441428433004237e-01
1.000000000000000000e+00
1.000000000000000000e+00
9.999999999999995559e-01
1.000000000000000000e+00
1.000000000000000000e+00
9.999999999999995559e-01
9.999999999999995559e-01
9.999999999999997780e-01
9.999999999999995559e-01
9.999999999999997780e-01
9.999999999999997780e-01
1.000000000000000000e+00
9.999999999999997780e-01
9.999999999999995559e-01
1.000000000000000000e+00
1.000000000000000000e+00
9.999999999999995559e-01
9.999999999999997780e-01
9.999999999999997780e-01
9.999999999999995559e-01
9.999999999999995559e-01
1.000000000000000000e+00
9.999999999999997780e-01
9.999999999999995559e-01
1.000000000000000000e+00
9.999999999999997780e-01
1.000000000000000000e+00
1.000000000000000000e+00
1.000000000000000000e+00
1.000000000000000000e+00
1.000000000000000000e+00
9.952831657517096087e-01
9.514513694085431350e-01
8.699683348019482398e-01
7.366629174893072340e-01
5.603381924441893647e-01
3.397830212291105823e-01
1.638707372620581693e-01
4.854863059145694132e-02
4.716834248290446840e-03
0.000000000000000000e+00
0.000000000000000000e+00
0.000000000000000000e+00
0.000000000000000000e+00
0.000000000000000000e+00
0.000000000000000000e+00
0.000000000000000000e+00
4.716834248290544852e-03
4.854863059145694132e-02
1.638707372620581693e-01
3.397830212291104157e-01
5.603381924441892536e-01
7.366629174893075671e-01
8.699683348019481288e-01
9.514513694085431350e-01
9.952831657517096087e-01
9.999999999999997780e-01
9.156441428432999796e-01
6.787917976031513367e-01
6.787917976031512257e-01
9.156441428433004237e-01
1.000000000000000000e+00
9.999999999999997780e-01
9.999999999999997780e-01
1.000000000000000000e+00
9.999999999999997780e-01
1.000000000000000000e+00
1.000000000000000000e+00
9.999999999999997780e-01
1.000000000000000000e+00
1.000000000000000000e+00
9.999999999999997780e-01
1.000000000000000000e+00
1.000000000000000000e+00
1.000000000000000000e+00
9.999999999999997780e-01
9.999999999999997780e-01
9.999999999999997780e-01
9.999999999999995559e-01
9.999999999999997780e-01
1.000000000000000000e+00
9.999999999999997780e-01
9.999999999999995559e-01
1.000000000000000000e+00
9.999999999999997780e-01
9.999999999999997780e-01
9.999999999999997780e-01
9.999999999999997780e-01
1.000000000000000000e+00
1.000000000000000000e+00
9.999999999999997780e-01
1.000000000000000000e+00
1.000000000000000000e+00
9.952831657517092756e-01
9.737769632875526993e-01
9.210050638572382375e-01
8.094686531320400835e-01
6.235059334856440927e-01
3.697244769029978673e-01
1.638707372620581137e-01
4.854863059145694132e-02
4.716834248290544852e-03
0.000000000000000000e+00
0.000000000000000000e+00
0.000000000000000000e+00
0.000000000000000000e+00
0.000000000000000000e+00
4.716834248290446840e-03
4.854863059145694132e-02
1.638707372620581137e-01
3.697244769029979228e-01
6.235059334856440927e-01
8.094686531320398615e-01
9.210050638572382375e-01
9.737769632875525883e-01
9.952831657517092756e-01
9.999999999999997780e-01
1.000000000000000000e+00
9.156441428433002017e-01
6.787917976031507816e-01
6.787917976031512257e-01
9.156441428433002017e-01
1.000000000000000000e+00
1.000000000000000000e+00
9.999999999999997780e-01
9.999999999999997780e-01
1.000000000000000000e+00
9.999999999999997780e-01
1.000000000000000000e+00
9.999999999999995559e-01
9.999999999999995559e-01
9.999999999999995559e-01
1.000000000000000000e+00
1.000000000000000000e+00
9.999999999999997780e-01
9.999999999999997780e-01
9.999999999999997780e-01
1.000000000000000000e+00
9.999999999999997780e-01
9.999999999999997780e-01
9.999999999999995559e-01
1.000000000000000000e+00
1.000000000000000000e+00
1.000000000000000000e+00
9.999999999999997780e-01
9.999999999999997780e-01
1.000000000000000000e+00
9.999999999999995559e-01
1.000000000000000000e+00
1.000000000000000000e+00
1.000000000000000000e+00
1.000000000000000000e+00
1.000000000000000000e+00
9.999999999999997780e-01
1.000000000000000000e+00
1.000000000000000000e+00
9.952831657517092756e-01
9.514513694085431350e-01
8.361292627379418585e-01
6.302755230970019662e-01
3.697244769029979228e-01
1.638707372620580305e-01
4.854863059145694132e-02
4.716834248290544852e-03
0.000000000000000000e+00
0.000000000000000000e+00
0.000000000000000000e+00
4.716834248290544852e-03
4.854863059145664295e-02
1.638707372620581137e-01
3.697244769029978673e-01
6.302755230970019662e-01
8.361292627379416365e-01
9.514513694085431350e-01
9.952831657517092756e-01
1.000000000000000000e+00
1.000000000000000000e+00
9.999999999999997780e-01
1.000000000000000000e+00
9.156441428433002017e-01
6.787917976031510037e-01
6.787917976031513367e-01
9.156441428433002017e-01
1.000000000000000000e+00
1.000000000000000000e+00
9.999999999999997780e-01
1.000000000000000000e+00
1.000000000000000000e+00
9.999999999999997780e-01
1.000000000000000000e+00
1.000000000000000000e+00
9.999999999999995559e-01
1.000000000000000000e+00
1.000000000000000000e+00
9.999999999999997780e-01
9.999999999999997780e-01
1.000000000000000000e+00
1.000000000000000000e+00
1.000000000000000000e+00
1.000000000000000000e+00
9.999999999999995559e-01
9.999999999999997780e-01
1.000000000000000000e+00
1.000000000000000000e+00
1.000000000000000000e+00
1.000000000000000000e+00
9.999999999999997780e-01
1.000000000000000000e+00
9.999999999999997780e-01
9.999999999999997780e-01
1.000000000000000000e+00
1.000000000000000000e+00
9.999999999999997780e-01
1.000000000000000000e+00
1.000000000000000000e+00
1.000000000000000000e+00
1.000000000000000000e+00
9.999999999999997780e-01
9.952831657517096087e-01
9.514513694085431350e-01
8.361292627379419695e-01
6.235059334856439817e-01
3.397830212291105267e-01
1.300316651980518157e-01
2.622303671244734583e-02
0.000000000000000000e+00
0.000000000000000000e+00
0.000000000000000000e+00
2.622303671244734583e-02
1.300316651980516214e-01
3.397830212291105267e-01
6.235059334856440927e-01
8.361292627379419695e-01
9.514513694085431350e-01
9.952831657517096087e-01
9.999999999999997780e-01
1.000000000000000000e+00
1.000000000000000000e+00
1.000000000000000000e+00
1.000000000000000000e+00
9.156441428433002017e-01
6.787917976031507816e-01
6.787917976031512257e-01
9.156441428432999796e-01
1.000000000000000000e+00
1.000000000000000000e+00
1.000000000000000000e+00
1.000000000000000000e+00
9.999999999999997780e-01
1.000000000000000000e+00
9.999999999999997780e-01
1.000000000000000000e+00
1.000000000000000000e+00
1.000000000000000000e+00
9.999999999999997780e-01
1.000000000000000000e+00
9.999999999999997780e-01
9.999999999999995559e-01
1.000000000000000000e+00
1.000000000000000000e+00
1.000000000000000000e+00
9.999999999999997780e-01
1.000000000000000000e+00
1.000000000000000000e+00
1.000000000000000000e+00
1.000000000000000000e+00
1.000000000000000000e+00
1.000000000000000000e+00
1.000000000000000000e+00
9.999999999999997780e-01
1.000000000000000000e+00
1.000000000000000000e+00
1.000000000000000000e+00
1.000000000000000000e+00
1.000000000000000000e+00
1.000000000000000000e+00
1.000000000000000000e+00
1.000000000000000000e+00
1.000000000000000000e+00
1.000000000000000000e+00
9.952831657517094976e-01
9.514513694085429130e-01
8.094686531320398615e-01
5.603381924441893647e-01
2.633370825106924329e-01
7.899493614276152653e-02
4.716834248290544852e-03
0.000000000000000000e+00
4.716834248290446840e-03
7.899493614276152653e-02
2.633370825106923219e-01
5.603381924441893647e-01
8.094686531320399725e-01
9.514513694085431350e-01
9.952831657517092756e-01
1.000000000000000000e+00
9.999999999999997780e-01
9.999999999999997780e-01
1.000000000000000000e+00
1.000000000000000000e+00
9.999999999999995559e-01
9.156441428432999796e-01
6.787917976031513367e-01
6.787917976031510037e-01
9.156441428433002017e-01
1.000000000000000000e+00
1.000000000000000000e+00
1.000000000000000000e+00
9.999999999999997780e-01
1.000000000000000000e+00
1.000000000000000000e+00
1.000000000000000000e+00
1.000000000000000000e+00
9.999999999999997780e-01
9.999999999999997780e-01
1.000000000000000000e+00
1.000000000000000000e+00
1.000000000000000000e+00
1.000000000000000000e+00
9.999999999999997780e-01
1.000000000000000000e+00
1.000000000000000000e+00
1.000000000000000000e+00
9.999999999999997780e-01
1.000000000000000000e+00
9.999999999999997780e-01
1.000000000000000000e+00
1.000000000000000000e+00
1.000000000000000000e+00
1.000000000000000000e+00
1.000000000000000000e+00
1.000000000000000000e+00
1.000000000000000000e+00
1.000000000000000000e+00
9.999999999999997780e-01
1.000000000000000000e+00
9.999999999999997780e-01
9.999999999999997780e-01
1.000000000000000000e+00
1.000000000000000000e+00
9.999999999999997780e-01
1.000000000000000000e+00
9.952831657517092756e-01
9.210050638572382375e-01
7.302337341277717053e-01
4.091131658625343781e-01
1.557716506130000234e-01
2.622303671244734583e-02
0.000000000000000000e+00
2.622303671244734583e-02
1.557716506130000234e-01
4.091131658625342116e-01
7.302337341277715943e-01
9.210050638572382375e-01
9.952831657517092756e-01
9.999999999999997780e-01
9.999999999999995559e-01
9.999999999999997780e-01
9.999999999999997780e-01
1.000000000000000000e+00
9.999999999999997780e-01
1.000000000000000000e+00
9.156441428433002017e-01
6.787917976031507816e-01
6.787917976031513367e-01
9.156441428433002017e-01
9.999999999999997780e-01
1.000000000000000000e+00
9.999999999999997780e-01
9.999999999999997780e-01
9.999999999999997780e-01
9.999999999999995559e-01
9.999999999999997780e-01
1.000000000000000000e+00
9.999999999999995559e-01
1.000000000000000000e+00
9.999999999999995559e-01
9.999999999999995559e-01
9.999999999999997780e-01
9.999999999999997780e-01
9.999999999999997780e-01
9.999999999999997780e-01
1.000000000000000000e+00
9.999999999999997780e-01
9.999999999999997780e-01
9.999999999999997780e-01
9.999999999999997780e-01
9.999999999999997780e-01
1.000000000000000000e+00
9.999999999999997780e-01
1.000000000000000000e+00
9.999999999999997780e-01
9.999999999999997780e-01
1.000000000000000000e+00
1.000000000000000000e+00
1.000000000000000000e+00
1.000000000000000000e+00
1.000000000000000000e+00
1.000000000000000000e+00
1.000000000000000000e+00
1.000000000000000000e+00
1.000000000000000000e+00
1.000000000000000000e+00
9.999999999999997780e-01
9.688338987709557149e-01
8.117455322707813892e-01
5.201406293551853466e-01
2.050300663792749001e-01
5.047071085630211451e-02
0.000000000000000000e+00
5.047071085630201737e-02
2.050300663792749001e-01
5.201406293551853466e-01
8.117455322707813892e-01
9.688338987709557149e-01
9.999999999999997780e-01
1.000000000000000000e+00
9.999999999999997780e-01
9.999999999999997780e-01
9.999999999999997780e-01
1.000000000000000000e+00
1.000000000000000000e+00
1.000000000000000000e+00
9.156441428433002017e-01
6.787917976031510037e-01
6.787917976031507816e-01
9.156441428432999796e-01
9.999999999999997780e-01
1.000000000000000000e+00
9.999999999999997780e-01
9.999999999999997780e-01
9.999999999999997780e-01
1.000000000000000000e+00
9.999999999999995559e-01
9.999999999999997780e-01
9.999999999999995559e-01
1.000000000000000000e+00
1.000000000000000000e+00
1.000000000000000000e+00
1.000000000000000000e+00
1.000000000000000000e+00
9.999999999999997780e-01
9.999999999999997780e-01
9.999999999999997780e-01
1.000000000000000000e+00
9.999999999999997780e-01
9.999999999999997780e-01
1.000000000000000000e+00
9.999999999999997780e-01
1.000000000000000000e+00
9.999999999999997780e-01
1.000000000000000000e+00
9.999999999999995559e-01
1.000000000000000000e+00
1.000000000000000000e+00
1.000000000000000000e+00
1.000000000000000000e+00
1.000000000000000000e+00
1.000000000000000000e+00
1.000000000000000000e+00
1.000000000000000000e+00
1.000000000000000000e+00
9.999999999999997780e-01
1.000000000000000000e+00
1.000000000000000000e+00
9.688338987709557149e-01
8.117455322707813892e-01
5.201406293551854576e-01
2.050300663792749001e-01
5.047071085630211451e-02
0.000000000000000000e+00
5.047071085630201737e-02
2.050300663792749001e-01
5.201406293551853466e-01
8.117455322707813892e-01
9.688338987709557149e-01
9.999999999999997780e-01
1.000000000000000000e+00
9.999999999999997780e-01
1.000000000000000000e+00
9.999999999999997780e-01
1.000000000000000000e+00
1.000000000000000000e+00
1.000000000000000000e+00
9.156441428433002017e-01
6.787917976031510037e-01
6.787917976031507816e-01
9.156441428432999796e-01
1.000000000000000000e+00
1.000000000000000000e+00
9.999999999999997780e-01
9.999999999999997780e-01
9.999999999999997780e-01
9.999999999999997780e-01
9.999999999999997780e-01
9.999999999999997780e-01
9.999999999999992228e-01
9.999999999999997780e-01
1.000000000000000000e+00
1.000000000000000000e+00
9.999999999999997780e-01
1.000000000000000000e+00
1.000000000000000000e+00
1.000000000000000000e+00
9.999999999999997780e-01
9.999999999999997780e-01
9.999999999999997780e-01
9.999999999999997780e-01
9.999999999999997780e-01
1.000000000000000000e+00
1.000000000000000000e+00
9.999999999999997780e-01
9.999999999999997780e-01
9.999999999999997780e-01
9.999999999999997780e-01
1.000000000000000000e+00
1.000000000000000000e+00
9.999999999999997780e-01
1.000000000000000000e+00
1.000000000000000000e+00
9.999999999999997780e-01
9.999999999999997780e-01
9.999999999999997780e-01
9.999999999999997780e-01
1.000000000000000000e+00
9.952831657517092756e-01
9.210050638572382375e-01
7.302337341277715943e-01
4.091131658625344891e-01
1.557716506130000234e-01
2.622303671244734583e-02
0.000000000000000000e+00
2.622303671244734583e-02
1.557716506130000234e-01
4.091131658625342671e-01
7.302337341277712612e-01
9.210050638572382375e-01
9.952831657517092756e-01
1.000000000000000000e+00
9.999999999999995559e-01
9.999999999999995559e-01
9.999999999999997780e-01
9.999999999999997780e-01
9.999999999999997780e-01
9.999999999999995559e-01
9.156441428432999796e-01
6.787917976031507816e-01
6.787917976031513367e-01
9.156441428433002017e-01
9.999999999999997780e-01
1.000000000000000000e+00
9.999999999999995559e-01
1.000000000000000000e+00
9.999999999999997780e-01
1.000000000000000000e+00
1.000000000000000000e+00
9.999999999999997780e-01
9.999999999999997780e-01
1.000000000000000000e+00
1.000000000000000000e+00
1.000000000000000000e+00
9.999999999999997780e-01
1.000000000000000000e+00
1.000000000000000000e+00
9.999999999999997780e-01
9.999999999999997780e-01
1.000000000000000000e+00
9.999999999999995559e-01
1.000000000000000000e+00
1.000000000000000000e+00
1.000000000000000000e+00
1.000000000000000000e+00
1.000000000000000000e+00
1.000000000000000000e+00
9.999999999999997780e-01
1.000000000000000000e+00
1.000000000000000000e+00
1.000000000000000000e+00
9.999999999999997780e-01
1.000000000000000000e+00
1.000000000000000000e+00
1.000000000000000000e+00
1.000000000000000000e+00
1.000000000000000000e+00
1.000000000000000000e+00
9.952831657517092756e-01
9.514513694085431350e-01
8.094686531320398615e-01
5.603381924441893647e-01
2.633370825106924329e-01
7.899493614276158204e-02
4.716834248290544852e-03
0.000000000000000000e+00
4.716834248290446840e-03
7.899493614276152653e-02
2.633370825106924329e-01
5.603381924441893647e-01
8.094686531320398615e-01
9.514513694085431350e-01
9.952831657517092756e-01
9.999999999999997780e-01
1.000000000000000000e+00
9.999999999999997780e-01
1.000000000000000000e+00
9.999999999999997780e-01
9.999999999999997780e-01
9.156441428433002017e-01
6.787917976031508926e-01
6.787917976031513367e-01
9.156441428432999796e-01
1.000000000000000000e+00
1.000000000000000000e+00
9.999999999999997780e-01
1.000000000000000000e+00
9.999999999999995559e-01
1.000000000000000000e+00
9.999999999999997780e-01
1.000000000000000000e+00
9.999999999999997780e-01
1.000000000000000000e+00
9.999999999999997780e-01
1.000000000000000000e+00
9.999999999999995559e-01
9.999999999999997780e-01
9.999999999999997780e-01
1.000000000000000000e+00
1.000000000000000000e+00
9.999999999999997780e-01
9.999999999999997780e-01
1.000000000000000000e+00
1.000000000000000000e+00
9.999999999999997780e-01
1.000000000000000000e+00
9.999999999999997780e-01
1.000000000000000000e+00
9.999999999999995559e-01
1.000000000000000000e+00
9.999999999999997780e-01
1.000000000000000000e+00
1.000000000000000000e+00
1.000000000000000000e+00
1.000000000000000000e+00
1.000000000000000000e+00
1.000000000000000000e+00
9.999999999999997780e-01
9.952831657517092756e-01
9.514513694085431350e-01
8.361292627379419695e-01
6.235059334856437596e-01
3.397830212291104157e-01
1.300316651980517046e-01
2.622303671244744297e-02
0.000000000000000000e+00
0.000000000000000000e+00
0.000000000000000000e+00
2.622303671244744297e-02
1.300316651980516214e-01
3.397830212291105267e-01
6.235059334856437596e-01
8.361292627379416365e-01
9.514513694085431350e-01
9.952831657517090536e-01
9.999999999999997780e-01
9.999999999999997780e-01
1.000000000000000000e+00
9.999999999999997780e-01
9.999999999999997780e-01
9.156441428432999796e-01
6.787917976031507816e-01
6.787917976031512257e-01
9.156441428432999796e-01
1.000000000000000000e+00
1.000000000000000000e+00
9.999999999999997780e-01
1.000000000000000000e+00
9.999999999999997780e-01
9.999999999999997780e-01
1.000000000000000000e+00
9.999999999999997780e-01
9.999999999999995559e-01
1.000000000000000000e+00
9.999999999999997780e-01
1.000000000000000000e+00
9.999999999999997780e-01
9.999999999999995559e-01
1.000000000000000000e+00
1.000000000000000000e+00
9.999999999999997780e-01
9.999999999999997780e-01
9.999999999999997780e-01
1.000000000000000000e+00
9.999999999999997780e-01
1.000000000000000000e+00
1.000000000000000000e+00
1.000000000000000000e+00
1.000000000000000000e+00
1.000000000000000000e+00
9.999999999999997780e-01
1.000000000000000000e+00
1.000000000000000000e+00
1.000000000000000000e+00
1.000000000000000000e+00
1.000000000000000000e+00
9.999999999999997780e-01
1.000000000000000000e+00
9.952831657517090536e-01
9.514513694085431350e-01
8.361292627379416365e-01
6.302755230970019662e-01
3.697244769029978673e-01
1.638707372620581137e-01
4.854863059145694132e-02
4.716834248290544852e-03
0.000000000000000000e+00
0.000000000000000000e+00
0.000000000000000000e+00
4.716834248290544852e-03
4.854863059145674703e-02
1.638707372620580305e-01
3.697244769029979228e-01
6.302755230970019662e-01
8.361292627379416365e-01
9.514513694085428019e-01
9.952831657517090536e-01
1.000000000000000000e+00
1.000000000000000000e+00
9.999999999999997780e-01
9.999999999999997780e-01
9.156441428433002017e-01
6.787917976031510037e-01
6.787917976031512257e-01
9.156441428432999796e-01
9.999999999999997780e-01
9.999999999999997780e-01
1.000000000000000000e+00
1.000000000000000000e+00
9.999999999999997780e-01
1.000000000000000000e+00
9.999999999999995559e-01
9.999999999999997780e-01
9.999999999999997780e-01
1.000000000000000000e+00
9.999999999999997780e-01
1.000000000000000000e+00
9.999999999999995559e-01
9.999999999999997780e-01
1.000000000000000000e+00
9.999999999999997780e-01
9.999999999999997780e-01
9.999999999999997780e-01
9.999999999999997780e-01
9.999999999999997780e-01
9.999999999999997780e-01
9.999999999999997780e-01
1.000000000000000000e+00
1.000000000000000000e+00
9.999999999999997780e-01
9.999999999999995559e-01
1.000000000000000000e+00
1.000000000000000000e+00
1.000000000000000000e+00
1.000000000000000000e+00
1.000000000000000000e+00
1.000000000000000000e+00
9.952831657517092756e-01
9.737769632875525883e-01
9.210050638572382375e-01
8.094686531320400835e-01
6.235059334856437596e-01
3.697244769029981448e-01
1.638707372620581137e-01
4.854863059145694132e-02
4.716834248290544852e-03
0.000000000000000000e+00
0.000000000000000000e+00
0.000000000000000000e+00
0.000000000000000000e+00
0.000000000000000000e+00
4.716834248290446840e-03
4.854863059145694132e-02
1.638707372620581137e-01
3.697244769029979228e-01
6.235059334856437596e-01
8.094686531320398615e-01
9.210050638572382375e-01
9.737769632875525883e-01
9.952831657517096087e-01
9.999999999999997780e-01
1.000000000000000000e+00
9.156441428433002017e-01
6.787917976031510037e-01
6.787917976031512257e-01
9.156441428433002017e-01
1.000000000000000000e+00
9.999999999999997780e-01
9.999999999999997780e-01
1.000000000000000000e+00
9.999999999999997780e-01
1.000000000000000000e+00
9.999999999999997780e-01
9.999999999999997780e-01
1.000000000000000000e+00
1.000000000000000000e+00
9.999999999999997780e-01
9.999999999999997780e-01
9.999999999999995559e-01
9.999999999999997780e-01
9.999999999999997780e-01
9.999999999999997780e-01
9.999999999999997780e-01
9.999999999999997780e-01
9.999999999999997780e-01
9.999999999999997780e-01
9.999999999999997780e-01
9.999999999999997780e-01
1.000000000000000000e+00
9.999999999999997780e-01
9.999999999999997780e-01
9.999999999999997780e-01
1.000000000000000000e+00
9.999999999999997780e-01
1.000000000000000000e+00
1.000000000000000000e+00
9.999999999999997780e-01
9.952831657517092756e-01
9.514513694085428019e-01
8.699683348019482398e-01
7.366629174893072340e-01
5.603381924441893647e-01
3.397830212291104157e-01
1.638707372620581693e-01
4.854863059145694132e-02
4.716834248290544852e-03
0.000000000000000000e+00
0.000000000000000000e+00
0.000000000000000000e+00
0.000000000000000000e+00
0.000000000000000000e+00
0.000000000000000000e+00
0.000000000000000000e+00
4.716834248290544852e-03
4.854863059145694132e-02
1.638707372620581137e-01
3.397830212291105823e-01
5.603381924441892536e-01
7.366629174893072340e-01
8.699683348019482398e-01
9.514513694085431350e-01
9.952831657517092756e-01
9.999999999999997780e-01
9.156441428433002017e-01
6.787917976031510037e-01
6.787917976031513367e-01
9.156441428432999796e-01
1.000000000000000000e+00
9.999999999999997780e-01
9.999999999999997780e-01
1.000000000000000000e+00
1.000000000000000000e+00
1.000000000000000000e+00
9.999999999999997780e-01
1.000000000000000000e+00
9.999999999999997780e-01
9.999999999999997780e-01
1.000000000000000000e+00
1.000000000000000000e+00
9.999999999999995559e-01
9.999999999999997780e-01
1.000000000000000000e+00
1.000000000000000000e+00
9.999999999999997780e-01
9.999999999999997780e-01
1.000000000000000000e+00
9.999999999999997780e-01
9.999999999999997780e-01
1.000000000000000000e+00
9.999999999999995559e-01
9.999999999999997780e-01
9.999999999999997780e-01
9.999999999999997780e-01
9.999999999999997780e-01
1.000000000000000000e+00
1.000000000000000000e+00
9.999999999999997780e-01
1.000000000000000000e+00
9.786786784237299086e-01
8.949676292408242917e-01
7.278101371409118059e-01
4.772625096990285587e-01
2.697662658722282947e-01
1.300316651980518157e-01
4.854863059145703846e-02
4.716834248290544852e-03
0.000000000000000000e+00
0.000000000000000000e+00
0.000000000000000000e+00
0.000000000000000000e+00
0.000000000000000000e+00
0.000000000000000000e+00
0.000000000000000000e+00
0.000000000000000000e+00
0.000000000000000000e+00
4.716834248290544852e-03
4.854863059145694132e-02
1.300316651980517046e-01
2.697662658722281837e-01
4.772625096990286697e-01
7.278101371409118059e-01
8.949676292408247358e-01
9.786786784237299086e-01
1.000000000000000000e+00
9.156441428433002017e-01
6.787917976031508926e-01
6.787917976031513367e-01
9.156441428432999796e-01
1.000000000000000000e+00
1.000000000000000000e+00
1.000000000000000000e+00
1.000000000000000000e+00
1.000000000000000000e+00
1.000000000000000000e+00
9.999999999999997780e-01
1.000000000000000000e+00
1.000000000000000000e+00
1.000000000000000000e+00
1.000000000000000000e+00
9.999999999999997780e-01
1.000000000000000000e+00
1.000000000000000000e+00
1.000000000000000000e+00
1.000000000000000000e+00
9.999999999999997780e-01
1.000000000000000000e+00
9.999999999999995559e-01
9.999999999999995559e-01
1.000000000000000000e+00
9.999999999999997780e-01
1.000000000000000000e+00
1.000000000000000000e+00
9.999999999999997780e-01
1.000000000000000000e+00
9.999999999999997780e-01
9.999999999999997780e-01
1.000000000000000000e+00
1.000000000000000000e+00
9.999999999999997780e-01
9.719236864111852059e-01
8.618716391132752452e-01
6.279918414252099179e-01
3.509215290534784537e-01
1.338148261891038415e-01
3.116610122904437535e-02
4.716834248290544852e-03
0.000000000000000000e+00
0.000000000000000000e+00
0.000000000000000000e+00
0.000000000000000000e+00
0.000000000000000000e+00
0.000000000000000000e+00
0.000000000000000000e+00
0.000000000000000000e+00
0.000000000000000000e+00
0.000000000000000000e+00
0.000000000000000000e+00
4.716834248290544852e-03
3.116610122904427474e-02
1.338148261891037305e-01
3.509215290534785647e-01
6.279918414252099179e-01
8.618716391132752452e-01
9.719236864111852059e-01
9.999999999999997780e-01
9.156441428433002017e-01
6.787917976031507816e-01
6.787917976031513367e-01
9.156441428433002017e-01
1.000000000000000000e+00
1.000000000000000000e+00
9.999999999999997780e-01
1.000000000000000000e+00
1.000000000000000000e+00
1.000000000000000000e+00
9.999999999999997780e-01
9.999999999999997780e-01
9.999999999999997780e-01
9.999999999999997780e-01
9.999999999999995559e-01
9.999999999999997780e-01
9.999999999999997780e-01
1.000000000000000000e+00
9.999999999999997780e-01
9.999999999999997780e-01
9.999999999999997780e-01
9.999999999999997780e-01
9.999999999999997780e-01
1.000000000000000000e+00
1.000000000000000000e+00
9.999999999999997780e-01
1.000000000000000000e+00
9.999999999999997780e-01
1.000000000000000000e+00
9.999999999999997780e-01
9.999999999999997780e-01
9.999999999999997780e-01
1.000000000000000000e+00
1.000000000000000000e+00
1.000000000000000000e+00
9.786786784237299086e-01
8.949676292408242917e-01
6.988323757939914893e-01
4.068049302952891910e-01
1.697990147023755447e-01
4.854863059145694132e-02
4.716834248290544852e-03
0.000000000000000000e+00
0.000000000000000000e+00
0.000000000000000000e+00
0.000000000000000000e+00
0.000000000000000000e+00
0.000000000000000000e+00
0.000000000000000000e+00
0.000000000000000000e+00
0.000000000000000000e+00
0.000000000000000000e+00
0.000000000000000000e+00
4.716834248290544852e-03
4.854863059145694132e-02
1.697990147023753782e-01
4.068049302952892465e-01
6.988323757939913783e-01
8.949676292408247358e-01
9.786786784237294645e-01
1.000000000000000000e+00
9.156441428433002017e-01
6.787917976031510037e-01
6.787917976031513367e-01
9.156441428433002017e-01
1.000000000000000000e+00
1.000000000000000000e+00
9.999999999999997780e-01
1.000000000000000000e+00
1.000000000000000000e+00
9.999999999999997780e-01
1.000000000000000000e+00
9.999999999999997780e-01
1.000000000000000000e+00
1.000000000000000000e+00
1.000000000000000000e+00
9.999999999999997780e-01
9.999999999999995559e-01
9.999999999999995559e-01
1.000000000000000000e+00
1.000000000000000000e+00
9.999999999999997780e-01
1.000000000000000000e+00
1.000000000000000000e+00
1.000000000000000000e+00
9.999999999999997780e-01
1.000000000000000000e+00
9.999999999999997780e-01
9.999999999999997780e-01
1.000000000000000000e+00
9.999999999999997780e-01
9.999999999999997780e-01
1.000000000000000000e+00
1.000000000000000000e+00
1.000000000000000000e+00
1.000000000000000000e+00
9.952831657517096087e-01
9.514513694085431350e-01
8.361292627379416365e-01
6.235059334856437596e-01
3.397830212291104157e-01
1.300316651980518157e-01
2.622303671244744297e-02
0.000000000000000000e+00
0.000000000000000000e+00
0.000000000000000000e+00
0.000000000000000000e+00
0.000000000000000000e+00
0.000000000000000000e+00
0.000000000000000000e+00
0.000000000000000000e+00
0.000000000000000000e+00
0.000000000000000000e+00
0.000000000000000000e+00
2.622303671244744297e-02
1.300316651980518157e-01
3.397830212291103047e-01
6.235059334856439817e-01
8.361292627379418585e-01
9.514513694085431350e-01
9.952831657517092756e-01
1.000000000000000000e+00
9.156441428433002017e-01
6.787917976031510037e-01
6.787917976031512257e-01
9.156441428432999796e-01
9.999999999999997780e-01
1.000000000000000000e+00
9.999999999999997780e-01
1.000000000000000000e+00
9.999999999999997780e-01
1.000000000000000000e+00
1.000000000000000000e+00
9.999999999999995559e-01
9.999999999999997780e-01
9.999999999999997780e-01
1.000000000000000000e+00
1.000000000000000000e+00
9.999999999999997780e-01
1.000000000000000000e+00
1.000000000000000000e+00
1.000000000000000000e+00
9.999999999999997780e-01
9.999999999999995559e-01
9.999999999999995559e-01
1.000000000000000000e+00
1.000000000000000000e+00
9.999999999999992228e-01
9.999999999999997780e-01
9.999999999999997780e-01
1.000000000000000000e+00
9.999999999999995559e-01
1.000000000000000000e+00
9.999999999999997780e-01
1.000000000000000000e+00
9.999999999999997780e-01
1.000000000000000000e+00
9.999999999999997780e-01
9.905247275751841718e-01
9.230099618865337252e-01
7.390727508505546828e-01
4.586194926952020245e-01
1.928129272156524354e-01
5.047071085630211451e-02
0.000000000000000000e+00
0.000000000000000000e+00
0.000000000000000000e+00
0.000000000000000000e+00
0.000000000000000000e+00
0.000000000000000000e+00
0.000000000000000000e+00
0.000000000000000000e+00
0.000000000000000000e+00
0.000000000000000000e+00
0.000000000000000000e+00
5.047071085630211451e-02
1.928129272156524909e-01
4.586194926952018580e-01
7.390727508505547938e-01
9.230099618865335032e-01
9.905247275751841718e-01
9.999999999999997780e-01
1.000000000000000000e+00
9.156441428432999796e-01
6.787917976031510037e-01
6.787917976031513367e-01
9.156441428432999796e-01
9.999999999999997780e-01
1.000000000000000000e+00
1.000000000000000000e+00
1.000000000000000000e+00
9.999999999999997780e-01
9.999999999999997780e-01
9.999999999999997780e-01
9.999999999999997780e-01
9.999999999999997780e-01
9.999999999999997780e-01
9.999999999999997780e-01
9.999999999999997780e-01
1.000000000000000000e+00
1.000000000000000000e+00
9.999999999999995559e-01
9.999999999999997780e-01
9.999999999999997780e-01
9.999999999999997780e-01
9.999999999999997780e-01
9.999999999999995559e-01
1.000000000000000000e+00
9.999999999999997780e-01
1.000000000000000000e+00
1.000000000000000000e+00
1.000000000000000000e+00
9.999999999999995559e-01
1.000000000000000000e+00
9.999999999999997780e-01
1.000000000000000000e+00
9.952831657517092756e-01
9.737769632875525883e-01
9.443880227257490656e-01
8.968321179458492720e-01
8.324335603119416005e-01
6.652372595867862559e-01
4.187958059944550393e-01
1.720365086096804774e-01
5.047071085630211451e-02
0.000000000000000000e+00
0.000000000000000000e+00
0.000000000000000000e+00
0.000000000000000000e+00
0.000000000000000000e+00
0.000000000000000000e+00
0.000000000000000000e+00
0.000000000000000000e+00
0.000000000000000000e+00
0.000000000000000000e+00
0.000000000000000000e+00
5.047071085630211451e-02
1.720365086096803109e-01
4.187958059944549838e-01
6.652372595867863669e-01
8.324335603119416005e-01
8.968321179458492720e-01
9.443880227257490656e-01
9.737769632875525883e-01
9.102435681612301988e-01
6.787917976031510037e-01
6.787917976031510037e-01
9.156441428433002017e-01
1.000000000000000000e+00
1.000000000000000000e+00
1.000000000000000000e+00
1.000000000000000000e+00
1.000000000000000000e+00
1.000000000000000000e+00
9.999999999999997780e-01
1.000000000000000000e+00
9.999999999999997780e-01
1.000000000000000000e+00
1.000000000000000000e+00
1.000000000000000000e+00
1.000000000000000000e+00
1.000000000000000000e+00
1.000000000000000000e+00
1.000000000000000000e+00
1.000000000000000000e+00
1.000000000000000000e+00
9.999999999999995559e-01
9.999999999999997780e-01
9.999999999999997780e-01
1.000000000000000000e+00
1.000000000000000000e+00
1.000000000000000000e+00
1.000000000000000000e+00
9.999999999999997780e-01
1.000000000000000000e+00
9.952831657517092756e-01
9.737769632875525883e-01
9.210050638572384596e-01
8.442283493869999766e-01
7.673161326064538157e-01
6.696513773955236060e-01
5.603381924441898088e-01
4.022796730729421011e-01
2.350462229063583763e-01
9.746124598336178280e-02
2.622303671244744297e-02
0.000000000000000000e+00
0.000000000000000000e+00
0.000000000000000000e+00
0.000000000000000000e+00
0.000000000000000000e+00
0.000000000000000000e+00
0.000000000000000000e+00
0.000000000000000000e+00
0.000000000000000000e+00
9.803355641361027003e-17
0.000000000000000000e+00
2.622303671244734583e-02
9.746124598336168565e-02
2.350462229063581820e-01
4.022796730729422121e-01
5.603381924441896977e-01
6.696513773955236060e-01
7.673161326064538157e-01
8.442283493869998656e-01
8.262548810375511810e-01
6.423543791313520712e-01
6.787917976031510037e-01
9.156441428433002017e-01
1.000000000000000000e+00
1.000000000000000000e+00
1.000000000000000000e+00
9.999999999999997780e-01
1.000000000000000000e+00
9.999999999999997780e-01
1.000000000000000000e+00
1.000000000000000000e+00
9.999999999999997780e-01
1.000000000000000000e+00
9.999999999999997780e-01
1.000000000000000000e+00
9.999999999999997780e-01
9.999999999999997780e-01
1.000000000000000000e+00
1.000000000000000000e+00
9.999999999999997780e-01
9.999999999999997780e-01
1.000000000000000000e+00
1.000000000000000000e+00
9.999999999999997780e-01
1.000000000000000000e+00
9.999999999999995559e-01
1.000000000000000000e+00
1.000000000000000000e+00
1.000000000000000000e+00
9.952831657517094976e-01
9.514513694085431350e-01
8.699683348019482398e-01
7.366629174893075671e-01
5.908868341374654554e-01
4.396618075558104688e-01
3.303486226044767271e-01
2.326838673935462121e-01
1.557716506130001344e-01
7.899493614276158204e-02
2.622303671244744297e-02
4.716834248290544852e-03
0.000000000000000000e+00
0.000000000000000000e+00
0.000000000000000000e+00
0.000000000000000000e+00
0.000000000000000000e+00
0.000000000000000000e+00
0.000000000000000000e+00
0.000000000000000000e+00
0.000000000000000000e+00
9.803355641361027003e-17
0.000000000000000000e+00
4.716834248290544852e-03
2.622303671244744297e-02
7.899493614276142939e-02
1.557716506129999678e-01
2.326838673935461010e-01
3.303486226044766716e-01
4.396618075558104133e-01
5.908868341374654554e-01
6.260524388970087895e-01
5.086526973135859775e-01
6.787917976031513367e-01
9.156441428432999796e-01
1.000000000000000000e+00
9.999999999999997780e-01
1.000000000000000000e+00
1.000000000000000000e+00
9.999999999999997780e-01
1.000000000000000000e+00
9.999999999999997780e-01
1.000000000000000000e+00
9.999999999999995559e-01
9.999999999999997780e-01
1.000000000000000000e+00
1.000000000000000000e+00
1.000000000000000000e+00
9.999999999999997780e-01
1.000000000000000000e+00
1.000000000000000000e+00
9.999999999999997780e-01
9.999999999999995559e-01
1.000000000000000000e+00
1.000000000000000000e+00
1.000000000000000000e+00
9.999999999999995559e-01
1.000000000000000000e+00
1.000000000000000000e+00
9.999999999999997780e-01
9.999999999999997780e-01
9.737769632875525883e-01
8.699683348019477958e-01
6.897822483066275989e-01
4.465454432170825050e-01
2.697662658722282392e-01
1.616513557265917556e-01
1.031678820541506447e-01
5.561197727425074705e-02
2.622303671244734583e-02
4.716834248290544852e-03
0.000000000000000000e+00
0.000000000000000000e+00
0.000000000000000000e+00
0.000000000000000000e+00
0.000000000000000000e+00
0.000000000000000000e+00
0.000000000000000000e+00
0.000000000000000000e+00
0.000000000000000000e+00
0.000000000000000000e+00
0.000000000000000000e+00
9.803355641361027003e-17
0.000000000000000000e+00
0.000000000000000000e+00
0.000000000000000000e+00
4.716834248290544852e-03
2.622303671244744297e-02
5.561197727425055276e-02
1.031678820541506447e-01
1.616513557265917000e-01
2.697662658722280726e-01
3.328525096256397253e-01
3.102177516933725121e-01
6.398223239139492202e-01
8.912964699927587997e-01
9.952831657517094976e-01
1.000000000000000000e+00
9.999999999999997780e-01
9.999999999999997780e-01
1.000000000000000000e+00
9.999999999999997780e-01
1.000000000000000000e+00
9.999999999999997780e-01
9.999999999999995559e-01
1.000000000000000000e+00
1.000000000000000000e+00
1.000000000000000000e+00
9.999999999999997780e-01
1.000000000000000000e+00
9.999999999999997780e-01
1.000000000000000000e+00
1.000000000000000000e+00
9.999999999999997780e-01
9.999999999999997780e-01
1.000000000000000000e+00
1.000000000000000000e+00
1.000000000000000000e+00
9.999999999999995559e-01
9.999999999999997780e-01
9.999999999999997780e-01
9.952831657517094976e-01
9.210050638572385706e-01
7.366629174893075671e-01
4.465454432170828380e-01
2.178511010329143016e-01
7.899493614276167919e-02
2.622303671244734583e-02
4.716834248290544852e-03
9.803355641361027003e-17
0.000000000000000000e+00
0.000000000000000000e+00
0.000000000000000000e+00
0.000000000000000000e+00
0.000000000000000000e+00
0.000000000000000000e+00
0.000000000000000000e+00
0.000000000000000000e+00
0.000000000000000000e+00
0.000000000000000000e+00
0.000000000000000000e+00
0.000000000000000000e+00
0.000000000000000000e+00
9.803355641361027003e-17
0.000000000000000000e+00
0.000000000000000000e+00
0.000000000000000000e+00
0.000000000000000000e+00
0.000000000000000000e+00
0.000000000000000000e+00
4.716834248290642864e-03
2.622303671244754011e-02
7.899493614276152653e-02
1.243515058067848206e-01
1.184936529265838145e-01
5.603381924441893647e-01
8.383486442734084942e-01
9.737769632875525883e-01
1.000000000000000000e+00
1.000000000000000000e+00
9.999999999999997780e-01
1.000000000000000000e+00
9.999999999999997780e-01
1.000000000000000000e+00
1.000000000000000000e+00
9.999999999999997780e-01
1.000000000000000000e+00
9.999999999999997780e-01
1.000000000000000000e+00
9.999999999999997780e-01
9.999999999999997780e-01
1.000000000000000000e+00
1.000000000000000000e+00
9.999999999999997780e-01
9.999999999999997780e-01
1.000000000000000000e+00
1.000000000000000000e+00
9.999999999999997780e-01
1.000000000000000000e+00
9.999999999999995559e-01
1.000000000000000000e+00
1.000000000000000000e+00
9.737769632875525883e-01
8.442283493869999766e-01
5.908868341374654554e-01
2.697662658722282947e-01
7.899493614276158204e-02
4.716834248290544852e-03
0.000000000000000000e+00
0.000000000000000000e+00
0.000000000000000000e+00
0.000000000000000000e+00
0.000000000000000000e+00
0.000000000000000000e+00
0.000000000000000000e+00
0.000000000000000000e+00
0.000000000000000000e+00
0.000000000000000000e+00
0.000000000000000000e+00
0.000000000000000000e+00
0.000000000000000000e+00
0.000000000000000000e+00
0.000000000000000000e+00
0.000000000000000000e+00
9.803355641361027003e-17
0.000000000000000000e+00
0.000000000000000000e+00
0.000000000000000000e+00
0.000000000000000000e+00
0.000000000000000000e+00
0.000000000000000000e+00
0.000000000000000000e+00
0.000000000000000000e+00
4.716834248290446840e-03
2.132132157627009486e-02
2.807631358881445757e-02
4.396618075558106908e-01
7.673161326064537047e-01
9.443880227257493987e-01
9.999999999999997780e-01
9.952831657517096087e-01
9.786786784237299086e-01
9.719236864111852059e-01
9.786786784237299086e-01
9.952831657517094976e-01
1.000000000000000000e+00
9.999999999999995559e-01
9.999999999999997780e-01
1.000000000000000000e+00
1.000000000000000000e+00
1.000000000000000000e+00
9.999999999999997780e-01
1.000000000000000000e+00
1.000000000000000000e+00
9.999999999999997780e-01
9.999999999999995559e-01
1.000000000000000000e+00
9.952831657517092756e-01
9.786786784237299086e-01
9.719236864111852059e-01
9.786786784237299086e-01
9.952831657517092756e-01
9.999999999999997780e-01
9.443880227257490656e-01
7.673161326064538157e-01
4.396618075558100247e-01
1.616513557265918943e-01
2.622303671244734583e-02
0.000000000000000000e+00
0.000000000000000000e+00
0.000000000000000000e+00
0.000000000000000000e+00
0.000000000000000000e+00
0.000000000000000000e+00
0.000000000000000000e+00
0.000000000000000000e+00
0.000000000000000000e+00
0.000000000000000000e+00
0.000000000000000000e+00
0.000000000000000000e+00
0.000000000000000000e+00
0.000000000000000000e+00
0.000000000000000000e+00
0.000000000000000000e+00
0.000000000000000000e+00
1.960671128272205401e-16
0.000000000000000000e+00
0.000000000000000000e+00
0.000000000000000000e+00
0.000000000000000000e+00
0.000000000000000000e+00
0.000000000000000000e+00
0.000000000000000000e+00
0.000000000000000000e+00
0.000000000000000000e+00
0.000000000000000000e+00
0.000000000000000000e+00
3.303486226044767271e-01
6.696513773955237170e-01
8.968321179458494941e-01
9.905247275751841718e-01
9.514513694085428019e-01
8.949676292408245137e-01
8.618716391132756893e-01
8.949676292408245137e-01
9.514513694085431350e-01
9.952831657517094976e-01
9.999999999999995559e-01
1.000000000000000000e+00
1.000000000000000000e+00
1.000000000000000000e+00
9.999999999999997780e-01
1.000000000000000000e+00
9.999999999999997780e-01
1.000000000000000000e+00
1.000000000000000000e+00
9.999999999999997780e-01
9.952831657517092756e-01
9.514513694085433571e-01
8.949676292408247358e-01
8.618716391132754673e-01
8.949676292408242917e-01
9.514513694085429130e-01
9.905247275751841718e-01
8.968321179458494941e-01
6.696513773955237170e-01
3.303486226044766161e-01
1.031678820541508390e-01
4.716834248290740876e-03
0.000000000000000000e+00
0.000000000000000000e+00
0.000000000000000000e+00
9.803355641361027003e-17
0.000000000000000000e+00
0.000000000000000000e+00
0.000000000000000000e+00
0.000000000000000000e+00
0.000000000000000000e+00
0.000000000000000000e+00
0.000000000000000000e+00
0.000000000000000000e+00
0.000000000000000000e+00
0.000000000000000000e+00
0.000000000000000000e+00
0.000000000000000000e+00
0.000000000000000000e+00
9.803355641361027003e-17
0.000000000000000000e+00
0.000000000000000000e+00
0.000000000000000000e+00
0.000000000000000000e+00
0.000000000000000000e+00
0.000000000000000000e+00
0.000000000000000000e+00
9.803355641361027003e-17
0.000000000000000000e+00
0.000000000000000000e+00
0.000000000000000000e+00
2.326838673935462121e-01
5.603381924441893647e-01
8.324335603119413785e-01
9.230099618865337252e-01
8.361292627379415254e-01
6.988323757939917114e-01
6.279918414252096959e-01
7.278101371409122500e-01
8.699683348019482398e-01
9.737769632875521442e-01
9.999999999999997780e-01
9.999999999999997780e-01
1.000000000000000000e+00
1.000000000000000000e+00
9.999999999999997780e-01
1.000000000000000000e+00
1.000000000000000000e+00
1.000000000000000000e+00
9.999999999999997780e-01
9.999999999999997780e-01
9.737769632875521442e-01
8.699683348019482398e-01
7.278101371409122500e-01
6.279918414252092518e-01
6.988323757939911562e-01
8.361292627379418585e-01
9.230099618865337252e-01
8.324335603119412674e-01
5.603381924441898088e-01
2.326838673935459068e-01
5.561197727425064991e-02
1.960671128272205401e-16
0.000000000000000000e+00
1.960671128272205401e-16
0.000000000000000000e+00
1.960671128272205401e-16
0.000000000000000000e+00
0.000000000000000000e+00
0.000000000000000000e+00
0.000000000000000000e+00
0.000000000000000000e+00
0.000000000000000000e+00
0.000000000000000000e+00
0.000000000000000000e+00
0.000000000000000000e+00
0.000000000000000000e+00
0.000000000000000000e+00
0.000000000000000000e+00
0.000000000000000000e+00
9.803355641361027003e-17
0.000000000000000000e+00
0.000000000000000000e+00
0.000000000000000000e+00
0.000000000000000000e+00
0.000000000000000000e+00
0.000000000000000000e+00
0.000000000000000000e+00
1.960671128272205401e-16
0.000000000000000000e+00
0.000000000000000000e+00
0.000000000000000000e+00
1.557716506130002732e-01
4.022796730729422121e-01
6.652372595867863669e-01
7.390727508505552379e-01
6.235059334856443147e-01
4.068049302952893020e-01
3.509215290534785647e-01
4.772625096990285587e-01
7.366629174893072340e-01
9.210050638572384596e-01
9.952831657517092756e-01
9.999999999999997780e-01
9.999999999999997780e-01
9.999999999999997780e-01
1.000000000000000000e+00
1.000000000000000000e+00
9.999999999999995559e-01
9.999999999999997780e-01
9.999999999999997780e-01
9.952831657517090536e-01
9.210050638572384596e-01
7.366629174893070120e-01
4.772625096990287807e-01
3.509215290534784537e-01
4.068049302952896351e-01
6.235059334856440927e-01
7.390727508505550158e-01
6.652372595867861449e-01
4.022796730729422676e-01
1.557716506129998291e-01
2.622303671244754011e-02
0.000000000000000000e+00
0.000000000000000000e+00
0.000000000000000000e+00
1.960671128272205401e-16
0.000000000000000000e+00
0.000000000000000000e+00
0.000000000000000000e+00
0.000000000000000000e+00
0.000000000000000000e+00
0.000000000000000000e+00
0.000000000000000000e+00
0.000000000000000000e+00
0.000000000000000000e+00
0.000000000000000000e+00
0.000000000000000000e+00
0.000000000000000000e+00
0.000000000000000000e+00
0.000000000000000000e+00
9.803355641361027003e-17
0.000000000000000000e+00
0.000000000000000000e+00
0.000000000000000000e+00
0.000000000000000000e+00
0.000000000000000000e+00
0.000000000000000000e+00
0.000000000000000000e+00
0.000000000000000000e+00
0.000000000000000000e+00
0.000000000000000000e+00
0.000000000000000000e+00
7.899493614276167919e-02
2.350462229063588759e-01
4.187958059944554279e-01
4.586194926952023576e-01
3.397830212291105267e-01
1.697990147023754337e-01
1.338148261891038415e-01
2.697662658722282947e-01
5.603381924441893647e-01
8.094686531320400835e-01
9.514513694085429130e-01
9.952831657517096087e-01
1.000000000000000000e+00
1.000000000000000000e+00
1.000000000000000000e+00
1.000000000000000000e+00
1.000000000000000000e+00
1.000000000000000000e+00
9.952831657517096087e-01
9.514513694085431350e-01
8.094686531320396394e-01
5.603381924441893647e-01
2.697662658722284057e-01
1.338148261891038415e-01
1.697990147023757945e-01
3.397830212291107488e-01
4.586194926952020245e-01
4.187958059944552058e-01
2.350462229063585706e-01
7.899493614276152653e-02
4.716834248290740876e-03
1.960671128272205401e-16
0.000000000000000000e+00
0.000000000000000000e+00
0.000000000000000000e+00
1.960671128272205401e-16
0.000000000000000000e+00
0.000000000000000000e+00
0.000000000000000000e+00
0.000000000000000000e+00
0.000000000000000000e+00
0.000000000000000000e+00
0.000000000000000000e+00
0.000000000000000000e+00
0.000000000000000000e+00
0.000000000000000000e+00
0.000000000000000000e+00
0.000000000000000000e+00
0.000000000000000000e+00
0.000000000000000000e+00
0.000000000000000000e+00
9.803355641361027003e-17
9.803355641361027003e-17
0.000000000000000000e+00
0.000000000000000000e+00
0.000000000000000000e+00
0.000000000000000000e+00
0.000000000000000000e+00
0.000000000000000000e+00
0.000000000000000000e+00
0.000000000000000000e+00
2.622303671244754011e-02
9.746124598336178280e-02
1.720365086096805607e-01
1.928129272156525464e-01
1.300316651980518157e-01
4.854863059145703846e-02
3.116610122904427474e-02
1.300316651980518989e-01
3.397830212291101937e-01
6.235059334856437596e-01
8.361292627379416365e-01
9.514513694085431350e-01
9.952831657517092756e-01
9.999999999999997780e-01
1.000000000000000000e+00
1.000000000000000000e+00
1.000000000000000000e+00
9.952831657517096087e-01
9.514513694085429130e-01
8.361292627379419695e-01
6.235059334856434266e-01
3.397830212291103047e-01
1.300316651980519544e-01
3.116610122904427474e-02
4.854863059145703846e-02
1.300316651980518157e-01
1.928129272156524354e-01
1.720365086096804774e-01
9.746124598336193545e-02
2.622303671244734583e-02
0.000000000000000000e+00
0.000000000000000000e+00
0.000000000000000000e+00
0.000000000000000000e+00
0.000000000000000000e+00
1.960671128272205401e-16
0.000000000000000000e+00
0.000000000000000000e+00
0.000000000000000000e+00
0.000000000000000000e+00
0.000000000000000000e+00
0.000000000000000000e+00
0.000000000000000000e+00
0.000000000000000000e+00
0.000000000000000000e+00
0.000000000000000000e+00
0.000000000000000000e+00
0.000000000000000000e+00
0.000000000000000000e+00
0.000000000000000000e+00
0.000000000000000000e+00
0.000000000000000000e+00
0.000000000000000000e+00
0.000000000000000000e+00
1.960671128272205401e-16
0.000000000000000000e+00
0.000000000000000000e+00
0.000000000000000000e+00
0.000000000000000000e+00
0.000000000000000000e+00
0.000000000000000000e+00
4.716834248290740876e-03
2.622303671244734583e-02
5.047071085630240594e-02
5.047071085630230880e-02
2.622303671244724868e-02
4.716834248290446840e-03
4.716834248290544852e-03
4.854863059145694132e-02
1.638707372620578362e-01
3.697244769029979228e-01
6.302755230970017442e-01
8.361292627379415254e-01
9.514513694085428019e-01
9.952831657517092756e-01
9.999999999999997780e-01
1.000000000000000000e+00
9.952831657517092756e-01
9.514513694085428019e-01
8.361292627379418585e-01
6.302755230970021882e-01
3.697244769029979228e-01
1.638707372620580305e-01
4.854863059145713561e-02
4.716834248290348829e-03
4.716834248290642864e-03
2.622303671244734583e-02
5.047071085630240594e-02
5.047071085630201737e-02
2.622303671244734583e-02
4.716834248290348829e-03
1.960671128272205401e-16
0.000000000000000000e+00
0.000000000000000000e+00
1.960671128272205401e-16
0.000000000000000000e+00
0.000000000000000000e+00
9.803355641361027003e-17
0.000000000000000000e+00
0.000000000000000000e+00
0.000000000000000000e+00
0.000000000000000000e+00
0.000000000000000000e+00
0.000000000000000000e+00
0.000000000000000000e+00
0.000000000000000000e+00
0.000000000000000000e+00
0.000000000000000000e+00
0.000000000000000000e+00
0.000000000000000000e+00
0.000000000000000000e+00
0.000000000000000000e+00
0.000000000000000000e+00
0.000000000000000000e+00
0.000000000000000000e+00
0.000000000000000000e+00
0.000000000000000000e+00
0.000000000000000000e+00
0.000000000000000000e+00
0.000000000000000000e+00
0.000000000000000000e+00
0.000000000000000000e+00
1.960671128272205401e-16
0.000000000000000000e+00
1.960671128272205401e-16
0.000000000000000000e+00
0.000000000000000000e+00
0.000000000000000000e+00
1.960671128272205401e-16
4.716834248290544852e-03
4.854863059145694132e-02
1.638707372620582248e-01
3.697244769029982558e-01
6.235059334856437596e-01
8.094686531320401945e-01
9.210050638572382375e-01
9.688338987709551597e-01
9.688338987709554928e-01
9.210050638572384596e-01
8.094686531320403056e-01
6.235059334856439817e-01
3.697244769029982558e-01
1.638707372620580305e-01
4.854863059145703846e-02
4.716834248290544852e-03
1.960671128272205401e-16
0.000000000000000000e+00
0.000000000000000000e+00
0.000000000000000000e+00
0.000000000000000000e+00
0.000000000000000000e+00
0.000000000000000000e+00
0.000000000000000000e+00
0.000000000000000000e+00
0.000000000000000000e+00
0.000000000000000000e+00
0.000000000000000000e+00
0.000000000000000000e+00
0.000000000000000000e+00
0.000000000000000000e+00
0.000000000000000000e+00
0.000000000000000000e+00
0.000000000000000000e+00
0.000000000000000000e+00
0.000000000000000000e+00
0.000000000000000000e+00
0.000000000000000000e+00
0.000000000000000000e+00
0.000000000000000000e+00
0.000000000000000000e+00
0.000000000000000000e+00
0.000000000000000000e+00
0.000000000000000000e+00
0.000000000000000000e+00
9.803355641361027003e-17
0.000000000000000000e+00
0.000000000000000000e+00
0.000000000000000000e+00
0.000000000000000000e+00
0.000000000000000000e+00
0.000000000000000000e+00
0.000000000000000000e+00
0.000000000000000000e+00
1.960671128272205401e-16
0.000000000000000000e+00
0.000000000000000000e+00
0.000000000000000000e+00
0.000000000000000000e+00
0.000000000000000000e+00
0.000000000000000000e+00
1.960671128272205401e-16
4.716834248290446840e-03
4.854863059145703846e-02
1.638707372620576974e-01
3.397830212291105823e-01
5.603381924441892536e-01
7.302337341277719274e-01
8.117455322707810561e-01
8.117455322707812782e-01
7.302337341277719274e-01
5.603381924441893647e-01
3.397830212291103047e-01
1.638707372620578362e-01
4.854863059145694132e-02
4.716834248290740876e-03
0.000000000000000000e+00
0.000000000000000000e+00
0.000000000000000000e+00
0.000000000000000000e+00
0.000000000000000000e+00
0.000000000000000000e+00
0.000000000000000000e+00
0.000000000000000000e+00
0.000000000000000000e+00
0.000000000000000000e+00
0.000000000000000000e+00
0.000000000000000000e+00
0.000000000000000000e+00
0.000000000000000000e+00
0.000000000000000000e+00
1.960671128272205401e-16
0.000000000000000000e+00
0.000000000000000000e+00
0.000000000000000000e+00
0.000000000000000000e+00
0.000000000000000000e+00
0.000000000000000000e+00
0.000000000000000000e+00
0.000000000000000000e+00
0.000000000000000000e+00
0.000000000000000000e+00
0.000000000000000000e+00
0.000000000000000000e+00
0.000000000000000000e+00
0.000000000000000000e+00
0.000000000000000000e+00
0.000000000000000000e+00
0.000000000000000000e+00
0.000000000000000000e+00
0.000000000000000000e+00
0.000000000000000000e+00
0.000000000000000000e+00
0.000000000000000000e+00
0.000000000000000000e+00
0.000000000000000000e+00
0.000000000000000000e+00
0.000000000000000000e+00
0.000000000000000000e+00
0.000000000000000000e+00
0.000000000000000000e+00
0.000000000000000000e+00
0.000000000000000000e+00
0.000000000000000000e+00
4.716834248290446840e-03
4.854863059145694132e-02
1.300316651980518157e-01
2.633370825106924329e-01
4.091131658625340450e-01
5.201406293551850135e-01
5.201406293551851245e-01
4.091131658625342671e-01
2.633370825106925994e-01
1.300316651980516214e-01
4.854863059145694132e-02
4.716834248290348829e-03
0.000000000000000000e+00
1.960671128272205401e-16
0.000000000000000000e+00
0.000000000000000000e+00
0.000000000000000000e+00
0.000000000000000000e+00
0.000000000000000000e+00
1.960671128272205401e-16
0.000000000000000000e+00
0.000000000000000000e+00
0.000000000000000000e+00
0.000000000000000000e+00
0.000000000000000000e+00
0.000000000000000000e+00
0.000000000000000000e+00
0.000000000000000000e+00
0.000000000000000000e+00
0.000000000000000000e+00
9.803355641361027003e-17
0.000000000000000000e+00
0.000000000000000000e+00
0.000000000000000000e+00
0.000000000000000000e+00
0.000000000000000000e+00
0.000000000000000000e+00
0.000000000000000000e+00
0.000000000000000000e+00
0.000000000000000000e+00
0.000000000000000000e+00
0.000000000000000000e+00
0.000000000000000000e+00
0.000000000000000000e+00
0.000000000000000000e+00
0.000000000000000000e+00
0.000000000000000000e+00
0.000000000000000000e+00
0.000000000000000000e+00
0.000000000000000000e+00
0.000000000000000000e+00
0.000000000000000000e+00
1.960671128272205401e-16
0.000000000000000000e+00
0.000000000000000000e+00
0.000000000000000000e+00
0.000000000000000000e+00
0.000000000000000000e+00
1.960671128272205401e-16
0.000000000000000000e+00
0.000000000000000000e+00
0.000000000000000000e+00
4.716834248290446840e-03
2.622303671244744297e-02
7.899493614276167919e-02
1.557716506130002732e-01
2.050300663792746503e-01
2.050300663792747891e-01
1.557716506130002732e-01
7.899493614276158204e-02
2.622303671244744297e-02
4.716834248290544852e-03
0.000000000000000000e+00
1.960671128272205401e-16
0.000000000000000000e+00
0.000000000000000000e+00
0.000000000000000000e+00
0.000000000000000000e+00
0.000000000000000000e+00
0.000000000000000000e+00
0.000000000000000000e+00
0.000000000000000000e+00
0.000000000000000000e+00
0.000000000000000000e+00
0.000000000000000000e+00
0.000000000000000000e+00
0.000000000000000000e+00
0.000000000000000000e+00
0.000000000000000000e+00
0.000000000000000000e+00
0.000000000000000000e+00
0.000000000000000000e+00
0.000000000000000000e+00
0.000000000000000000e+00
0.000000000000000000e+00
0.000000000000000000e+00
0.000000000000000000e+00
0.000000000000000000e+00
0.000000000000000000e+00
0.000000000000000000e+00
0.000000000000000000e+00
0.000000000000000000e+00
0.000000000000000000e+00
0.000000000000000000e+00
9.803355641361027003e-17
0.000000000000000000e+00
0.000000000000000000e+00
0.000000000000000000e+00
0.000000000000000000e+00
0.000000000000000000e+00
0.000000000000000000e+00
0.000000000000000000e+00
0.000000000000000000e+00
0.000000000000000000e+00
0.000000000000000000e+00
1.960671128272205401e-16
1.960671128272205401e-16
0.000000000000000000e+00
0.000000000000000000e+00
0.000000000000000000e+00
1.960671128272205401e-16
0.000000000000000000e+00
1.960671128272205401e-16
0.000000000000000000e+00
0.000000000000000000e+00
4.716834248290740876e-03
2.622303671244754011e-02
5.047071085630211451e-02
5.047071085630240594e-02
2.622303671244764073e-02
4.716834248290838888e-03
0.000000000000000000e+00
0.000000000000000000e+00
0.000000000000000000e+00
0.000000000000000000e+00
1.960671128272205401e-16
0.000000000000000000e+00
1.960671128272205401e-16
0.000000000000000000e+00
1.960671128272205401e-16
0.000000000000000000e+00
1.960671128272205401e-16
0.000000000000000000e+00
0.000000000000000000e+00
0.000000000000000000e+00
0.000000000000000000e+00
0.000000000000000000e+00
0.000000000000000000e+00
0.000000000000000000e+00
0.000000000000000000e+00
0.000000000000000000e+00
0.000000000000000000e+00
0.000000000000000000e+00
0.000000000000000000e+00
0.000000000000000000e+00
0.000000000000000000e+00
0.000000000000000000e+00
0.000000000000000000e+00
0.000000000000000000e+00
0.000000000000000000e+00
0.000000000000000000e+00
0.000000000000000000e+00
0.000000000000000000e+00
0.000000000000000000e+00
0.000000000000000000e+00
2.941006692408307978e-16
0.000000000000000000e+00
0.000000000000000000e+00
0.000000000000000000e+00
0.000000000000000000e+00
0.000000000000000000e+00
0.000000000000000000e+00
1.960671128272205401e-16
0.000000000000000000e+00
1.960671128272205401e-16
0.000000000000000000e+00
1.960671128272205401e-16
1.960671128272205401e-16
0.000000000000000000e+00
0.000000000000000000e+00
0.000000000000000000e+00
1.960671128272205401e-16
0.000000000000000000e+00
1.960671128272205401e-16
0.000000000000000000e+00
0.000000000000000000e+00
0.000000000000000000e+00
1.960671128272205401e-16
0.000000000000000000e+00
1.960671128272205401e-16
1.960671128272205401e-16
1.960671128272205401e-16
0.000000000000000000e+00
0.000000000000000000e+00
0.000000000000000000e+00
2.941006692408307978e-16
0.000000000000000000e+00
0.000000000000000000e+00
0.000000000000000000e+00
0.000000000000000000e+00
0.000000000000000000e+00
0.000000000000000000e+00
0.000000000000000000e+00
0.000000000000000000e+00
1.960671128272205401e-16
0.000000000000000000e+00
0.000000000000000000e+00
0.000000000000000000e+00
0.000000000000000000e+00
0.000000000000000000e+00
0.000000000000000000e+00
0.000000000000000000e+00
0.000000000000000000e+00
1.960671128272205401e-16
0.000000000000000000e+00
0.000000000000000000e+00
0.000000000000000000e+00
0.000000000000000000e+00
0.000000000000000000e+00
0.000000000000000000e+00
0.000000000000000000e+00
0.000000000000000000e+00
0.000000000000000000e+00
0.000000000000000000e+00
0.000000000000000000e+00
0.000000000000000000e+00
0.000000000000000000e+00
0.000000000000000000e+00
0.000000000000000000e+00
0.000000000000000000e+00
0.000000000000000000e+00
0.000000000000000000e+00
0.000000000000000000e+00
0.000000000000000000e+00
0.000000000000000000e+00
0.000000000000000000e+00
0.000000000000000000e+00
1.960671128272205401e-16
0.000000000000000000e+00
0.000000000000000000e+00
0.000000000000000000e+00
1.960671128272205401e-16
0.000000000000000000e+00
0.000000000000000000e+00
1.960671128272205401e-16
0.000000000000000000e+00
1.960671128272205401e-16
4.716834248290740876e-03
2.622303671244793216e-02
5.047071085630211451e-02
5.047071085630201737e-02
2.622303671244783502e-02
4.716834248290838888e-03
0.000000000000000000e+00
0.000000000000000000e+00
1.960671128272205401e-16
1.960671128272205401e-16
0.000000000000000000e+00
0.000000000000000000e+00
1.960671128272205401e-16
0.000000000000000000e+00
0.000000000000000000e+00
1.960671128272205401e-16
1.960671128272205401e-16
0.000000000000000000e+00
0.000000000000000000e+00
0.000000000000000000e+00
0.000000000000000000e+00
1.960671128272205401e-16
0.000000000000000000e+00
0.000000000000000000e+00
0.000000000000000000e+00
0.000000000000000000e+00
0.000000000000000000e+00
0.000000000000000000e+00
0.000000000000000000e+00
0.000000000000000000e+00
0.000000000000000000e+00
0.000000000000000000e+00
0.000000000000000000e+00
0.000000000000000000e+00
0.000000000000000000e+00
0.000000000000000000e+00
0.000000000000000000e+00
0.000000000000000000e+00
0.000000000000000000e+00
0.000000000000000000e+00
0.000000000000000000e+00
0.000000000000000000e+00
0.000000000000000000e+00
0.000000000000000000e+00
0.000000000000000000e+00
0.000000000000000000e+00
0.000000000000000000e+00
0.000000000000000000e+00
0.000000000000000000e+00
0.000000000000000000e+00
0.000000000000000000e+00
0.000000000000000000e+00
0.000000000000000000e+00
0.000000000000000000e+00
0.000000000000000000e+00
0.000000000000000000e+00
0.000000000000000000e+00
0.000000000000000000e+00
1.960671128272205401e-16
4.716834248290446840e-03
2.622303671244734583e-02
7.899493614276142939e-02
1.557716506129999678e-01
2.050300663792747891e-01
2.050300663792749001e-01
1.557716506129998291e-01
7.899493614276152653e-02
2.622303671244734583e-02
4.716834248290642864e-03
0.000000000000000000e+00
0.000000000000000000e+00
0.000000000000000000e+00
0.000000000000000000e+00
1.960671128272205401e-16
0.000000000000000000e+00
0.000000000000000000e+00
0.000000000000000000e+00
0.000000000000000000e+00
0.000000000000000000e+00
0.000000000000000000e+00
0.000000000000000000e+00
0.000000000000000000e+00
0.000000000000000000e+00
0.000000000000000000e+00
0.000000000000000000e+00
0.000000000000000000e+00
0.000000000000000000e+00
0.000000000000000000e+00
0.000000000000000000e+00
0.000000000000000000e+00
0.000000000000000000e+00
9.803355641361027003e-17
0.000000000000000000e+00
0.000000000000000000e+00
0.000000000000000000e+00
0.000000000000000000e+00
0.000000000000000000e+00
0.000000000000000000e+00
1.960671128272205401e-16
0.000000000000000000e+00
0.000000000000000000e+00
0.000000000000000000e+00
0.000000000000000000e+00
0.000000000000000000e+00
0.000000000000000000e+00
0.000000000000000000e+00
0.000000000000000000e+00
1.960671128272205401e-16
0.000000000000000000e+00
0.000000000000000000e+00
1.960671128272205401e-16
0.000000000000000000e+00
1.960671128272205401e-16
1.960671128272205401e-16
0.000000000000000000e+00
0.000000000000000000e+00
1.960671128272205401e-16
1.960671128272205401e-16
0.000000000000000000e+00
4.716834248290642864e-03
4.854863059145674703e-02
1.300316651980519544e-01
2.633370825106925439e-01
4.091131658625348222e-01
5.201406293551859017e-01
5.201406293551859017e-01
4.091131658625343781e-01
2.633370825106925994e-01
1.300316651980516214e-01
4.854863059145694132e-02
4.716834248290544852e-03
1.960671128272205401e-16
1.960671128272205401e-16
0.000000000000000000e+00
0.000000000000000000e+00
0.000000000000000000e+00
0.000000000000000000e+00
0.000000000000000000e+00
1.960671128272205401e-16
0.000000000000000000e+00
1.960671128272205401e-16
0.000000000000000000e+00
0.000000000000000000e+00
0.000000000000000000e+00
1.960671128272205401e-16
0.000000000000000000e+00
0.000000000000000000e+00
0.000000000000000000e+00
0.000000000000000000e+00
0.000000000000000000e+00
0.000000000000000000e+00
0.000000000000000000e+00
9.803355641361027003e-17
0.000000000000000000e+00
0.000000000000000000e+00
0.000000000000000000e+00
0.000000000000000000e+00
0.000000000000000000e+00
0.000000000000000000e+00
0.000000000000000000e+00
0.000000000000000000e+00
0.000000000000000000e+00
0.000000000000000000e+00
0.000000000000000000e+00
0.000000000000000000e+00
0.000000000000000000e+00
1.960671128272205401e-16
0.000000000000000000e+00
0.000000000000000000e+00
0.000000000000000000e+00
0.000000000000000000e+00
0.000000000000000000e+00
0.000000000000000000e+00
0.000000000000000000e+00
0.000000000000000000e+00
0.000000000000000000e+00
0.000000000000000000e+00
0.000000000000000000e+00
0.000000000000000000e+00
4.716834248290544852e-03
4.854863059145723275e-02
1.638707372620579195e-01
3.397830212291103047e-01
5.603381924441898088e-01
7.302337341277719274e-01
8.117455322707813892e-01
8.117455322707817222e-01
7.302337341277719274e-01
5.603381924441899198e-01
3.397830212291103047e-01
1.638707372620583358e-01
4.854863059145694132e-02
4.716834248290740876e-03
0.000000000000000000e+00
0.000000000000000000e+00
0.000000000000000000e+00
0.000000000000000000e+00
0.000000000000000000e+00
0.000000000000000000e+00
1.960671128272205401e-16
0.000000000000000000e+00
0.000000000000000000e+00
0.000000000000000000e+00
0.000000000000000000e+00
0.000000000000000000e+00
0.000000000000000000e+00
0.000000000000000000e+00
0.000000000000000000e+00
0.000000000000000000e+00
0.000000000000000000e+00
0.000000000000000000e+00
0.000000000000000000e+00
0.000000000000000000e+00
0.000000000000000000e+00
0.000000000000000000e+00
0.000000000000000000e+00
0.000000000000000000e+00
0.000000000000000000e+00
0.000000000000000000e+00
0.000000000000000000e+00
0.000000000000000000e+00
0.000000000000000000e+00
0.000000000000000000e+00
1.960671128272205401e-16
0.000000000000000000e+00
1.960671128272205401e-16
0.000000000000000000e+00
0.000000000000000000e+00
0.000000000000000000e+00
0.000000000000000000e+00
0.000000000000000000e+00
0.000000000000000000e+00
1.960671128272205401e-16
0.000000000000000000e+00
1.960671128272205401e-16
1.960671128272205401e-16
0.000000000000000000e+00
0.000000000000000000e+00
0.000000000000000000e+00
4.716834248290642864e-03
4.854863059145694132e-02
1.638707372620582248e-01
3.697244769029975897e-01
6.235059334856440927e-01
8.094686531320400835e-01
9.210050638572384596e-01
9.688338987709557149e-01
9.688338987709559369e-01
9.210050638572385706e-01
8.094686531320400835e-01
6.235059334856437596e-01
3.697244769029976452e-01
1.638707372620580305e-01
4.854863059145713561e-02
4.716834248290740876e-03
0.000000000000000000e+00
0.000000000000000000e+00
0.000000000000000000e+00
0.000000000000000000e+00
0.000000000000000000e+00
0.000000000000000000e+00
0.000000000000000000e+00
0.000000000000000000e+00
0.000000000000000000e+00
0.000000000000000000e+00
0.000000000000000000e+00
0.000000000000000000e+00
0.000000000000000000e+00
0.000000000000000000e+00
0.000000000000000000e+00
0.000000000000000000e+00
0.000000000000000000e+00
0.000000000000000000e+00
0.000000000000000000e+00
9.803355641361027003e-17
0.000000000000000000e+00
0.000000000000000000e+00
0.000000000000000000e+00
0.000000000000000000e+00
0.000000000000000000e+00
0.000000000000000000e+00
0.000000000000000000e+00
0.000000000000000000e+00
0.000000000000000000e+00
1.960671128272205401e-16
0.000000000000000000e+00
0.000000000000000000e+00
0.000000000000000000e+00
0.000000000000000000e+00
0.000000000000000000e+00
0.000000000000000000e+00
0.000000000000000000e+00
0.000000000000000000e+00
4.716834248290740876e-03
2.622303671244754011e-02
5.047071085630250309e-02
5.047071085630230880e-02
2.622303671244734583e-02
4.716834248290446840e-03
4.716834248290740876e-03
4.854863059145694132e-02
1.638707372620580305e-01
3.697244769029982558e-01
6.302755230970016331e-01
8.361292627379416365e-01
9.514513694085429130e-01
9.952831657517094976e-01
9.999999999999997780e-01
9.999999999999995559e-01
9.952831657517094976e-01
9.514513694085431350e-01
8.361292627379418585e-01
6.302755230970017442e-01
3.697244769029980338e-01
1.638707372620580305e-01
4.854863059145703846e-02
4.716834248290446840e-03
4.716834248290446840e-03
2.622303671244754011e-02
5.047071085630230880e-02
5.047071085630201737e-02
2.622303671244754011e-02
4.716834248290348829e-03
0.000000000000000000e+00
0.000000000000000000e+00
0.000000000000000000e+00
0.000000000000000000e+00
1.960671128272205401e-16
0.000000000000000000e+00
0.000000000000000000e+00
0.000000000000000000e+00
0.000000000000000000e+00
0.000000000000000000e+00
0.000000000000000000e+00
0.000000000000000000e+00
0.000000000000000000e+00
0.000000000000000000e+00
0.000000000000000000e+00
0.000000000000000000e+00
0.000000000000000000e+00
0.000000000000000000e+00
0.000000000000000000e+00
0.000000000000000000e+00
0.000000000000000000e+00
1.960671128272205401e-16
0.000000000000000000e+00
0.000000000000000000e+00
1.960671128272205401e-16
0.000000000000000000e+00
0.000000000000000000e+00
1.960671128272205401e-16
0.000000000000000000e+00
0.000000000000000000e+00
0.000000000000000000e+00
2.622303671244754011e-02
9.746124598336178280e-02
1.720365086096808660e-01
1.928129272156525464e-01
1.300316651980519544e-01
4.854863059145674703e-02
3.116610122904427474e-02
1.300316651980518157e-01
3.397830212291107488e-01
6.235059334856443147e-01
8.361292627379416365e-01
9.514513694085429130e-01
9.952831657517094976e-01
1.000000000000000000e+00
1.000000000000000000e+00
1.000000000000000000e+00
1.000000000000000000e+00
9.952831657517094976e-01
9.514513694085431350e-01
8.361292627379416365e-01
6.235059334856439817e-01
3.397830212291108043e-01
1.300316651980520100e-01
3.116610122904427474e-02
4.854863059145694132e-02
1.300316651980518989e-01
1.928129272156525464e-01
1.720365086096805607e-01
9.746124598336164402e-02
2.622303671244724868e-02
0.000000000000000000e+00
1.960671128272205401e-16
0.000000000000000000e+00
0.000000000000000000e+00
0.000000000000000000e+00
0.000000000000000000e+00
0.000000000000000000e+00
0.000000000000000000e+00
0.000000000000000000e+00
0.000000000000000000e+00
0.000000000000000000e+00
0.000000000000000000e+00
9.803355641361027003e-17
0.000000000000000000e+00
0.000000000000000000e+00
0.000000000000000000e+00
0.000000000000000000e+00
0.000000000000000000e+00
0.000000000000000000e+00
0.000000000000000000e+00
0.000000000000000000e+00
0.000000000000000000e+00
0.000000000000000000e+00
0.000000000000000000e+00
0.000000000000000000e+00
0.000000000000000000e+00
0.000000000000000000e+00
0.000000000000000000e+00
0.000000000000000000e+00
0.000000000000000000e+00
0.000000000000000000e+00
7.899493614276152653e-02
2.350462229063586816e-01
4.187958059944555389e-01
4.586194926952024131e-01
3.397830212291103047e-01
1.697990147023753782e-01
1.338148261891040636e-01
2.697662658722280171e-01
5.603381924441891426e-01
8.094686531320400835e-01
9.514513694085429130e-01
9.952831657517092756e-01
9.999999999999997780e-01
1.000000000000000000e+00
9.999999999999997780e-01
9.999999999999997780e-01
1.000000000000000000e+00
1.000000000000000000e+00
9.952831657517088315e-01
9.514513694085431350e-01
8.094686531320398615e-01
5.603381924441891426e-01
2.697662658722282947e-01
1.338148261891040636e-01
1.697990147023753782e-01
3.397830212291103047e-01
4.586194926952023576e-01
4.187958059944550948e-01
2.350462229063583208e-01
7.899493614276142939e-02
4.716834248290838888e-03
0.000000000000000000e+00
0.000000000000000000e+00
1.960671128272205401e-16
0.000000000000000000e+00
0.000000000000000000e+00
0.000000000000000000e+00
0.000000000000000000e+00
0.000000000000000000e+00
0.000000000000000000e+00
0.000000000000000000e+00
0.000000000000000000e+00
0.000000000000000000e+00
0.000000000000000000e+00
0.000000000000000000e+00
0.000000000000000000e+00
0.000000000000000000e+00
0.000000000000000000e+00
0.000000000000000000e+00
9.803355641361027003e-17
0.000000000000000000e+00
9.803355641361027003e-17
0.000000000000000000e+00
0.000000000000000000e+00
1.960671128272205401e-16
1.960671128272205401e-16
0.000000000000000000e+00
0.000000000000000000e+00
0.000000000000000000e+00
1.960671128272205401e-16
0.000000000000000000e+00
1.557716506130001344e-01
4.022796730729426007e-01
6.652372595867869220e-01
7.390727508505547938e-01
6.235059334856440927e-01
4.068049302952896906e-01
3.509215290534786758e-01
4.772625096990285032e-01
7.366629174893075671e-01
9.210050638572384596e-01
9.952831657517092756e-01
1.000000000000000000e+00
9.999999999999997780e-01
1.000000000000000000e+00
1.000000000000000000e+00
1.000000000000000000e+00
9.999999999999997780e-01
9.999999999999997780e-01
9.999999999999997780e-01
9.952831657517092756e-01
9.210050638572382375e-01
7.366629174893075671e-01
4.772625096990288918e-01
3.509215290534783427e-01
4.068049302952896351e-01
6.235059334856440927e-01
7.390727508505547938e-01
6.652372595867864780e-01
4.022796730729419346e-01
1.557716506129999678e-01
2.622303671244744297e-02
1.960671128272205401e-16
0.000000000000000000e+00
0.000000000000000000e+00
1.960671128272205401e-16
0.000000000000000000e+00
0.000000000000000000e+00
0.000000000000000000e+00
0.000000000000000000e+00
1.960671128272205401e-16
9.803355641361027003e-17
0.000000000000000000e+00
9.803355641361027003e-17
0.000000000000000000e+00
0.000000000000000000e+00
0.000000000000000000e+00
0.000000000000000000e+00
0.000000000000000000e+00
0.000000000000000000e+00
0.000000000000000000e+00
0.000000000000000000e+00
1.960671128272205401e-16
0.000000000000000000e+00
0.000000000000000000e+00
0.000000000000000000e+00
0.000000000000000000e+00
0.000000000000000000e+00
0.000000000000000000e+00
0.000000000000000000e+00
1.960671128272205401e-16
0.000000000000000000e+00
2.326838673935462121e-01
5.603381924441898088e-01
8.324335603119416005e-01
9.230099618865335032e-01
8.361292627379418585e-01
6.988323757939911562e-01
6.279918414252099179e-01
7.278101371409115838e-01
8.699683348019482398e-01
9.737769632875525883e-01
9.999999999999997780e-01
9.999999999999995559e-01
1.000000000000000000e+00
1.000000000000000000e+00
1.000000000000000000e+00
9.999999999999997780e-01
1.000000000000000000e+00
1.000000000000000000e+00
9.999999999999997780e-01
9.999999999999997780e-01
9.737769632875521442e-01
8.699683348019482398e-01
7.278101371409118059e-01
6.279918414252099179e-01
6.988323757939913783e-01
8.361292627379418585e-01
9.230099618865335032e-01
8.324335603119412674e-01
5.603381924441895867e-01
2.326838673935460455e-01
5.561197727425055276e-02
0.000000000000000000e+00
0.000000000000000000e+00
1.960671128272205401e-16
0.000000000000000000e+00
0.000000000000000000e+00
1.960671128272205401e-16
0.000000000000000000e+00
1.960671128272205401e-16
0.000000000000000000e+00
9.803355641361027003e-17
0.000000000000000000e+00
9.803355641361027003e-17
0.000000000000000000e+00
0.000000000000000000e+00
0.000000000000000000e+00
0.000000000000000000e+00
0.000000000000000000e+00
0.000000000000000000e+00
9.803355641361027003e-17
0.000000000000000000e+00
0.000000000000000000e+00
1.960671128272205401e-16
0.000000000000000000e+00
0.000000000000000000e+00
0.000000000000000000e+00
0.000000000000000000e+00
0.000000000000000000e+00
0.000000000000000000e+00
0.000000000000000000e+00
0.000000000000000000e+00
3.303486226044766161e-01
6.696513773955233839e-01
8.968321179458494941e-01
9.905247275751841718e-01
9.514513694085428019e-01
8.949676292408245137e-01
8.618716391132754673e-01
8.949676292408247358e-01
9.514513694085431350e-01
9.952831657517092756e-01
9.999999999999997780e-01
1.000000000000000000e+00
1.000000000000000000e+00
9.999999999999997780e-01
9.999999999999997780e-01
9.999999999999997780e-01
9.999999999999997780e-01
1.000000000000000000e+00
1.000000000000000000e+00
9.999999999999997780e-01
9.952831657517092756e-01
9.514513694085429130e-01
8.949676292408245137e-01
8.618716391132754673e-01
8.949676292408245137e-01
9.514513694085428019e-01
9.905247275751841718e-01
8.968321179458491610e-01
6.696513773955231619e-01
3.303486226044764495e-01
1.031678820541507974e-01
4.716834248290544852e-03
0.000000000000000000e+00
0.000000000000000000e+00
1.960671128272205401e-16
0.000000000000000000e+00
0.000000000000000000e+00
0.000000000000000000e+00
0.000000000000000000e+00
0.000000000000000000e+00
9.803355641361027003e-17
0.000000000000000000e+00
9.803355641361027003e-17
0.000000000000000000e+00
0.000000000000000000e+00
0.000000000000000000e+00
0.000000000000000000e+00
0.000000000000000000e+00
0.000000000000000000e+00
0.000000000000000000e+00
0.000000000000000000e+00
0.000000000000000000e+00
0.000000000000000000e+00
0.000000000000000000e+00
0.000000000000000000e+00
0.000000000000000000e+00
0.000000000000000000e+00
0.000000000000000000e+00
0.000000000000000000e+00
0.000000000000000000e+00
0.000000000000000000e+00
4.396618075558104688e-01
7.673161326064538157e-01
9.443880227257490656e-01
9.999999999999997780e-01
9.952831657517090536e-01
9.786786784237299086e-01
9.719236864111856500e-01
9.786786784237294645e-01
9.952831657517092756e-01
1.000000000000000000e+00
1.000000000000000000e+00
1.000000000000000000e+00
1.000000000000000000e+00
1.000000000000000000e+00
9.999999999999997780e-01
9.999999999999995559e-01
1.000000000000000000e+00
1.000000000000000000e+00
1.000000000000000000e+00
1.000000000000000000e+00
9.999999999999995559e-01
9.952831657517092756e-01
9.786786784237299086e-01
9.719236864111854279e-01
9.786786784237296866e-01
9.952831657517092756e-01
9.999999999999995559e-01
9.443880227257488436e-01
7.673161326064537047e-01
4.396618075558104688e-01
1.616513557265920054e-01
2.622303671244734583e-02
0.000000000000000000e+00
0.000000000000000000e+00
0.000000000000000000e+00
0.000000000000000000e+00
0.000000000000000000e+00
0.000000000000000000e+00
9.803355641361027003e-17
0.000000000000000000e+00
9.803355641361027003e-17
0.000000000000000000e+00
9.803355641361027003e-17
0.000000000000000000e+00
0.000000000000000000e+00
0.000000000000000000e+00
0.000000000000000000e+00
0.000000000000000000e+00
0.000000000000000000e+00
0.000000000000000000e+00
0.000000000000000000e+00
9.803355641361027003e-17
0.000000000000000000e+00
0.000000000000000000e+00
0.000000000000000000e+00
1.960671128272205401e-16
0.000000000000000000e+00
0.000000000000000000e+00
0.000000000000000000e+00
0.000000000000000000e+00
0.000000000000000000e+00
5.603381924441898088e-01
8.383486442734083832e-01
9.737769632875525883e-01
9.999999999999997780e-01
1.000000000000000000e+00
9.999999999999997780e-01
1.000000000000000000e+00
1.000000000000000000e+00
1.000000000000000000e+00
1.000000000000000000e+00
1.000000000000000000e+00
1.000000000000000000e+00
9.999999999999997780e-01
9.999999999999997780e-01
9.999999999999997780e-01
9.999999999999997780e-01
9.999999999999997780e-01
1.000000000000000000e+00
1.000000000000000000e+00
1.000000000000000000e+00
9.999999999999995559e-01
1.000000000000000000e+00
1.000000000000000000e+00
1.000000000000000000e+00
1.000000000000000000e+00
1.000000000000000000e+00
9.999999999999997780e-01
9.737769632875521442e-01
8.442283493869997546e-01
5.908868341374654554e-01
2.697662658722281281e-01
7.899493614276158204e-02
4.716834248290544852e-03
1.960671128272205401e-16
0.000000000000000000e+00
0.000000000000000000e+00
0.000000000000000000e+00
0.000000000000000000e+00
0.000000000000000000e+00
0.000000000000000000e+00
0.000000000000000000e+00
0.000000000000000000e+00
0.000000000000000000e+00
0.000000000000000000e+00
0.000000000000000000e+00
0.000000000000000000e+00
0.000000000000000000e+00
0.000000000000000000e+00
0.000000000000000000e+00
0.000000000000000000e+00
0.000000000000000000e+00
0.000000000000000000e+00
0.000000000000000000e+00
0.000000000000000000e+00
0.000000000000000000e+00
0.000000000000000000e+00
0.000000000000000000e+00
0.000000000000000000e+00
4.716834248290544852e-03
2.132132157627019201e-02
2.807631358881455472e-02
5.629239268248029671e-01
7.993433524939909107e-01
9.102435681612304208e-01
9.156441428433002017e-01
9.156441428432999796e-01
9.156441428433002017e-01
9.156441428433002017e-01
9.156441428432998686e-01
9.156441428433002017e-01
9.156441428433002017e-01
9.156441428432999796e-01
9.156441428433002017e-01
9.156441428432999796e-01
9.156441428432999796e-01
9.156441428433002017e-01
9.156441428433002017e-01
9.156441428432999796e-01
9.156441428432999796e-01
9.156441428432999796e-01
9.156441428433002017e-01
9.156441428432999796e-01
9.156441428433002017e-01
9.156441428432999796e-01
9.156441428433002017e-01
9.156441428433002017e-01
9.156441428432999796e-01
9.156441428433002017e-01
9.102435681612301988e-01
8.262548810375510699e-01
6.260524388970087895e-01
3.328525096256398363e-01
1.243515058067845847e-01
2.132132157627019201e-02
1.960671128272205401e-16
1.960671128272205401e-16
0.000000000000000000e+00
0.000000000000000000e+00
0.000000000000000000e+00
0.000000000000000000e+00
0.000000000000000000e+00
0.000000000000000000e+00
0.000000000000000000e+00
0.000000000000000000e+00
0.000000000000000000e+00
0.000000000000000000e+00
0.000000000000000000e+00
0.000000000000000000e+00
0.000000000000000000e+00
0.000000000000000000e+00
0.000000000000000000e+00
0.000000000000000000e+00
0.000000000000000000e+00
0.000000000000000000e+00
0.000000000000000000e+00
0.000000000000000000e+00
0.000000000000000000e+00
0.000000000000000000e+00
0.000000000000000000e+00
2.132132157627009486e-02
4.517568207566129840e-02
5.755513053590392142e-02
4.282351210116382978e-01
6.028500690714122534e-01
6.787917976031513367e-01
6.787917976031512257e-01
6.787917976031507816e-01
6.787917976031510037e-01
6.787917976031510037e-01
6.787917976031510037e-01
6.787917976031512257e-01
6.787917976031513367e-01
6.787917976031508926e-01
6.787917976031507816e-01
6.787917976031510037e-01
6.787917976031510037e-01
6.787917976031510037e-01
6.787917976031510037e-01
6.787917976031510037e-01
6.787917976031513367e-01
6.787917976031506706e-01
6.787917976031508926e-01
6.787917976031510037e-01
6.787917976031510037e-01
6.787917976031510037e-01
6.787917976031508926e-01
6.787917976031512257e-01
6.787917976031506706e-01
6.787917976031512257e-01
6.787917976031506706e-01
6.423543791313520712e-01
5.086526973135860885e-01
3.102177516933726231e-01
1.184936529265838145e-01
2.807631358881445757e-02
0.000000000000000000e+00
1.960671128272205401e-16
0.000000000000000000e+00
0.000000000000000000e+00
0.000000000000000000e+00
0.000000000000000000e+00
0.000000000000000000e+00
0.000000000000000000e+00
0.000000000000000000e+00
0.000000000000000000e+00
0.000000000000000000e+00
0.000000000000000000e+00
0.000000000000000000e+00
0.000000000000000000e+00
0.000000000000000000e+00
0.000000000000000000e+00
0.000000000000000000e+00
0.000000000000000000e+00
0.000000000000000000e+00
0.000000000000000000e+00
0.000000000000000000e+00
0.000000000000000000e+00
0.000000000000000000e+00
0.000000000000000000e+00
0.000000000000000000e+00
2.807631358881445757e-02
5.755513053590411571e-02
8.841237590075977371e-02
