0.000000000000000000e+00
0.000000000000000000e+00
0.000000000000000000e+00
0.000000000000000000e+00
0.000000000000000000e+00
0.000000000000000000e+00
0.000000000000000000e+00
9.803355641361027003e-17
0.000000000000000000e+00
0.000000000000000000e+00
0.000000000000000000e+00
0.000000000000000000e+00
0.000000000000000000e+00
0.000000000000000000e+00
0.000000000000000000e+00
0.000000000000000000e+00
0.000000000000000000e+00
0.000000000000000000e+00
9.803355641361027003e-17
0.000000000000000000e+00
0.000000000000000000e+00
0.000000000000000000e+00
0.000000000000000000e+00
0.000000000000000000e+00
9.803355641361027003e-17
9.803355641361027003e-17
0.000000000000000000e+00
0.000000000000000000e+00
5.047071085630211451e-02
1.660950965102682420e-01
3.582476368654823329e-01
5.322389462376795333e-01
6.423543791313522933e-01
6.721524347750478245e-01
6.787917976031510037e-01
6.787917976031510037e-01
6.787917976031510037e-01
6.787917976031510037e-01
6.787917976031513367e-01
6.787917976031513367e-01
6.787917976031513367e-01
6.787917976031507816e-01
6.787917976031510037e-01
6.787917976031510037e-01
6.787917976031510037e-01
6.787917976031512257e-01
6.787917976031513367e-01
6.787917976031510037e-01
6.787917976031510037e-01
6.787917976031510037e-01
6.787917976031510037e-01
6.787917976031510037e-01
6.787917976031513367e-01
6.787917976031513367e-01
6.787917976031510037e-01
6.787917976031510037e-01
6.787917976031510037e-01
6.721524347750480466e-01
6.423543791313522933e-01
5.322389462376795333e-01
3.582476368654822219e-01
0.000000000000000000e+00
0.000000000000000000e+00
0.000000000000000000e+00
0.000000000000000000e+00
0.000000000000000000e+00
0.000000000000000000e+00
0.000000000000000000e+00
0.000000000000000000e+00
0.000000000000000000e+00
0.000000000000000000e+00
0.000000000000000000e+00
0.000000000000000000e+00
0.000000000000000000e+00
0.000000000000000000e+00
0.000000000000000000e+00
0.000000000000000000e+00
0.000000000000000000e+00
0.000000000000000000e+00
9.803355641361027003e-17
0.000000000000000000e+00
0.000000000000000000e+00
0.000000000000000000e+00
0.000000000000000000e+00
9.803355641361027003e-17
1.960671128272205401e-16
9.803355641361027003e-17
0.000000000000000000e+00
0.000000000000000000e+00
5.047071085630211451e-02
1.660950965102681587e-01
3.815933269911365722e-01
5.957637148761208978e-01
7.696742829014481257e-01
8.604430541721843628e-01
9.102435681612304208e-01
9.156441428432999796e-01
9.156441428433002017e-01
9.156441428432999796e-01
9.156441428432999796e-01
9.156441428433002017e-01
9.156441428433002017e-01
9.156441428433002017e-01
9.156441428432999796e-01
9.156441428433002017e-01
9.156441428433002017e-01
9.156441428432999796e-01
9.156441428433002017e-01
9.156441428432999796e-01
9.156441428432999796e-01
9.156441428432999796e-01
9.156441428433002017e-01
9.156441428433002017e-01
9.156441428432999796e-01
9.156441428433002017e-01
9.156441428432999796e-01
9.156441428433002017e-01
9.102435681612304208e-01
8.604430541721842518e-01
7.696742829014481257e-01
5.957637148761208978e-01
3.815933269911364611e-01
0.000000000000000000e+00
0.000000000000000000e+00
0.000000000000000000e+00
0.000000000000000000e+00
0.000000000000000000e+00
0.000000000000000000e+00
0.000000000000000000e+00
0.000000000000000000e+00
0.000000000000000000e+00
0.000000000000000000e+00
0.000000000000000000e+00
0.000000000000000000e+00
0.000000000000000000e+00
0.000000000000000000e+00
0.000000000000000000e+00
0.000000000000000000e+00
0.000000000000000000e+00
0.000000000000000000e+00
0.000000000000000000e+00
0.000000000000000000e+00
0.000000000000000000e+00
0.000000000000000000e+00
0.000000000000000000e+00
9.803355641361027003e-17
9.803355641361027003e-17
0.000000000000000000e+00
0.000000000000000000e+00
9.803355641361027003e-17
2.622303671244724868e-02
9.746124598336193545e-02
2.350462229063584874e-01
4.327855322194644194e-01
6.602169787708893622e-01
8.361292627379416365e-01
9.514513694085431350e-01
9.952831657517090536e-01
9.999999999999997780e-01
9.999999999999995559e-01
9.999999999999997780e-01
1.000000000000000000e+00
9.999999999999997780e-01
9.999999999999997780e-01
9.999999999999997780e-01
9.999999999999997780e-01
1.000000000000000000e+00
9.999999999999995559e-01
1.000000000000000000e+00
9.999999999999997780e-01
9.999999999999997780e-01
1.000000000000000000e+00
1.000000000000000000e+00
1.000000000000000000e+00
9.999999999999997780e-01
9.999999999999997780e-01
9.999999999999997780e-01
9.952831657517092756e-01
9.514513694085428019e-01
8.361292627379416365e-01
6.602169787708893622e-01
4.327855322194644194e-01
2.350462229063583763e-01
0.000000000000000000e+00
0.000000000000000000e+00
0.000000000000000000e+00
0.000000000000000000e+00
0.000000000000000000e+00
0.000000000000000000e+00
0.000000000000000000e+00
9.803355641361027003e-17
0.000000000000000000e+00
0.000000000000000000e+00
0.000000000000000000e+00
0.000000000000000000e+00
0.000000000000000000e+00
0.000000000000000000e+00
0.000000000000000000e+00
0.000000000000000000e+00
0.000000000000000000e+00
0.000000000000000000e+00
0.000000000000000000e+00
0.000000000000000000e+00
0.000000000000000000e+00
0.000000000000000000e+00
0.000000000000000000e+00
0.000000000000000000e+00
1.960671128272205401e-16
0.000000000000000000e+00
0.000000000000000000e+00
0.000000000000000000e+00
4.716834248290544852e-03
2.622303671244734583e-02
7.899493614276152653e-02
1.905313468679598332e-01
3.764940665143560183e-01
6.235059334856437596e-01
8.094686531320399725e-01
9.210050638572382375e-01
9.737769632875525883e-01
9.952831657517092756e-01
9.999999999999997780e-01
9.999999999999997780e-01
1.000000000000000000e+00
9.999999999999995559e-01
9.999999999999997780e-01
9.999999999999997780e-01
9.999999999999997780e-01
1.000000000000000000e+00
9.999999999999997780e-01
9.999999999999997780e-01
9.999999999999997780e-01
9.999999999999995559e-01
9.999999999999997780e-01
9.999999999999997780e-01
1.000000000000000000e+00
9.952831657517094976e-01
9.737769632875525883e-01
9.210050638572384596e-01
8.094686531320400835e-01
6.235059334856437596e-01
3.764940665143560183e-01
1.905313468679601940e-01
7.899493614276152653e-02
0.000000000000000000e+00
0.000000000000000000e+00
0.000000000000000000e+00
0.000000000000000000e+00
0.000000000000000000e+00
0.000000000000000000e+00
0.000000000000000000e+00
0.000000000000000000e+00
0.000000000000000000e+00
0.000000000000000000e+00
0.000000000000000000e+00
0.000000000000000000e+00
0.000000000000000000e+00
0.000000000000000000e+00
0.000000000000000000e+00
0.000000000000000000e+00
0.000000000000000000e+00
0.000000000000000000e+00
0.000000000000000000e+00
0.000000000000000000e+00
0.000000000000000000e+00
0.000000000000000000e+00
0.000000000000000000e+00
0.000000000000000000e+00
0.000000000000000000e+00
0.000000000000000000e+00
0.000000000000000000e+00
0.000000000000000000e+00
0.000000000000000000e+00
0.000000000000000000e+00
4.716834248290544852e-03
4.854863059145674703e-02
1.638707372620580305e-01
3.397830212291105267e-01
5.603381924441893647e-01
7.366629174893070120e-01
8.699683348019482398e-01
9.514513694085428019e-01
9.952831657517090536e-01
1.000000000000000000e+00
9.999999999999997780e-01
9.999999999999995559e-01
9.999999999999997780e-01
9.999999999999997780e-01
9.999999999999997780e-01
1.000000000000000000e+00
9.999999999999995559e-01
9.999999999999995559e-01
9.999999999999997780e-01
9.999999999999997780e-01
9.999999999999995559e-01
1.000000000000000000e+00
9.952831657517092756e-01
9.514513694085431350e-01
8.699683348019482398e-01
7.366629174893075671e-01
5.603381924441893647e-01
3.397830212291105267e-01
1.638707372620581137e-01
4.854863059145694132e-02
4.716834248290544852e-03
0.000000000000000000e+00
0.000000000000000000e+00
0.000000000000000000e+00
1.960671128272205401e-16
0.000000000000000000e+00
9.803355641361027003e-17
0.000000000000000000e+00
0.000000000000000000e+00
0.000000000000000000e+00
0.000000000000000000e+00
0.000000000000000000e+00
0.000000000000000000e+00
0.000000000000000000e+00
0.000000000000000000e+00
0.000000000000000000e+00
0.000000000000000000e+00
0.000000000000000000e+00
0.000000000000000000e+00
0.000000000000000000e+00
0.000000000000000000e+00
0.000000000000000000e+00
0.000000000000000000e+00
0.000000000000000000e+00
9.803355641361027003e-17
1.960671128272205401e-16
9.803355641361027003e-17
0.000000000000000000e+00
0.000000000000000000e+00
0.000000000000000000e+00
0.000000000000000000e+00
0.000000000000000000e+00
4.716834248290446840e-03
4.854863059145674703e-02
1.300316651980515104e-01
2.633370825106925439e-01
4.396618075558100802e-01
6.535228069279949148e-01
8.094686531320401945e-01
9.210050638572384596e-01
9.737769632875525883e-01
9.952831657517092756e-01
9.999999999999995559e-01
1.000000000000000000e+00
1.000000000000000000e+00
1.000000000000000000e+00
9.999999999999997780e-01
1.000000000000000000e+00
9.999999999999997780e-01
9.999999999999997780e-01
9.999999999999995559e-01
9.952831657517090536e-01
9.737769632875525883e-01
9.210050638572385706e-01
8.094686531320401945e-01
6.535228069279949148e-01
4.396618075558104133e-01
2.633370825106924329e-01
1.300316651980516491e-01
4.854863059145694132e-02
4.716834248290838888e-03
1.960671128272205401e-16
0.000000000000000000e+00
0.000000000000000000e+00
0.000000000000000000e+00
0.000000000000000000e+00
0.000000000000000000e+00
0.000000000000000000e+00
0.000000000000000000e+00
0.000000000000000000e+00
0.000000000000000000e+00
0.000000000000000000e+00
0.000000000000000000e+00
9.803355641361027003e-17
0.000000000000000000e+00
0.000000000000000000e+00
0.000000000000000000e+00
0.000000000000000000e+00
0.000000000000000000e+00
0.000000000000000000e+00
0.000000000000000000e+00
0.000000000000000000e+00
0.000000000000000000e+00
0.000000000000000000e+00
0.000000000000000000e+00
0.000000000000000000e+00
0.000000000000000000e+00
9.803355641361027003e-17
0.000000000000000000e+00
0.000000000000000000e+00
0.000000000000000000e+00
0.000000000000000000e+00
0.000000000000000000e+00
0.000000000000000000e+00
4.716834248290740876e-03
2.622303671244744297e-02
7.899493614276142939e-02
1.905313468679595834e-01
3.464771930720049742e-01
5.603381924441892536e-01
7.366629174893070120e-01
8.699683348019481288e-01
9.514513694085431350e-01
9.952831657517090536e-01
9.999999999999997780e-01
1.000000000000000000e+00
1.000000000000000000e+00
9.999999999999997780e-01
1.000000000000000000e+00
9.999999999999997780e-01
9.999999999999997780e-01
9.952831657517092756e-01
9.514513694085431350e-01
8.699683348019482398e-01
7.366629174893072340e-01
5.603381924441896977e-01
3.464771930720049742e-01
1.905313468679598332e-01
7.899493614276152653e-02
2.622303671244754011e-02
4.716834248290740876e-03
0.000000000000000000e+00
0.000000000000000000e+00
0.000000000000000000e+00
1.960671128272205401e-16
0.000000000000000000e+00
0.000000000000000000e+00
9.803355641361027003e-17
0.000000000000000000e+00
0.000000000000000000e+00
0.000000000000000000e+00
0.000000000000000000e+00
0.000000000000000000e+00
0.000000000000000000e+00
9.803355641361027003e-17
0.000000000000000000e+00
0.000000000000000000e+00
0.000000000000000000e+00
0.000000000000000000e+00
0.000000000000000000e+00
0.000000000000000000e+00
0.000000000000000000e+00
0.000000000000000000e+00
9.803355641361027003e-17
0.000000000000000000e+00
0.000000000000000000e+00
9.803355641361027003e-17
0.000000000000000000e+00
0.000000000000000000e+00
0.000000000000000000e+00
0.000000000000000000e+00
0.000000000000000000e+00
0.000000000000000000e+00
0.000000000000000000e+00
0.000000000000000000e+00
0.000000000000000000e+00
0.000000000000000000e+00
4.716834248290642864e-03
4.854863059145664295e-02
1.300316651980521487e-01
2.633370825106925994e-01
4.396618075558103023e-01
6.535228069279953589e-01
8.094686531320400835e-01
9.210050638572382375e-01
9.737769632875525883e-01
9.952831657517096087e-01
9.999999999999995559e-01
1.000000000000000000e+00
9.999999999999995559e-01
9.952831657517094976e-01
9.737769632875525883e-01
9.210050638572382375e-01
8.094686531320399725e-01
6.535228069279952479e-01
4.396618075558104688e-01
2.633370825106926549e-01
1.300316651980518989e-01
4.854863059145703846e-02
4.716834248290544852e-03
0.000000000000000000e+00
0.000000000000000000e+00
1.960671128272205401e-16
0.000000000000000000e+00
0.000000000000000000e+00
0.000000000000000000e+00
0.000000000000000000e+00
0.000000000000000000e+00
0.000000000000000000e+00
0.000000000000000000e+00
0.000000000000000000e+00
0.000000000000000000e+00
0.000000000000000000e+00
0.000000000000000000e+00
0.000000000000000000e+00
9.803355641361027003e-17
0.000000000000000000e+00
0.000000000000000000e+00
0.000000000000000000e+00
0.000000000000000000e+00
0.000000000000000000e+00
0.000000000000000000e+00
0.000000000000000000e+00
0.000000000000000000e+00
9.803355641361027003e-17
0.000000000000000000e+00
0.000000000000000000e+00
9.803355641361027003e-17
1.960671128272205401e-16
0.000000000000000000e+00
0.000000000000000000e+00
0.000000000000000000e+00
0.000000000000000000e+00
0.000000000000000000e+00
0.000000000000000000e+00
0.000000000000000000e+00
0.000000000000000000e+00
0.000000000000000000e+00
1.960671128272205401e-16
4.716834248290544852e-03
2.622303671244754011e-02
7.899493614276123510e-02
1.905313468679601940e-01
3.464771930720046966e-01
5.603381924441892536e-01
7.366629174893075671e-01
8.699683348019482398e-01
9.514513694085431350e-01
9.952831657517090536e-01
1.000000000000000000e+00
9.952831657517092756e-01
9.514513694085431350e-01
8.699683348019482398e-01
7.366629174893075671e-01
5.603381924441893647e-01
3.464771930720046966e-01
1.905313468679601940e-01
7.899493614276152653e-02
2.622303671244754011e-02
4.716834248290838888e-03
0.000000000000000000e+00
0.000000000000000000e+00
1.960671128272205401e-16
1.960671128272205401e-16
0.000000000000000000e+00
0.000000000000000000e+00
0.000000000000000000e+00
0.000000000000000000e+00
0.000000000000000000e+00
0.000000000000000000e+00
0.000000000000000000e+00
0.000000000000000000e+00
0.000000000000000000e+00
0.000000000000000000e+00
0.000000000000000000e+00
0.000000000000000000e+00
9.803355641361027003e-17
0.000000000000000000e+00
0.000000000000000000e+00
0.000000000000000000e+00
0.000000000000000000e+00
0.000000000000000000e+00
0.000000000000000000e+00
0.000000000000000000e+00
0.000000000000000000e+00
9.803355641361027003e-17
0.000000000000000000e+00
0.000000000000000000e+00
0.000000000000000000e+00
0.000000000000000000e+00
1.960671128272205401e-16
0.000000000000000000e+00
0.000000000000000000e+00
0.000000000000000000e+00
0.000000000000000000e+00
0.000000000000000000e+00
0.000000000000000000e+00
0.000000000000000000e+00
0.000000000000000000e+00
1.960671128272205401e-16
0.000000000000000000e+00
0.000000000000000000e+00
4.716834248290446840e-03
4.854863059145674703e-02
1.300316651980517046e-01
2.633370825106925994e-01
4.396618075558103023e-01
6.535228069279948038e-01
8.033887726182324940e-01
8.912964699927585777e-01
9.156441428433002017e-01
8.912964699927585777e-01
8.033887726182326050e-01
6.535228069279952479e-01
4.396618075558104133e-01
2.633370825106925994e-01
1.300316651980518157e-01
4.854863059145694132e-02
4.716834248290446840e-03
0.000000000000000000e+00
1.960671128272205401e-16
0.000000000000000000e+00
0.000000000000000000e+00
0.000000000000000000e+00
0.000000000000000000e+00
0.000000000000000000e+00
0.000000000000000000e+00
0.000000000000000000e+00
0.000000000000000000e+00
0.000000000000000000e+00
0.000000000000000000e+00
0.000000000000000000e+00
0.000000000000000000e+00
0.000000000000000000e+00
0.000000000000000000e+00
0.000000000000000000e+00
0.000000000000000000e+00
0.000000000000000000e+00
0.000000000000000000e+00
0.000000000000000000e+00
0.000000000000000000e+00
0.000000000000000000e+00
0.000000000000000000e+00
0.000000000000000000e+00
0.000000000000000000e+00
0.000000000000000000e+00
9.803355641361027003e-17
0.000000000000000000e+00
0.000000000000000000e+00
9.803355641361027003e-17
0.000000000000000000e+00
0.000000000000000000e+00
0.000000000000000000e+00
0.000000000000000000e+00
1.960671128272205401e-16
0.000000000000000000e+00
0.000000000000000000e+00
0.000000000000000000e+00
0.000000000000000000e+00
0.000000000000000000e+00
0.000000000000000000e+00
0.000000000000000000e+00
0.000000000000000000e+00
0.000000000000000000e+00
4.716834248290544852e-03
2.622303671244734583e-02
7.899493614276142939e-02
1.905313468679598332e-01
3.464771930720043080e-01
5.296437440138224151e-01
6.398223239139492202e-01
6.787917976031513367e-01
6.398223239139494423e-01
5.296437440138221930e-01
3.464771930720044191e-01
1.905313468679598055e-01
7.899493614276129061e-02
2.622303671244744297e-02
4.716834248290544852e-03
0.000000000000000000e+00
0.000000000000000000e+00
0.000000000000000000e+00
0.000000000000000000e+00
0.000000000000000000e+00
0.000000000000000000e+00
0.000000000000000000e+00
0.000000000000000000e+00
0.000000000000000000e+00
0.000000000000000000e+00
1.960671128272205401e-16
0.000000000000000000e+00
0.000000000000000000e+00
0.000000000000000000e+00
0.000000000000000000e+00
0.000000000000000000e+00
0.000000000000000000e+00
0.000000000000000000e+00
0.000000000000000000e+00
0.000000000000000000e+00
0.000000000000000000e+00
0.000000000000000000e+00
0.000000000000000000e+00
0.000000000000000000e+00
0.000000000000000000e+00
0.000000000000000000e+00
0.000000000000000000e+00
0.000000000000000000e+00
1.960671128272205401e-16
0.000000000000000000e+00
0.000000000000000000e+00
0.000000000000000000e+00
0.000000000000000000e+00
0.000000000000000000e+00
0.000000000000000000e+00
0.000000000000000000e+00
0.000000000000000000e+00
0.000000000000000000e+00
0.000000000000000000e+00
0.000000000000000000e+00
0.000000000000000000e+00
0.000000000000000000e+00
0.000000000000000000e+00
0.000000000000000000e+00
0.000000000000000000e+00
0.000000000000000000e+00
0.000000000000000000e+00
1.960671128272205401e-16
4.716834248290740876e-03
4.854863059145723275e-02
1.300316651980517046e-01
2.264199720556831774e-01
2.919111734507373601e-01
3.212082023968487743e-01
2.919111734507371381e-01
2.264199720556830386e-01
1.300316651980520100e-01
4.854863059145684417e-02
4.716834248290642864e-03
1.960671128272205401e-16
0.000000000000000000e+00
0.000000000000000000e+00
0.000000000000000000e+00
0.000000000000000000e+00
0.000000000000000000e+00
0.000000000000000000e+00
0.000000000000000000e+00
0.000000000000000000e+00
0.000000000000000000e+00
1.960671128272205401e-16
0.000000000000000000e+00
1.960671128272205401e-16
0.000000000000000000e+00
0.000000000000000000e+00
0.000000000000000000e+00
0.000000000000000000e+00
0.000000000000000000e+00
0.000000000000000000e+00
0.000000000000000000e+00
0.000000000000000000e+00
0.000000000000000000e+00
0.000000000000000000e+00
0.000000000000000000e+00
0.000000000000000000e+00
0.000000000000000000e+00
0.000000000000000000e+00
0.000000000000000000e+00
0.000000000000000000e+00
0.000000000000000000e+00
9.803355641361027003e-17
0.000000000000000000e+00
0.000000000000000000e+00
0.000000000000000000e+00
0.000000000000000000e+00
0.000000000000000000e+00
0.000000000000000000e+00
1.960671128272205401e-16
0.000000000000000000e+00
0.000000000000000000e+00
0.000000000000000000e+00
0.000000000000000000e+00
0.000000000000000000e+00
0.000000000000000000e+00
0.000000000000000000e+00
0.000000000000000000e+00
1.960671128272205401e-16
0.000000000000000000e+00
0.000000000000000000e+00
0.000000000000000000e+00
0.000000000000000000e+00
4.716834248290446840e-03
2.622303671244705092e-02
5.561197727425064991e-02
7.899493614276142939e-02
8.435585715669972895e-02
7.899493614276123510e-02
5.561197727425064991e-02
2.622303671244754011e-02
4.716834248290446840e-03
0.000000000000000000e+00
0.000000000000000000e+00
0.000000000000000000e+00
0.000000000000000000e+00
0.000000000000000000e+00
1.960671128272205401e-16
0.000000000000000000e+00
0.000000000000000000e+00
0.000000000000000000e+00
1.960671128272205401e-16
0.000000000000000000e+00
0.000000000000000000e+00
0.000000000000000000e+00
0.000000000000000000e+00
0.000000000000000000e+00
0.000000000000000000e+00
0.000000000000000000e+00
0.000000000000000000e+00
0.000000000000000000e+00
0.000000000000000000e+00
0.000000000000000000e+00
0.000000000000000000e+00
0.000000000000000000e+00
0.000000000000000000e+00
0.000000000000000000e+00
0.000000000000000000e+00
0.000000000000000000e+00
0.000000000000000000e+00
0.000000000000000000e+00
0.000000000000000000e+00
0.000000000000000000e+00
0.000000000000000000e+00
0.000000000000000000e+00
0.000000000000000000e+00
0.000000000000000000e+00
0.000000000000000000e+00
0.000000000000000000e+00
0.000000000000000000e+00
0.000000000000000000e+00
0.000000000000000000e+00
0.000000000000000000e+00
0.000000000000000000e+00
0.000000000000000000e+00
0.000000000000000000e+00
0.000000000000000000e+00
0.000000000000000000e+00
0.000000000000000000e+00
0.000000000000000000e+00
0.000000000000000000e+00
0.000000000000000000e+00
0.000000000000000000e+00
0.000000000000000000e+00
0.000000000000000000e+00
0.000000000000000000e+00
1.960671128272205401e-16
1.960671128272205401e-16
0.000000000000000000e+00
1.960671128272205401e-16
0.000000000000000000e+00
0.000000000000000000e+00
0.000000000000000000e+00
0.000000000000000000e+00
0.000000000000000000e+00
0.000000000000000000e+00
0.000000000000000000e+00
0.000000000000000000e+00
1.960671128272205401e-16
0.000000000000000000e+00
0.000000000000000000e+00
0.000000000000000000e+00
0.000000000000000000e+00
0.000000000000000000e+00
0.000000000000000000e+00
0.000000000000000000e+00
2.941006692408307978e-16
0.000000000000000000e+00
0.000000000000000000e+00
1.960671128272205401e-16
0.000000000000000000e+00
0.000000000000000000e+00
0.000000000000000000e+00
0.000000000000000000e+00
0.000000000000000000e+00
0.000000000000000000e+00
0.000000000000000000e+00
0.000000000000000000e+00
0.000000000000000000e+00
0.000000000000000000e+00
0.000000000000000000e+00
0.000000000000000000e+00
0.000000000000000000e+00
9.803355641361027003e-17
1.960671128272205401e-16
0.000000000000000000e+00
0.000000000000000000e+00
0.000000000000000000e+00
1.960671128272205401e-16
0.000000000000000000e+00
0.000000000000000000e+00
1.960671128272205401e-16
0.000000000000000000e+00
0.000000000000000000e+00
0.000000000000000000e+00
0.000000000000000000e+00
0.000000000000000000e+00
1.960671128272205401e-16
0.000000000000000000e+00
0.000000000000000000e+00
0.000000000000000000e+00
0.000000000000000000e+00
1.960671128272205401e-16
0.000000000000000000e+00
1.960671128272205401e-16
0.000000000000000000e+00
0.000000000000000000e+00
1.960671128272205401e-16
0.000000000000000000e+00
0.000000000000000000e+00
0.000000000000000000e+00
1.960671128272205401e-16
0.000000000000000000e+00
0.000000000000000000e+00
1.960671128272205401e-16
0.000000000000000000e+00
0.000000000000000000e+00
0.000000000000000000e+00
0.000000000000000000e+00
0.000000000000000000e+00
0.000000000000000000e+00
0.000000000000000000e+00
0.000000000000000000e+00
0.000000000000000000e+00
0.000000000000000000e+00
1.960671128272205401e-16
0.000000000000000000e+00
1.960671128272205401e-16
0.000000000000000000e+00
0.000000000000000000e+00
0.000000000000000000e+00
0.000000000000000000e+00
0.000000000000000000e+00
0.000000000000000000e+00
0.000000000000000000e+00
0.000000000000000000e+00
0.000000000000000000e+00
0.000000000000000000e+00
0.000000000000000000e+00
0.000000000000000000e+00
0.000000000000000000e+00
0.000000000000000000e+00
0.000000000000000000e+00
0.000000000000000000e+00
0.000000000000000000e+00
1.960671128272205401e-16
0.000000000000000000e+00
0.000000000000000000e+00
0.000000000000000000e+00
1.960671128272205401e-16
0.000000000000000000e+00
0.000000000000000000e+00
1.960671128272205401e-16
0.000000000000000000e+00
0.000000000000000000e+00
0.000000000000000000e+00
0.000000000000000000e+00
0.000000000000000000e+00
0.000000000000000000e+00
0.000000000000000000e+00
0.000000000000000000e+00
0.000000000000000000e+00
0.000000000000000000e+00
0.000000000000000000e+00
1.960671128272205401e-16
1.960671128272205401e-16
0.000000000000000000e+00
0.000000000000000000e+00
0.000000000000000000e+00
0.000000000000000000e+00
0.000000000000000000e+00
0.000000000000000000e+00
0.000000000000000000e+00
0.000000000000000000e+00
0.000000000000000000e+00
0.000000000000000000e+00
1.960671128272205401e-16
0.000000000000000000e+00
0.000000000000000000e+00
0.000000000000000000e+00
1.960671128272205401e-16
0.000000000000000000e+00
0.000000000000000000e+00
0.000000000000000000e+00
1.960671128272205401e-16
0.000000000000000000e+00
0.000000000000000000e+00
0.000000000000000000e+00
0.000000000000000000e+00
1.960671128272205401e-16
0.000000000000000000e+00
0.000000000000000000e+00
0.000000000000000000e+00
0.000000000000000000e+00
1.960671128272205401e-16
0.000000000000000000e+00
0.000000000000000000e+00
0.000000000000000000e+00
0.000000000000000000e+00
0.000000000000000000e+00
0.000000000000000000e+00
0.000000000000000000e+00
0.000000000000000000e+00
0.000000000000000000e+00
0.000000000000000000e+00
0.000000000000000000e+00
0.000000000000000000e+00
0.000000000000000000e+00
0.000000000000000000e+00
0.000000000000000000e+00
0.000000000000000000e+00
0.000000000000000000e+00
0.000000000000000000e+00
0.000000000000000000e+00
0.000000000000000000e+00
0.000000000000000000e+00
0.000000000000000000e+00
0.000000000000000000e+00
0.000000000000000000e+00
0.000000000000000000e+00
0.000000000000000000e+00
0.000000000000000000e+00
1.960671128272205401e-16
0.000000000000000000e+00
0.000000000000000000e+00
1.960671128272205401e-16
0.000000000000000000e+00
0.000000000000000000e+00
0.000000000000000000e+00
0.000000000000000000e+00
0.000000000000000000e+00
0.000000000000000000e+00
0.000000000000000000e+00
0.000000000000000000e+00
0.000000000000000000e+00
0.000000000000000000e+00
0.000000000000000000e+00
0.000000000000000000e+00
0.000000000000000000e+00
0.000000000000000000e+00
0.000000000000000000e+00
1.960671128272205401e-16
0.000000000000000000e+00
0.000000000000000000e+00
0.000000000000000000e+00
0.000000000000000000e+00
0.000000000000000000e+00
1.960671128272205401e-16
0.000000000000000000e+00
0.000000000000000000e+00
0.000000000000000000e+00
0.000000000000000000e+00
0.000000000000000000e+00
0.000000000000000000e+00
0.000000000000000000e+00
0.000000000000000000e+00
0.000000000000000000e+00
0.000000000000000000e+00
0.000000000000000000e+00
0.000000000000000000e+00
0.000000000000000000e+00
0.000000000000000000e+00
0.000000000000000000e+00
0.000000000000000000e+00
0.000000000000000000e+00
0.000000000000000000e+00
0.000000000000000000e+00
0.000000000000000000e+00
0.000000000000000000e+00
0.000000000000000000e+00
0.000000000000000000e+00
0.000000000000000000e+00
0.000000000000000000e+00
0.000000000000000000e+00
1.960671128272205401e-16
1.960671128272205401e-16
0.000000000000000000e+00
0.000000000000000000e+00
0.000000000000000000e+00
0.000000000000000000e+00
0.000000000000000000e+00
0.000000000000000000e+00
0.000000000000000000e+00
0.000000000000000000e+00
0.000000000000000000e+00
0.000000000000000000e+00
0.000000000000000000e+00
0.000000000000000000e+00
4.716834248290642864e-03
2.622303671244734583e-02
5.561197727425084419e-02
7.899493614276113795e-02
8.435585715669982609e-02
7.899493614276129061e-02
5.561197727425084419e-02
2.622303671244744297e-02
4.716834248290544852e-03
0.000000000000000000e+00
0.000000000000000000e+00
0.000000000000000000e+00
0.000000000000000000e+00
0.000000000000000000e+00
0.000000000000000000e+00
0.000000000000000000e+00
0.000000000000000000e+00
0.000000000000000000e+00
0.000000000000000000e+00
0.000000000000000000e+00
0.000000000000000000e+00
0.000000000000000000e+00
1.960671128272205401e-16
0.000000000000000000e+00
1.960671128272205401e-16
0.000000000000000000e+00
0.000000000000000000e+00
0.000000000000000000e+00
1.960671128272205401e-16
0.000000000000000000e+00
0.000000000000000000e+00
0.000000000000000000e+00
0.000000000000000000e+00
0.000000000000000000e+00
0.000000000000000000e+00
0.000000000000000000e+00
0.000000000000000000e+00
0.000000000000000000e+00
0.000000000000000000e+00
0.000000000000000000e+00
0.000000000000000000e+00
0.000000000000000000e+00
0.000000000000000000e+00
0.000000000000000000e+00
0.000000000000000000e+00
0.000000000000000000e+00
0.000000000000000000e+00
1.960671128272205401e-16
0.000000000000000000e+00
0.000000000000000000e+00
0.000000000000000000e+00
1.960671128272205401e-16
0.000000000000000000e+00
0.000000000000000000e+00
0.000000000000000000e+00
0.000000000000000000e+00
1.960671128272205401e-16
0.000000000000000000e+00
1.960671128272205401e-16
0.000000000000000000e+00
4.716834248290642864e-03
4.854863059145694132e-02
1.300316651980518157e-01
2.264199720556828999e-01
2.919111734507373601e-01
3.212082023968487743e-01
2.919111734507373601e-01
2.264199720556828999e-01
1.300316651980518157e-01
4.854863059145664295e-02
4.716834248290544852e-03
0.000000000000000000e+00
0.000000000000000000e+00
0.000000000000000000e+00
0.000000000000000000e+00
1.960671128272205401e-16
0.000000000000000000e+00
1.960671128272205401e-16
0.000000000000000000e+00
0.000000000000000000e+00
0.000000000000000000e+00
1.960671128272205401e-16
0.000000000000000000e+00
0.000000000000000000e+00
0.000000000000000000e+00
0.000000000000000000e+00
0.000000000000000000e+00
0.000000000000000000e+00
0.000000000000000000e+00
1.960671128272205401e-16
0.000000000000000000e+00
0.000000000000000000e+00
0.000000000000000000e+00
0.000000000000000000e+00
0.000000000000000000e+00
0.000000000000000000e+00
0.000000000000000000e+00
0.000000000000000000e+00
0.000000000000000000e+00
0.000000000000000000e+00
0.000000000000000000e+00
0.000000000000000000e+00
1.960671128272205401e-16
2.941006692408307978e-16
0.000000000000000000e+00
0.000000000000000000e+00
0.000000000000000000e+00
0.000000000000000000e+00
0.000000000000000000e+00
0.000000000000000000e+00
0.000000000000000000e+00
0.000000000000000000e+00
1.960671128272205401e-16
0.000000000000000000e+00
1.960671128272205401e-16
0.000000000000000000e+00
1.960671128272205401e-16
0.000000000000000000e+00
0.000000000000000000e+00
4.716834248290544852e-03
2.622303671244744297e-02
7.899493614276152653e-02
1.905313468679599442e-01
3.464771930720049187e-01
5.296437440138219710e-01
6.398223239139489982e-01
6.787917976031508926e-01
6.398223239139492202e-01
5.296437440138216379e-01
3.464771930720050852e-01
1.905313468679598332e-01
7.899493614276129061e-02
2.622303671244734583e-02
4.716834248290740876e-03
0.000000000000000000e+00
0.000000000000000000e+00
2.941006692408307978e-16
0.000000000000000000e+00
0.000000000000000000e+00
0.000000000000000000e+00
0.000000000000000000e+00
0.000000000000000000e+00
0.000000000000000000e+00
0.000000000000000000e+00
0.000000000000000000e+00
1.960671128272205401e-16
0.000000000000000000e+00
0.000000000000000000e+00
0.000000000000000000e+00
0.000000000000000000e+00
0.000000000000000000e+00
9.803355641361027003e-17
0.000000000000000000e+00
0.000000000000000000e+00
0.000000000000000000e+00
0.000000000000000000e+00
0.000000000000000000e+00
0.000000000000000000e+00
0.000000000000000000e+00
0.000000000000000000e+00
0.000000000000000000e+00
0.000000000000000000e+00
0.000000000000000000e+00
0.000000000000000000e+00
0.000000000000000000e+00
0.000000000000000000e+00
0.000000000000000000e+00
0.000000000000000000e+00
0.000000000000000000e+00
1.960671128272205401e-16
0.000000000000000000e+00
0.000000000000000000e+00
0.000000000000000000e+00
1.960671128272205401e-16
0.000000000000000000e+00
0.000000000000000000e+00
0.000000000000000000e+00
0.000000000000000000e+00
0.000000000000000000e+00
4.716834248290446840e-03
4.854863059145703846e-02
1.300316651980519544e-01
2.633370825106929880e-01
4.396618075558104133e-01
6.535228069279946927e-01
8.033887726182323830e-01
8.912964699927585777e-01
9.156441428433002017e-01
8.912964699927587997e-01
8.033887726182321609e-01
6.535228069279948038e-01
4.396618075558103023e-01
2.633370825106927104e-01
1.300316651980521487e-01
4.854863059145703846e-02
4.716834248290446840e-03
0.000000000000000000e+00
0.000000000000000000e+00
0.000000000000000000e+00
0.000000000000000000e+00
0.000000000000000000e+00
0.000000000000000000e+00
0.000000000000000000e+00
1.960671128272205401e-16
0.000000000000000000e+00
0.000000000000000000e+00
0.000000000000000000e+00
1.960671128272205401e-16
0.000000000000000000e+00
0.000000000000000000e+00
0.000000000000000000e+00
0.000000000000000000e+00
0.000000000000000000e+00
0.000000000000000000e+00
9.803355641361027003e-17
0.000000000000000000e+00
0.000000000000000000e+00
0.000000000000000000e+00
0.000000000000000000e+00
0.000000000000000000e+00
0.000000000000000000e+00
0.000000000000000000e+00
0.000000000000000000e+00
0.000000000000000000e+00
0.000000000000000000e+00
0.000000000000000000e+00
0.000000000000000000e+00
0.000000000000000000e+00
1.960671128272205401e-16
0.000000000000000000e+00
0.000000000000000000e+00
0.000000000000000000e+00
0.000000000000000000e+00
0.000000000000000000e+00
0.000000000000000000e+00
0.000000000000000000e+00
0.000000000000000000e+00
0.000000000000000000e+00
4.716834248290544852e-03
2.622303671244773787e-02
7.899493614276123510e-02
1.905313468679600275e-01
3.464771930720049742e-01
5.603381924441895867e-01
7.366629174893075671e-01
8.699683348019477958e-01
9.514513694085428019e-01
9.952831657517090536e-01
1.000000000000000000e+00
9.952831657517092756e-01
9.514513694085429130e-01
8.699683348019477958e-01
7.366629174893075671e-01
5.603381924441892536e-01
3.464771930720049187e-01
1.905313468679600275e-01
7.899493614276142939e-02
2.622303671244734583e-02
4.716834248290544852e-03
0.000000000000000000e+00
0.000000000000000000e+00
0.000000000000000000e+00
0.000000000000000000e+00
0.000000000000000000e+00
0.000000000000000000e+00
0.000000000000000000e+00
0.000000000000000000e+00
0.000000000000000000e+00
0.000000000000000000e+00
0.000000000000000000e+00
0.000000000000000000e+00
0.000000000000000000e+00
0.000000000000000000e+00
0.000000000000000000e+00
0.000000000000000000e+00
0.000000000000000000e+00
0.000000000000000000e+00
0.000000000000000000e+00
0.000000000000000000e+00
0.000000000000000000e+00
0.000000000000000000e+00
0.000000000000000000e+00
0.000000000000000000e+00
0.000000000000000000e+00
0.000000000000000000e+00
0.000000000000000000e+00
0.000000000000000000e+00
0.000000000000000000e+00
0.000000000000000000e+00
0.000000000000000000e+00
0.000000000000000000e+00
0.000000000000000000e+00
0.000000000000000000e+00
0.000000000000000000e+00
0.000000000000000000e+00
0.000000000000000000e+00
0.000000000000000000e+00
0.000000000000000000e+00
4.716834248290740876e-03
4.854863059145664295e-02
1.300316651980520100e-01
2.633370825106921553e-01
4.396618075558100247e-01
6.535228069279953589e-01
8.094686531320399725e-01
9.210050638572382375e-01
9.737769632875521442e-01
9.952831657517092756e-01
9.999999999999995559e-01
9.999999999999997780e-01
9.999999999999997780e-01
9.952831657517090536e-01
9.737769632875525883e-01
9.210050638572382375e-01
8.094686531320394174e-01
6.535228069279949148e-01
4.396618075558100247e-01
2.633370825106924329e-01
1.300316651980518989e-01
4.854863059145694132e-02
4.716834248290544852e-03
0.000000000000000000e+00
0.000000000000000000e+00
0.000000000000000000e+00
0.000000000000000000e+00
0.000000000000000000e+00
0.000000000000000000e+00
0.000000000000000000e+00
0.000000000000000000e+00
1.960671128272205401e-16
1.960671128272205401e-16
0.000000000000000000e+00
0.000000000000000000e+00
0.000000000000000000e+00
0.000000000000000000e+00
0.000000000000000000e+00
9.803355641361027003e-17
0.000000000000000000e+00
0.000000000000000000e+00
0.000000000000000000e+00
0.000000000000000000e+00
0.000000000000000000e+00
0.000000000000000000e+00
0.000000000000000000e+00
0.000000000000000000e+00
0.000000000000000000e+00
0.000000000000000000e+00
0.000000000000000000e+00
0.000000000000000000e+00
1.960671128272205401e-16
1.960671128272205401e-16
0.000000000000000000e+00
0.000000000000000000e+00
0.000000000000000000e+00
0.000000000000000000e+00
0.000000000000000000e+00
0.000000000000000000e+00
4.716834248290544852e-03
2.622303671244744297e-02
7.899493614276167919e-02
1.905313468679598055e-01
3.464771930720049187e-01
5.603381924441891426e-01
7.366629174893075671e-01
8.699683348019481288e-01
9.514513694085431350e-01
9.952831657517092756e-01
9.999999999999997780e-01
1.000000000000000000e+00
1.000000000000000000e+00
1.000000000000000000e+00
9.999999999999997780e-01
9.999999999999997780e-01
9.999999999999997780e-01
9.952831657517092756e-01
9.514513694085429130e-01
8.699683348019482398e-01
7.366629174893075671e-01
5.603381924441891426e-01
3.464771930720045856e-01
1.905313468679598332e-01
7.899493614276158204e-02
2.622303671244744297e-02
4.716834248290544852e-03
0.000000000000000000e+00
0.000000000000000000e+00
0.000000000000000000e+00
0.000000000000000000e+00
0.000000000000000000e+00
0.000000000000000000e+00
0.000000000000000000e+00
0.000000000000000000e+00
0.000000000000000000e+00
0.000000000000000000e+00
9.803355641361027003e-17
0.000000000000000000e+00
0.000000000000000000e+00
9.803355641361027003e-17
0.000000000000000000e+00
0.000000000000000000e+00
0.000000000000000000e+00
0.000000000000000000e+00
0.000000000000000000e+00
0.000000000000000000e+00
0.000000000000000000e+00
0.000000000000000000e+00
0.000000000000000000e+00
0.000000000000000000e+00
0.000000000000000000e+00
1.960671128272205401e-16
0.000000000000000000e+00
0.000000000000000000e+00
0.000000000000000000e+00
0.000000000000000000e+00
0.000000000000000000e+00
0.000000000000000000e+00
0.000000000000000000e+00
4.716834248290544852e-03
4.854863059145694132e-02
1.300316651980518157e-01
2.633370825106926549e-01
4.396618075558103023e-01
6.535228069279953589e-01
8.094686531320394174e-01
9.210050638572384596e-01
9.737769632875525883e-01
9.952831657517094976e-01
1.000000000000000000e+00
1.000000000000000000e+00
1.000000000000000000e+00
9.999999999999997780e-01
1.000000000000000000e+00
9.999999999999997780e-01
1.000000000000000000e+00
1.000000000000000000e+00
1.000000000000000000e+00
9.952831657517094976e-01
9.737769632875525883e-01
9.210050638572384596e-01
8.094686531320400835e-01
6.535228069279948038e-01
4.396618075558104133e-01
2.633370825106926549e-01
1.300316651980518989e-01
4.854863059145694132e-02
4.716834248290446840e-03
0.000000000000000000e+00
0.000000000000000000e+00
0.000000000000000000e+00
0.000000000000000000e+00
0.000000000000000000e+00
0.000000000000000000e+00
0.000000000000000000e+00
0.000000000000000000e+00
1.960671128272205401e-16
0.000000000000000000e+00
0.000000000000000000e+00
0.000000000000000000e+00
9.803355641361027003e-17
0.000000000000000000e+00
0.000000000000000000e+00
0.000000000000000000e+00
0.000000000000000000e+00
0.000000000000000000e+00
0.000000000000000000e+00
0.000000000000000000e+00
0.000000000000000000e+00
0.000000000000000000e+00
0.000000000000000000e+00
0.000000000000000000e+00
0.000000000000000000e+00
0.000000000000000000e+00
0.000000000000000000e+00
0.000000000000000000e+00
0.000000000000000000e+00
0.000000000000000000e+00
0.000000000000000000e+00
4.716834248290740876e-03
4.854863059145694132e-02
1.638707372620579195e-01
3.397830212291105267e-01
5.603381924441891426e-01
7.366629174893075671e-01
8.699683348019482398e-01
9.514513694085428019e-01
9.952831657517096087e-01
1.000000000000000000e+00
1.000000000000000000e+00
9.999999999999997780e-01
9.999999999999995559e-01
9.999999999999997780e-01
9.999999999999995559e-01
9.999999999999995559e-01
9.999999999999995559e-01
9.999999999999997780e-01
9.999999999999995559e-01
9.999999999999997780e-01
9.999999999999995559e-01
1.000000000000000000e+00
9.952831657517096087e-01
9.514513694085431350e-01
8.699683348019481288e-01
7.366629174893075671e-01
5.603381924441891426e-01
3.397830212291105823e-01
1.638707372620581693e-01
4.854863059145674703e-02
4.716834248290446840e-03
0.000000000000000000e+00
0.000000000000000000e+00
0.000000000000000000e+00
0.000000000000000000e+00
0.000000000000000000e+00
0.000000000000000000e+00
0.000000000000000000e+00
0.000000000000000000e+00
0.000000000000000000e+00
0.000000000000000000e+00
0.000000000000000000e+00
9.803355641361027003e-17
0.000000000000000000e+00
0.000000000000000000e+00
0.000000000000000000e+00
0.000000000000000000e+00
0.000000000000000000e+00
0.000000000000000000e+00
0.000000000000000000e+00
0.000000000000000000e+00
0.000000000000000000e+00
0.000000000000000000e+00
0.000000000000000000e+00
9.803355641361027003e-17
0.000000000000000000e+00
1.960671128272205401e-16
0.000000000000000000e+00
0.000000000000000000e+00
4.716834248290348829e-03
2.622303671244734583e-02
7.899493614276158204e-02
1.905313468679601940e-01
3.764940665143556853e-01
6.235059334856436486e-01
8.094686531320400835e-01
9.210050638572382375e-01
9.737769632875525883e-01
9.952831657517092756e-01
1.000000000000000000e+00
1.000000000000000000e+00
1.000000000000000000e+00
9.999999999999997780e-01
9.999999999999997780e-01
1.000000000000000000e+00
1.000000000000000000e+00
9.999999999999997780e-01
1.000000000000000000e+00
9.999999999999997780e-01
1.000000000000000000e+00
9.999999999999995559e-01
9.999999999999997780e-01
9.999999999999997780e-01
1.000000000000000000e+00
9.952831657517096087e-01
9.737769632875525883e-01
9.210050638572382375e-01
8.094686531320399725e-01
6.235059334856436486e-01
3.764940665143556853e-01
1.905313468679601940e-01
7.899493614276152653e-02
0.000000000000000000e+00
0.000000000000000000e+00
0.000000000000000000e+00
1.960671128272205401e-16
0.000000000000000000e+00
0.000000000000000000e+00
0.000000000000000000e+00
0.000000000000000000e+00
0.000000000000000000e+00
0.000000000000000000e+00
0.000000000000000000e+00
9.803355641361027003e-17
9.803355641361027003e-17
0.000000000000000000e+00
0.000000000000000000e+00
0.000000000000000000e+00
0.000000000000000000e+00
0.000000000000000000e+00
0.000000000000000000e+00
0.000000000000000000e+00
0.000000000000000000e+00
0.000000000000000000e+00
0.000000000000000000e+00
1.960671128272205401e-16
0.000000000000000000e+00
0.000000000000000000e+00
1.960671128272205401e-16
1.960671128272205401e-16
2.622303671244754011e-02
9.746124598336178280e-02
2.350462229063584874e-01
4.327855322194644194e-01
6.602169787708893622e-01
8.361292627379419695e-01
9.514513694085431350e-01
9.952831657517094976e-01
1.000000000000000000e+00
9.999999999999997780e-01
1.000000000000000000e+00
1.000000000000000000e+00
9.999999999999997780e-01
9.999999999999995559e-01
1.000000000000000000e+00
1.000000000000000000e+00
9.999999999999997780e-01
9.999999999999995559e-01
9.999999999999997780e-01
9.999999999999997780e-01
9.999999999999997780e-01
9.999999999999995559e-01
9.999999999999997780e-01
1.000000000000000000e+00
9.999999999999997780e-01
1.000000000000000000e+00
9.999999999999997780e-01
9.952831657517096087e-01
9.514513694085431350e-01
8.361292627379416365e-01
6.602169787708894733e-01
4.327855322194644194e-01
2.350462229063581265e-01
5.047071085630191328e-02
5.047071085630191328e-02
2.622303671244734583e-02
4.716834248290446840e-03
0.000000000000000000e+00
0.000000000000000000e+00
0.000000000000000000e+00
0.000000000000000000e+00
0.000000000000000000e+00
0.000000000000000000e+00
0.000000000000000000e+00
9.803355641361027003e-17
9.803355641361027003e-17
0.000000000000000000e+00
0.000000000000000000e+00
0.000000000000000000e+00
0.000000000000000000e+00
0.000000000000000000e+00
0.000000000000000000e+00
0.000000000000000000e+00
0.000000000000000000e+00
0.000000000000000000e+00
0.000000000000000000e+00
1.960671128272205401e-16
0.000000000000000000e+00
0.000000000000000000e+00
4.716834248290544852e-03
2.622303671244744297e-02
1.107943893060953783e-01
2.633370825106923219e-01
4.965438325117534912e-01
7.078387118248511412e-01
8.699683348019482398e-01
9.514513694085431350e-01
9.952831657517092756e-01
1.000000000000000000e+00
1.000000000000000000e+00
9.999999999999997780e-01
9.999999999999995559e-01
9.999999999999997780e-01
1.000000000000000000e+00
1.000000000000000000e+00
9.999999999999997780e-01
1.000000000000000000e+00
9.999999999999997780e-01
9.999999999999997780e-01
9.999999999999997780e-01
9.999999999999997780e-01
9.999999999999997780e-01
9.999999999999997780e-01
9.999999999999997780e-01
9.999999999999997780e-01
9.999999999999997780e-01
1.000000000000000000e+00
9.999999999999997780e-01
1.000000000000000000e+00
9.952831657517090536e-01
9.514513694085431350e-01
8.699683348019481288e-01
7.012973800090037679e-01
4.588837177976172188e-01
1.660950965102682420e-01
1.660950965102681587e-01
9.746124598336164402e-02
2.622303671244734583e-02
0.000000000000000000e+00
0.000000000000000000e+00
0.000000000000000000e+00
0.000000000000000000e+00
0.000000000000000000e+00
0.000000000000000000e+00
0.000000000000000000e+00
9.803355641361027003e-17
9.803355641361027003e-17
0.000000000000000000e+00
0.000000000000000000e+00
0.000000000000000000e+00
0.000000000000000000e+00
0.000000000000000000e+00
0.000000000000000000e+00
9.803355641361027003e-17
0.000000000000000000e+00
0.000000000000000000e+00
0.000000000000000000e+00
0.000000000000000000e+00
9.803355641361027003e-17
0.000000000000000000e+00
2.622303671244734583e-02
9.746124598336178280e-02
2.633370825106924329e-01
4.965438325117529916e-01
7.366629174893077892e-01
8.892056106939046911e-01
9.737769632875525883e-01
9.952831657517092756e-01
1.000000000000000000e+00
1.000000000000000000e+00
1.000000000000000000e+00
9.999999999999997780e-01
1.000000000000000000e+00
1.000000000000000000e+00
9.999999999999997780e-01
1.000000000000000000e+00
1.000000000000000000e+00
9.999999999999997780e-01
1.000000000000000000e+00
9.999999999999997780e-01
1.000000000000000000e+00
9.999999999999997780e-01
9.999999999999997780e-01
9.999999999999997780e-01
9.999999999999997780e-01
9.999999999999997780e-01
1.000000000000000000e+00
1.000000000000000000e+00
9.999999999999995559e-01
1.000000000000000000e+00
1.000000000000000000e+00
9.952831657517092756e-01
9.737769632875521442e-01
8.582750232212164043e-01
6.096623094245687824e-01
3.582476368654821663e-01
3.815933269911366277e-01
2.350462229063587094e-01
7.899493614276152653e-02
4.716834248290642864e-03
0.000000000000000000e+00
0.000000000000000000e+00
0.000000000000000000e+00
0.000000000000000000e+00
0.000000000000000000e+00
0.000000000000000000e+00
0.000000000000000000e+00
0.000000000000000000e+00
0.000000000000000000e+00
0.000000000000000000e+00
0.000000000000000000e+00
0.000000000000000000e+00
0.000000000000000000e+00
0.000000000000000000e+00
0.000000000000000000e+00
0.000000000000000000e+00
0.000000000000000000e+00
0.000000000000000000e+00
0.000000000000000000e+00
9.803355641361027003e-17
4.716834248290642864e-03
7.899493614276152653e-02
2.350462229063585151e-01
4.965438325117532692e-01
7.366629174893070120e-01
9.025387540166384115e-01
9.737769632875525883e-01
9.999999999999997780e-01
1.000000000000000000e+00
9.999999999999997780e-01
1.000000000000000000e+00
1.000000000000000000e+00
1.000000000000000000e+00
9.999999999999997780e-01
9.999999999999997780e-01
1.000000000000000000e+00
1.000000000000000000e+00
9.999999999999997780e-01
9.999999999999997780e-01
9.999999999999997780e-01
1.000000000000000000e+00
9.999999999999997780e-01
9.999999999999995559e-01
9.999999999999997780e-01
1.000000000000000000e+00
1.000000000000000000e+00
9.999999999999997780e-01
9.999999999999997780e-01
9.999999999999997780e-01
9.999999999999995559e-01
1.000000000000000000e+00
9.999999999999997780e-01
9.999999999999997780e-01
9.999999999999997780e-01
9.156441428432999796e-01
6.787917976031508926e-01
5.322389462376794222e-01
5.957637148761210089e-01
4.327855322194647525e-01
1.905313468679598332e-01
4.854863059145694132e-02
4.716834248290446840e-03
0.000000000000000000e+00
0.000000000000000000e+00
0.000000000000000000e+00
0.000000000000000000e+00
0.000000000000000000e+00
0.000000000000000000e+00
0.000000000000000000e+00
0.000000000000000000e+00
0.000000000000000000e+00
0.000000000000000000e+00
0.000000000000000000e+00
0.000000000000000000e+00
0.000000000000000000e+00
0.000000000000000000e+00
0.000000000000000000e+00
0.000000000000000000e+00
0.000000000000000000e+00
1.960671128272205401e-16
4.716834248290544852e-03
4.854863059145694132e-02
1.905313468679598332e-01
4.327855322194648635e-01
7.078387118248505860e-01
8.892056106939043580e-01
9.737769632875525883e-01
9.952831657517096087e-01
1.000000000000000000e+00
1.000000000000000000e+00
1.000000000000000000e+00
9.999999999999997780e-01
1.000000000000000000e+00
9.999999999999997780e-01
9.999999999999997780e-01
1.000000000000000000e+00
9.999999999999997780e-01
1.000000000000000000e+00
1.000000000000000000e+00
1.000000000000000000e+00
9.999999999999997780e-01
9.999999999999997780e-01
1.000000000000000000e+00
9.999999999999997780e-01
9.999999999999997780e-01
1.000000000000000000e+00
9.999999999999997780e-01
1.000000000000000000e+00
9.999999999999997780e-01
1.000000000000000000e+00
9.999999999999997780e-01
1.000000000000000000e+00
9.999999999999997780e-01
9.999999999999997780e-01
1.000000000000000000e+00
9.156441428433002017e-01
6.787917976031507816e-01
6.423543791313522933e-01
7.696742829014480147e-01
6.602169787708893622e-01
3.764940665143560183e-01
1.638707372620581693e-01
4.854863059145694132e-02
4.716834248290544852e-03
0.000000000000000000e+00
0.000000000000000000e+00
0.000000000000000000e+00
0.000000000000000000e+00
0.000000000000000000e+00
0.000000000000000000e+00
0.000000000000000000e+00
0.000000000000000000e+00
0.000000000000000000e+00
0.000000000000000000e+00
0.000000000000000000e+00
0.000000000000000000e+00
9.803355641361027003e-17
0.000000000000000000e+00
0.000000000000000000e+00
0.000000000000000000e+00
4.716834248290642864e-03
4.854863059145703846e-02
1.638707372620581693e-01
3.764940665143560183e-01
6.602169787708894733e-01
8.699683348019481288e-01
9.737769632875521442e-01
1.000000000000000000e+00
1.000000000000000000e+00
9.999999999999997780e-01
9.999999999999997780e-01
1.000000000000000000e+00
1.000000000000000000e+00
1.000000000000000000e+00
9.999999999999997780e-01
1.000000000000000000e+00
1.000000000000000000e+00
9.999999999999997780e-01
1.000000000000000000e+00
1.000000000000000000e+00
9.999999999999997780e-01
1.000000000000000000e+00
9.999999999999997780e-01
1.000000000000000000e+00
9.999999999999997780e-01
9.999999999999997780e-01
9.999999999999997780e-01
9.999999999999997780e-01
9.999999999999997780e-01
1.000000000000000000e+00
1.000000000000000000e+00
9.999999999999995559e-01
1.000000000000000000e+00
1.000000000000000000e+00
9.999999999999997780e-01
9.999999999999997780e-01
9.156441428432999796e-01
6.787917976031512257e-01
6.721524347750477135e-01
8.604430541721843628e-01
8.361292627379419695e-01
6.235059334856437596e-01
3.397830212291106933e-01
1.300316651980518157e-01
2.622303671244734583e-02
0.000000000000000000e+00
0.000000000000000000e+00
0.000000000000000000e+00
0.000000000000000000e+00
9.803355641361027003e-17
0.000000000000000000e+00
0.000000000000000000e+00
0.000000000000000000e+00
0.000000000000000000e+00
0.000000000000000000e+00
0.000000000000000000e+00
0.000000000000000000e+00
9.803355641361027003e-17
0.000000000000000000e+00
0.000000000000000000e+00
0.000000000000000000e+00
2.622303671244744297e-02
1.300316651980518989e-01
3.397830212291105823e-01
6.235059334856437596e-01
8.361292627379418585e-01
9.514513694085429130e-01
9.952831657517090536e-01
1.000000000000000000e+00
1.000000000000000000e+00
9.999999999999997780e-01
1.000000000000000000e+00
9.999999999999997780e-01
1.000000000000000000e+00
9.999999999999997780e-01
1.000000000000000000e+00
9.999999999999997780e-01
9.999999999999997780e-01
1.000000000000000000e+00
1.000000000000000000e+00
9.999999999999997780e-01
9.999999999999997780e-01
9.999999999999997780e-01
1.000000000000000000e+00
9.999999999999997780e-01
9.999999999999995559e-01
9.999999999999997780e-01
1.000000000000000000e+00
1.000000000000000000e+00
9.999999999999997780e-01
9.999999999999997780e-01
9.999999999999997780e-01
9.999999999999995559e-01
1.000000000000000000e+00
9.999999999999997780e-01
9.999999999999997780e-01
9.999999999999997780e-01
9.156441428432999796e-01
6.787917976031508926e-01
6.787917976031510037e-01
9.102435681612304208e-01
9.514513694085433571e-01
8.094686531320399725e-01
5.603381924441896977e-01
2.633370825106924329e-01
7.899493614276152653e-02
4.716834248290544852e-03
0.000000000000000000e+00
0.000000000000000000e+00
0.000000000000000000e+00
0.000000000000000000e+00
0.000000000000000000e+00
0.000000000000000000e+00
0.000000000000000000e+00
0.000000000000000000e+00
0.000000000000000000e+00
0.000000000000000000e+00
0.000000000000000000e+00
0.000000000000000000e+00
0.000000000000000000e+00
0.000000000000000000e+00
4.716834248290446840e-03
7.899493614276177633e-02
2.633370825106926549e-01
5.603381924441896977e-01
8.094686531320398615e-01
9.514513694085431350e-01
9.952831657517092756e-01
9.999999999999997780e-01
9.999999999999997780e-01
1.000000000000000000e+00
1.000000000000000000e+00
1.000000000000000000e+00
1.000000000000000000e+00
9.999999999999997780e-01
1.000000000000000000e+00
9.999999999999997780e-01
9.999999999999997780e-01
1.000000000000000000e+00
9.999999999999997780e-01
1.000000000000000000e+00
1.000000000000000000e+00
1.000000000000000000e+00
9.999999999999997780e-01
9.999999999999997780e-01
1.000000000000000000e+00
9.999999999999997780e-01
9.999999999999997780e-01
1.000000000000000000e+00
9.999999999999997780e-01
1.000000000000000000e+00
9.999999999999997780e-01
1.000000000000000000e+00
9.999999999999997780e-01
1.000000000000000000e+00
9.999999999999997780e-01
9.999999999999997780e-01
1.000000000000000000e+00
9.156441428433002017e-01
6.787917976031507816e-01
6.787917976031510037e-01
9.156441428432999796e-01
9.952831657517092756e-01
9.210050638572382375e-01
7.366629174893072340e-01
4.396618075558103023e-01
1.905313468679599442e-01
4.854863059145694132e-02
4.716834248290544852e-03
0.000000000000000000e+00
0.000000000000000000e+00
0.000000000000000000e+00
0.000000000000000000e+00
0.000000000000000000e+00
0.000000000000000000e+00
0.000000000000000000e+00
0.000000000000000000e+00
0.000000000000000000e+00
0.000000000000000000e+00
0.000000000000000000e+00
0.000000000000000000e+00
4.716834248290348829e-03
4.854863059145694132e-02
1.905313468679600275e-01
4.396618075558103023e-01
7.366629174893075671e-01
9.210050638572384596e-01
9.952831657517092756e-01
9.999999999999997780e-01
9.999999999999997780e-01
1.000000000000000000e+00
1.000000000000000000e+00
9.999999999999995559e-01
9.999999999999997780e-01
1.000000000000000000e+00
9.999999999999997780e-01
9.999999999999997780e-01
9.999999999999997780e-01
9.999999999999997780e-01
1.000000000000000000e+00
1.000000000000000000e+00
9.999999999999997780e-01
9.999999999999997780e-01
1.000000000000000000e+00
1.000000000000000000e+00
9.999999999999997780e-01
1.000000000000000000e+00
9.999999999999997780e-01
1.000000000000000000e+00
9.999999999999995559e-01
9.999999999999997780e-01
9.999999999999997780e-01
1.000000000000000000e+00
1.000000000000000000e+00
9.999999999999997780e-01
9.999999999999997780e-01
9.999999999999995559e-01
9.999999999999995559e-01
9.999999999999995559e-01
9.156441428433002017e-01
6.787917976031510037e-01
6.787917976031510037e-01
9.156441428432999796e-01
1.000000000000000000e+00
9.737769632875525883e-01
8.699683348019481288e-01
6.535228069279949148e-01
3.464771930720048077e-01
1.300316651980518157e-01
2.622303671244734583e-02
0.000000000000000000e+00
0.000000000000000000e+00
0.000000000000000000e+00
0.000000000000000000e+00
0.000000000000000000e+00
0.000000000000000000e+00
0.000000000000000000e+00
0.000000000000000000e+00
0.000000000000000000e+00
0.000000000000000000e+00
0.000000000000000000e+00
0.000000000000000000e+00
2.622303671244734583e-02
1.300316651980516491e-01
3.464771930720049187e-01
6.535228069279949148e-01
8.699683348019482398e-01
9.737769632875525883e-01
1.000000000000000000e+00
9.999999999999997780e-01
9.999999999999997780e-01
9.999999999999997780e-01
9.999999999999997780e-01
9.999999999999997780e-01
1.000000000000000000e+00
1.000000000000000000e+00
1.000000000000000000e+00
9.999999999999997780e-01
9.999999999999997780e-01
1.000000000000000000e+00
1.000000000000000000e+00
9.999999999999997780e-01
9.999999999999995559e-01
9.999999999999997780e-01
1.000000000000000000e+00
9.999999999999997780e-01
9.999999999999995559e-01
9.999999999999997780e-01
9.999999999999997780e-01
9.999999999999995559e-01
9.999999999999995559e-01
9.999999999999997780e-01
9.999999999999997780e-01
9.999999999999997780e-01
1.000000000000000000e+00
9.999999999999997780e-01
1.000000000000000000e+00
9.999999999999997780e-01
9.999999999999997780e-01
1.000000000000000000e+00
9.156441428432999796e-01
6.787917976031506706e-01
6.787917976031510037e-01
9.156441428432999796e-01
1.000000000000000000e+00
9.952831657517092756e-01
9.514513694085431350e-01
8.094686531320396394e-01
5.603381924441893647e-01
2.633370825106924329e-01
7.899493614276152653e-02
4.716834248290544852e-03
0.000000000000000000e+00
0.000000000000000000e+00
0.000000000000000000e+00
0.000000000000000000e+00
0.000000000000000000e+00
0.000000000000000000e+00
0.000000000000000000e+00
0.000000000000000000e+00
0.000000000000000000e+00
0.000000000000000000e+00
4.716834248290544852e-03
7.899493614276142939e-02
2.633370825106923219e-01
5.603381924441896977e-01
8.094686531320400835e-01
9.514513694085431350e-01
9.952831657517094976e-01
9.999999999999997780e-01
1.000000000000000000e+00
9.999999999999995559e-01
1.000000000000000000e+00
9.999999999999997780e-01
9.999999999999997780e-01
1.000000000000000000e+00
9.999999999999997780e-01
1.000000000000000000e+00
1.000000000000000000e+00
9.999999999999997780e-01
9.999999999999995559e-01
9.999999999999997780e-01
1.000000000000000000e+00
1.000000000000000000e+00
9.999999999999997780e-01
9.999999999999997780e-01
9.999999999999997780e-01
9.999999999999997780e-01
9.999999999999997780e-01
9.999999999999995559e-01
9.999999999999995559e-01
9.999999999999997780e-01
9.999999999999997780e-01
9.999999999999997780e-01
9.999999999999997780e-01
9.999999999999997780e-01
9.999999999999997780e-01
1.000000000000000000e+00
9.999999999999995559e-01
9.999999999999997780e-01
9.999999999999997780e-01
9.156441428433002017e-01
6.787917976031507816e-01
6.787917976031510037e-01
9.156441428432999796e-01
9.999999999999997780e-01
1.000000000000000000e+00
9.952831657517092756e-01
9.210050638572384596e-01
7.366629174893072340e-01
4.396618075558104133e-01
1.905313468679598332e-01
4.854863059145694132e-02
4.716834248290544852e-03
0.000000000000000000e+00
0.000000000000000000e+00
0.000000000000000000e+00
0.000000000000000000e+00
0.000000000000000000e+00
0.000000000000000000e+00
0.000000000000000000e+00
0.000000000000000000e+00
4.716834248290740876e-03
4.854863059145694132e-02
1.905313468679598332e-01
4.396618075558103023e-01
7.366629174893075671e-01
9.210050638572384596e-01
9.952831657517092756e-01
1.000000000000000000e+00
1.000000000000000000e+00
9.999999999999997780e-01
1.000000000000000000e+00
1.000000000000000000e+00
1.000000000000000000e+00
9.999999999999997780e-01
1.000000000000000000e+00
1.000000000000000000e+00
9.999999999999997780e-01
1.000000000000000000e+00
9.999999999999995559e-01
1.000000000000000000e+00
9.999999999999997780e-01
1.000000000000000000e+00
1.000000000000000000e+00
9.999999999999997780e-01
1.000000000000000000e+00
1.000000000000000000e+00
1.000000000000000000e+00
9.999999999999997780e-01
9.999999999999997780e-01
9.999999999999997780e-01
1.000000000000000000e+00
9.999999999999997780e-01
1.000000000000000000e+00
1.000000000000000000e+00
9.999999999999995559e-01
9.999999999999997780e-01
9.999999999999997780e-01
1.000000000000000000e+00
1.000000000000000000e+00
1.000000000000000000e+00
9.156441428432999796e-01
6.787917976031510037e-01
6.787917976031510037e-01
9.156441428433002017e-01
1.000000000000000000e+00
9.999999999999997780e-01
1.000000000000000000e+00
9.737769632875525883e-01
8.699683348019481288e-01
6.535228069279949148e-01
3.464771930720049187e-01
1.300316651980518157e-01
2.622303671244734583e-02
0.000000000000000000e+00
0.000000000000000000e+00
0.000000000000000000e+00
0.000000000000000000e+00
0.000000000000000000e+00
0.000000000000000000e+00
0.000000000000000000e+00
0.000000000000000000e+00
2.622303671244744297e-02
1.300316651980518157e-01
3.464771930720049187e-01
6.535228069279949148e-01
8.699683348019482398e-01
9.737769632875525883e-01
1.000000000000000000e+00
1.000000000000000000e+00
1.000000000000000000e+00
9.999999999999997780e-01
1.000000000000000000e+00
1.000000000000000000e+00
1.000000000000000000e+00
9.999999999999997780e-01
1.000000000000000000e+00
1.000000000000000000e+00
1.000000000000000000e+00
1.000000000000000000e+00
9.999999999999997780e-01
1.000000000000000000e+00
9.999999999999997780e-01
1.000000000000000000e+00
1.000000000000000000e+00
1.000000000000000000e+00
1.000000000000000000e+00
9.999999999999997780e-01
1.000000000000000000e+00
9.999999999999997780e-01
1.000000000000000000e+00
1.000000000000000000e+00
1.000000000000000000e+00
1.000000000000000000e+00
9.999999999999997780e-01
1.000000000000000000e+00
1.000000000000000000e+00
9.999999999999997780e-01
1.000000000000000000e+00
9.999999999999997780e-01
9.999999999999997780e-01
1.000000000000000000e+00
9.156441428433002017e-01
6.787917976031510037e-01
6.787917976031510037e-01
9.156441428432999796e-01
1.000000000000000000e+00
9.999999999999997780e-01
9.999999999999997780e-01
9.952831657517092756e-01
9.514513694085431350e-01
8.094686531320398615e-01
5.603381924441893647e-01
2.633370825106926549e-01
7.899493614276152653e-02
4.716834248290544852e-03
0.000000000000000000e+00
0.000000000000000000e+00
0.000000000000000000e+00
0.000000000000000000e+00
0.000000000000000000e+00
0.000000000000000000e+00
4.716834248290544852e-03
7.899493614276158204e-02
2.633370825106924329e-01
5.603381924441892536e-01
8.094686531320394174e-01
9.514513694085431350e-01
9.952831657517092756e-01
9.999999999999997780e-01
9.999999999999997780e-01
1.000000000000000000e+00
1.000000000000000000e+00
9.999999999999995559e-01
1.000000000000000000e+00
9.999999999999997780e-01
9.999999999999997780e-01
1.000000000000000000e+00
9.999999999999995559e-01
1.000000000000000000e+00
1.000000000000000000e+00
1.000000000000000000e+00
1.000000000000000000e+00
1.000000000000000000e+00
1.000000000000000000e+00
9.999999999999997780e-01
9.999999999999995559e-01
9.999999999999997780e-01
9.999999999999995559e-01
9.999999999999995559e-01
9.999999999999995559e-01
9.999999999999997780e-01
9.999999999999995559e-01
9.999999999999997780e-01
9.999999999999995559e-01
1.000000000000000000e+00
1.000000000000000000e+00
1.000000000000000000e+00
9.999999999999997780e-01
1.000000000000000000e+00
9.999999999999995559e-01
9.999999999999997780e-01
1.000000000000000000e+00
9.156441428433002017e-01
6.787917976031510037e-01
6.787917976031510037e-01
9.156441428433002017e-01
1.000000000000000000e+00
1.000000000000000000e+00
1.000000000000000000e+00
9.999999999999997780e-01
9.952831657517092756e-01
9.210050638572382375e-01
7.366629174893075671e-01
4.396618075558104688e-01
1.905313468679598332e-01
4.854863059145694132e-02
4.716834248290544852e-03
0.000000000000000000e+00
0.000000000000000000e+00
0.000000000000000000e+00
0.000000000000000000e+00
4.716834248290544852e-03
4.854863059145694132e-02
1.905313468679599442e-01
4.396618075558102468e-01
7.366629174893072340e-01
9.210050638572384596e-01
9.952831657517096087e-01
9.999999999999997780e-01
1.000000000000000000e+00
9.999999999999997780e-01
1.000000000000000000e+00
9.999999999999997780e-01
1.000000000000000000e+00
9.999999999999997780e-01
1.000000000000000000e+00
9.999999999999997780e-01
9.999999999999997780e-01
9.999999999999997780e-01
1.000000000000000000e+00
9.999999999999995559e-01
1.000000000000000000e+00
1.000000000000000000e+00
1.000000000000000000e+00
1.000000000000000000e+00
1.000000000000000000e+00
9.999999999999997780e-01
9.999999999999997780e-01
9.999999999999997780e-01
1.000000000000000000e+00
9.999999999999997780e-01
9.999999999999995559e-01
9.999999999999995559e-01
1.000000000000000000e+00
1.000000000000000000e+00
1.000000000000000000e+00
1.000000000000000000e+00
1.000000000000000000e+00
9.999999999999995559e-01
1.000000000000000000e+00
9.999999999999997780e-01
9.999999999999997780e-01
1.000000000000000000e+00
9.156441428433002017e-01
6.787917976031513367e-01
6.787917976031513367e-01
9.156441428432999796e-01
9.999999999999997780e-01
9.999999999999995559e-01
9.999999999999997780e-01
9.999999999999997780e-01
9.999999999999997780e-01
9.737769632875525883e-01
8.699683348019481288e-01
6.535228069279949148e-01
3.464771930720048077e-01
1.300316651980518989e-01
2.622303671244744297e-02
0.000000000000000000e+00
0.000000000000000000e+00
0.000000000000000000e+00
0.000000000000000000e+00
2.622303671244744297e-02
1.300316651980518157e-01
3.464771930720049187e-01
6.535228069279946927e-01
8.699683348019477958e-01
9.737769632875525883e-01
1.000000000000000000e+00
1.000000000000000000e+00
9.999999999999997780e-01
9.999999999999997780e-01
9.999999999999997780e-01
9.999999999999997780e-01
1.000000000000000000e+00
1.000000000000000000e+00
9.999999999999997780e-01
9.999999999999997780e-01
1.000000000000000000e+00
9.999999999999997780e-01
1.000000000000000000e+00
1.000000000000000000e+00
9.999999999999997780e-01
1.000000000000000000e+00
1.000000000000000000e+00
1.000000000000000000e+00
1.000000000000000000e+00
9.999999999999997780e-01
9.999999999999997780e-01
9.999999999999997780e-01
1.000000000000000000e+00
9.999999999999995559e-01
9.999999999999995559e-01
9.999999999999997780e-01
1.000000000000000000e+00
9.999999999999997780e-01
1.000000000000000000e+00
1.000000000000000000e+00
1.000000000000000000e+00
9.999999999999997780e-01
1.000000000000000000e+00
9.999999999999995559e-01
9.999999999999997780e-01
1.000000000000000000e+00
9.156441428433004237e-01
6.787917976031508926e-01
6.787917976031512257e-01
9.156441428432999796e-01
1.000000000000000000e+00
9.999999999999997780e-01
9.999999999999997780e-01
9.999999999999997780e-01
9.999999999999997780e-01
9.952831657517092756e-01
9.514513694085428019e-01
8.033887726182326050e-01
5.296437440138220820e-01
2.264199720556828999e-01
5.561197727425084419e-02
0.000000000000000000e+00
0.000000000000000000e+00
0.000000000000000000e+00
0.000000000000000000e+00
5.561197727425074705e-02
2.264199720556827888e-01
5.296437440138221930e-01
8.033887726182324940e-01
9.514513694085428019e-01
9.952831657517092756e-01
1.000000000000000000e+00
1.000000000000000000e+00
9.999999999999997780e-01
9.999999999999997780e-01
9.999999999999997780e-01
1.000000000000000000e+00
1.000000000000000000e+00
1.000000000000000000e+00
1.000000000000000000e+00
9.999999999999997780e-01
1.000000000000000000e+00
1.000000000000000000e+00
1.000000000000000000e+00
1.000000000000000000e+00
9.999999999999997780e-01
9.999999999999997780e-01
1.000000000000000000e+00
1.000000000000000000e+00
1.000000000000000000e+00
9.999999999999997780e-01
1.000000000000000000e+00
9.999999999999995559e-01
9.999999999999997780e-01
9.999999999999997780e-01
9.999999999999997780e-01
9.999999999999997780e-01
1.000000000000000000e+00
9.999999999999997780e-01
1.000000000000000000e+00
9.999999999999997780e-01
9.999999999999997780e-01
1.000000000000000000e+00
1.000000000000000000e+00
1.000000000000000000e+00
9.999999999999997780e-01
1.000000000000000000e+00
9.156441428432999796e-01
6.787917976031510037e-01
6.787917976031512257e-01
9.156441428432999796e-01
9.999999999999997780e-01
9.999999999999997780e-01
1.000000000000000000e+00
9.999999999999997780e-01
9.999999999999997780e-01
1.000000000000000000e+00
9.952831657517092756e-01
8.912964699927585777e-01
6.398223239139492202e-01
2.919111734507375266e-01
7.899493614276167919e-02
0.000000000000000000e+00
0.000000000000000000e+00
0.000000000000000000e+00
0.000000000000000000e+00
7.899493614276158204e-02
2.919111734507373601e-01
6.398223239139492202e-01
8.912964699927585777e-01
9.952831657517092756e-01
1.000000000000000000e+00
1.000000000000000000e+00
9.999999999999997780e-01
1.000000000000000000e+00
9.999999999999997780e-01
9.999999999999997780e-01
9.999999999999997780e-01
1.000000000000000000e+00
1.000000000000000000e+00
1.000000000000000000e+00
1.000000000000000000e+00
1.000000000000000000e+00
1.000000000000000000e+00
9.999999999999997780e-01
9.999999999999997780e-01
9.999999999999997780e-01
9.999999999999997780e-01
1.000000000000000000e+00
1.000000000000000000e+00
1.000000000000000000e+00
9.999999999999997780e-01
1.000000000000000000e+00
9.999999999999997780e-01
1.000000000000000000e+00
1.000000000000000000e+00
1.000000000000000000e+00
1.000000000000000000e+00
1.000000000000000000e+00
9.999999999999997780e-01
1.000000000000000000e+00
1.000000000000000000e+00
1.000000000000000000e+00
9.999999999999997780e-01
9.999999999999997780e-01
9.999999999999997780e-01
1.000000000000000000e+00
1.000000000000000000e+00
9.156441428432999796e-01
6.787917976031510037e-01
6.787917976031510037e-01
9.156441428433002017e-01
1.000000000000000000e+00
9.999999999999997780e-01
1.000000000000000000e+00
9.999999999999995559e-01
9.999999999999997780e-01
1.000000000000000000e+00
9.999999999999997780e-01
9.156441428432999796e-01
6.787917976031513367e-01
3.212082023968490518e-01
8.435585715669992324e-02
0.000000000000000000e+00
0.000000000000000000e+00
0.000000000000000000e+00
0.000000000000000000e+00
8.435585715669982609e-02
3.212082023968488853e-01
6.787917976031512257e-01
9.156441428432999796e-01
9.999999999999997780e-01
9.999999999999997780e-01
9.999999999999997780e-01
1.000000000000000000e+00
1.000000000000000000e+00
9.999999999999997780e-01
1.000000000000000000e+00
9.999999999999997780e-01
1.000000000000000000e+00
9.999999999999997780e-01
1.000000000000000000e+00
1.000000000000000000e+00
9.999999999999997780e-01
1.000000000000000000e+00
1.000000000000000000e+00
1.000000000000000000e+00
9.999999999999997780e-01
1.000000000000000000e+00
9.999999999999997780e-01
1.000000000000000000e+00
1.000000000000000000e+00
1.000000000000000000e+00
9.999999999999995559e-01
1.000000000000000000e+00
9.999999999999997780e-01
1.000000000000000000e+00
9.999999999999997780e-01
1.000000000000000000e+00
9.999999999999997780e-01
9.999999999999997780e-01
9.999999999999997780e-01
1.000000000000000000e+00
9.999999999999997780e-01
9.999999999999997780e-01
1.000000000000000000e+00
9.999999999999997780e-01
9.999999999999997780e-01
1.000000000000000000e+00
9.156441428433002017e-01
6.787917976031510037e-01
6.787917976031513367e-01
9.156441428433002017e-01
1.000000000000000000e+00
1.000000000000000000e+00
1.000000000000000000e+00
9.999999999999997780e-01
1.000000000000000000e+00
1.000000000000000000e+00
9.952831657517092756e-01
8.912964699927585777e-01
6.398223239139492202e-01
2.919111734507375266e-01
7.899493614276167919e-02
0.000000000000000000e+00
0.000000000000000000e+00
0.000000000000000000e+00
0.000000000000000000e+00
7.899493614276158204e-02
2.919111734507373601e-01
6.398223239139492202e-01
8.912964699927585777e-01
9.952831657517092756e-01
9.999999999999997780e-01
1.000000000000000000e+00
1.000000000000000000e+00
9.999999999999997780e-01
1.000000000000000000e+00
1.000000000000000000e+00
9.999999999999997780e-01
9.999999999999997780e-01
1.000000000000000000e+00
1.000000000000000000e+00
9.999999999999997780e-01
9.999999999999997780e-01
1.000000000000000000e+00
1.000000000000000000e+00
9.999999999999997780e-01
1.000000000000000000e+00
1.000000000000000000e+00
1.000000000000000000e+00
1.000000000000000000e+00
1.000000000000000000e+00
1.000000000000000000e+00
9.999999999999997780e-01
1.000000000000000000e+00
9.999999999999995559e-01
9.999999999999997780e-01
9.999999999999995559e-01
1.000000000000000000e+00
1.000000000000000000e+00
9.999999999999997780e-01
1.000000000000000000e+00
1.000000000000000000e+00
1.000000000000000000e+00
9.999999999999995559e-01
1.000000000000000000e+00
1.000000000000000000e+00
9.999999999999997780e-01
1.000000000000000000e+00
9.156441428433004237e-01
6.787917976031510037e-01
6.787917976031508926e-01
9.156441428432999796e-01
1.000000000000000000e+00
1.000000000000000000e+00
9.999999999999997780e-01
9.999999999999997780e-01
9.999999999999997780e-01
9.952831657517092756e-01
9.514513694085431350e-01
8.033887726182326050e-01
5.296437440138221930e-01
2.264199720556829276e-01
5.561197727425084419e-02
0.000000000000000000e+00
0.000000000000000000e+00
0.000000000000000000e+00
0.000000000000000000e+00
5.561197727425074705e-02
2.264199720556828999e-01
5.296437440138223041e-01
8.033887726182326050e-01
9.514513694085431350e-01
9.952831657517092756e-01
1.000000000000000000e+00
1.000000000000000000e+00
9.999999999999997780e-01
1.000000000000000000e+00
9.999999999999997780e-01
1.000000000000000000e+00
9.999999999999997780e-01
9.999999999999997780e-01
9.999999999999997780e-01
1.000000000000000000e+00
1.000000000000000000e+00
1.000000000000000000e+00
1.000000000000000000e+00
9.999999999999997780e-01
9.999999999999997780e-01
1.000000000000000000e+00
1.000000000000000000e+00
9.999999999999997780e-01
9.999999999999997780e-01
1.000000000000000000e+00
1.000000000000000000e+00
9.999999999999997780e-01
9.999999999999997780e-01
9.999999999999997780e-01
1.000000000000000000e+00
9.999999999999997780e-01
1.000000000000000000e+00
9.999999999999997780e-01
1.000000000000000000e+00
1.000000000000000000e+00
9.999999999999997780e-01
9.999999999999997780e-01
9.999999999999997780e-01
9.999999999999997780e-01
9.999999999999997780e-01
1.000000000000000000e+00
9.156441428432999796e-01
6.787917976031510037e-01
6.787917976031513367e-01
9.156441428432999796e-01
1.000000000000000000e+00
9.999999999999997780e-01
1.000000000000000000e+00
9.999999999999997780e-01
9.999999999999997780e-01
9.737769632875525883e-01
8.699683348019482398e-01
6.535228069279949148e-01
3.464771930720049187e-01
1.300316651980518157e-01
2.622303671244744297e-02
0.000000000000000000e+00
0.000000000000000000e+00
0.000000000000000000e+00
0.000000000000000000e+00
2.622303671244744297e-02
1.300316651980518157e-01
3.464771930720049187e-01
6.535228069279948038e-01
8.699683348019477958e-01
9.737769632875525883e-01
1.000000000000000000e+00
1.000000000000000000e+00
1.000000000000000000e+00
1.000000000000000000e+00
1.000000000000000000e+00
1.000000000000000000e+00
9.999999999999997780e-01
1.000000000000000000e+00
9.999999999999997780e-01
9.999999999999997780e-01
1.000000000000000000e+00
1.000000000000000000e+00
1.000000000000000000e+00
9.999999999999995559e-01
9.999999999999997780e-01
9.999999999999997780e-01
1.000000000000000000e+00
1.000000000000000000e+00
9.999999999999995559e-01
9.999999999999997780e-01
9.999999999999997780e-01
9.999999999999997780e-01
9.999999999999997780e-01
1.000000000000000000e+00
9.999999999999997780e-01
9.999999999999997780e-01
9.999999999999997780e-01
1.000000000000000000e+00
1.000000000000000000e+00
9.999999999999997780e-01
9.999999999999997780e-01
9.999999999999997780e-01
1.000000000000000000e+00
9.999999999999997780e-01
9.999999999999995559e-01
9.999999999999997780e-01
9.156441428432999796e-01
6.787917976031510037e-01
6.787917976031510037e-01
9.156441428433002017e-01
9.999999999999997780e-01
1.000000000000000000e+00
9.999999999999997780e-01
1.000000000000000000e+00
9.952831657517092756e-01
9.210050638572382375e-01
7.366629174893075671e-01
4.396618075558104133e-01
1.905313468679599442e-01
4.854863059145694132e-02
4.716834248290544852e-03
0.000000000000000000e+00
0.000000000000000000e+00
0.000000000000000000e+00
0.000000000000000000e+00
4.716834248290544852e-03
4.854863059145694132e-02
1.905313468679600275e-01
4.396618075558104688e-01
7.366629174893075671e-01
9.210050638572382375e-01
9.952831657517092756e-01
1.000000000000000000e+00
9.999999999999997780e-01
1.000000000000000000e+00
9.999999999999997780e-01
1.000000000000000000e+00
9.999999999999997780e-01
1.000000000000000000e+00
9.999999999999997780e-01
1.000000000000000000e+00
9.999999999999997780e-01
9.999999999999997780e-01
1.000000000000000000e+00
1.000000000000000000e+00
9.999999999999997780e-01
1.000000000000000000e+00
1.000000000000000000e+00
1.000000000000000000e+00
1.000000000000000000e+00
9.999999999999997780e-01
1.000000000000000000e+00
9.999999999999997780e-01
9.999999999999997780e-01
9.999999999999997780e-01
9.999999999999997780e-01
9.999999999999997780e-01
1.000000000000000000e+00
9.999999999999997780e-01
1.000000000000000000e+00
1.000000000000000000e+00
1.000000000000000000e+00
1.000000000000000000e+00
1.000000000000000000e+00
9.999999999999997780e-01
9.999999999999997780e-01
1.000000000000000000e+00
9.156441428433002017e-01
6.787917976031513367e-01
6.787917976031510037e-01
9.156441428432999796e-01
1.000000000000000000e+00
1.000000000000000000e+00
1.000000000000000000e+00
9.952831657517092756e-01
9.514513694085429130e-01
8.094686531320399725e-01
5.603381924441896977e-01
2.633370825106924329e-01
7.899493614276152653e-02
4.716834248290544852e-03
0.000000000000000000e+00
0.000000000000000000e+00
0.000000000000000000e+00
0.000000000000000000e+00
0.000000000000000000e+00
0.000000000000000000e+00
4.716834248290642864e-03
7.899493614276167919e-02
2.633370825106925439e-01
5.603381924441896977e-01
8.094686531320398615e-01
9.514513694085431350e-01
9.952831657517094976e-01
9.999999999999997780e-01
1.000000000000000000e+00
1.000000000000000000e+00
9.999999999999997780e-01
1.000000000000000000e+00
9.999999999999997780e-01
1.000000000000000000e+00
1.000000000000000000e+00
1.000000000000000000e+00
1.000000000000000000e+00
1.000000000000000000e+00
9.999999999999997780e-01
1.000000000000000000e+00
1.000000000000000000e+00
1.000000000000000000e+00
1.000000000000000000e+00
1.000000000000000000e+00
1.000000000000000000e+00
1.000000000000000000e+00
9.999999999999997780e-01
9.999999999999997780e-01
9.999999999999997780e-01
1.000000000000000000e+00
1.000000000000000000e+00
9.999999999999997780e-01
9.999999999999997780e-01
1.000000000000000000e+00
1.000000000000000000e+00
9.999999999999997780e-01
1.000000000000000000e+00
1.000000000000000000e+00
9.999999999999997780e-01
1.000000000000000000e+00
1.000000000000000000e+00
9.156441428433002017e-01
6.787917976031513367e-01
6.787917976031513367e-01
9.156441428432999796e-01
1.000000000000000000e+00
1.000000000000000000e+00
1.000000000000000000e+00
9.737769632875525883e-01
8.699683348019477958e-01
6.535228069279952479e-01
3.464771930720049187e-01
1.300316651980518157e-01
2.622303671244744297e-02
0.000000000000000000e+00
0.000000000000000000e+00
0.000000000000000000e+00
0.000000000000000000e+00
0.000000000000000000e+00
0.000000000000000000e+00
0.000000000000000000e+00
0.000000000000000000e+00
2.622303671244744297e-02
1.300316651980517046e-01
3.464771930720049187e-01
6.535228069279949148e-01
8.699683348019482398e-01
9.737769632875525883e-01
1.000000000000000000e+00
1.000000000000000000e+00
9.999999999999997780e-01
9.999999999999997780e-01
1.000000000000000000e+00
1.000000000000000000e+00
1.000000000000000000e+00
9.999999999999997780e-01
1.000000000000000000e+00
1.000000000000000000e+00
1.000000000000000000e+00
1.000000000000000000e+00
1.000000000000000000e+00
1.000000000000000000e+00
1.000000000000000000e+00
9.999999999999997780e-01
9.999999999999997780e-01
9.999999999999995559e-01
9.999999999999997780e-01
1.000000000000000000e+00
9.999999999999997780e-01
9.999999999999997780e-01
9.999999999999997780e-01
9.999999999999997780e-01
1.000000000000000000e+00
9.999999999999995559e-01
9.999999999999997780e-01
1.000000000000000000e+00
1.000000000000000000e+00
1.000000000000000000e+00
1.000000000000000000e+00
9.999999999999997780e-01
1.000000000000000000e+00
1.000000000000000000e+00
9.156441428433002017e-01
6.787917976031507816e-01
6.787917976031513367e-01
9.156441428433002017e-01
1.000000000000000000e+00
1.000000000000000000e+00
9.952831657517092756e-01
9.210050638572384596e-01
7.366629174893075671e-01
4.396618075558104688e-01
1.905313468679600275e-01
4.854863059145694132e-02
4.716834248290544852e-03
0.000000000000000000e+00
0.000000000000000000e+00
0.000000000000000000e+00
0.000000000000000000e+00
0.000000000000000000e+00
0.000000000000000000e+00
0.000000000000000000e+00
0.000000000000000000e+00
4.716834248290642864e-03
4.854863059145694132e-02
1.905313468679600275e-01
4.396618075558104688e-01
7.366629174893075671e-01
9.210050638572384596e-01
9.952831657517094976e-01
1.000000000000000000e+00
1.000000000000000000e+00
9.999999999999997780e-01
9.999999999999997780e-01
1.000000000000000000e+00
1.000000000000000000e+00
1.000000000000000000e+00
1.000000000000000000e+00
1.000000000000000000e+00
1.000000000000000000e+00
1.000000000000000000e+00
1.000000000000000000e+00
1.000000000000000000e+00
9.999999999999997780e-01
1.000000000000000000e+00
1.000000000000000000e+00
1.000000000000000000e+00
1.000000000000000000e+00
1.000000000000000000e+00
1.000000000000000000e+00
1.000000000000000000e+00
9.999999999999997780e-01
9.999999999999997780e-01
1.000000000000000000e+00
1.000000000000000000e+00
1.000000000000000000e+00
1.000000000000000000e+00
9.999999999999997780e-01
1.000000000000000000e+00
1.000000000000000000e+00
9.999999999999997780e-01
9.999999999999997780e-01
1.000000000000000000e+00
9.156441428433002017e-01
6.787917976031508926e-01
6.787917976031510037e-01
9.156441428432999796e-01
9.999999999999997780e-01
9.952831657517094976e-01
9.514513694085428019e-01
8.094686531320399725e-01
5.603381924441893647e-01
2.633370825106925439e-01
7.899493614276152653e-02
4.716834248290544852e-03
0.000000000000000000e+00
0.000000000000000000e+00
0.000000000000000000e+00
0.000000000000000000e+00
0.000000000000000000e+00
0.000000000000000000e+00
0.000000000000000000e+00
0.000000000000000000e+00
0.000000000000000000e+00
0.000000000000000000e+00
4.716834248290544852e-03
7.899493614276158204e-02
2.633370825106924329e-01
5.603381924441896977e-01
8.094686531320400835e-01
9.514513694085431350e-01
9.952831657517094976e-01
9.999999999999997780e-01
9.999999999999997780e-01
1.000000000000000000e+00
1.000000000000000000e+00
1.000000000000000000e+00
1.000000000000000000e+00
1.000000000000000000e+00
1.000000000000000000e+00
1.000000000000000000e+00
9.999999999999997780e-01
9.999999999999997780e-01
1.000000000000000000e+00
9.999999999999997780e-01
9.999999999999997780e-01
9.999999999999997780e-01
1.000000000000000000e+00
1.000000000000000000e+00
9.999999999999997780e-01
9.999999999999997780e-01
9.999999999999997780e-01
9.999999999999997780e-01
1.000000000000000000e+00
1.000000000000000000e+00
9.999999999999997780e-01
9.999999999999997780e-01
1.000000000000000000e+00
1.000000000000000000e+00
1.000000000000000000e+00
1.000000000000000000e+00
9.999999999999997780e-01
1.000000000000000000e+00
1.000000000000000000e+00
9.156441428432999796e-01
6.787917976031507816e-01
6.787917976031510037e-01
9.156441428432999796e-01
9.999999999999997780e-01
9.737769632875525883e-01
8.699683348019482398e-01
6.535228069279952479e-01
3.464771930720048077e-01
1.300316651980517046e-01
2.622303671244734583e-02
0.000000000000000000e+00
0.000000000000000000e+00
0.000000000000000000e+00
0.000000000000000000e+00
0.000000000000000000e+00
0.000000000000000000e+00
0.000000000000000000e+00
0.000000000000000000e+00
0.000000000000000000e+00
0.000000000000000000e+00
0.000000000000000000e+00
0.000000000000000000e+00
2.622303671244734583e-02
1.300316651980517046e-01
3.464771930720049187e-01
6.535228069279953589e-01
8.699683348019483509e-01
9.737769632875521442e-01
9.999999999999997780e-01
9.999999999999997780e-01
9.999999999999997780e-01
9.999999999999997780e-01
1.000000000000000000e+00
9.999999999999997780e-01
1.000000000000000000e+00
1.000000000000000000e+00
9.999999999999997780e-01
9.999999999999997780e-01
9.999999999999997780e-01
9.999999999999997780e-01
1.000000000000000000e+00
9.999999999999997780e-01
9.999999999999997780e-01
9.999999999999995559e-01
9.999999999999995559e-01
9.999999999999995559e-01
1.000000000000000000e+00
9.999999999999995559e-01
9.999999999999995559e-01
9.999999999999997780e-01
1.000000000000000000e+00
9.999999999999997780e-01
1.000000000000000000e+00
9.999999999999997780e-01
9.999999999999997780e-01
1.000000000000000000e+00
1.000000000000000000e+00
9.999999999999997780e-01
1.000000000000000000e+00
1.000000000000000000e+00
9.156441428432999796e-01
6.787917976031512257e-01
6.787917976031510037e-01
9.156441428433002017e-01
9.952831657517096087e-01
9.210050638572384596e-01
7.366629174893072340e-01
4.396618075558103023e-01
1.905313468679599442e-01
4.854863059145694132e-02
4.716834248290544852e-03
0.000000000000000000e+00
0.000000000000000000e+00
0.000000000000000000e+00
0.000000000000000000e+00
0.000000000000000000e+00
0.000000000000000000e+00
0.000000000000000000e+00
0.000000000000000000e+00
0.000000000000000000e+00
0.000000000000000000e+00
0.000000000000000000e+00
0.000000000000000000e+00
4.716834248290544852e-03
4.854863059145694132e-02
1.905313468679600275e-01
4.396618075558106908e-01
7.366629174893075671e-01
9.210050638572385706e-01
9.952831657517094976e-01
1.000000000000000000e+00
1.000000000000000000e+00
1.000000000000000000e+00
1.000000000000000000e+00
1.000000000000000000e+00
1.000000000000000000e+00
1.000000000000000000e+00
1.000000000000000000e+00
9.999999999999997780e-01
9.999999999999997780e-01
9.999999999999997780e-01
1.000000000000000000e+00
9.999999999999997780e-01
1.000000000000000000e+00
9.999999999999992228e-01
1.000000000000000000e+00
1.000000000000000000e+00
1.000000000000000000e+00
1.000000000000000000e+00
9.999999999999997780e-01
9.999999999999995559e-01
1.000000000000000000e+00
9.999999999999997780e-01
1.000000000000000000e+00
9.999999999999997780e-01
1.000000000000000000e+00
1.000000000000000000e+00
1.000000000000000000e+00
1.000000000000000000e+00
9.999999999999997780e-01
9.999999999999997780e-01
9.156441428432999796e-01
6.787917976031510037e-01
6.787917976031510037e-01
9.102435681612304208e-01
9.514513694085431350e-01
8.094686531320398615e-01
5.603381924441893647e-01
2.633370825106925439e-01
7.899493614276158204e-02
4.716834248290544852e-03
0.000000000000000000e+00
0.000000000000000000e+00
0.000000000000000000e+00
0.000000000000000000e+00
0.000000000000000000e+00
0.000000000000000000e+00
0.000000000000000000e+00
0.000000000000000000e+00
0.000000000000000000e+00
0.000000000000000000e+00
0.000000000000000000e+00
0.000000000000000000e+00
0.000000000000000000e+00
0.000000000000000000e+00
4.716834248290544852e-03
7.899493614276167919e-02
2.633370825106926549e-01
5.603381924441893647e-01
8.094686531320398615e-01
9.514513694085431350e-01
9.952831657517094976e-01
9.999999999999997780e-01
9.999999999999997780e-01
1.000000000000000000e+00
1.000000000000000000e+00
9.999999999999997780e-01
1.000000000000000000e+00
1.000000000000000000e+00
9.999999999999997780e-01
1.000000000000000000e+00
1.000000000000000000e+00
1.000000000000000000e+00
9.999999999999997780e-01
9.999999999999995559e-01
1.000000000000000000e+00
1.000000000000000000e+00
1.000000000000000000e+00
9.999999999999997780e-01
1.000000000000000000e+00
9.999999999999997780e-01
9.999999999999997780e-01
9.999999999999995559e-01
9.999999999999995559e-01
1.000000000000000000e+00
1.000000000000000000e+00
1.000000000000000000e+00
9.999999999999997780e-01
1.000000000000000000e+00
1.000000000000000000e+00
9.999999999999997780e-01
1.000000000000000000e+00
9.156441428432999796e-01
6.787917976031510037e-01
6.721524347750477135e-01
8.604430541721843628e-01
8.361292627379416365e-01
6.235059334856437596e-01
3.397830212291105823e-01
1.300316651980517046e-01
2.622303671244744297e-02
0.000000000000000000e+00
0.000000000000000000e+00
0.000000000000000000e+00
0.000000000000000000e+00
0.000000000000000000e+00
0.000000000000000000e+00
0.000000000000000000e+00
0.000000000000000000e+00
0.000000000000000000e+00
0.000000000000000000e+00
0.000000000000000000e+00
0.000000000000000000e+00
0.000000000000000000e+00
0.000000000000000000e+00
0.000000000000000000e+00
0.000000000000000000e+00
2.622303671244744297e-02
1.300316651980519544e-01
3.397830212291106933e-01
6.235059334856437596e-01
8.361292627379416365e-01
9.514513694085428019e-01
9.952831657517092756e-01
9.999999999999997780e-01
1.000000000000000000e+00
1.000000000000000000e+00
9.999999999999997780e-01
9.999999999999997780e-01
9.999999999999997780e-01
1.000000000000000000e+00
9.999999999999995559e-01
9.999999999999997780e-01
9.999999999999997780e-01
9.999999999999997780e-01
9.999999999999995559e-01
9.999999999999997780e-01
1.000000000000000000e+00
1.000000000000000000e+00
9.999999999999997780e-01
1.000000000000000000e+00
9.999999999999997780e-01
9.999999999999995559e-01
9.999999999999995559e-01
9.999999999999997780e-01
9.999999999999997780e-01
9.999999999999997780e-01
9.999999999999997780e-01
1.000000000000000000e+00
9.999999999999997780e-01
9.999999999999997780e-01
9.999999999999997780e-01
1.000000000000000000e+00
9.156441428432999796e-01
6.787917976031512257e-01
6.423543791313521822e-01
7.696742829014480147e-01
6.602169787708896953e-01
3.764940665143561294e-01
1.638707372620581137e-01
4.854863059145694132e-02
4.716834248290544852e-03
0.000000000000000000e+00
0.000000000000000000e+00
0.000000000000000000e+00
0.000000000000000000e+00
0.000000000000000000e+00
0.000000000000000000e+00
0.000000000000000000e+00
0.000000000000000000e+00
0.000000000000000000e+00
0.000000000000000000e+00
0.000000000000000000e+00
0.000000000000000000e+00
0.000000000000000000e+00
0.000000000000000000e+00
0.000000000000000000e+00
0.000000000000000000e+00
4.716834248290544852e-03
4.854863059145703846e-02
1.638707372620583358e-01
3.764940665143561294e-01
6.602169787708894733e-01
8.699683348019477958e-01
9.737769632875525883e-01
9.999999999999997780e-01
1.000000000000000000e+00
9.999999999999997780e-01
9.999999999999997780e-01
1.000000000000000000e+00
1.000000000000000000e+00
1.000000000000000000e+00
9.999999999999997780e-01
1.000000000000000000e+00
1.000000000000000000e+00
1.000000000000000000e+00
9.999999999999997780e-01
1.000000000000000000e+00
1.000000000000000000e+00
9.999999999999995559e-01
1.000000000000000000e+00
9.999999999999997780e-01
1.000000000000000000e+00
1.000000000000000000e+00
9.999999999999997780e-01
9.999999999999997780e-01
1.000000000000000000e+00
1.000000000000000000e+00
1.000000000000000000e+00
1.000000000000000000e+00
1.000000000000000000e+00
1.000000000000000000e+00
9.999999999999997780e-01
9.999999999999997780e-01
9.156441428433002017e-01
6.787917976031510037e-01
5.322389462376793112e-01
5.957637148761205648e-01
4.327855322194643639e-01
1.905313468679598332e-01
4.854863059145674703e-02
4.716834248290446840e-03
0.000000000000000000e+00
0.000000000000000000e+00
0.000000000000000000e+00
0.000000000000000000e+00
0.000000000000000000e+00
0.000000000000000000e+00
0.000000000000000000e+00
0.000000000000000000e+00
0.000000000000000000e+00
0.000000000000000000e+00
0.000000000000000000e+00
0.000000000000000000e+00
0.000000000000000000e+00
0.000000000000000000e+00
0.000000000000000000e+00
0.000000000000000000e+00
0.000000000000000000e+00
0.000000000000000000e+00
4.716834248290544852e-03
4.854863059145694132e-02
1.905313468679600275e-01
4.327855322194643084e-01
7.012973800090034349e-01
8.582750232212164043e-01
9.156441428432999796e-01
9.156441428432999796e-01
9.156441428432999796e-01
9.156441428432999796e-01
9.156441428433002017e-01
9.156441428432999796e-01
9.156441428432999796e-01
9.156441428432998686e-01
9.156441428432999796e-01
9.156441428433002017e-01
9.156441428432999796e-01
9.156441428432999796e-01
9.156441428432999796e-01
9.156441428432999796e-01
9.156441428433002017e-01
9.156441428432998686e-01
9.156441428433002017e-01
9.156441428432999796e-01
9.156441428432999796e-01
9.156441428433002017e-01
9.156441428432999796e-01
9.156441428433002017e-01
9.156441428432999796e-01
9.156441428432999796e-01
9.156441428432999796e-01
9.156441428432998686e-01
9.156441428432999796e-01
9.156441428432999796e-01
9.156441428432999796e-01
8.262548810375510699e-01
6.028500690714118093e-01
3.582476368654821663e-01
3.815933269911363501e-01
2.350462229063583763e-01
7.899493614276152653e-02
4.716834248290544852e-03
0.000000000000000000e+00
0.000000000000000000e+00
0.000000000000000000e+00
0.000000000000000000e+00
0.000000000000000000e+00
0.000000000000000000e+00
0.000000000000000000e+00
0.000000000000000000e+00
0.000000000000000000e+00
0.000000000000000000e+00
0.000000000000000000e+00
0.000000000000000000e+00
0.000000000000000000e+00
0.000000000000000000e+00
0.000000000000000000e+00
0.000000000000000000e+00
0.000000000000000000e+00
0.000000000000000000e+00
0.000000000000000000e+00
0.000000000000000000e+00
4.716834248290642864e-03
7.899493614276152653e-02
2.350462229063583208e-01
4.588837177976172188e-01
6.096623094245684493e-01
6.787917976031510037e-01
6.787917976031510037e-01
6.787917976031508926e-01
6.787917976031510037e-01
6.787917976031512257e-01
6.787917976031510037e-01
6.787917976031508926e-01
6.787917976031508926e-01
6.787917976031507816e-01
6.787917976031507816e-01
6.787917976031510037e-01
6.787917976031506706e-01
6.787917976031507816e-01
6.787917976031507816e-01
6.787917976031507816e-01
6.787917976031512257e-01
6.787917976031510037e-01
6.787917976031507816e-01
6.787917976031508926e-01
6.787917976031506706e-01
6.787917976031506706e-01
6.787917976031507816e-01
6.787917976031510037e-01
6.787917976031512257e-01
6.787917976031510037e-01
6.787917976031512257e-01
6.787917976031510037e-01
6.787917976031510037e-01
6.787917976031510037e-01
6.028500690714120314e-01
4.282351210116382423e-01
