4.310923620544954149e-01
5.988358567936122867e-01
6.723726735886877970e-01
6.723726735886880190e-01
6.723726735886881301e-01
6.723726735886880190e-01
6.723726735886881301e-01
6.723726735886877970e-01
6.723726735886877970e-01
6.723726735886877970e-01
6.723726735886881301e-01
6.723726735886881301e-01
6.723726735886881301e-01
6.723726735886880190e-01
6.723726735886881301e-01
6.723726735886877970e-01
6.723726735886881301e-01
6.723726735886880190e-01
6.723726735886881301e-01
6.723726735886880190e-01
6.723726735886877970e-01
6.723726735886877970e-01
6.723726735886877970e-01
6.723726735886877970e-01
6.723726735886877970e-01
6.723726735886877970e-01
6.723726735886877970e-01
6.723726735886877970e-01
6.345474873401085736e-01
5.284452951057723169e-01
3.456837516296454305e-01
1.717639048810570557e-01
5.230145507752630846e-02
5.145439412231049559e-03
5.832304005737185584e-17
5.832304005737185584e-17
5.832304005737185584e-17
0.000000000000000000e+00
0.000000000000000000e+00
0.000000000000000000e+00
5.832304005737185584e-17
0.000000000000000000e+00
5.832304005737185584e-17
0.000000000000000000e+00
0.000000000000000000e+00
5.832304005737185584e-17
5.832304005737185584e-17
0.000000000000000000e+00
5.832304005737185584e-17
5.832304005737185584e-17
0.000000000000000000e+00
0.000000000000000000e+00
0.000000000000000000e+00
1.749691201721155675e-16
5.832304005737185584e-17
0.000000000000000000e+00
5.832304005737185584e-17
5.145439412230990578e-03
5.230145507752624601e-02
1.058284706370735267e-01
1.196640847667938268e-01
5.988358567936121757e-01
8.182546686351306331e-01
9.099652469359882367e-01
9.099652469359883478e-01
9.099652469359883478e-01
9.099652469359882367e-01
9.099652469359882367e-01
9.099652469359882367e-01
9.099652469359882367e-01
9.099652469359883478e-01
9.099652469359884588e-01
9.099652469359883478e-01
9.099652469359883478e-01
9.099652469359883478e-01
9.099652469359883478e-01
9.099652469359883478e-01
9.099652469359883478e-01
9.099652469359883478e-01
9.099652469359884588e-01
9.099652469359884588e-01
9.099652469359883478e-01
9.099652469359882367e-01
9.099652469359882367e-01
9.099652469359882367e-01
9.099652469359882367e-01
9.099652469359883478e-01
9.099652469359882367e-01
9.099652469359882367e-01
8.846611016695118401e-01
7.952625801402090078e-01
6.187693257809109282e-01
3.746881365004767761e-01
1.717639048810570002e-01
5.230145507752636397e-02
5.145439412231049559e-03
0.000000000000000000e+00
5.832304005737185584e-17
0.000000000000000000e+00
0.000000000000000000e+00
0.000000000000000000e+00
5.832304005737185584e-17
0.000000000000000000e+00
5.832304005737185584e-17
0.000000000000000000e+00
5.832304005737185584e-17
5.832304005737185584e-17
5.832304005737185584e-17
0.000000000000000000e+00
0.000000000000000000e+00
5.832304005737185584e-17
0.000000000000000000e+00
5.832304005737185584e-17
0.000000000000000000e+00
5.832304005737185584e-17
0.000000000000000000e+00
5.832304005737185584e-17
5.145439412230990578e-03
5.230145507752630846e-02
1.717639048810568614e-01
2.733606108804668144e-01
2.884321338172357030e-01
6.723726735886877970e-01
9.099652469359883478e-01
9.999999999999997780e-01
9.999999999999997780e-01
1.000000000000000000e+00
1.000000000000000000e+00
1.000000000000000000e+00
9.999999999999997780e-01
9.999999999999996669e-01
1.000000000000000000e+00
9.999999999999997780e-01
9.999999999999997780e-01
1.000000000000000000e+00
9.999999999999996669e-01
9.999999999999997780e-01
9.999999999999996669e-01
9.999999999999997780e-01
9.999999999999997780e-01
9.999999999999997780e-01
9.999999999999997780e-01
1.000000000000000000e+00
9.999999999999997780e-01
9.999999999999996669e-01
1.000000000000000000e+00
9.999999999999997780e-01
1.000000000000000000e+00
9.999999999999997780e-01
9.999999999999997780e-01
9.948545605877689990e-01
9.476985449224734070e-01
8.282360951189431386e-01
6.253118634995233904e-01
3.812306742190889053e-01
1.986400491424727688e-01
8.442636678011047890e-02
2.842609167000803919e-02
5.145439412231049559e-03
0.000000000000000000e+00
0.000000000000000000e+00
0.000000000000000000e+00
5.832304005737185584e-17
0.000000000000000000e+00
0.000000000000000000e+00
0.000000000000000000e+00
0.000000000000000000e+00
5.832304005737185584e-17
0.000000000000000000e+00
0.000000000000000000e+00
0.000000000000000000e+00
5.832304005737185584e-17
0.000000000000000000e+00
0.000000000000000000e+00
0.000000000000000000e+00
5.832304005737185584e-17
5.145439412230990578e-03
2.842609167000803919e-02
8.442636678011031237e-02
1.986400491424726023e-01
3.812306742190889053e-01
5.149330937701113164e-01
4.696561221168728539e-01
6.723726735886877970e-01
9.099652469359882367e-01
1.000000000000000000e+00
1.000000000000000000e+00
1.000000000000000000e+00
1.000000000000000000e+00
9.999999999999997780e-01
9.999999999999997780e-01
1.000000000000000000e+00
1.000000000000000000e+00
1.000000000000000000e+00
1.000000000000000000e+00
1.000000000000000000e+00
1.000000000000000000e+00
1.000000000000000000e+00
1.000000000000000000e+00
1.000000000000000000e+00
1.000000000000000000e+00
1.000000000000000000e+00
9.999999999999997780e-01
1.000000000000000000e+00
9.999999999999997780e-01
1.000000000000000000e+00
9.999999999999997780e-01
9.999999999999997780e-01
9.999999999999997780e-01
9.999999999999997780e-01
9.999999999999997780e-01
1.000000000000000000e+00
9.948545605877689990e-01
9.476985449224737401e-01
8.282360951189428055e-01
6.543162483703546251e-01
4.420772257548523099e-01
2.709848183640095054e-01
1.372939653005400551e-01
5.230145507752636397e-02
5.145439412230874351e-03
0.000000000000000000e+00
0.000000000000000000e+00
5.832304005737185584e-17
0.000000000000000000e+00
0.000000000000000000e+00
0.000000000000000000e+00
0.000000000000000000e+00
5.832304005737185584e-17
0.000000000000000000e+00
0.000000000000000000e+00
0.000000000000000000e+00
5.832304005737185584e-17
0.000000000000000000e+00
0.000000000000000000e+00
0.000000000000000000e+00
5.145439412231049559e-03
5.230145507752630846e-02
1.372939653005400551e-01
2.709848183640093389e-01
4.420772257548520878e-01
6.543162483703545140e-01
7.250694451281499697e-01
6.078725563263879250e-01
6.723726735886877970e-01
9.099652469359880147e-01
9.999999999999995559e-01
1.000000000000000000e+00
9.999999999999997780e-01
1.000000000000000000e+00
1.000000000000000000e+00
1.000000000000000000e+00
9.999999999999997780e-01
1.000000000000000000e+00
1.000000000000000000e+00
1.000000000000000000e+00
1.000000000000000000e+00
9.999999999999997780e-01
9.999999999999997780e-01
9.999999999999997780e-01
1.000000000000000000e+00
1.000000000000000000e+00
1.000000000000000000e+00
1.000000000000000000e+00
9.999999999999997780e-01
9.999999999999997780e-01
9.999999999999997780e-01
9.999999999999997780e-01
9.999999999999997780e-01
9.999999999999997780e-01
1.000000000000000000e+00
9.999999999999995559e-01
9.999999999999995559e-01
1.000000000000000000e+00
9.948545605877689990e-01
9.476985449224734070e-01
8.627060346994599449e-01
7.290151816359902170e-01
5.579227742451478012e-01
3.456837516296450419e-01
1.717639048810568614e-01
5.230145507752619050e-02
5.145439412230990578e-03
0.000000000000000000e+00
0.000000000000000000e+00
0.000000000000000000e+00
0.000000000000000000e+00
0.000000000000000000e+00
0.000000000000000000e+00
0.000000000000000000e+00
0.000000000000000000e+00
0.000000000000000000e+00
0.000000000000000000e+00
0.000000000000000000e+00
0.000000000000000000e+00
0.000000000000000000e+00
5.145439412230874351e-03
5.230145507752624601e-02
1.717639048810568614e-01
3.456837516296450974e-01
5.579227742451478012e-01
7.290151816359901060e-01
8.627060346994596118e-01
8.529598890844780623e-01
6.659125375248667877e-01
6.723726735886880190e-01
9.099652469359883478e-01
1.000000000000000000e+00
9.999999999999997780e-01
9.999999999999997780e-01
9.999999999999997780e-01
9.999999999999997780e-01
1.000000000000000000e+00
9.999999999999997780e-01
1.000000000000000000e+00
1.000000000000000000e+00
1.000000000000000000e+00
1.000000000000000000e+00
1.000000000000000000e+00
9.999999999999997780e-01
1.000000000000000000e+00
1.000000000000000000e+00
1.000000000000000000e+00
1.000000000000000000e+00
1.000000000000000000e+00
1.000000000000000000e+00
9.999999999999997780e-01
1.000000000000000000e+00
9.999999999999997780e-01
9.999999999999995559e-01
9.999999999999997780e-01
9.999999999999997780e-01
9.999999999999997780e-01
9.999999999999997780e-01
9.999999999999997780e-01
1.000000000000000000e+00
9.948545605877691100e-01
9.715739083299920198e-01
9.155736332198896044e-01
8.013599508575272035e-01
6.187693257809109282e-01
3.746881365004763875e-01
1.717639048810568614e-01
5.230145507752624601e-02
5.145439412230816238e-03
5.832304005737185584e-17
0.000000000000000000e+00
0.000000000000000000e+00
0.000000000000000000e+00
0.000000000000000000e+00
0.000000000000000000e+00
0.000000000000000000e+00
0.000000000000000000e+00
0.000000000000000000e+00
5.832304005737185584e-17
0.000000000000000000e+00
5.145439412230874351e-03
5.230145507752619050e-02
1.717639048810570002e-01
3.746881365004764985e-01
6.187693257809109282e-01
8.013599508575269814e-01
9.155736332198892713e-01
9.715739083299917977e-01
9.043291652520547563e-01
6.723726735886881301e-01
6.723726735886877970e-01
9.099652469359882367e-01
1.000000000000000000e+00
9.999999999999997780e-01
1.000000000000000000e+00
1.000000000000000000e+00
1.000000000000000000e+00
9.999999999999996669e-01
9.999999999999997780e-01
1.000000000000000000e+00
9.999999999999997780e-01
1.000000000000000000e+00
9.999999999999997780e-01
9.999999999999997780e-01
9.999999999999997780e-01
9.999999999999997780e-01
9.999999999999997780e-01
9.999999999999997780e-01
1.000000000000000000e+00
9.999999999999997780e-01
1.000000000000000000e+00
9.999999999999996669e-01
9.999999999999997780e-01
1.000000000000000000e+00
9.999999999999997780e-01
9.999999999999997780e-01
9.999999999999997780e-01
1.000000000000000000e+00
9.999999999999996669e-01
1.000000000000000000e+00
9.999999999999997780e-01
1.000000000000000000e+00
1.000000000000000000e+00
9.948545605877689990e-01
9.476985449224737401e-01
8.282360951189428055e-01
6.253118634995233904e-01
3.812306742190887388e-01
2.047374198597908257e-01
1.153388983304876741e-01
9.003475306401163836e-02
9.003475306401152733e-02
9.003475306401140243e-02
9.003475306401152733e-02
9.003475306401140243e-02
9.003475306401158285e-02
9.003475306401145795e-02
9.003475306401140243e-02
9.003475306401152733e-02
9.003475306401163836e-02
9.003475306401158285e-02
1.153388983304877990e-01
2.047374198597907147e-01
3.812306742190890163e-01
6.253118634995233904e-01
8.282360951189429166e-01
9.476985449224737401e-01
9.948545605877689990e-01
1.000000000000000000e+00
9.099652469359882367e-01
6.723726735886880190e-01
6.723726735886877970e-01
9.099652469359882367e-01
1.000000000000000000e+00
1.000000000000000000e+00
1.000000000000000000e+00
9.999999999999997780e-01
9.999999999999997780e-01
9.999999999999997780e-01
9.999999999999997780e-01
1.000000000000000000e+00
9.999999999999995559e-01
9.999999999999996669e-01
9.999999999999995559e-01
9.999999999999995559e-01
9.999999999999995559e-01
9.999999999999993339e-01
9.999999999999995559e-01
9.999999999999996669e-01
9.999999999999997780e-01
9.999999999999995559e-01
9.999999999999997780e-01
9.999999999999996669e-01
9.999999999999997780e-01
9.999999999999997780e-01
9.999999999999996669e-01
1.000000000000000000e+00
1.000000000000000000e+00
9.999999999999997780e-01
1.000000000000000000e+00
1.000000000000000000e+00
9.999999999999997780e-01
1.000000000000000000e+00
1.000000000000000000e+00
9.999999999999997780e-01
9.948545605877689990e-01
9.476985449224737401e-01
8.282360951189426945e-01
6.543162483703545140e-01
4.715547048942276276e-01
3.654525126598909268e-01
3.276273264113119810e-01
3.276273264113118699e-01
3.276273264113118699e-01
3.276273264113118699e-01
3.276273264113118699e-01
3.276273264113119810e-01
3.276273264113119810e-01
3.276273264113118699e-01
3.276273264113119810e-01
3.276273264113119810e-01
3.276273264113119810e-01
3.654525126598910933e-01
4.715547048942274611e-01
6.543162483703545140e-01
8.282360951189428055e-01
9.476985449224737401e-01
9.948545605877691100e-01
9.999999999999997780e-01
1.000000000000000000e+00
9.099652469359883478e-01
6.723726735886877970e-01
6.723726735886880190e-01
9.099652469359883478e-01
1.000000000000000000e+00
1.000000000000000000e+00
1.000000000000000000e+00
9.999999999999997780e-01
9.999999999999997780e-01
9.999999999999995559e-01
1.000000000000000000e+00
1.000000000000000000e+00
9.999999999999997780e-01
1.000000000000000000e+00
9.999999999999997780e-01
9.999999999999997780e-01
9.999999999999997780e-01
9.999999999999996669e-01
9.999999999999997780e-01
9.999999999999997780e-01
1.000000000000000000e+00
9.999999999999997780e-01
9.999999999999997780e-01
9.999999999999997780e-01
9.999999999999997780e-01
9.999999999999997780e-01
9.999999999999995559e-01
1.000000000000000000e+00
1.000000000000000000e+00
9.999999999999997780e-01
9.999999999999996669e-01
1.000000000000000000e+00
1.000000000000000000e+00
1.000000000000000000e+00
9.999999999999997780e-01
9.999999999999997780e-01
1.000000000000000000e+00
9.948545605877688880e-01
9.476985449224737401e-01
8.627060346994599449e-01
7.655237397167309332e-01
7.009677831175098461e-01
6.723726735886881301e-01
6.723726735886877970e-01
6.723726735886877970e-01
6.723726735886877970e-01
6.723726735886877970e-01
6.723726735886877970e-01
6.723726735886877970e-01
6.723726735886877970e-01
6.723726735886877970e-01
6.723726735886881301e-01
6.723726735886881301e-01
7.009677831175101792e-01
7.655237397167309332e-01
8.627060346994600559e-01
9.476985449224737401e-01
9.948545605877689990e-01
1.000000000000000000e+00
9.999999999999997780e-01
1.000000000000000000e+00
9.099652469359883478e-01
6.723726735886881301e-01
6.723726735886877970e-01
9.099652469359883478e-01
1.000000000000000000e+00
1.000000000000000000e+00
1.000000000000000000e+00
1.000000000000000000e+00
9.999999999999997780e-01
1.000000000000000000e+00
1.000000000000000000e+00
1.000000000000000000e+00
1.000000000000000000e+00
1.000000000000000000e+00
9.999999999999997780e-01
9.999999999999997780e-01
9.999999999999996669e-01
9.999999999999995559e-01
9.999999999999997780e-01
9.999999999999997780e-01
9.999999999999997780e-01
9.999999999999996669e-01
1.000000000000000000e+00
9.999999999999997780e-01
9.999999999999997780e-01
9.999999999999997780e-01
9.999999999999997780e-01
1.000000000000000000e+00
1.000000000000000000e+00
1.000000000000000000e+00
1.000000000000000000e+00
1.000000000000000000e+00
1.000000000000000000e+00
1.000000000000000000e+00
1.000000000000000000e+00
1.000000000000000000e+00
1.000000000000000000e+00
9.999999999999997780e-01
9.948545605877689990e-01
9.715739083299915757e-01
9.402027979878323505e-01
9.155736332198894933e-01
9.099652469359883478e-01
9.099652469359882367e-01
9.099652469359880147e-01
9.099652469359882367e-01
9.099652469359882367e-01
9.099652469359883478e-01
9.099652469359882367e-01
9.099652469359882367e-01
9.099652469359882367e-01
9.099652469359883478e-01
9.099652469359883478e-01
9.155736332198896044e-01
9.402027979878321284e-01
9.715739083299917977e-01
9.948545605877691100e-01
1.000000000000000000e+00
1.000000000000000000e+00
1.000000000000000000e+00
1.000000000000000000e+00
9.099652469359883478e-01
6.723726735886877970e-01
6.723726735886877970e-01
9.099652469359882367e-01
1.000000000000000000e+00
1.000000000000000000e+00
9.999999999999997780e-01
1.000000000000000000e+00
1.000000000000000000e+00
1.000000000000000000e+00
1.000000000000000000e+00
1.000000000000000000e+00
9.999999999999997780e-01
9.999999999999997780e-01
9.999999999999996669e-01
9.999999999999996669e-01
9.999999999999996669e-01
9.999999999999995559e-01
9.999999999999996669e-01
1.000000000000000000e+00
9.999999999999997780e-01
9.999999999999997780e-01
9.999999999999997780e-01
9.999999999999997780e-01
1.000000000000000000e+00
1.000000000000000000e+00
9.999999999999997780e-01
1.000000000000000000e+00
1.000000000000000000e+00
9.999999999999997780e-01
9.999999999999997780e-01
1.000000000000000000e+00
1.000000000000000000e+00
1.000000000000000000e+00
1.000000000000000000e+00
1.000000000000000000e+00
9.999999999999997780e-01
1.000000000000000000e+00
1.000000000000000000e+00
1.000000000000000000e+00
1.000000000000000000e+00
9.999999999999997780e-01
9.999999999999997780e-01
1.000000000000000000e+00
9.999999999999997780e-01
9.999999999999997780e-01
9.999999999999997780e-01
1.000000000000000000e+00
1.000000000000000000e+00
9.999999999999997780e-01
9.999999999999997780e-01
1.000000000000000000e+00
1.000000000000000000e+00
1.000000000000000000e+00
1.000000000000000000e+00
1.000000000000000000e+00
1.000000000000000000e+00
1.000000000000000000e+00
1.000000000000000000e+00
1.000000000000000000e+00
1.000000000000000000e+00
9.099652469359883478e-01
6.723726735886881301e-01
6.723726735886877970e-01
9.099652469359882367e-01
1.000000000000000000e+00
1.000000000000000000e+00
1.000000000000000000e+00
1.000000000000000000e+00
1.000000000000000000e+00
1.000000000000000000e+00
1.000000000000000000e+00
1.000000000000000000e+00
9.999999999999997780e-01
1.000000000000000000e+00
1.000000000000000000e+00
9.999999999999997780e-01
9.999999999999997780e-01
9.999999999999996669e-01
9.999999999999997780e-01
9.999999999999997780e-01
9.999999999999997780e-01
9.999999999999997780e-01
1.000000000000000000e+00
9.999999999999997780e-01
1.000000000000000000e+00
1.000000000000000000e+00
1.000000000000000000e+00
1.000000000000000000e+00
1.000000000000000000e+00
1.000000000000000000e+00
9.999999999999997780e-01
1.000000000000000000e+00
1.000000000000000000e+00
1.000000000000000000e+00
1.000000000000000000e+00
1.000000000000000000e+00
1.000000000000000000e+00
1.000000000000000000e+00
1.000000000000000000e+00
9.999999999999997780e-01
1.000000000000000000e+00
9.999999999999997780e-01
1.000000000000000000e+00
9.999999999999997780e-01
1.000000000000000000e+00
1.000000000000000000e+00
1.000000000000000000e+00
1.000000000000000000e+00
9.999999999999997780e-01
1.000000000000000000e+00
1.000000000000000000e+00
1.000000000000000000e+00
1.000000000000000000e+00
9.999999999999997780e-01
9.999999999999997780e-01
1.000000000000000000e+00
1.000000000000000000e+00
1.000000000000000000e+00
1.000000000000000000e+00
9.999999999999997780e-01
1.000000000000000000e+00
9.099652469359882367e-01
6.723726735886877970e-01
6.723726735886877970e-01
9.099652469359882367e-01
9.999999999999997780e-01
1.000000000000000000e+00
9.999999999999997780e-01
1.000000000000000000e+00
1.000000000000000000e+00
1.000000000000000000e+00
9.999999999999997780e-01
1.000000000000000000e+00
1.000000000000000000e+00
1.000000000000000000e+00
9.999999999999997780e-01
9.999999999999997780e-01
9.999999999999997780e-01
9.999999999999996669e-01
1.000000000000000000e+00
9.999999999999997780e-01
9.999999999999997780e-01
9.999999999999997780e-01
1.000000000000000000e+00
9.999999999999995559e-01
1.000000000000000000e+00
9.999999999999997780e-01
9.999999999999997780e-01
1.000000000000000000e+00
1.000000000000000000e+00
9.999999999999997780e-01
1.000000000000000000e+00
1.000000000000000000e+00
1.000000000000000000e+00
1.000000000000000000e+00
1.000000000000000000e+00
1.000000000000000000e+00
1.000000000000000000e+00
1.000000000000000000e+00
1.000000000000000000e+00
1.000000000000000000e+00
1.000000000000000000e+00
1.000000000000000000e+00
1.000000000000000000e+00
1.000000000000000000e+00
9.999999999999997780e-01
1.000000000000000000e+00
9.999999999999997780e-01
1.000000000000000000e+00
1.000000000000000000e+00
1.000000000000000000e+00
1.000000000000000000e+00
1.000000000000000000e+00
1.000000000000000000e+00
1.000000000000000000e+00
9.999999999999997780e-01
1.000000000000000000e+00
1.000000000000000000e+00
1.000000000000000000e+00
1.000000000000000000e+00
1.000000000000000000e+00
1.000000000000000000e+00
9.099652469359883478e-01
6.723726735886877970e-01
6.723726735886877970e-01
9.099652469359882367e-01
1.000000000000000000e+00
1.000000000000000000e+00
9.999999999999997780e-01
1.000000000000000000e+00
1.000000000000000000e+00
9.999999999999996669e-01
1.000000000000000000e+00
1.000000000000000000e+00
1.000000000000000000e+00
1.000000000000000000e+00
9.999999999999997780e-01
1.000000000000000000e+00
1.000000000000000000e+00
9.999999999999997780e-01
1.000000000000000000e+00
1.000000000000000000e+00
1.000000000000000000e+00
1.000000000000000000e+00
1.000000000000000000e+00
1.000000000000000000e+00
9.999999999999997780e-01
9.999999999999997780e-01
9.999999999999996669e-01
1.000000000000000000e+00
1.000000000000000000e+00
1.000000000000000000e+00
1.000000000000000000e+00
1.000000000000000000e+00
1.000000000000000000e+00
1.000000000000000000e+00
1.000000000000000000e+00
1.000000000000000000e+00
1.000000000000000000e+00
1.000000000000000000e+00
1.000000000000000000e+00
9.999999999999997780e-01
9.999999999999997780e-01
1.000000000000000000e+00
1.000000000000000000e+00
1.000000000000000000e+00
9.999999999999997780e-01
1.000000000000000000e+00
1.000000000000000000e+00
1.000000000000000000e+00
1.000000000000000000e+00
1.000000000000000000e+00
1.000000000000000000e+00
1.000000000000000000e+00
1.000000000000000000e+00
1.000000000000000000e+00
9.999999999999997780e-01
1.000000000000000000e+00
1.000000000000000000e+00
1.000000000000000000e+00
1.000000000000000000e+00
1.000000000000000000e+00
1.000000000000000000e+00
9.099652469359883478e-01
6.723726735886877970e-01
6.723726735886877970e-01
9.099652469359882367e-01
1.000000000000000000e+00
9.999999999999997780e-01
9.999999999999997780e-01
9.999999999999997780e-01
1.000000000000000000e+00
9.999999999999996669e-01
9.999999999999997780e-01
1.000000000000000000e+00
1.000000000000000000e+00
9.999999999999997780e-01
1.000000000000000000e+00
9.999999999999997780e-01
9.999999999999997780e-01
9.999999999999995559e-01
9.999999999999997780e-01
1.000000000000000000e+00
9.999999999999997780e-01
9.999999999999997780e-01
1.000000000000000000e+00
9.999999999999997780e-01
1.000000000000000000e+00
1.000000000000000000e+00
9.999999999999997780e-01
1.000000000000000000e+00
9.999999999999997780e-01
9.999999999999997780e-01
9.999999999999997780e-01
1.000000000000000000e+00
1.000000000000000000e+00
1.000000000000000000e+00
9.999999999999997780e-01
1.000000000000000000e+00
1.000000000000000000e+00
1.000000000000000000e+00
9.999999999999997780e-01
1.000000000000000000e+00
1.000000000000000000e+00
9.999999999999997780e-01
1.000000000000000000e+00
1.000000000000000000e+00
9.999999999999996669e-01
9.999999999999997780e-01
9.999999999999997780e-01
9.999999999999997780e-01
9.999999999999997780e-01
9.999999999999997780e-01
9.999999999999997780e-01
1.000000000000000000e+00
1.000000000000000000e+00
1.000000000000000000e+00
9.999999999999997780e-01
1.000000000000000000e+00
1.000000000000000000e+00
1.000000000000000000e+00
1.000000000000000000e+00
9.999999999999997780e-01
1.000000000000000000e+00
9.099652469359882367e-01
6.723726735886877970e-01
6.723726735886877970e-01
9.099652469359883478e-01
1.000000000000000000e+00
9.999999999999997780e-01
1.000000000000000000e+00
1.000000000000000000e+00
1.000000000000000000e+00
9.999999999999997780e-01
9.999999999999997780e-01
1.000000000000000000e+00
9.999999999999997780e-01
9.999999999999997780e-01
9.999999999999997780e-01
9.999999999999997780e-01
9.999999999999997780e-01
9.999999999999995559e-01
9.999999999999997780e-01
9.999999999999997780e-01
9.999999999999997780e-01
1.000000000000000000e+00
9.999999999999997780e-01
9.999999999999995559e-01
9.999999999999997780e-01
1.000000000000000000e+00
9.999999999999997780e-01
1.000000000000000000e+00
1.000000000000000000e+00
1.000000000000000000e+00
9.999999999999996669e-01
1.000000000000000000e+00
1.000000000000000000e+00
1.000000000000000000e+00
1.000000000000000000e+00
1.000000000000000000e+00
1.000000000000000000e+00
1.000000000000000000e+00
1.000000000000000000e+00
1.000000000000000000e+00
1.000000000000000000e+00
9.999999999999997780e-01
1.000000000000000000e+00
1.000000000000000000e+00
1.000000000000000000e+00
1.000000000000000000e+00
1.000000000000000000e+00
1.000000000000000000e+00
9.999999999999997780e-01
1.000000000000000000e+00
1.000000000000000000e+00
1.000000000000000000e+00
1.000000000000000000e+00
9.999999999999996669e-01
1.000000000000000000e+00
1.000000000000000000e+00
9.999999999999997780e-01
9.999999999999997780e-01
1.000000000000000000e+00
9.999999999999997780e-01
1.000000000000000000e+00
9.099652469359883478e-01
6.723726735886880190e-01
6.723726735886877970e-01
9.099652469359882367e-01
1.000000000000000000e+00
9.999999999999997780e-01
9.999999999999997780e-01
1.000000000000000000e+00
1.000000000000000000e+00
1.000000000000000000e+00
1.000000000000000000e+00
1.000000000000000000e+00
1.000000000000000000e+00
1.000000000000000000e+00
1.000000000000000000e+00
1.000000000000000000e+00
1.000000000000000000e+00
9.999999999999997780e-01
1.000000000000000000e+00
1.000000000000000000e+00
1.000000000000000000e+00
1.000000000000000000e+00
1.000000000000000000e+00
9.999999999999995559e-01
9.999999999999997780e-01
9.999999999999997780e-01
9.999999999999995559e-01
1.000000000000000000e+00
1.000000000000000000e+00
1.000000000000000000e+00
9.999999999999996669e-01
1.000000000000000000e+00
1.000000000000000000e+00
1.000000000000000000e+00
1.000000000000000000e+00
9.999999999999997780e-01
1.000000000000000000e+00
9.999999999999997780e-01
1.000000000000000000e+00
9.999999999999997780e-01
9.999999999999997780e-01
1.000000000000000000e+00
1.000000000000000000e+00
1.000000000000000000e+00
9.999999999999996669e-01
9.999999999999997780e-01
9.999999999999997780e-01
9.999999999999997780e-01
9.999999999999997780e-01
1.000000000000000000e+00
1.000000000000000000e+00
1.000000000000000000e+00
1.000000000000000000e+00
1.000000000000000000e+00
9.999999999999997780e-01
1.000000000000000000e+00
1.000000000000000000e+00
1.000000000000000000e+00
1.000000000000000000e+00
9.999999999999997780e-01
9.999999999999997780e-01
9.099652469359882367e-01
6.723726735886880190e-01
6.723726735886877970e-01
9.099652469359882367e-01
9.999999999999997780e-01
1.000000000000000000e+00
1.000000000000000000e+00
1.000000000000000000e+00
1.000000000000000000e+00
9.999999999999997780e-01
1.000000000000000000e+00
1.000000000000000000e+00
9.999999999999997780e-01
1.000000000000000000e+00
9.999999999999997780e-01
9.999999999999997780e-01
9.999999999999997780e-01
9.999999999999997780e-01
9.999999999999997780e-01
1.000000000000000000e+00
1.000000000000000000e+00
9.999999999999997780e-01
9.999999999999997780e-01
1.000000000000000000e+00
9.999999999999997780e-01
1.000000000000000000e+00
1.000000000000000000e+00
1.000000000000000000e+00
9.999999999999997780e-01
9.999999999999995559e-01
1.000000000000000000e+00
1.000000000000000000e+00
1.000000000000000000e+00
1.000000000000000000e+00
1.000000000000000000e+00
1.000000000000000000e+00
1.000000000000000000e+00
9.999999999999997780e-01
9.999999999999997780e-01
1.000000000000000000e+00
9.999999999999997780e-01
1.000000000000000000e+00
1.000000000000000000e+00
1.000000000000000000e+00
9.999999999999997780e-01
1.000000000000000000e+00
1.000000000000000000e+00
1.000000000000000000e+00
1.000000000000000000e+00
1.000000000000000000e+00
9.999999999999997780e-01
1.000000000000000000e+00
1.000000000000000000e+00
1.000000000000000000e+00
9.999999999999997780e-01
1.000000000000000000e+00
9.999999999999997780e-01
9.999999999999997780e-01
1.000000000000000000e+00
9.999999999999997780e-01
1.000000000000000000e+00
9.099652469359883478e-01
6.723726735886880190e-01
6.723726735886877970e-01
9.099652469359882367e-01
1.000000000000000000e+00
9.999999999999997780e-01
1.000000000000000000e+00
1.000000000000000000e+00
1.000000000000000000e+00
1.000000000000000000e+00
1.000000000000000000e+00
1.000000000000000000e+00
1.000000000000000000e+00
1.000000000000000000e+00
9.999999999999997780e-01
9.999999999999997780e-01
9.999999999999997780e-01
9.999999999999997780e-01
9.999999999999997780e-01
9.999999999999997780e-01
1.000000000000000000e+00
1.000000000000000000e+00
9.999999999999997780e-01
1.000000000000000000e+00
1.000000000000000000e+00
1.000000000000000000e+00
9.999999999999995559e-01
1.000000000000000000e+00
9.999999999999997780e-01
9.999999999999997780e-01
9.999999999999996669e-01
1.000000000000000000e+00
1.000000000000000000e+00
1.000000000000000000e+00
9.999999999999997780e-01
1.000000000000000000e+00
9.999999999999997780e-01
9.999999999999997780e-01
1.000000000000000000e+00
9.999999999999997780e-01
1.000000000000000000e+00
1.000000000000000000e+00
1.000000000000000000e+00
1.000000000000000000e+00
9.999999999999997780e-01
1.000000000000000000e+00
9.999999999999997780e-01
1.000000000000000000e+00
1.000000000000000000e+00
1.000000000000000000e+00
1.000000000000000000e+00
1.000000000000000000e+00
1.000000000000000000e+00
9.999999999999997780e-01
1.000000000000000000e+00
1.000000000000000000e+00
1.000000000000000000e+00
1.000000000000000000e+00
1.000000000000000000e+00
1.000000000000000000e+00
1.000000000000000000e+00
9.099652469359882367e-01
6.723726735886881301e-01
6.723726735886877970e-01
9.099652469359882367e-01
9.999999999999997780e-01
9.999999999999997780e-01
1.000000000000000000e+00
1.000000000000000000e+00
1.000000000000000000e+00
1.000000000000000000e+00
1.000000000000000000e+00
1.000000000000000000e+00
9.999999999999997780e-01
1.000000000000000000e+00
9.999999999999997780e-01
9.999999999999997780e-01
9.999999999999997780e-01
9.999999999999996669e-01
9.999999999999997780e-01
1.000000000000000000e+00
9.999999999999997780e-01
9.999999999999997780e-01
9.999999999999997780e-01
9.999999999999997780e-01
1.000000000000000000e+00
1.000000000000000000e+00
9.999999999999997780e-01
1.000000000000000000e+00
1.000000000000000000e+00
9.999999999999997780e-01
9.999999999999997780e-01
1.000000000000000000e+00
1.000000000000000000e+00
1.000000000000000000e+00
1.000000000000000000e+00
1.000000000000000000e+00
1.000000000000000000e+00
9.999999999999997780e-01
9.999999999999997780e-01
9.999999999999997780e-01
1.000000000000000000e+00
1.000000000000000000e+00
1.000000000000000000e+00
1.000000000000000000e+00
9.999999999999997780e-01
1.000000000000000000e+00
1.000000000000000000e+00
1.000000000000000000e+00
1.000000000000000000e+00
1.000000000000000000e+00
1.000000000000000000e+00
1.000000000000000000e+00
1.000000000000000000e+00
1.000000000000000000e+00
9.999999999999997780e-01
1.000000000000000000e+00
9.999999999999997780e-01
1.000000000000000000e+00
1.000000000000000000e+00
9.999999999999997780e-01
1.000000000000000000e+00
9.099652469359883478e-01
6.723726735886881301e-01
6.723726735886875749e-01
9.099652469359882367e-01
9.999999999999997780e-01
1.000000000000000000e+00
1.000000000000000000e+00
1.000000000000000000e+00
1.000000000000000000e+00
9.999999999999997780e-01
9.999999999999997780e-01
1.000000000000000000e+00
1.000000000000000000e+00
1.000000000000000000e+00
1.000000000000000000e+00
1.000000000000000000e+00
1.000000000000000000e+00
9.999999999999997780e-01
1.000000000000000000e+00
1.000000000000000000e+00
1.000000000000000000e+00
1.000000000000000000e+00
9.999999999999997780e-01
9.999999999999993339e-01
9.999999999999997780e-01
1.000000000000000000e+00
9.999999999999997780e-01
1.000000000000000000e+00
1.000000000000000000e+00
9.999999999999997780e-01
9.999999999999997780e-01
1.000000000000000000e+00
1.000000000000000000e+00
1.000000000000000000e+00
9.999999999999997780e-01
1.000000000000000000e+00
1.000000000000000000e+00
9.999999999999997780e-01
9.948545605877685549e-01
9.715739083299920198e-01
9.402027979878321284e-01
9.155736332198896044e-01
9.099652469359883478e-01
9.099652469359882367e-01
9.099652469359882367e-01
9.099652469359883478e-01
9.099652469359882367e-01
9.099652469359883478e-01
9.099652469359882367e-01
9.099652469359883478e-01
9.099652469359882367e-01
9.099652469359883478e-01
9.099652469359883478e-01
9.155736332198896044e-01
9.402027979878319064e-01
9.715739083299922418e-01
9.948545605877691100e-01
9.999999999999997780e-01
1.000000000000000000e+00
9.999999999999997780e-01
1.000000000000000000e+00
9.099652469359882367e-01
6.723726735886880190e-01
6.723726735886875749e-01
9.099652469359883478e-01
1.000000000000000000e+00
1.000000000000000000e+00
9.999999999999997780e-01
1.000000000000000000e+00
9.999999999999997780e-01
9.999999999999997780e-01
9.999999999999997780e-01
1.000000000000000000e+00
9.999999999999996669e-01
9.999999999999997780e-01
9.999999999999997780e-01
9.999999999999997780e-01
9.999999999999996669e-01
9.999999999999995559e-01
9.999999999999997780e-01
9.999999999999996669e-01
9.999999999999996669e-01
9.999999999999996669e-01
9.999999999999997780e-01
9.999999999999997780e-01
9.999999999999997780e-01
9.999999999999997780e-01
9.999999999999997780e-01
1.000000000000000000e+00
9.999999999999997780e-01
1.000000000000000000e+00
9.999999999999997780e-01
1.000000000000000000e+00
1.000000000000000000e+00
9.999999999999997780e-01
1.000000000000000000e+00
9.999999999999997780e-01
1.000000000000000000e+00
9.948545605877689990e-01
9.476985449224737401e-01
8.627060346994598339e-01
7.655237397167310442e-01
7.009677831175098461e-01
6.723726735886881301e-01
6.723726735886880190e-01
6.723726735886877970e-01
6.723726735886877970e-01
6.723726735886877970e-01
6.723726735886881301e-01
6.723726735886880190e-01
6.723726735886877970e-01
6.723726735886880190e-01
6.723726735886881301e-01
6.723726735886881301e-01
7.009677831175100682e-01
7.655237397167307112e-01
8.627060346994601669e-01
9.476985449224737401e-01
9.948545605877689990e-01
1.000000000000000000e+00
1.000000000000000000e+00
1.000000000000000000e+00
9.099652469359883478e-01
6.723726735886877970e-01
6.723726735886877970e-01
9.099652469359882367e-01
1.000000000000000000e+00
1.000000000000000000e+00
9.999999999999997780e-01
1.000000000000000000e+00
9.999999999999997780e-01
9.999999999999997780e-01
9.999999999999997780e-01
1.000000000000000000e+00
1.000000000000000000e+00
1.000000000000000000e+00
1.000000000000000000e+00
1.000000000000000000e+00
1.000000000000000000e+00
9.999999999999997780e-01
1.000000000000000000e+00
1.000000000000000000e+00
1.000000000000000000e+00
1.000000000000000000e+00
1.000000000000000000e+00
9.999999999999995559e-01
9.999999999999997780e-01
9.999999999999997780e-01
9.999999999999997780e-01
9.999999999999997780e-01
1.000000000000000000e+00
1.000000000000000000e+00
9.999999999999997780e-01
9.999999999999997780e-01
1.000000000000000000e+00
1.000000000000000000e+00
9.999999999999997780e-01
9.999999999999997780e-01
9.948545605877689990e-01
9.476985449224737401e-01
8.282360951189428055e-01
6.543162483703545140e-01
4.715547048942277941e-01
3.654525126598909823e-01
3.276273264113120920e-01
3.276273264113119810e-01
3.276273264113118699e-01
3.276273264113119810e-01
3.276273264113118699e-01
3.276273264113119810e-01
3.276273264113119810e-01
3.276273264113118699e-01
3.276273264113118699e-01
3.276273264113119810e-01
3.276273264113119810e-01
3.654525126598909268e-01
4.715547048942275721e-01
6.543162483703547361e-01
8.282360951189431386e-01
9.476985449224737401e-01
9.948545605877691100e-01
9.999999999999997780e-01
9.999999999999997780e-01
9.099652469359883478e-01
6.723726735886880190e-01
6.723726735886877970e-01
9.099652469359883478e-01
9.999999999999997780e-01
1.000000000000000000e+00
9.999999999999997780e-01
1.000000000000000000e+00
9.999999999999997780e-01
9.999999999999997780e-01
1.000000000000000000e+00
1.000000000000000000e+00
1.000000000000000000e+00
1.000000000000000000e+00
9.999999999999997780e-01
1.000000000000000000e+00
1.000000000000000000e+00
9.999999999999997780e-01
1.000000000000000000e+00
1.000000000000000000e+00
1.000000000000000000e+00
1.000000000000000000e+00
1.000000000000000000e+00
9.999999999999997780e-01
1.000000000000000000e+00
9.999999999999997780e-01
1.000000000000000000e+00
1.000000000000000000e+00
1.000000000000000000e+00
9.999999999999997780e-01
9.999999999999997780e-01
1.000000000000000000e+00
1.000000000000000000e+00
1.000000000000000000e+00
1.000000000000000000e+00
9.948545605877689990e-01
9.476985449224738511e-01
8.282360951189431386e-01
6.253118634995233904e-01
3.812306742190887388e-01
2.047374198597908257e-01
1.153388983304876741e-01
9.003475306401169387e-02
9.003475306401158285e-02
9.003475306401140243e-02
9.003475306401158285e-02
9.003475306401145795e-02
9.003475306401158285e-02
9.003475306401152733e-02
9.003475306401152733e-02
9.003475306401152733e-02
9.003475306401158285e-02
9.003475306401174938e-02
1.153388983304876741e-01
2.047374198597905759e-01
3.812306742190890163e-01
6.253118634995233904e-01
8.282360951189428055e-01
9.476985449224738511e-01
9.948545605877689990e-01
1.000000000000000000e+00
9.099652469359882367e-01
6.723726735886881301e-01
6.723726735886877970e-01
9.099652469359882367e-01
1.000000000000000000e+00
1.000000000000000000e+00
9.999999999999997780e-01
1.000000000000000000e+00
9.999999999999997780e-01
9.999999999999997780e-01
1.000000000000000000e+00
1.000000000000000000e+00
1.000000000000000000e+00
1.000000000000000000e+00
1.000000000000000000e+00
1.000000000000000000e+00
1.000000000000000000e+00
1.000000000000000000e+00
1.000000000000000000e+00
1.000000000000000000e+00
1.000000000000000000e+00
1.000000000000000000e+00
9.999999999999997780e-01
9.999999999999997780e-01
9.999999999999997780e-01
9.999999999999996669e-01
9.999999999999997780e-01
9.999999999999997780e-01
9.999999999999996669e-01
9.999999999999997780e-01
9.999999999999997780e-01
1.000000000000000000e+00
1.000000000000000000e+00
9.948545605877691100e-01
9.715739083299917977e-01
9.155736332198894933e-01
8.013599508575272035e-01
6.187693257809112612e-01
3.746881365004764985e-01
1.717639048810569169e-01
5.230145507752642642e-02
5.145439412230874351e-03
5.832304005737185584e-17
0.000000000000000000e+00
0.000000000000000000e+00
0.000000000000000000e+00
0.000000000000000000e+00
0.000000000000000000e+00
0.000000000000000000e+00
0.000000000000000000e+00
0.000000000000000000e+00
0.000000000000000000e+00
5.832304005737185584e-17
5.145439412230874351e-03
5.230145507752624601e-02
1.717639048810570557e-01
3.746881365004765541e-01
6.187693257809112612e-01
8.013599508575269814e-01
9.155736332198896044e-01
9.715739083299917977e-01
9.043291652520545343e-01
6.723726735886877970e-01
6.723726735886877970e-01
9.099652469359882367e-01
1.000000000000000000e+00
1.000000000000000000e+00
1.000000000000000000e+00
9.999999999999997780e-01
9.999999999999997780e-01
9.999999999999997780e-01
9.999999999999997780e-01
1.000000000000000000e+00
1.000000000000000000e+00
1.000000000000000000e+00
1.000000000000000000e+00
1.000000000000000000e+00
1.000000000000000000e+00
1.000000000000000000e+00
1.000000000000000000e+00
1.000000000000000000e+00
1.000000000000000000e+00
1.000000000000000000e+00
1.000000000000000000e+00
9.999999999999997780e-01
1.000000000000000000e+00
9.999999999999997780e-01
9.999999999999997780e-01
1.000000000000000000e+00
1.000000000000000000e+00
9.999999999999997780e-01
9.999999999999997780e-01
1.000000000000000000e+00
9.948545605877689990e-01
9.476985449224738511e-01
8.627060346994599449e-01
7.290151816359903281e-01
5.579227742451478012e-01
3.456837516296451529e-01
1.717639048810568614e-01
5.230145507752624601e-02
5.145439412231049559e-03
0.000000000000000000e+00
1.749691201721155675e-16
0.000000000000000000e+00
0.000000000000000000e+00
0.000000000000000000e+00
0.000000000000000000e+00
5.832304005737185584e-17
0.000000000000000000e+00
0.000000000000000000e+00
0.000000000000000000e+00
0.000000000000000000e+00
5.832304005737185584e-17
0.000000000000000000e+00
5.145439412230874351e-03
5.230145507752648193e-02
1.717639048810570002e-01
3.456837516296451529e-01
5.579227742451478012e-01
7.290151816359903281e-01
8.627060346994599449e-01
8.529598890844782844e-01
6.659125375248668988e-01
6.723726735886877970e-01
9.099652469359882367e-01
1.000000000000000000e+00
1.000000000000000000e+00
9.999999999999997780e-01
1.000000000000000000e+00
1.000000000000000000e+00
9.999999999999997780e-01
1.000000000000000000e+00
1.000000000000000000e+00
9.999999999999997780e-01
9.999999999999997780e-01
9.999999999999997780e-01
9.999999999999997780e-01
9.999999999999997780e-01
9.999999999999995559e-01
9.999999999999997780e-01
9.999999999999997780e-01
9.999999999999997780e-01
9.999999999999997780e-01
1.000000000000000000e+00
1.000000000000000000e+00
9.999999999999996669e-01
1.000000000000000000e+00
9.999999999999997780e-01
9.999999999999997780e-01
1.000000000000000000e+00
9.999999999999997780e-01
1.000000000000000000e+00
9.948545605877691100e-01
9.476985449224734070e-01
8.282360951189428055e-01
6.543162483703547361e-01
4.420772257548521988e-01
2.709848183640095609e-01
1.372939653005401661e-01
5.230145507752624601e-02
5.145439412230990578e-03
0.000000000000000000e+00
0.000000000000000000e+00
5.832304005737185584e-17
0.000000000000000000e+00
0.000000000000000000e+00
0.000000000000000000e+00
0.000000000000000000e+00
5.832304005737185584e-17
0.000000000000000000e+00
0.000000000000000000e+00
0.000000000000000000e+00
0.000000000000000000e+00
0.000000000000000000e+00
0.000000000000000000e+00
0.000000000000000000e+00
5.145439412231049559e-03
5.230145507752636397e-02
1.372939653005399996e-01
2.709848183640093389e-01
4.420772257548521988e-01
6.543162483703546251e-01
7.250694451281499697e-01
6.078725563263879250e-01
6.723726735886877970e-01
9.099652469359882367e-01
9.999999999999997780e-01
1.000000000000000000e+00
1.000000000000000000e+00
1.000000000000000000e+00
1.000000000000000000e+00
9.999999999999996669e-01
9.999999999999997780e-01
9.999999999999997780e-01
9.999999999999997780e-01
9.999999999999997780e-01
9.999999999999997780e-01
1.000000000000000000e+00
9.999999999999997780e-01
9.999999999999997780e-01
9.999999999999996669e-01
9.999999999999997780e-01
1.000000000000000000e+00
9.999999999999996669e-01
9.999999999999997780e-01
9.999999999999997780e-01
9.999999999999997780e-01
1.000000000000000000e+00
9.999999999999997780e-01
9.999999999999997780e-01
1.000000000000000000e+00
9.999999999999997780e-01
9.948545605877689990e-01
9.476985449224737401e-01
8.282360951189429166e-01
6.253118634995233904e-01
3.812306742190890163e-01
1.986400491424726023e-01
8.442636678011042339e-02
2.842609167000815715e-02
5.145439412230816238e-03
0.000000000000000000e+00
0.000000000000000000e+00
0.000000000000000000e+00
5.832304005737185584e-17
0.000000000000000000e+00
0.000000000000000000e+00
0.000000000000000000e+00
0.000000000000000000e+00
5.832304005737185584e-17
0.000000000000000000e+00
0.000000000000000000e+00
0.000000000000000000e+00
0.000000000000000000e+00
0.000000000000000000e+00
0.000000000000000000e+00
0.000000000000000000e+00
5.832304005737185584e-17
5.145439412230990578e-03
2.842609167000798021e-02
8.442636678011018747e-02
1.986400491424726023e-01
3.812306742190889053e-01
5.149330937701113164e-01
4.696561221168727429e-01
6.345474873401089067e-01
8.846611016695121732e-01
9.948545605877689990e-01
1.000000000000000000e+00
1.000000000000000000e+00
1.000000000000000000e+00
1.000000000000000000e+00
1.000000000000000000e+00
1.000000000000000000e+00
9.999999999999997780e-01
1.000000000000000000e+00
1.000000000000000000e+00
1.000000000000000000e+00
1.000000000000000000e+00
1.000000000000000000e+00
1.000000000000000000e+00
1.000000000000000000e+00
1.000000000000000000e+00
1.000000000000000000e+00
1.000000000000000000e+00
9.999999999999997780e-01
9.999999999999997780e-01
1.000000000000000000e+00
1.000000000000000000e+00
1.000000000000000000e+00
1.000000000000000000e+00
1.000000000000000000e+00
9.948545605877689990e-01
9.476985449224737401e-01
8.282360951189431386e-01
6.253118634995233904e-01
3.746881365004767206e-01
1.717639048810570002e-01
5.230145507752624601e-02
5.145439412231049559e-03
0.000000000000000000e+00
0.000000000000000000e+00
0.000000000000000000e+00
0.000000000000000000e+00
0.000000000000000000e+00
1.749691201721155675e-16
0.000000000000000000e+00
0.000000000000000000e+00
0.000000000000000000e+00
0.000000000000000000e+00
5.832304005737185584e-17
5.832304005737185584e-17
0.000000000000000000e+00
0.000000000000000000e+00
0.000000000000000000e+00
0.000000000000000000e+00
0.000000000000000000e+00
0.000000000000000000e+00
5.832304005737185584e-17
0.000000000000000000e+00
0.000000000000000000e+00
5.145439412230990578e-03
5.230145507752636397e-02
1.717639048810570002e-01
2.733606108804669255e-01
2.884321338172357585e-01
5.284452951057720949e-01
7.952625801402093408e-01
9.476985449224734070e-01
9.948545605877689990e-01
9.999999999999997780e-01
1.000000000000000000e+00
1.000000000000000000e+00
9.999999999999997780e-01
1.000000000000000000e+00
1.000000000000000000e+00
1.000000000000000000e+00
1.000000000000000000e+00
1.000000000000000000e+00
1.000000000000000000e+00
1.000000000000000000e+00
1.000000000000000000e+00
1.000000000000000000e+00
1.000000000000000000e+00
1.000000000000000000e+00
1.000000000000000000e+00
9.999999999999997780e-01
9.999999999999997780e-01
1.000000000000000000e+00
1.000000000000000000e+00
9.999999999999997780e-01
9.999999999999997780e-01
9.948545605877689990e-01
9.476985449224734070e-01
8.282360951189428055e-01
6.253118634995236125e-01
3.746881365004763320e-01
1.717639048810571112e-01
5.230145507752636397e-02
5.145439412230990578e-03
1.749691201721155675e-16
5.832304005737185584e-17
0.000000000000000000e+00
0.000000000000000000e+00
5.832304005737185584e-17
0.000000000000000000e+00
1.749691201721155675e-16
0.000000000000000000e+00
0.000000000000000000e+00
0.000000000000000000e+00
5.832304005737185584e-17
5.832304005737185584e-17
5.832304005737185584e-17
5.832304005737185584e-17
0.000000000000000000e+00
0.000000000000000000e+00
0.000000000000000000e+00
0.000000000000000000e+00
0.000000000000000000e+00
5.832304005737185584e-17
5.832304005737185584e-17
0.000000000000000000e+00
0.000000000000000000e+00
5.145439412230990578e-03
5.230145507752636397e-02
1.058284706370735267e-01
1.196640847667937713e-01
3.456837516296454305e-01
6.187693257809109282e-01
8.282360951189429166e-01
9.476985449224738511e-01
9.948545605877689990e-01
1.000000000000000000e+00
1.000000000000000000e+00
1.000000000000000000e+00
9.999999999999997780e-01
1.000000000000000000e+00
9.999999999999997780e-01
1.000000000000000000e+00
9.999999999999997780e-01
9.999999999999997780e-01
9.999999999999997780e-01
9.999999999999997780e-01
9.999999999999997780e-01
9.999999999999997780e-01
1.000000000000000000e+00
9.999999999999997780e-01
9.999999999999996669e-01
9.999999999999997780e-01
1.000000000000000000e+00
1.000000000000000000e+00
1.000000000000000000e+00
9.948545605877691100e-01
9.476985449224737401e-01
8.282360951189424725e-01
6.253118634995236125e-01
3.746881365004764985e-01
1.717639048810568614e-01
5.230145507752642642e-02
5.145439412231049559e-03
5.832304005737185584e-17
1.749691201721155675e-16
5.832304005737185584e-17
0.000000000000000000e+00
0.000000000000000000e+00
0.000000000000000000e+00
0.000000000000000000e+00
1.749691201721155675e-16
5.832304005737185584e-17
0.000000000000000000e+00
0.000000000000000000e+00
0.000000000000000000e+00
5.832304005737185584e-17
5.832304005737185584e-17
5.832304005737185584e-17
0.000000000000000000e+00
5.832304005737185584e-17
0.000000000000000000e+00
0.000000000000000000e+00
0.000000000000000000e+00
1.749691201721155675e-16
0.000000000000000000e+00
0.000000000000000000e+00
0.000000000000000000e+00
0.000000000000000000e+00
5.145439412230990578e-03
2.314514455335334175e-02
3.041899549255174667e-02
1.717639048810570557e-01
3.746881365004764985e-01
6.253118634995236125e-01
8.282360951189429166e-01
9.476985449224737401e-01
9.948545605877691100e-01
9.999999999999997780e-01
1.000000000000000000e+00
1.000000000000000000e+00
1.000000000000000000e+00
1.000000000000000000e+00
1.000000000000000000e+00
9.999999999999997780e-01
9.999999999999997780e-01
1.000000000000000000e+00
9.999999999999997780e-01
9.999999999999997780e-01
1.000000000000000000e+00
1.000000000000000000e+00
1.000000000000000000e+00
1.000000000000000000e+00
9.999999999999997780e-01
1.000000000000000000e+00
1.000000000000000000e+00
9.948545605877691100e-01
9.476985449224737401e-01
8.282360951189428055e-01
6.253118634995232794e-01
3.746881365004763320e-01
1.717639048810571667e-01
5.230145507752624601e-02
5.145439412231165785e-03
5.832304005737185584e-17
0.000000000000000000e+00
1.749691201721155675e-16
1.749691201721155675e-16
0.000000000000000000e+00
0.000000000000000000e+00
0.000000000000000000e+00
0.000000000000000000e+00
1.749691201721155675e-16
0.000000000000000000e+00
0.000000000000000000e+00
0.000000000000000000e+00
0.000000000000000000e+00
5.832304005737185584e-17
5.832304005737185584e-17
5.832304005737185584e-17
5.832304005737185584e-17
5.832304005737185584e-17
0.000000000000000000e+00
0.000000000000000000e+00
0.000000000000000000e+00
1.749691201721155675e-16
5.832304005737185584e-17
5.832304005737185584e-17
0.000000000000000000e+00
5.832304005737185584e-17
0.000000000000000000e+00
0.000000000000000000e+00
5.832304005737185584e-17
5.230145507752624601e-02
1.717639048810571112e-01
3.812306742190889053e-01
6.543162483703547361e-01
8.627060346994596118e-01
9.715739083299920198e-01
1.000000000000000000e+00
9.999999999999997780e-01
1.000000000000000000e+00
1.000000000000000000e+00
1.000000000000000000e+00
1.000000000000000000e+00
1.000000000000000000e+00
1.000000000000000000e+00
1.000000000000000000e+00
1.000000000000000000e+00
1.000000000000000000e+00
1.000000000000000000e+00
1.000000000000000000e+00
1.000000000000000000e+00
9.999999999999997780e-01
9.999999999999997780e-01
1.000000000000000000e+00
1.000000000000000000e+00
9.715739083299919088e-01
8.627060346994598339e-01
6.543162483703547361e-01
3.812306742190885167e-01
1.717639048810570002e-01
5.230145507752648193e-02
5.145439412230874351e-03
1.749691201721155675e-16
0.000000000000000000e+00
0.000000000000000000e+00
5.832304005737185584e-17
5.832304005737185584e-17
0.000000000000000000e+00
0.000000000000000000e+00
0.000000000000000000e+00
0.000000000000000000e+00
5.832304005737185584e-17
0.000000000000000000e+00
0.000000000000000000e+00
0.000000000000000000e+00
0.000000000000000000e+00
5.832304005737185584e-17
5.832304005737185584e-17
5.832304005737185584e-17
5.832304005737185584e-17
0.000000000000000000e+00
5.832304005737185584e-17
0.000000000000000000e+00
0.000000000000000000e+00
5.832304005737185584e-17
5.832304005737185584e-17
0.000000000000000000e+00
0.000000000000000000e+00
0.000000000000000000e+00
5.832304005737185584e-17
0.000000000000000000e+00
0.000000000000000000e+00
5.145439412230990578e-03
5.230145507752630846e-02
1.986400491424728243e-01
4.420772257548524764e-01
7.290151816359905501e-01
9.155736332198898264e-01
9.948545605877692211e-01
1.000000000000000000e+00
9.999999999999997780e-01
1.000000000000000000e+00
9.999999999999997780e-01
1.000000000000000000e+00
9.999999999999997780e-01
9.999999999999997780e-01
9.999999999999997780e-01
9.999999999999997780e-01
9.999999999999997780e-01
9.999999999999997780e-01
1.000000000000000000e+00
9.999999999999997780e-01
9.999999999999996669e-01
9.999999999999997780e-01
1.000000000000000000e+00
9.948545605877692211e-01
9.155736332198898264e-01
7.290151816359903281e-01
4.420772257548523099e-01
1.986400491424723802e-01
5.230145507752636397e-02
5.145439412230990578e-03
0.000000000000000000e+00
1.749691201721155675e-16
5.832304005737185584e-17
0.000000000000000000e+00
1.749691201721155675e-16
5.832304005737185584e-17
0.000000000000000000e+00
0.000000000000000000e+00
0.000000000000000000e+00
0.000000000000000000e+00
5.832304005737185584e-17
0.000000000000000000e+00
0.000000000000000000e+00
0.000000000000000000e+00
0.000000000000000000e+00
5.832304005737185584e-17
5.832304005737185584e-17
5.832304005737185584e-17
0.000000000000000000e+00
5.832304005737185584e-17
5.832304005737185584e-17
0.000000000000000000e+00
0.000000000000000000e+00
1.749691201721155675e-16
0.000000000000000000e+00
0.000000000000000000e+00
0.000000000000000000e+00
0.000000000000000000e+00
0.000000000000000000e+00
0.000000000000000000e+00
5.832304005737185584e-17
5.832304005737185584e-17
5.145439412230990578e-03
8.442636678011036788e-02
2.709848183640094499e-01
5.579227742451478012e-01
8.013599508575272035e-01
9.476985449224734070e-01
9.948545605877689990e-01
1.000000000000000000e+00
1.000000000000000000e+00
1.000000000000000000e+00
1.000000000000000000e+00
9.999999999999997780e-01
9.999999999999997780e-01
1.000000000000000000e+00
9.999999999999997780e-01
9.999999999999997780e-01
1.000000000000000000e+00
1.000000000000000000e+00
1.000000000000000000e+00
1.000000000000000000e+00
9.999999999999997780e-01
9.948545605877689990e-01
9.476985449224737401e-01
8.013599508575274255e-01
5.579227742451475791e-01
2.709848183640095609e-01
8.442636678011025686e-02
5.145439412230990578e-03
2.332921602294874233e-16
5.832304005737185584e-17
1.749691201721155675e-16
5.832304005737185584e-17
0.000000000000000000e+00
1.749691201721155675e-16
5.832304005737185584e-17
0.000000000000000000e+00
0.000000000000000000e+00
0.000000000000000000e+00
0.000000000000000000e+00
5.832304005737185584e-17
0.000000000000000000e+00
0.000000000000000000e+00
0.000000000000000000e+00
0.000000000000000000e+00
5.832304005737185584e-17
5.832304005737185584e-17
5.832304005737185584e-17
5.832304005737185584e-17
5.832304005737185584e-17
5.832304005737185584e-17
0.000000000000000000e+00
0.000000000000000000e+00
2.332921602294874233e-16
5.832304005737185584e-17
5.832304005737185584e-17
5.832304005737185584e-17
5.832304005737185584e-17
0.000000000000000000e+00
0.000000000000000000e+00
5.832304005737185584e-17
1.749691201721155675e-16
0.000000000000000000e+00
2.842609167000803919e-02
1.372939653005402216e-01
3.456837516296454305e-01
6.187693257809109282e-01
8.282360951189431386e-01
9.476985449224734070e-01
9.948545605877691100e-01
1.000000000000000000e+00
9.999999999999997780e-01
9.999999999999997780e-01
9.999999999999997780e-01
9.999999999999997780e-01
9.999999999999997780e-01
9.999999999999995559e-01
9.999999999999997780e-01
9.999999999999997780e-01
9.999999999999997780e-01
9.999999999999997780e-01
1.000000000000000000e+00
9.948545605877691100e-01
9.476985449224732960e-01
8.282360951189431386e-01
6.187693257809105951e-01
3.456837516296454305e-01
1.372939653005402216e-01
2.842609167000792122e-02
0.000000000000000000e+00
5.832304005737185584e-17
0.000000000000000000e+00
5.832304005737185584e-17
5.832304005737185584e-17
0.000000000000000000e+00
1.749691201721155675e-16
5.832304005737185584e-17
0.000000000000000000e+00
0.000000000000000000e+00
0.000000000000000000e+00
0.000000000000000000e+00
5.832304005737185584e-17
0.000000000000000000e+00
0.000000000000000000e+00
0.000000000000000000e+00
5.832304005737185584e-17
5.832304005737185584e-17
5.832304005737185584e-17
5.832304005737185584e-17
0.000000000000000000e+00
5.832304005737185584e-17
5.832304005737185584e-17
0.000000000000000000e+00
0.000000000000000000e+00
1.749691201721155675e-16
5.832304005737185584e-17
0.000000000000000000e+00
5.832304005737185584e-17
5.832304005737185584e-17
0.000000000000000000e+00
0.000000000000000000e+00
5.832304005737185584e-17
0.000000000000000000e+00
5.832304005737185584e-17
5.145439412230990578e-03
5.230145507752624601e-02
1.717639048810570002e-01
3.746881365004762765e-01
6.253118634995236125e-01
8.282360951189424725e-01
9.476985449224731850e-01
9.948545605877685549e-01
9.999999999999997780e-01
9.999999999999997780e-01
9.999999999999997780e-01
1.000000000000000000e+00
9.999999999999997780e-01
9.999999999999997780e-01
9.999999999999996669e-01
9.999999999999997780e-01
1.000000000000000000e+00
9.999999999999996669e-01
9.948545605877685549e-01
9.476985449224734070e-01
8.282360951189424725e-01
6.253118634995236125e-01
3.746881365004761655e-01
1.717639048810570002e-01
5.230145507752613498e-02
5.145439412230816238e-03
0.000000000000000000e+00
0.000000000000000000e+00
0.000000000000000000e+00
5.832304005737185584e-17
0.000000000000000000e+00
0.000000000000000000e+00
5.832304005737185584e-17
0.000000000000000000e+00
0.000000000000000000e+00
0.000000000000000000e+00
0.000000000000000000e+00
0.000000000000000000e+00
5.832304005737185584e-17
0.000000000000000000e+00
0.000000000000000000e+00
0.000000000000000000e+00
0.000000000000000000e+00
5.832304005737185584e-17
0.000000000000000000e+00
5.832304005737185584e-17
0.000000000000000000e+00
0.000000000000000000e+00
0.000000000000000000e+00
0.000000000000000000e+00
0.000000000000000000e+00
5.832304005737185584e-17
5.832304005737185584e-17
0.000000000000000000e+00
0.000000000000000000e+00
0.000000000000000000e+00
0.000000000000000000e+00
0.000000000000000000e+00
0.000000000000000000e+00
5.832304005737185584e-17
0.000000000000000000e+00
0.000000000000000000e+00
5.145439412230990578e-03
5.230145507752636397e-02
1.717639048810568614e-01
3.812306742190891273e-01
6.543162483703545140e-01
8.627060346994596118e-01
9.715739083299919088e-01
1.000000000000000000e+00
1.000000000000000000e+00
1.000000000000000000e+00
1.000000000000000000e+00
1.000000000000000000e+00
1.000000000000000000e+00
1.000000000000000000e+00
1.000000000000000000e+00
1.000000000000000000e+00
1.000000000000000000e+00
9.715739083299917977e-01
8.627060346994598339e-01
6.543162483703547361e-01
3.812306742190890163e-01
1.717639048810568614e-01
5.230145507752624601e-02
5.145439412230990578e-03
5.832304005737185584e-17
0.000000000000000000e+00
0.000000000000000000e+00
0.000000000000000000e+00
1.749691201721155675e-16
0.000000000000000000e+00
0.000000000000000000e+00
5.832304005737185584e-17
5.832304005737185584e-17
0.000000000000000000e+00
0.000000000000000000e+00
0.000000000000000000e+00
0.000000000000000000e+00
5.832304005737185584e-17
0.000000000000000000e+00
0.000000000000000000e+00
0.000000000000000000e+00
0.000000000000000000e+00
1.749691201721155675e-16
5.832304005737185584e-17
5.832304005737185584e-17
0.000000000000000000e+00
0.000000000000000000e+00
5.832304005737185584e-17
0.000000000000000000e+00
0.000000000000000000e+00
1.749691201721155675e-16
5.832304005737185584e-17
0.000000000000000000e+00
5.832304005737185584e-17
5.832304005737185584e-17
5.832304005737185584e-17
0.000000000000000000e+00
5.832304005737185584e-17
0.000000000000000000e+00
1.749691201721155675e-16
0.000000000000000000e+00
5.832304005737185584e-17
5.145439412230699144e-03
5.230145507752630846e-02
2.047374198597905759e-01
4.715547048942274611e-01
7.655237397167310442e-01
9.402027979878323505e-01
1.000000000000000000e+00
1.000000000000000000e+00
9.999999999999997780e-01
1.000000000000000000e+00
1.000000000000000000e+00
9.999999999999997780e-01
1.000000000000000000e+00
1.000000000000000000e+00
1.000000000000000000e+00
1.000000000000000000e+00
9.402027979878321284e-01
7.655237397167310442e-01
4.715547048942277941e-01
2.047374198597907702e-01
5.230145507752659989e-02
5.145439412230874351e-03
1.749691201721155675e-16
0.000000000000000000e+00
0.000000000000000000e+00
0.000000000000000000e+00
0.000000000000000000e+00
1.749691201721155675e-16
5.832304005737185584e-17
0.000000000000000000e+00
5.832304005737185584e-17
0.000000000000000000e+00
0.000000000000000000e+00
0.000000000000000000e+00
0.000000000000000000e+00
0.000000000000000000e+00
0.000000000000000000e+00
0.000000000000000000e+00
0.000000000000000000e+00
0.000000000000000000e+00
0.000000000000000000e+00
5.832304005737185584e-17
5.832304005737185584e-17
0.000000000000000000e+00
0.000000000000000000e+00
0.000000000000000000e+00
0.000000000000000000e+00
0.000000000000000000e+00
0.000000000000000000e+00
0.000000000000000000e+00
1.749691201721155675e-16
0.000000000000000000e+00
5.832304005737185584e-17
0.000000000000000000e+00
2.332921602294874233e-16
0.000000000000000000e+00
5.832304005737185584e-17
0.000000000000000000e+00
0.000000000000000000e+00
0.000000000000000000e+00
0.000000000000000000e+00
0.000000000000000000e+00
5.145439412231049559e-03
1.153388983304878546e-01
3.654525126598909823e-01
7.009677831175101792e-01
9.155736332198898264e-01
1.000000000000000000e+00
1.000000000000000000e+00
1.000000000000000000e+00
1.000000000000000000e+00
1.000000000000000000e+00
1.000000000000000000e+00
1.000000000000000000e+00
1.000000000000000000e+00
1.000000000000000000e+00
1.000000000000000000e+00
9.155736332198896044e-01
7.009677831175101792e-01
3.654525126598912599e-01
1.153388983304877435e-01
5.145439412230990578e-03
5.832304005737185584e-17
0.000000000000000000e+00
0.000000000000000000e+00
5.832304005737185584e-17
0.000000000000000000e+00
0.000000000000000000e+00
0.000000000000000000e+00
0.000000000000000000e+00
0.000000000000000000e+00
5.832304005737185584e-17
5.832304005737185584e-17
0.000000000000000000e+00
0.000000000000000000e+00
0.000000000000000000e+00
0.000000000000000000e+00
0.000000000000000000e+00
0.000000000000000000e+00
0.000000000000000000e+00
0.000000000000000000e+00
0.000000000000000000e+00
1.749691201721155675e-16
0.000000000000000000e+00
5.832304005737185584e-17
0.000000000000000000e+00
5.832304005737185584e-17
5.832304005737185584e-17
0.000000000000000000e+00
0.000000000000000000e+00
5.832304005737185584e-17
0.000000000000000000e+00
5.832304005737185584e-17
5.832304005737185584e-17
5.832304005737185584e-17
5.832304005737185584e-17
0.000000000000000000e+00
0.000000000000000000e+00
5.832304005737185584e-17
5.832304005737185584e-17
0.000000000000000000e+00
5.832304005737185584e-17
2.332921602294874233e-16
5.832304005737185584e-17
9.003475306401152733e-02
3.276273264113119810e-01
6.723726735886877970e-01
9.099652469359885698e-01
1.000000000000000000e+00
1.000000000000000000e+00
1.000000000000000000e+00
1.000000000000000000e+00
1.000000000000000000e+00
1.000000000000000000e+00
1.000000000000000000e+00
1.000000000000000000e+00
1.000000000000000000e+00
1.000000000000000000e+00
9.099652469359884588e-01
6.723726735886880190e-01
3.276273264113119810e-01
9.003475306401152733e-02
5.832304005737185584e-17
2.332921602294874233e-16
2.332921602294874233e-16
0.000000000000000000e+00
0.000000000000000000e+00
2.332921602294874233e-16
0.000000000000000000e+00
0.000000000000000000e+00
0.000000000000000000e+00
0.000000000000000000e+00
5.832304005737185584e-17
1.749691201721155675e-16
0.000000000000000000e+00
0.000000000000000000e+00
5.832304005737185584e-17
5.832304005737185584e-17
0.000000000000000000e+00
0.000000000000000000e+00
0.000000000000000000e+00
5.832304005737185584e-17
0.000000000000000000e+00
1.749691201721155675e-16
0.000000000000000000e+00
0.000000000000000000e+00
5.832304005737185584e-17
0.000000000000000000e+00
5.832304005737185584e-17
5.832304005737185584e-17
0.000000000000000000e+00
1.749691201721155675e-16
1.749691201721155675e-16
1.749691201721155675e-16
5.832304005737185584e-17
5.832304005737185584e-17
0.000000000000000000e+00
0.000000000000000000e+00
5.832304005737185584e-17
0.000000000000000000e+00
0.000000000000000000e+00
0.000000000000000000e+00
0.000000000000000000e+00
1.749691201721155675e-16
0.000000000000000000e+00
9.003475306401169387e-02
3.276273264113117589e-01
6.723726735886875749e-01
9.099652469359885698e-01
1.000000000000000000e+00
1.000000000000000000e+00
1.000000000000000000e+00
1.000000000000000000e+00
1.000000000000000000e+00
9.999999999999997780e-01
1.000000000000000000e+00
1.000000000000000000e+00
1.000000000000000000e+00
1.000000000000000000e+00
9.099652469359882367e-01
6.723726735886873529e-01
3.276273264113118699e-01
9.003475306401169387e-02
0.000000000000000000e+00
2.332921602294874233e-16
0.000000000000000000e+00
0.000000000000000000e+00
0.000000000000000000e+00
0.000000000000000000e+00
0.000000000000000000e+00
0.000000000000000000e+00
0.000000000000000000e+00
0.000000000000000000e+00
0.000000000000000000e+00
0.000000000000000000e+00
0.000000000000000000e+00
0.000000000000000000e+00
0.000000000000000000e+00
0.000000000000000000e+00
0.000000000000000000e+00
0.000000000000000000e+00
0.000000000000000000e+00
0.000000000000000000e+00
0.000000000000000000e+00
5.832304005737185584e-17
0.000000000000000000e+00
5.832304005737185584e-17
5.832304005737185584e-17
5.832304005737185584e-17
5.832304005737185584e-17
0.000000000000000000e+00
0.000000000000000000e+00
0.000000000000000000e+00
2.332921602294874233e-16
0.000000000000000000e+00
0.000000000000000000e+00
0.000000000000000000e+00
0.000000000000000000e+00
0.000000000000000000e+00
0.000000000000000000e+00
0.000000000000000000e+00
5.832304005737185584e-17
0.000000000000000000e+00
0.000000000000000000e+00
0.000000000000000000e+00
0.000000000000000000e+00
9.003475306401163836e-02
3.276273264113118699e-01
6.723726735886875749e-01
9.099652469359882367e-01
9.999999999999996669e-01
9.999999999999997780e-01
9.999999999999997780e-01
9.999999999999997780e-01
9.999999999999996669e-01
9.999999999999995559e-01
9.999999999999997780e-01
9.999999999999996669e-01
9.999999999999996669e-01
9.999999999999996669e-01
9.099652469359882367e-01
6.723726735886875749e-01
3.276273264113118699e-01
9.003475306401169387e-02
0.000000000000000000e+00
5.832304005737185584e-17
0.000000000000000000e+00
0.000000000000000000e+00
0.000000000000000000e+00
0.000000000000000000e+00
0.000000000000000000e+00
0.000000000000000000e+00
0.000000000000000000e+00
0.000000000000000000e+00
0.000000000000000000e+00
0.000000000000000000e+00
0.000000000000000000e+00
0.000000000000000000e+00
0.000000000000000000e+00
0.000000000000000000e+00
0.000000000000000000e+00
0.000000000000000000e+00
0.000000000000000000e+00
0.000000000000000000e+00
0.000000000000000000e+00
5.832304005737185584e-17
0.000000000000000000e+00
0.000000000000000000e+00
0.000000000000000000e+00
0.000000000000000000e+00
0.000000000000000000e+00
0.000000000000000000e+00
0.000000000000000000e+00
2.332921602294874233e-16
5.832304005737185584e-17
0.000000000000000000e+00
0.000000000000000000e+00
0.000000000000000000e+00
0.000000000000000000e+00
0.000000000000000000e+00
0.000000000000000000e+00
0.000000000000000000e+00
0.000000000000000000e+00
0.000000000000000000e+00
0.000000000000000000e+00
0.000000000000000000e+00
0.000000000000000000e+00
9.003475306401169387e-02
3.276273264113118699e-01
6.723726735886875749e-01
9.099652469359883478e-01
1.000000000000000000e+00
1.000000000000000000e+00
1.000000000000000000e+00
1.000000000000000000e+00
1.000000000000000000e+00
9.999999999999997780e-01
1.000000000000000000e+00
1.000000000000000000e+00
1.000000000000000000e+00
1.000000000000000000e+00
9.099652469359884588e-01
6.723726735886875749e-01
3.276273264113119810e-01
9.003475306401163836e-02
0.000000000000000000e+00
5.832304005737185584e-17
5.832304005737185584e-17
0.000000000000000000e+00
0.000000000000000000e+00
5.832304005737185584e-17
0.000000000000000000e+00
5.832304005737185584e-17
5.832304005737185584e-17
0.000000000000000000e+00
5.832304005737185584e-17
5.832304005737185584e-17
0.000000000000000000e+00
0.000000000000000000e+00
5.832304005737185584e-17
0.000000000000000000e+00
0.000000000000000000e+00
0.000000000000000000e+00
0.000000000000000000e+00
5.832304005737185584e-17
0.000000000000000000e+00
2.332921602294874233e-16
5.832304005737185584e-17
0.000000000000000000e+00
0.000000000000000000e+00
5.832304005737185584e-17
5.832304005737185584e-17
5.832304005737185584e-17
0.000000000000000000e+00
5.832304005737185584e-17
5.832304005737185584e-17
0.000000000000000000e+00
0.000000000000000000e+00
0.000000000000000000e+00
0.000000000000000000e+00
0.000000000000000000e+00
0.000000000000000000e+00
5.832304005737185584e-17
0.000000000000000000e+00
1.749691201721155675e-16
0.000000000000000000e+00
3.499382403442311350e-16
5.832304005737185584e-17
9.003475306401152733e-02
3.276273264113112038e-01
6.723726735886877970e-01
9.099652469359883478e-01
9.999999999999997780e-01
1.000000000000000000e+00
9.999999999999997780e-01
9.999999999999997780e-01
9.999999999999997780e-01
9.999999999999997780e-01
9.999999999999997780e-01
1.000000000000000000e+00
1.000000000000000000e+00
9.999999999999997780e-01
9.099652469359882367e-01
6.723726735886880190e-01
3.276273264113115369e-01
9.003475306401181877e-02
0.000000000000000000e+00
2.332921602294874233e-16
5.832304005737185584e-17
5.832304005737185584e-17
0.000000000000000000e+00
2.332921602294874233e-16
0.000000000000000000e+00
0.000000000000000000e+00
5.832304005737185584e-17
0.000000000000000000e+00
0.000000000000000000e+00
5.832304005737185584e-17
0.000000000000000000e+00
0.000000000000000000e+00
5.832304005737185584e-17
0.000000000000000000e+00
0.000000000000000000e+00
0.000000000000000000e+00
0.000000000000000000e+00
0.000000000000000000e+00
0.000000000000000000e+00
0.000000000000000000e+00
0.000000000000000000e+00
0.000000000000000000e+00
0.000000000000000000e+00
0.000000000000000000e+00
5.832304005737185584e-17
0.000000000000000000e+00
0.000000000000000000e+00
5.832304005737185584e-17
0.000000000000000000e+00
5.832304005737185584e-17
0.000000000000000000e+00
5.832304005737185584e-17
1.749691201721155675e-16
5.832304005737185584e-17
0.000000000000000000e+00
0.000000000000000000e+00
0.000000000000000000e+00
0.000000000000000000e+00
0.000000000000000000e+00
5.832304005737185584e-17
5.832304005737185584e-17
9.003475306401169387e-02
3.276273264113119810e-01
6.723726735886875749e-01
9.099652469359883478e-01
1.000000000000000000e+00
1.000000000000000000e+00
9.999999999999997780e-01
9.999999999999997780e-01
9.999999999999997780e-01
9.999999999999997780e-01
9.999999999999997780e-01
9.999999999999997780e-01
1.000000000000000000e+00
1.000000000000000000e+00
9.099652469359882367e-01
6.723726735886877970e-01
3.276273264113120920e-01
9.003475306401169387e-02
0.000000000000000000e+00
1.749691201721155675e-16
0.000000000000000000e+00
0.000000000000000000e+00
0.000000000000000000e+00
0.000000000000000000e+00
0.000000000000000000e+00
0.000000000000000000e+00
5.832304005737185584e-17
5.832304005737185584e-17
0.000000000000000000e+00
5.832304005737185584e-17
0.000000000000000000e+00
0.000000000000000000e+00
5.832304005737185584e-17
5.832304005737185584e-17
0.000000000000000000e+00
0.000000000000000000e+00
0.000000000000000000e+00
0.000000000000000000e+00
0.000000000000000000e+00
5.832304005737185584e-17
0.000000000000000000e+00
5.832304005737185584e-17
0.000000000000000000e+00
5.832304005737185584e-17
5.832304005737185584e-17
0.000000000000000000e+00
0.000000000000000000e+00
0.000000000000000000e+00
2.332921602294874233e-16
0.000000000000000000e+00
1.749691201721155675e-16
1.749691201721155675e-16
5.832304005737185584e-17
0.000000000000000000e+00
0.000000000000000000e+00
0.000000000000000000e+00
0.000000000000000000e+00
5.832304005737185584e-17
0.000000000000000000e+00
5.832304005737185584e-17
5.832304005737185584e-17
9.003475306401163836e-02
3.276273264113117589e-01
6.723726735886881301e-01
9.099652469359885698e-01
9.999999999999997780e-01
1.000000000000000000e+00
9.999999999999997780e-01
9.999999999999997780e-01
9.999999999999997780e-01
9.999999999999996669e-01
9.999999999999997780e-01
1.000000000000000000e+00
9.999999999999997780e-01
1.000000000000000000e+00
9.099652469359882367e-01
6.723726735886877970e-01
3.276273264113118699e-01
9.003475306401181877e-02
0.000000000000000000e+00
1.749691201721155675e-16
0.000000000000000000e+00
0.000000000000000000e+00
0.000000000000000000e+00
5.832304005737185584e-17
0.000000000000000000e+00
5.832304005737185584e-17
0.000000000000000000e+00
0.000000000000000000e+00
0.000000000000000000e+00
0.000000000000000000e+00
0.000000000000000000e+00
0.000000000000000000e+00
2.332921602294874233e-16
0.000000000000000000e+00
5.832304005737185584e-17
0.000000000000000000e+00
5.832304005737185584e-17
2.332921602294874233e-16
5.832304005737185584e-17
2.332921602294874233e-16
5.832304005737185584e-17
0.000000000000000000e+00
1.749691201721155675e-16
1.749691201721155675e-16
5.832304005737185584e-17
0.000000000000000000e+00
0.000000000000000000e+00
5.832304005737185584e-17
1.749691201721155675e-16
0.000000000000000000e+00
1.749691201721155675e-16
5.832304005737185584e-17
5.832304005737185584e-17
5.832304005737185584e-17
0.000000000000000000e+00
0.000000000000000000e+00
5.832304005737185584e-17
1.749691201721155675e-16
5.832304005737185584e-17
0.000000000000000000e+00
5.832304005737185584e-17
9.003475306401163836e-02
3.276273264113114259e-01
6.723726735886877970e-01
9.099652469359883478e-01
1.000000000000000000e+00
9.999999999999997780e-01
1.000000000000000000e+00
9.999999999999997780e-01
9.999999999999997780e-01
9.999999999999995559e-01
9.999999999999997780e-01
1.000000000000000000e+00
9.999999999999997780e-01
9.999999999999997780e-01
9.099652469359883478e-01
6.723726735886877970e-01
3.276273264113119810e-01
9.003475306401163836e-02
0.000000000000000000e+00
1.749691201721155675e-16
5.832304005737185584e-17
0.000000000000000000e+00
0.000000000000000000e+00
5.832304005737185584e-17
0.000000000000000000e+00
0.000000000000000000e+00
0.000000000000000000e+00
0.000000000000000000e+00
5.832304005737185584e-17
5.832304005737185584e-17
0.000000000000000000e+00
0.000000000000000000e+00
0.000000000000000000e+00
0.000000000000000000e+00
0.000000000000000000e+00
5.832304005737185584e-17
0.000000000000000000e+00
5.832304005737185584e-17
0.000000000000000000e+00
5.832304005737185584e-17
5.832304005737185584e-17
5.832304005737185584e-17
5.832304005737185584e-17
2.332921602294874233e-16
1.749691201721155675e-16
5.832304005737185584e-17
0.000000000000000000e+00
0.000000000000000000e+00
0.000000000000000000e+00
5.832304005737185584e-17
5.832304005737185584e-17
0.000000000000000000e+00
0.000000000000000000e+00
5.832304005737185584e-17
0.000000000000000000e+00
5.832304005737185584e-17
0.000000000000000000e+00
0.000000000000000000e+00
0.000000000000000000e+00
3.499382403442311350e-16
0.000000000000000000e+00
9.003475306401163836e-02
3.276273264113118699e-01
6.723726735886873529e-01
9.099652469359882367e-01
9.999999999999996669e-01
9.999999999999996669e-01
9.999999999999997780e-01
9.999999999999996669e-01
9.999999999999997780e-01
9.999999999999995559e-01
9.999999999999997780e-01
9.999999999999997780e-01
9.999999999999997780e-01
1.000000000000000000e+00
9.099652469359882367e-01
6.723726735886875749e-01
3.276273264113122030e-01
9.003475306401169387e-02
0.000000000000000000e+00
3.499382403442311350e-16
0.000000000000000000e+00
0.000000000000000000e+00
0.000000000000000000e+00
0.000000000000000000e+00
0.000000000000000000e+00
2.332921602294874233e-16
5.832304005737185584e-17
0.000000000000000000e+00
0.000000000000000000e+00
0.000000000000000000e+00
0.000000000000000000e+00
0.000000000000000000e+00
2.332921602294874233e-16
0.000000000000000000e+00
1.749691201721155675e-16
5.832304005737185584e-17
0.000000000000000000e+00
1.749691201721155675e-16
0.000000000000000000e+00
3.499382403442311350e-16
5.832304005737185584e-17
1.749691201721155675e-16
2.332921602294874233e-16
2.332921602294874233e-16
2.332921602294874233e-16
0.000000000000000000e+00
1.749691201721155675e-16
0.000000000000000000e+00
5.832304005737185584e-17
0.000000000000000000e+00
0.000000000000000000e+00
0.000000000000000000e+00
0.000000000000000000e+00
5.832304005737185584e-17
0.000000000000000000e+00
0.000000000000000000e+00
0.000000000000000000e+00
0.000000000000000000e+00
0.000000000000000000e+00
5.832304005737185584e-17
5.832304005737185584e-17
9.003475306401152733e-02
3.276273264113118699e-01
6.723726735886877970e-01
9.099652469359883478e-01
1.000000000000000000e+00
1.000000000000000000e+00
1.000000000000000000e+00
1.000000000000000000e+00
1.000000000000000000e+00
9.999999999999997780e-01
1.000000000000000000e+00
1.000000000000000000e+00
1.000000000000000000e+00
1.000000000000000000e+00
9.099652469359883478e-01
6.723726735886875749e-01
3.276273264113119810e-01
9.003475306401163836e-02
0.000000000000000000e+00
5.832304005737185584e-17
0.000000000000000000e+00
0.000000000000000000e+00
0.000000000000000000e+00
2.332921602294874233e-16
5.832304005737185584e-17
5.832304005737185584e-17
5.832304005737185584e-17
0.000000000000000000e+00
1.749691201721155675e-16
0.000000000000000000e+00
0.000000000000000000e+00
0.000000000000000000e+00
0.000000000000000000e+00
0.000000000000000000e+00
0.000000000000000000e+00
0.000000000000000000e+00
0.000000000000000000e+00
0.000000000000000000e+00
0.000000000000000000e+00
0.000000000000000000e+00
0.000000000000000000e+00
0.000000000000000000e+00
0.000000000000000000e+00
0.000000000000000000e+00
0.000000000000000000e+00
0.000000000000000000e+00
0.000000000000000000e+00
5.832304005737185584e-17
5.832304005737185584e-17
5.832304005737185584e-17
2.332921602294874233e-16
0.000000000000000000e+00
0.000000000000000000e+00
5.832304005737185584e-17
5.832304005737185584e-17
0.000000000000000000e+00
0.000000000000000000e+00
0.000000000000000000e+00
0.000000000000000000e+00
5.832304005737185584e-17
0.000000000000000000e+00
9.003475306401169387e-02
3.276273264113118699e-01
6.723726735886875749e-01
9.099652469359884588e-01
9.999999999999996669e-01
1.000000000000000000e+00
1.000000000000000000e+00
9.999999999999997780e-01
9.999999999999997780e-01
9.999999999999996669e-01
9.999999999999997780e-01
9.999999999999997780e-01
9.999999999999997780e-01
9.999999999999997780e-01
9.099652469359884588e-01
6.723726735886877970e-01
3.276273264113119810e-01
9.003475306401181877e-02
5.832304005737185584e-17
0.000000000000000000e+00
0.000000000000000000e+00
0.000000000000000000e+00
0.000000000000000000e+00
5.832304005737185584e-17
0.000000000000000000e+00
0.000000000000000000e+00
5.832304005737185584e-17
0.000000000000000000e+00
0.000000000000000000e+00
5.832304005737185584e-17
0.000000000000000000e+00
0.000000000000000000e+00
5.832304005737185584e-17
0.000000000000000000e+00
5.832304005737185584e-17
0.000000000000000000e+00
5.832304005737185584e-17
5.832304005737185584e-17
0.000000000000000000e+00
1.749691201721155675e-16
5.832304005737185584e-17
0.000000000000000000e+00
5.832304005737185584e-17
1.749691201721155675e-16
5.832304005737185584e-17
5.832304005737185584e-17
0.000000000000000000e+00
5.832304005737185584e-17
5.832304005737185584e-17
1.749691201721155675e-16
0.000000000000000000e+00
5.832304005737185584e-17
0.000000000000000000e+00
0.000000000000000000e+00
0.000000000000000000e+00
5.832304005737185584e-17
0.000000000000000000e+00
2.332921602294874233e-16
0.000000000000000000e+00
1.749691201721155675e-16
5.145439412230990578e-03
1.153388983304878546e-01
3.654525126598909268e-01
7.009677831175098461e-01
9.155736332198896044e-01
9.999999999999997780e-01
9.999999999999997780e-01
9.999999999999997780e-01
9.999999999999997780e-01
9.999999999999997780e-01
9.999999999999996669e-01
1.000000000000000000e+00
9.999999999999997780e-01
9.999999999999997780e-01
9.999999999999997780e-01
9.155736332198898264e-01
7.009677831175098461e-01
3.654525126598910933e-01
1.153388983304876741e-01
5.145439412230990578e-03
2.332921602294874233e-16
0.000000000000000000e+00
5.832304005737185584e-17
0.000000000000000000e+00
2.332921602294874233e-16
0.000000000000000000e+00
0.000000000000000000e+00
0.000000000000000000e+00
0.000000000000000000e+00
0.000000000000000000e+00
0.000000000000000000e+00
0.000000000000000000e+00
0.000000000000000000e+00
0.000000000000000000e+00
0.000000000000000000e+00
0.000000000000000000e+00
0.000000000000000000e+00
0.000000000000000000e+00
0.000000000000000000e+00
0.000000000000000000e+00
5.832304005737185584e-17
0.000000000000000000e+00
0.000000000000000000e+00
0.000000000000000000e+00
0.000000000000000000e+00
0.000000000000000000e+00
0.000000000000000000e+00
0.000000000000000000e+00
5.832304005737185584e-17
1.749691201721155675e-16
0.000000000000000000e+00
5.832304005737185584e-17
0.000000000000000000e+00
0.000000000000000000e+00
0.000000000000000000e+00
0.000000000000000000e+00
5.832304005737185584e-17
0.000000000000000000e+00
2.332921602294874233e-16
0.000000000000000000e+00
5.145439412230990578e-03
5.230145507752607253e-02
2.047374198597909367e-01
4.715547048942273500e-01
7.655237397167310442e-01
9.402027979878322395e-01
9.999999999999997780e-01
1.000000000000000000e+00
1.000000000000000000e+00
1.000000000000000000e+00
1.000000000000000000e+00
9.999999999999997780e-01
1.000000000000000000e+00
1.000000000000000000e+00
1.000000000000000000e+00
1.000000000000000000e+00
9.402027979878321284e-01
7.655237397167309332e-01
4.715547048942275721e-01
2.047374198597907702e-01
5.230145507752595457e-02
5.145439412231049559e-03
0.000000000000000000e+00
5.832304005737185584e-17
0.000000000000000000e+00
0.000000000000000000e+00
5.832304005737185584e-17
5.832304005737185584e-17
1.749691201721155675e-16
0.000000000000000000e+00
0.000000000000000000e+00
0.000000000000000000e+00
5.832304005737185584e-17
0.000000000000000000e+00
0.000000000000000000e+00
0.000000000000000000e+00
5.832304005737185584e-17
0.000000000000000000e+00
0.000000000000000000e+00
0.000000000000000000e+00
0.000000000000000000e+00
5.832304005737185584e-17
0.000000000000000000e+00
0.000000000000000000e+00
0.000000000000000000e+00
0.000000000000000000e+00
0.000000000000000000e+00
0.000000000000000000e+00
0.000000000000000000e+00
5.832304005737185584e-17
1.749691201721155675e-16
0.000000000000000000e+00
0.000000000000000000e+00
0.000000000000000000e+00
0.000000000000000000e+00
0.000000000000000000e+00
5.832304005737185584e-17
0.000000000000000000e+00
5.832304005737185584e-17
0.000000000000000000e+00
5.145439412231049559e-03
5.230145507752624601e-02
1.717639048810570557e-01
3.812306742190884612e-01
6.543162483703542920e-01
8.627060346994599449e-01
9.715739083299920198e-01
9.999999999999997780e-01
1.000000000000000000e+00
9.999999999999997780e-01
9.999999999999997780e-01
9.999999999999997780e-01
9.999999999999996669e-01
9.999999999999997780e-01
9.999999999999997780e-01
1.000000000000000000e+00
9.999999999999997780e-01
9.715739083299919088e-01
8.627060346994598339e-01
6.543162483703542920e-01
3.812306742190885167e-01
1.717639048810570002e-01
5.230145507752636397e-02
5.145439412231049559e-03
0.000000000000000000e+00
0.000000000000000000e+00
0.000000000000000000e+00
0.000000000000000000e+00
5.832304005737185584e-17
5.832304005737185584e-17
0.000000000000000000e+00
0.000000000000000000e+00
0.000000000000000000e+00
0.000000000000000000e+00
0.000000000000000000e+00
0.000000000000000000e+00
0.000000000000000000e+00
0.000000000000000000e+00
0.000000000000000000e+00
0.000000000000000000e+00
0.000000000000000000e+00
0.000000000000000000e+00
0.000000000000000000e+00
5.832304005737185584e-17
0.000000000000000000e+00
0.000000000000000000e+00
5.832304005737185584e-17
0.000000000000000000e+00
5.832304005737185584e-17
0.000000000000000000e+00
0.000000000000000000e+00
1.749691201721155675e-16
0.000000000000000000e+00
5.832304005737185584e-17
5.832304005737185584e-17
0.000000000000000000e+00
5.832304005737185584e-17
5.832304005737185584e-17
0.000000000000000000e+00
0.000000000000000000e+00
5.145439412230874351e-03
5.230145507752630846e-02
1.717639048810571112e-01
3.746881365004764985e-01
6.253118634995230574e-01
8.282360951189428055e-01
9.476985449224734070e-01
9.948545605877692211e-01
9.999999999999997780e-01
9.999999999999997780e-01
9.999999999999997780e-01
9.999999999999997780e-01
9.999999999999996669e-01
9.999999999999995559e-01
9.999999999999997780e-01
9.999999999999997780e-01
9.999999999999997780e-01
9.999999999999995559e-01
9.948545605877692211e-01
9.476985449224734070e-01
8.282360951189428055e-01
6.253118634995232794e-01
3.746881365004764985e-01
1.717639048810571667e-01
5.230145507752624601e-02
5.145439412230990578e-03
0.000000000000000000e+00
5.832304005737185584e-17
5.832304005737185584e-17
5.832304005737185584e-17
1.749691201721155675e-16
0.000000000000000000e+00
0.000000000000000000e+00
5.832304005737185584e-17
0.000000000000000000e+00
0.000000000000000000e+00
5.832304005737185584e-17
0.000000000000000000e+00
5.832304005737185584e-17
0.000000000000000000e+00
0.000000000000000000e+00
0.000000000000000000e+00
0.000000000000000000e+00
1.749691201721155675e-16
5.832304005737185584e-17
5.832304005737185584e-17
5.832304005737185584e-17
5.832304005737185584e-17
0.000000000000000000e+00
5.832304005737185584e-17
0.000000000000000000e+00
0.000000000000000000e+00
0.000000000000000000e+00
5.832304005737185584e-17
0.000000000000000000e+00
5.832304005737185584e-17
0.000000000000000000e+00
0.000000000000000000e+00
5.832304005737185584e-17
0.000000000000000000e+00
1.749691201721155675e-16
2.842609167000792122e-02
1.372939653005400551e-01
3.456837516296455415e-01
6.187693257809111502e-01
8.282360951189429166e-01
9.476985449224737401e-01
9.948545605877691100e-01
1.000000000000000000e+00
9.999999999999997780e-01
9.999999999999997780e-01
9.999999999999996669e-01
9.999999999999996669e-01
9.999999999999996669e-01
9.999999999999995559e-01
9.999999999999996669e-01
1.000000000000000000e+00
9.999999999999997780e-01
9.999999999999995559e-01
9.999999999999997780e-01
9.948545605877688880e-01
9.476985449224738511e-01
8.282360951189431386e-01
6.187693257809111502e-01
3.456837516296454305e-01
1.372939653005400551e-01
2.842609167000786571e-02
0.000000000000000000e+00
2.332921602294874233e-16
1.749691201721155675e-16
5.832304005737185584e-17
5.832304005737185584e-17
0.000000000000000000e+00
0.000000000000000000e+00
0.000000000000000000e+00
5.832304005737185584e-17
0.000000000000000000e+00
5.832304005737185584e-17
0.000000000000000000e+00
5.832304005737185584e-17
0.000000000000000000e+00
0.000000000000000000e+00
0.000000000000000000e+00
0.000000000000000000e+00
5.832304005737185584e-17
0.000000000000000000e+00
0.000000000000000000e+00
0.000000000000000000e+00
0.000000000000000000e+00
0.000000000000000000e+00
0.000000000000000000e+00
0.000000000000000000e+00
5.832304005737185584e-17
5.832304005737185584e-17
0.000000000000000000e+00
5.832304005737185584e-17
5.832304005737185584e-17
0.000000000000000000e+00
5.832304005737185584e-17
0.000000000000000000e+00
0.000000000000000000e+00
5.145439412230816238e-03
8.442636678011054829e-02
2.709848183640095054e-01
5.579227742451475791e-01
8.013599508575267594e-01
9.476985449224734070e-01
9.948545605877691100e-01
9.999999999999997780e-01
1.000000000000000000e+00
1.000000000000000000e+00
1.000000000000000000e+00
1.000000000000000000e+00
1.000000000000000000e+00
9.999999999999997780e-01
1.000000000000000000e+00
1.000000000000000000e+00
1.000000000000000000e+00
1.000000000000000000e+00
1.000000000000000000e+00
1.000000000000000000e+00
9.999999999999997780e-01
9.948545605877689990e-01
9.476985449224734070e-01
8.013599508575267594e-01
5.579227742451475791e-01
2.709848183640094499e-01
8.442636678011018747e-02
5.145439412230874351e-03
5.832304005737185584e-17
0.000000000000000000e+00
5.832304005737185584e-17
5.832304005737185584e-17
0.000000000000000000e+00
5.832304005737185584e-17
0.000000000000000000e+00
0.000000000000000000e+00
0.000000000000000000e+00
0.000000000000000000e+00
0.000000000000000000e+00
5.832304005737185584e-17
0.000000000000000000e+00
0.000000000000000000e+00
0.000000000000000000e+00
0.000000000000000000e+00
5.832304005737185584e-17
0.000000000000000000e+00
5.832304005737185584e-17
0.000000000000000000e+00
5.832304005737185584e-17
5.832304005737185584e-17
0.000000000000000000e+00
0.000000000000000000e+00
1.749691201721155675e-16
5.832304005737185584e-17
0.000000000000000000e+00
1.749691201721155675e-16
0.000000000000000000e+00
0.000000000000000000e+00
5.832304005737185584e-17
0.000000000000000000e+00
5.145439412230874351e-03
5.230145507752630846e-02
1.986400491424728243e-01
4.420772257548518103e-01
7.290151816359905501e-01
9.155736332198896044e-01
9.948545605877689990e-01
9.999999999999997780e-01
9.999999999999997780e-01
1.000000000000000000e+00
9.999999999999997780e-01
1.000000000000000000e+00
1.000000000000000000e+00
9.999999999999997780e-01
9.999999999999997780e-01
9.999999999999997780e-01
9.999999999999997780e-01
9.999999999999997780e-01
1.000000000000000000e+00
9.999999999999997780e-01
1.000000000000000000e+00
9.999999999999996669e-01
9.999999999999997780e-01
9.948545605877692211e-01
9.155736332198896044e-01
7.290151816359903281e-01
4.420772257548518103e-01
1.986400491424724912e-01
5.230145507752619050e-02
5.145439412230990578e-03
5.832304005737185584e-17
0.000000000000000000e+00
1.749691201721155675e-16
0.000000000000000000e+00
0.000000000000000000e+00
0.000000000000000000e+00
0.000000000000000000e+00
0.000000000000000000e+00
0.000000000000000000e+00
0.000000000000000000e+00
5.832304005737185584e-17
0.000000000000000000e+00
0.000000000000000000e+00
0.000000000000000000e+00
0.000000000000000000e+00
5.832304005737185584e-17
5.832304005737185584e-17
0.000000000000000000e+00
0.000000000000000000e+00
5.832304005737185584e-17
0.000000000000000000e+00
5.832304005737185584e-17
0.000000000000000000e+00
0.000000000000000000e+00
0.000000000000000000e+00
0.000000000000000000e+00
0.000000000000000000e+00
0.000000000000000000e+00
0.000000000000000000e+00
0.000000000000000000e+00
0.000000000000000000e+00
5.230145507752630846e-02
1.717639048810570002e-01
3.812306742190891273e-01
6.543162483703547361e-01
8.627060346994601669e-01
9.715739083299917977e-01
9.999999999999997780e-01
1.000000000000000000e+00
9.999999999999997780e-01
1.000000000000000000e+00
9.999999999999995559e-01
9.999999999999997780e-01
9.999999999999997780e-01
9.999999999999996669e-01
9.999999999999996669e-01
9.999999999999995559e-01
9.999999999999995559e-01
9.999999999999997780e-01
9.999999999999997780e-01
9.999999999999995559e-01
9.999999999999997780e-01
9.999999999999997780e-01
9.999999999999997780e-01
1.000000000000000000e+00
9.715739083299915757e-01
8.627060346994599449e-01
6.543162483703549581e-01
3.812306742190887388e-01
1.717639048810570002e-01
5.230145507752642642e-02
5.145439412230874351e-03
0.000000000000000000e+00
0.000000000000000000e+00
0.000000000000000000e+00
0.000000000000000000e+00
0.000000000000000000e+00
0.000000000000000000e+00
0.000000000000000000e+00
0.000000000000000000e+00
0.000000000000000000e+00
5.832304005737185584e-17
5.832304005737185584e-17
0.000000000000000000e+00
0.000000000000000000e+00
0.000000000000000000e+00
0.000000000000000000e+00
0.000000000000000000e+00
0.000000000000000000e+00
0.000000000000000000e+00
0.000000000000000000e+00
0.000000000000000000e+00
0.000000000000000000e+00
0.000000000000000000e+00
5.832304005737185584e-17
0.000000000000000000e+00
0.000000000000000000e+00
0.000000000000000000e+00
0.000000000000000000e+00
0.000000000000000000e+00
5.832304005737185584e-17
0.000000000000000000e+00
1.058284706370735823e-01
2.733606108804668144e-01
5.149330937701114275e-01
7.250694451281498587e-01
8.529598890844783954e-01
9.043291652520548674e-01
9.099652469359883478e-01
9.099652469359882367e-01
9.099652469359880147e-01
9.099652469359883478e-01
9.099652469359882367e-01
9.099652469359882367e-01
9.099652469359883478e-01
9.099652469359880147e-01
9.099652469359882367e-01
9.099652469359880147e-01
9.099652469359882367e-01
9.099652469359882367e-01
9.099652469359882367e-01
9.099652469359879037e-01
9.099652469359884588e-01
9.099652469359882367e-01
9.099652469359880147e-01
9.099652469359883478e-01
9.043291652520547563e-01
8.529598890844783954e-01
7.250694451281497477e-01
5.149330937701112054e-01
2.733606108804669810e-01
1.058284706370738876e-01
2.314514455335293236e-02
0.000000000000000000e+00
5.832304005737185584e-17
0.000000000000000000e+00
0.000000000000000000e+00
0.000000000000000000e+00
0.000000000000000000e+00
0.000000000000000000e+00
0.000000000000000000e+00
0.000000000000000000e+00
0.000000000000000000e+00
0.000000000000000000e+00
0.000000000000000000e+00
0.000000000000000000e+00
0.000000000000000000e+00
5.832304005737185584e-17
0.000000000000000000e+00
0.000000000000000000e+00
0.000000000000000000e+00
5.832304005737185584e-17
0.000000000000000000e+00
0.000000000000000000e+00
0.000000000000000000e+00
1.749691201721155675e-16
0.000000000000000000e+00
5.832304005737185584e-17
0.000000000000000000e+00
0.000000000000000000e+00
5.832304005737185584e-17
5.832304005737185584e-17
0.000000000000000000e+00
1.196640847667937713e-01
2.884321338172356475e-01
4.696561221168731315e-01
6.078725563263877030e-01
6.659125375248667877e-01
6.723726735886880190e-01
6.723726735886875749e-01
6.723726735886877970e-01
6.723726735886877970e-01
6.723726735886880190e-01
6.723726735886880190e-01
6.723726735886880190e-01
6.723726735886881301e-01
6.723726735886881301e-01
6.723726735886881301e-01
6.723726735886880190e-01
6.723726735886880190e-01
6.723726735886877970e-01
6.723726735886880190e-01
6.723726735886875749e-01
6.723726735886880190e-01
6.723726735886877970e-01
6.723726735886877970e-01
6.723726735886880190e-01
6.723726735886875749e-01
6.659125375248668988e-01
6.078725563263874809e-01
4.696561221168726319e-01
2.884321338172356475e-01
1.196640847667937713e-01
3.041899549255186117e-02
0.000000000000000000e+00
5.832304005737185584e-17
0.000000000000000000e+00
0.000000000000000000e+00
0.000000000000000000e+00
0.000000000000000000e+00
0.000000000000000000e+00
0.000000000000000000e+00
0.000000000000000000e+00
5.832304005737185584e-17
0.000000000000000000e+00
0.000000000000000000e+00
0.000000000000000000e+00
0.000000000000000000e+00
5.832304005737185584e-17
5.832304005737185584e-17
0.000000000000000000e+00
0.000000000000000000e+00
5.832304005737185584e-17
0.000000000000000000e+00
0.000000000000000000e+00
0.000000000000000000e+00
0.000000000000000000e+00
5.832304005737185584e-17
0.000000000000000000e+00
0.000000000000000000e+00
0.000000000000000000e+00
0.000000000000000000e+00
5.832304005737185584e-17
0.000000000000000000e+00
