0.000000000000000000e+00
0.000000000000000000e+00
0.000000000000000000e+00
0.000000000000000000e+00
0.000000000000000000e+00
4.810352034591132420e-03
2.670553544313973571e-02
8.019427077078704336e-02
1.923455751837340189e-01
3.477666718345543972e-01
5.293718145170064338e-01
6.386286426290505025e-01
6.773417756345316842e-01
6.773417756345316842e-01
6.773417756345319063e-01
6.773417756345316842e-01
6.773417756345319063e-01
6.773417756345316842e-01
6.386286426290505025e-01
5.293718145170064338e-01
3.477666718345543972e-01
1.923455751837340189e-01
8.019427077078714050e-02
2.670553544313973571e-02
4.810352034591233901e-03
0.000000000000000000e+00
0.000000000000000000e+00
0.000000000000000000e+00
0.000000000000000000e+00
2.858955264122645459e-02
1.143931638618723989e-01
2.827461782262184475e-01
4.686682004719500139e-01
6.112349593400469017e-01
6.707424208152629186e-01
6.773417756345316842e-01
6.773417756345316842e-01
6.773417756345316842e-01
6.773417756345313512e-01
6.386286426290503915e-01
5.293718145170067668e-01
3.411171617202751749e-01
1.656320032295093281e-01
4.937354425136000757e-02
4.810352034591132420e-03
0.000000000000000000e+00
4.810352034591132420e-03
4.937354425136000757e-02
1.656320032295094946e-01
3.411171617202751749e-01
5.293718145170064338e-01
6.386286426290503915e-01
6.773417756345316842e-01
6.773417756345316842e-01
6.773417756345319063e-01
6.773417756345319063e-01
6.707424208152629186e-01
6.112349593400469017e-01
4.686682004719500139e-01
2.827461782262184475e-01
1.143931638618722046e-01
0.000000000000000000e+00
0.000000000000000000e+00
0.000000000000000000e+00
0.000000000000000000e+00
4.810352034591031806e-03
4.937354425135991043e-02
1.316459987678445243e-01
2.650585327650387679e-01
4.402096543652467275e-01
6.522333281654455472e-01
8.015695842480186073e-01
8.898253916149206910e-01
9.143892176583935383e-01
9.143892176583935383e-01
9.143892176583937603e-01
9.143892176583935383e-01
9.143892176583935383e-01
9.143892176583937603e-01
8.898253916149206910e-01
8.015695842480186073e-01
6.522333281654453252e-01
4.402096543652467275e-01
2.650585327650387679e-01
1.316459987678446353e-01
4.937354425136000757e-02
4.810352034591233901e-03
0.000000000000000000e+00
0.000000000000000000e+00
0.000000000000000000e+00
2.172043019165051728e-02
1.009187990238566562e-01
2.674639414331093090e-01
5.154206269500244408e-01
7.309459950090866354e-01
8.587777620020543567e-01
9.089356240674781873e-01
9.143892176583933162e-01
9.143892176583933162e-01
9.143892176583935383e-01
8.898253916149205800e-01
8.015695842480183853e-01
6.224333901369935029e-01
3.708481561687027028e-01
1.656320032295094946e-01
4.937354425136000757e-02
9.660083881985307569e-03
4.937354425136000757e-02
1.656320032295093836e-01
3.708481561687027583e-01
6.224333901369935029e-01
8.015695842480181632e-01
8.898253916149205800e-01
9.143892176583935383e-01
9.143892176583933162e-01
9.143892176583933162e-01
9.089356240674784093e-01
8.587777620020543567e-01
7.309459950090866354e-01
5.154206269500244408e-01
2.674639414331093090e-01
1.009187990238566007e-01
0.000000000000000000e+00
0.000000000000000000e+00
4.810352034591132420e-03
2.670553544313953448e-02
8.019427077078704336e-02
1.923455751837338801e-01
3.477666718345543417e-01
5.597903456347529394e-01
7.349414672349611211e-01
8.683540012321554480e-01
9.506264557486396871e-01
9.951896479654087635e-01
9.999999999999997780e-01
9.999999999999997780e-01
1.000000000000000000e+00
9.999999999999997780e-01
9.999999999999997780e-01
9.999999999999997780e-01
9.951896479654087635e-01
9.506264557486396871e-01
8.683540012321551149e-01
7.349414672349613431e-01
5.597903456347531614e-01
3.477666718345544528e-01
1.923455751837340189e-01
8.019427077078714050e-02
2.670553544313953448e-02
4.810352034591132420e-03
0.000000000000000000e+00
4.810352034591233901e-03
4.937354425136000757e-02
1.656320032295094946e-01
3.775666098630062750e-01
6.588828382797247141e-01
8.683540012321553370e-01
9.732944645568603059e-01
1.000000000000000000e+00
1.000000000000000000e+00
9.999999999999997780e-01
9.951896479654085415e-01
9.506264557486399092e-01
8.343679967704903389e-01
6.224333901369935029e-01
3.411171617202753414e-01
1.316459987678445243e-01
5.456976209251979126e-02
1.316459987678445243e-01
3.411171617202753414e-01
6.224333901369939470e-01
8.343679967704903389e-01
9.506264557486399092e-01
9.951896479654085415e-01
1.000000000000000000e+00
9.999999999999997780e-01
1.000000000000000000e+00
9.732944645568603059e-01
8.683540012321554480e-01
6.588828382797247141e-01
3.775666098630061640e-01
1.656320032295090783e-01
4.937354425135991043e-02
0.000000000000000000e+00
0.000000000000000000e+00
2.670553544313953448e-02
9.883975795727875657e-02
2.368410876521115649e-01
4.333938118113027094e-01
6.522333281654452142e-01
8.076544248162659256e-01
9.198057292292129983e-01
9.732944645568603059e-01
9.951896479654089855e-01
1.000000000000000000e+00
9.999999999999997780e-01
1.000000000000000000e+00
9.999999999999997780e-01
1.000000000000000000e+00
1.000000000000000000e+00
9.999999999999997780e-01
9.999999999999997780e-01
9.951896479654087635e-01
9.732944645568603059e-01
9.198057292292129983e-01
8.076544248162660367e-01
6.522333281654455472e-01
4.333938118113028204e-01
2.368410876521118147e-01
9.883975795727870106e-02
2.670553544313963509e-02
0.000000000000000000e+00
0.000000000000000000e+00
4.810352034591132420e-03
4.937354425135975777e-02
1.923455751837340189e-01
4.402096543652470051e-01
7.349414672349608990e-01
9.198057292292133313e-01
9.951896479654087635e-01
9.999999999999997780e-01
9.999999999999997780e-01
1.000000000000000000e+00
9.951896479654089855e-01
9.454302379074802642e-01
7.741156758030439677e-01
4.894649691173291739e-01
2.007255952584002523e-01
1.066881076870921513e-01
2.007255952584002523e-01
4.894649691173291739e-01
7.741156758030439677e-01
9.454302379074802642e-01
9.951896479654087635e-01
1.000000000000000000e+00
1.000000000000000000e+00
9.999999999999997780e-01
9.951896479654087635e-01
9.198057292292133313e-01
7.349414672349611211e-01
4.402096543652468941e-01
1.923455751837340189e-01
4.937354425135991043e-02
4.810352034591132420e-03
0.000000000000000000e+00
4.810352034591233901e-03
8.019427077078704336e-02
2.368410876521117314e-01
4.897273009389361831e-01
7.062339772039391006e-01
8.683540012321551149e-01
9.506264557486399092e-01
9.951896479654087635e-01
1.000000000000000000e+00
9.999999999999997780e-01
1.000000000000000000e+00
1.000000000000000000e+00
1.000000000000000000e+00
1.000000000000000000e+00
1.000000000000000000e+00
1.000000000000000000e+00
1.000000000000000000e+00
9.999999999999997780e-01
9.999999999999997780e-01
9.999999999999997780e-01
9.951896479654085415e-01
9.506264557486401312e-01
8.683540012321554480e-01
7.062339772039394337e-01
4.897273009389365162e-01
2.368410876521117869e-01
8.019427077078704336e-02
4.810352034591132420e-03
0.000000000000000000e+00
1.012631395060815352e-16
4.810352034591132420e-03
8.019427077078683519e-02
2.650585327650387679e-01
5.597903456347529394e-01
8.076544248162659256e-01
9.506264557486399092e-01
9.951896479654085415e-01
1.000000000000000000e+00
9.999999999999997780e-01
1.000000000000000000e+00
9.682703604021654087e-01
8.099338203945727344e-01
5.199555515389586713e-01
2.068519885288190030e-01
1.066881076870920958e-01
2.068519885288190030e-01
5.199555515389586713e-01
8.099338203945728454e-01
9.682703604021655197e-01
1.000000000000000000e+00
9.999999999999997780e-01
1.000000000000000000e+00
9.951896479654085415e-01
9.506264557486401312e-01
8.076544248162659256e-01
5.597903456347530504e-01
2.650585327650387679e-01
8.019427077078698785e-02
4.810352034591132420e-03
0.000000000000000000e+00
4.810352034591335382e-03
4.937354425135985492e-02
1.923455751837341299e-01
4.333938118113027094e-01
7.062339772039394337e-01
8.877186446703287936e-01
9.732944645568604169e-01
9.951896479654087635e-01
1.000000000000000000e+00
9.999999999999997780e-01
1.000000000000000000e+00
1.000000000000000000e+00
9.999999999999997780e-01
1.000000000000000000e+00
1.000000000000000000e+00
1.000000000000000000e+00
1.000000000000000000e+00
1.000000000000000000e+00
1.000000000000000000e+00
1.000000000000000000e+00
9.999999999999997780e-01
1.000000000000000000e+00
9.951896479654087635e-01
9.732944645568604169e-01
8.877186446703290157e-01
7.062339772039395447e-01
4.333938118113025983e-01
1.923455751837341299e-01
4.937354425136000757e-02
4.810352034591132420e-03
0.000000000000000000e+00
1.012631395060815352e-16
2.670553544313953448e-02
1.316459987678444410e-01
3.411171617202753970e-01
6.224333901369939470e-01
8.343679967704903389e-01
9.506264557486401312e-01
9.951896479654087635e-01
9.999999999999997780e-01
9.951896479654089855e-01
9.198057292292129983e-01
7.285348515467483521e-01
4.099241143391307851e-01
1.575062201136586681e-01
5.456976209251968718e-02
1.575062201136586681e-01
4.099241143391307851e-01
7.285348515467487962e-01
9.198057292292129983e-01
9.951896479654087635e-01
9.999999999999997780e-01
9.951896479654089855e-01
9.506264557486399092e-01
8.343679967704903389e-01
6.224333901369939470e-01
3.411171617202753970e-01
1.316459987678446908e-01
2.670553544313953448e-02
0.000000000000000000e+00
0.000000000000000000e+00
2.670553544313963509e-02
1.316459987678446353e-01
3.477666718345543972e-01
6.522333281654455472e-01
8.683540012321554480e-01
9.732944645568603059e-01
9.999999999999997780e-01
1.000000000000000000e+00
1.000000000000000000e+00
1.000000000000000000e+00
9.999999999999997780e-01
1.000000000000000000e+00
1.000000000000000000e+00
1.000000000000000000e+00
1.000000000000000000e+00
1.000000000000000000e+00
1.000000000000000000e+00
9.999999999999997780e-01
1.000000000000000000e+00
9.999999999999997780e-01
9.999999999999997780e-01
1.000000000000000000e+00
9.999999999999997780e-01
1.000000000000000000e+00
9.732944645568604169e-01
8.683540012321556700e-01
6.522333281654455472e-01
3.477666718345543972e-01
1.316459987678445243e-01
2.670553544313973571e-02
1.012631395060815352e-16
0.000000000000000000e+00
4.810352034590930324e-03
4.937354425136000757e-02
1.656320032295093281e-01
3.775666098630064971e-01
6.588828382797247141e-01
8.683540012321551149e-01
9.732944645568600839e-01
9.951896479654089855e-01
9.506264557486399092e-01
8.076544248162660367e-01
5.597903456347527174e-01
2.650585327650386569e-01
8.019427077078704336e-02
9.660083881985307569e-03
8.019427077078704336e-02
2.650585327650386569e-01
5.597903456347530504e-01
8.076544248162659256e-01
9.506264557486399092e-01
9.951896479654089855e-01
9.732944645568604169e-01
8.683540012321551149e-01
6.588828382797247141e-01
3.775666098630064971e-01
1.656320032295093836e-01
4.937354425135991043e-02
4.810352034591132420e-03
0.000000000000000000e+00
0.000000000000000000e+00
8.019427077078714050e-02
2.650585327650387679e-01
5.597903456347531614e-01
8.076544248162660367e-01
9.506264557486396871e-01
9.951896479654087635e-01
9.999999999999997780e-01
1.000000000000000000e+00
9.999999999999997780e-01
1.000000000000000000e+00
9.999999999999997780e-01
1.000000000000000000e+00
9.999999999999997780e-01
1.000000000000000000e+00
1.000000000000000000e+00
1.000000000000000000e+00
9.999999999999997780e-01
1.000000000000000000e+00
9.999999999999997780e-01
9.999999999999997780e-01
9.999999999999997780e-01
1.000000000000000000e+00
1.000000000000000000e+00
9.999999999999997780e-01
9.951896479654089855e-01
9.506264557486401312e-01
8.076544248162659256e-01
5.597903456347530504e-01
2.650585327650386569e-01
8.019427077078668253e-02
4.810352034591233901e-03
0.000000000000000000e+00
0.000000000000000000e+00
4.810352034591132420e-03
4.937354425135991043e-02
1.923455751837337691e-01
4.402096543652469496e-01
7.349414672349611211e-01
9.143892176583935383e-01
9.454302379074802642e-01
8.343679967704907829e-01
6.224333901369939470e-01
3.411171617202751749e-01
1.316459987678445243e-01
2.670553544313963509e-02
0.000000000000000000e+00
2.670553544313963509e-02
1.316459987678445243e-01
3.411171617202751749e-01
6.224333901369939470e-01
8.343679967704907829e-01
9.454302379074800422e-01
9.143892176583935383e-01
7.349414672349614541e-01
4.402096543652469496e-01
1.923455751837338801e-01
4.937354425136000757e-02
4.810352034590930324e-03
1.012631395060815352e-16
1.012631395060815352e-16
0.000000000000000000e+00
1.923455751837339633e-01
4.402096543652472826e-01
7.349414672349613431e-01
9.198057292292129983e-01
9.951896479654087635e-01
1.000000000000000000e+00
9.999999999999997780e-01
1.000000000000000000e+00
1.000000000000000000e+00
9.999999999999997780e-01
1.000000000000000000e+00
1.000000000000000000e+00
1.000000000000000000e+00
1.000000000000000000e+00
1.000000000000000000e+00
1.000000000000000000e+00
1.000000000000000000e+00
1.000000000000000000e+00
9.999999999999997780e-01
1.000000000000000000e+00
9.999999999999997780e-01
1.000000000000000000e+00
1.000000000000000000e+00
9.999999999999997780e-01
1.000000000000000000e+00
9.951896479654087635e-01
9.198057292292129983e-01
7.349414672349611211e-01
4.402096543652466165e-01
1.923455751837335193e-01
4.937354425136000757e-02
4.810352034591132420e-03
0.000000000000000000e+00
0.000000000000000000e+00
4.810352034591132420e-03
8.019427077078708499e-02
2.714651484532512038e-01
5.900758856608689928e-01
8.099338203945729564e-01
8.365941841598196760e-01
6.588828382797247141e-01
3.775666098630059975e-01
1.656320032295093281e-01
4.937354425136000757e-02
4.810352034591132420e-03
0.000000000000000000e+00
4.810352034591132420e-03
4.937354425135991043e-02
1.656320032295093836e-01
3.775666098630061640e-01
6.588828382797247141e-01
8.365941841598195650e-01
8.099338203945734005e-01
5.900758856608691039e-01
2.714651484532513703e-01
8.019427077078708499e-02
4.810352034591132420e-03
0.000000000000000000e+00
0.000000000000000000e+00
0.000000000000000000e+00
0.000000000000000000e+00
3.477666718345546193e-01
6.522333281654456583e-01
8.683540012321555590e-01
9.732944645568604169e-01
9.999999999999997780e-01
9.999999999999997780e-01
1.000000000000000000e+00
1.000000000000000000e+00
1.000000000000000000e+00
1.000000000000000000e+00
1.000000000000000000e+00
1.000000000000000000e+00
9.999999999999997780e-01
9.999999999999997780e-01
9.999999999999997780e-01
9.999999999999997780e-01
9.999999999999997780e-01
9.999999999999997780e-01
1.000000000000000000e+00
1.000000000000000000e+00
9.999999999999997780e-01
1.000000000000000000e+00
1.000000000000000000e+00
1.000000000000000000e+00
9.999999999999997780e-01
1.000000000000000000e+00
9.732944645568603059e-01
8.683540012321553370e-01
6.522333281654453252e-01
3.477666718345544528e-01
1.316459987678446908e-01
2.670553544313943040e-02
0.000000000000000000e+00
0.000000000000000000e+00
0.000000000000000000e+00
2.670553544313953448e-02
1.634058158401803240e-01
4.402096543652469496e-01
6.931934585557388839e-01
6.997244384348643154e-01
4.706281854829937883e-01
1.984304157519816147e-01
4.937354425135991043e-02
4.810352034591132420e-03
0.000000000000000000e+00
0.000000000000000000e+00
0.000000000000000000e+00
4.810352034591132420e-03
4.937354425135991043e-02
1.984304157519816703e-01
4.706281854829935662e-01
6.997244384348640933e-01
6.931934585557388839e-01
4.402096543652468941e-01
1.634058158401802130e-01
2.670553544313973571e-02
0.000000000000000000e+00
0.000000000000000000e+00
0.000000000000000000e+00
0.000000000000000000e+00
0.000000000000000000e+00
5.293718145170064338e-01
8.015695842480181632e-01
9.506264557486399092e-01
9.951896479654092076e-01
9.999999999999997780e-01
9.999999999999997780e-01
1.000000000000000000e+00
1.000000000000000000e+00
1.000000000000000000e+00
9.999999999999997780e-01
1.000000000000000000e+00
1.000000000000000000e+00
1.000000000000000000e+00
1.000000000000000000e+00
1.000000000000000000e+00
1.000000000000000000e+00
1.000000000000000000e+00
1.000000000000000000e+00
1.000000000000000000e+00
1.000000000000000000e+00
9.999999999999997780e-01
1.000000000000000000e+00
9.999999999999997780e-01
1.000000000000000000e+00
1.000000000000000000e+00
9.999999999999997780e-01
9.951896479654087635e-01
9.506264557486399092e-01
8.015695842480183853e-01
5.293718145170064338e-01
2.282282598331848711e-01
5.653294666433585081e-02
0.000000000000000000e+00
0.000000000000000000e+00
0.000000000000000000e+00
4.810352034591031806e-03
1.101746083850792673e-01
3.613713573709493865e-01
6.019404945207172952e-01
6.019404945207172952e-01
3.613713573709497195e-01
1.101746083850791147e-01
4.810352034591132420e-03
0.000000000000000000e+00
0.000000000000000000e+00
1.012631395060815352e-16
0.000000000000000000e+00
0.000000000000000000e+00
4.810352034591132420e-03
1.101746083850793229e-01
3.613713573709496085e-01
6.019404945207168511e-01
6.019404945207174062e-01
3.613713573709495530e-01
1.101746083850792673e-01
4.810352034591132420e-03
0.000000000000000000e+00
0.000000000000000000e+00
0.000000000000000000e+00
0.000000000000000000e+00
0.000000000000000000e+00
6.386286426290505025e-01
8.898253916149206910e-01
9.951896479654087635e-01
1.000000000000000000e+00
1.000000000000000000e+00
1.000000000000000000e+00
1.000000000000000000e+00
9.999999999999997780e-01
1.000000000000000000e+00
9.999999999999997780e-01
1.000000000000000000e+00
1.000000000000000000e+00
9.999999999999997780e-01
9.999999999999997780e-01
1.000000000000000000e+00
1.000000000000000000e+00
9.999999999999997780e-01
9.999999999999997780e-01
1.000000000000000000e+00
1.000000000000000000e+00
9.999999999999997780e-01
9.999999999999997780e-01
1.000000000000000000e+00
1.000000000000000000e+00
1.000000000000000000e+00
1.000000000000000000e+00
9.999999999999997780e-01
9.951896479654087635e-01
8.898253916149209131e-01
6.386286426290506135e-01
2.935170866421932256e-01
8.019427077078683519e-02
0.000000000000000000e+00
0.000000000000000000e+00
0.000000000000000000e+00
0.000000000000000000e+00
8.561078234160644784e-02
3.226582243654681492e-01
5.649152318850616528e-01
5.649152318850615417e-01
3.226582243654682047e-01
8.561078234160644784e-02
0.000000000000000000e+00
0.000000000000000000e+00
0.000000000000000000e+00
1.012631395060815352e-16
0.000000000000000000e+00
0.000000000000000000e+00
0.000000000000000000e+00
8.561078234160660050e-02
3.226582243654681492e-01
5.649152318850613197e-01
5.649152318850617638e-01
3.226582243654682602e-01
8.561078234160648948e-02
0.000000000000000000e+00
0.000000000000000000e+00
0.000000000000000000e+00
0.000000000000000000e+00
0.000000000000000000e+00
0.000000000000000000e+00
6.773417756345316842e-01
9.143892176583933162e-01
1.000000000000000000e+00
1.000000000000000000e+00
1.000000000000000000e+00
1.000000000000000000e+00
1.000000000000000000e+00
1.000000000000000000e+00
1.000000000000000000e+00
1.000000000000000000e+00
9.999999999999997780e-01
1.000000000000000000e+00
1.000000000000000000e+00
1.000000000000000000e+00
1.000000000000000000e+00
1.000000000000000000e+00
1.000000000000000000e+00
1.000000000000000000e+00
1.000000000000000000e+00
1.000000000000000000e+00
1.000000000000000000e+00
1.000000000000000000e+00
1.000000000000000000e+00
9.999999999999997780e-01
1.000000000000000000e+00
1.000000000000000000e+00
1.000000000000000000e+00
1.000000000000000000e+00
9.143892176583933162e-01
6.773417756345316842e-01
3.226582243654682602e-01
8.561078234160644784e-02
0.000000000000000000e+00
0.000000000000000000e+00
0.000000000000000000e+00
0.000000000000000000e+00
8.561078234160648948e-02
3.226582243654681492e-01
5.649152318850615417e-01
5.649152318850615417e-01
3.226582243654684823e-01
8.561078234160639233e-02
0.000000000000000000e+00
0.000000000000000000e+00
0.000000000000000000e+00
0.000000000000000000e+00
0.000000000000000000e+00
0.000000000000000000e+00
1.012631395060815352e-16
8.561078234160654499e-02
3.226582243654682047e-01
5.649152318850613197e-01
5.649152318850615417e-01
3.226582243654681492e-01
8.561078234160644784e-02
0.000000000000000000e+00
0.000000000000000000e+00
0.000000000000000000e+00
0.000000000000000000e+00
0.000000000000000000e+00
0.000000000000000000e+00
6.773417756345315732e-01
9.143892176583935383e-01
9.999999999999997780e-01
9.999999999999997780e-01
1.000000000000000000e+00
9.999999999999997780e-01
1.000000000000000000e+00
1.000000000000000000e+00
1.000000000000000000e+00
1.000000000000000000e+00
1.000000000000000000e+00
1.000000000000000000e+00
1.000000000000000000e+00
1.000000000000000000e+00
1.000000000000000000e+00
1.000000000000000000e+00
1.000000000000000000e+00
1.000000000000000000e+00
9.999999999999997780e-01
1.000000000000000000e+00
1.000000000000000000e+00
9.999999999999997780e-01
9.999999999999997780e-01
9.999999999999997780e-01
9.999999999999997780e-01
1.000000000000000000e+00
9.999999999999997780e-01
9.999999999999995559e-01
9.143892176583928721e-01
6.773417756345313512e-01
3.226582243654681492e-01
8.561078234160639233e-02
0.000000000000000000e+00
0.000000000000000000e+00
0.000000000000000000e+00
0.000000000000000000e+00
8.561078234160648948e-02
3.226582243654680382e-01
5.649152318850614307e-01
5.649152318850616528e-01
3.226582243654682602e-01
8.561078234160644784e-02
0.000000000000000000e+00
0.000000000000000000e+00
0.000000000000000000e+00
0.000000000000000000e+00
0.000000000000000000e+00
0.000000000000000000e+00
0.000000000000000000e+00
8.561078234160660050e-02
3.226582243654682047e-01
5.649152318850613197e-01
5.649152318850615417e-01
3.226582243654681492e-01
8.561078234160648948e-02
1.012631395060815352e-16
0.000000000000000000e+00
0.000000000000000000e+00
0.000000000000000000e+00
0.000000000000000000e+00
0.000000000000000000e+00
6.773417756345316842e-01
9.143892176583937603e-01
1.000000000000000000e+00
1.000000000000000000e+00
1.000000000000000000e+00
1.000000000000000000e+00
1.000000000000000000e+00
9.999999999999997780e-01
1.000000000000000000e+00
9.999999999999997780e-01
1.000000000000000000e+00
1.000000000000000000e+00
1.000000000000000000e+00
9.999999999999997780e-01
9.999999999999997780e-01
1.000000000000000000e+00
1.000000000000000000e+00
9.999999999999997780e-01
1.000000000000000000e+00
1.000000000000000000e+00
9.999999999999997780e-01
1.000000000000000000e+00
9.999999999999997780e-01
9.999999999999997780e-01
1.000000000000000000e+00
1.000000000000000000e+00
1.000000000000000000e+00
9.999999999999997780e-01
9.143892176583933162e-01
6.773417756345316842e-01
3.226582243654681492e-01
8.561078234160654499e-02
0.000000000000000000e+00
0.000000000000000000e+00
0.000000000000000000e+00
0.000000000000000000e+00
8.561078234160648948e-02
3.226582243654681492e-01
5.649152318850615417e-01
5.649152318850613197e-01
3.226582243654684268e-01
8.561078234160639233e-02
0.000000000000000000e+00
0.000000000000000000e+00
0.000000000000000000e+00
0.000000000000000000e+00
0.000000000000000000e+00
0.000000000000000000e+00
0.000000000000000000e+00
8.561078234160648948e-02
3.226582243654681492e-01
5.649152318850613197e-01
5.649152318850615417e-01
3.226582243654681492e-01
8.561078234160648948e-02
1.012631395060815352e-16
0.000000000000000000e+00
0.000000000000000000e+00
0.000000000000000000e+00
0.000000000000000000e+00
0.000000000000000000e+00
6.773417756345316842e-01
9.143892176583933162e-01
1.000000000000000000e+00
1.000000000000000000e+00
1.000000000000000000e+00
9.999999999999997780e-01
1.000000000000000000e+00
1.000000000000000000e+00
1.000000000000000000e+00
9.999999999999997780e-01
1.000000000000000000e+00
1.000000000000000000e+00
1.000000000000000000e+00
1.000000000000000000e+00
1.000000000000000000e+00
1.000000000000000000e+00
1.000000000000000000e+00
1.000000000000000000e+00
1.000000000000000000e+00
1.000000000000000000e+00
1.000000000000000000e+00
9.999999999999997780e-01
1.000000000000000000e+00
1.000000000000000000e+00
9.999999999999997780e-01
1.000000000000000000e+00
9.999999999999997780e-01
1.000000000000000000e+00
9.143892176583933162e-01
6.773417756345315732e-01
3.226582243654680382e-01
8.561078234160648948e-02
0.000000000000000000e+00
0.000000000000000000e+00
0.000000000000000000e+00
0.000000000000000000e+00
8.561078234160648948e-02
3.226582243654681492e-01
5.649152318850616528e-01
5.649152318850615417e-01
3.226582243654684823e-01
8.561078234160639233e-02
0.000000000000000000e+00
0.000000000000000000e+00
0.000000000000000000e+00
0.000000000000000000e+00
0.000000000000000000e+00
0.000000000000000000e+00
0.000000000000000000e+00
8.561078234160654499e-02
3.226582243654682602e-01
5.649152318850613197e-01
5.649152318850615417e-01
3.226582243654682602e-01
8.561078234160639233e-02
0.000000000000000000e+00
0.000000000000000000e+00
0.000000000000000000e+00
0.000000000000000000e+00
0.000000000000000000e+00
0.000000000000000000e+00
6.773417756345316842e-01
9.143892176583933162e-01
9.999999999999997780e-01
9.999999999999997780e-01
1.000000000000000000e+00
9.999999999999997780e-01
1.000000000000000000e+00
9.999999999999997780e-01
9.999999999999997780e-01
9.999999999999995559e-01
1.000000000000000000e+00
9.999999999999997780e-01
9.999999999999997780e-01
1.000000000000000000e+00
9.999999999999997780e-01
1.000000000000000000e+00
1.000000000000000000e+00
9.999999999999997780e-01
9.999999999999997780e-01
1.000000000000000000e+00
9.999999999999997780e-01
1.000000000000000000e+00
1.000000000000000000e+00
1.000000000000000000e+00
1.000000000000000000e+00
1.000000000000000000e+00
1.000000000000000000e+00
9.999999999999997780e-01
9.143892176583933162e-01
6.773417756345316842e-01
3.226582243654681492e-01
8.561078234160644784e-02
0.000000000000000000e+00
0.000000000000000000e+00
0.000000000000000000e+00
0.000000000000000000e+00
8.561078234160648948e-02
3.226582243654682602e-01
5.649152318850613197e-01
5.649152318850614307e-01
3.226582243654684268e-01
8.561078234160644784e-02
0.000000000000000000e+00
0.000000000000000000e+00
0.000000000000000000e+00
0.000000000000000000e+00
0.000000000000000000e+00
0.000000000000000000e+00
0.000000000000000000e+00
8.561078234160660050e-02
3.226582243654682047e-01
5.649152318850610976e-01
5.649152318850615417e-01
3.226582243654684268e-01
8.561078234160644784e-02
1.012631395060815352e-16
0.000000000000000000e+00
0.000000000000000000e+00
0.000000000000000000e+00
0.000000000000000000e+00
0.000000000000000000e+00
6.773417756345316842e-01
9.143892176583935383e-01
1.000000000000000000e+00
1.000000000000000000e+00
1.000000000000000000e+00
1.000000000000000000e+00
1.000000000000000000e+00
9.999999999999997780e-01
1.000000000000000000e+00
1.000000000000000000e+00
9.999999999999997780e-01
9.999999999999997780e-01
1.000000000000000000e+00
1.000000000000000000e+00
1.000000000000000000e+00
1.000000000000000000e+00
1.000000000000000000e+00
1.000000000000000000e+00
9.999999999999997780e-01
1.000000000000000000e+00
1.000000000000000000e+00
9.999999999999997780e-01
1.000000000000000000e+00
9.999999999999997780e-01
1.000000000000000000e+00
1.000000000000000000e+00
9.999999999999997780e-01
1.000000000000000000e+00
9.143892176583933162e-01
6.773417756345316842e-01
3.226582243654681492e-01
8.561078234160648948e-02
0.000000000000000000e+00
0.000000000000000000e+00
1.012631395060815352e-16
0.000000000000000000e+00
8.561078234160648948e-02
3.226582243654682047e-01
5.649152318850615417e-01
5.649152318850613197e-01
3.226582243654682602e-01
8.561078234160644784e-02
0.000000000000000000e+00
0.000000000000000000e+00
0.000000000000000000e+00
0.000000000000000000e+00
0.000000000000000000e+00
0.000000000000000000e+00
0.000000000000000000e+00
8.561078234160664213e-02
3.226582243654682047e-01
5.649152318850609866e-01
5.649152318850614307e-01
3.226582243654684268e-01
8.561078234160644784e-02
1.012631395060815352e-16
0.000000000000000000e+00
0.000000000000000000e+00
0.000000000000000000e+00
0.000000000000000000e+00
0.000000000000000000e+00
6.386286426290501694e-01
8.898253916149209131e-01
9.951896479654087635e-01
1.000000000000000000e+00
1.000000000000000000e+00
1.000000000000000000e+00
9.999999999999997780e-01
1.000000000000000000e+00
1.000000000000000000e+00
9.999999999999997780e-01
1.000000000000000000e+00
1.000000000000000000e+00
9.999999999999997780e-01
9.999999999999997780e-01
9.999999999999997780e-01
1.000000000000000000e+00
9.999999999999997780e-01
9.999999999999997780e-01
1.000000000000000000e+00
1.000000000000000000e+00
9.999999999999997780e-01
9.999999999999997780e-01
9.999999999999997780e-01
9.999999999999997780e-01
9.999999999999997780e-01
1.000000000000000000e+00
1.000000000000000000e+00
9.951896479654087635e-01
8.898253916149202469e-01
6.386286426290503915e-01
2.935170866421932256e-01
8.019427077078704336e-02
0.000000000000000000e+00
0.000000000000000000e+00
1.012631395060815352e-16
1.012631395060815352e-16
8.561078234160660050e-02
3.226582243654681492e-01
5.649152318850616528e-01
5.649152318850613197e-01
3.226582243654682602e-01
8.561078234160644784e-02
0.000000000000000000e+00
0.000000000000000000e+00
0.000000000000000000e+00
0.000000000000000000e+00
0.000000000000000000e+00
0.000000000000000000e+00
0.000000000000000000e+00
8.561078234160654499e-02
3.226582243654682602e-01
5.649152318850610976e-01
5.649152318850615417e-01
3.226582243654682602e-01
8.561078234160654499e-02
1.012631395060815352e-16
0.000000000000000000e+00
0.000000000000000000e+00
0.000000000000000000e+00
0.000000000000000000e+00
0.000000000000000000e+00
5.293718145170062117e-01
8.015695842480183853e-01
9.506264557486396871e-01
9.951896479654087635e-01
9.999999999999997780e-01
9.999999999999997780e-01
9.999999999999997780e-01
9.999999999999997780e-01
1.000000000000000000e+00
9.999999999999997780e-01
9.999999999999997780e-01
1.000000000000000000e+00
9.999999999999997780e-01
9.999999999999997780e-01
1.000000000000000000e+00
1.000000000000000000e+00
1.000000000000000000e+00
1.000000000000000000e+00
1.000000000000000000e+00
9.999999999999997780e-01
9.999999999999997780e-01
9.999999999999997780e-01
1.000000000000000000e+00
1.000000000000000000e+00
9.999999999999994449e-01
1.000000000000000000e+00
9.951896479654087635e-01
9.506264557486399092e-01
8.015695842480183853e-01
5.293718145170063227e-01
2.282282598331849821e-01
5.653294666433605203e-02
0.000000000000000000e+00
0.000000000000000000e+00
0.000000000000000000e+00
4.810352034591132420e-03
1.101746083850792673e-01
3.613713573709496085e-01
6.019404945207172952e-01
6.019404945207174062e-01
3.613713573709497195e-01
1.101746083850792673e-01
4.810352034591132420e-03
0.000000000000000000e+00
0.000000000000000000e+00
1.012631395060815352e-16
0.000000000000000000e+00
0.000000000000000000e+00
4.810352034591132420e-03
1.101746083850794755e-01
3.613713573709497195e-01
6.019404945207170732e-01
6.019404945207174062e-01
3.613713573709497195e-01
1.101746083850792118e-01
4.810352034591335382e-03
0.000000000000000000e+00
0.000000000000000000e+00
0.000000000000000000e+00
0.000000000000000000e+00
0.000000000000000000e+00
3.477666718345543417e-01
6.522333281654452142e-01
8.683540012321551149e-01
9.732944645568604169e-01
1.000000000000000000e+00
9.999999999999997780e-01
9.999999999999997780e-01
9.999999999999997780e-01
9.999999999999997780e-01
9.999999999999997780e-01
9.999999999999997780e-01
1.000000000000000000e+00
1.000000000000000000e+00
1.000000000000000000e+00
1.000000000000000000e+00
1.000000000000000000e+00
1.000000000000000000e+00
1.000000000000000000e+00
1.000000000000000000e+00
1.000000000000000000e+00
9.999999999999997780e-01
9.999999999999997780e-01
9.999999999999997780e-01
9.999999999999997780e-01
9.999999999999997780e-01
1.000000000000000000e+00
9.732944645568604169e-01
8.683540012321551149e-01
6.522333281654451032e-01
3.477666718345543417e-01
1.316459987678443855e-01
2.670553544313963509e-02
0.000000000000000000e+00
0.000000000000000000e+00
0.000000000000000000e+00
2.670553544313963509e-02
1.634058158401802130e-01
4.402096543652467275e-01
6.931934585557388839e-01
6.997244384348642043e-01
4.706281854829936773e-01
1.984304157519816147e-01
4.937354425135991043e-02
4.810352034591132420e-03
0.000000000000000000e+00
0.000000000000000000e+00
0.000000000000000000e+00
4.810352034591132420e-03
4.937354425135991043e-02
1.984304157519816147e-01
4.706281854829935662e-01
6.997244384348644264e-01
6.931934585557392170e-01
4.402096543652467830e-01
1.634058158401801297e-01
2.670553544313973571e-02
0.000000000000000000e+00
0.000000000000000000e+00
0.000000000000000000e+00
0.000000000000000000e+00
0.000000000000000000e+00
1.923455751837340189e-01
4.402096543652468941e-01
7.349414672349608990e-01
9.198057292292133313e-01
9.951896479654087635e-01
9.999999999999997780e-01
9.999999999999997780e-01
9.999999999999995559e-01
1.000000000000000000e+00
9.999999999999997780e-01
1.000000000000000000e+00
1.000000000000000000e+00
1.000000000000000000e+00
1.000000000000000000e+00
1.000000000000000000e+00
1.000000000000000000e+00
9.999999999999997780e-01
1.000000000000000000e+00
9.999999999999997780e-01
1.000000000000000000e+00
9.999999999999995559e-01
1.000000000000000000e+00
9.999999999999997780e-01
1.000000000000000000e+00
9.999999999999997780e-01
9.951896479654087635e-01
9.198057292292129983e-01
7.349414672349608990e-01
4.402096543652464500e-01
1.923455751837339633e-01
4.937354425135991043e-02
4.810352034591132420e-03
0.000000000000000000e+00
0.000000000000000000e+00
4.810352034591132420e-03
8.019427077078698785e-02
2.714651484532512593e-01
5.900758856608691039e-01
8.099338203945729564e-01
8.365941841598195650e-01
6.588828382797244920e-01
3.775666098630059975e-01
1.656320032295092726e-01
4.937354425135991043e-02
4.810352034591132420e-03
0.000000000000000000e+00
4.810352034591132420e-03
4.937354425135991043e-02
1.656320032295093281e-01
3.775666098630061640e-01
6.588828382797246030e-01
8.365941841598195650e-01
8.099338203945730674e-01
5.900758856608691039e-01
2.714651484532513148e-01
8.019427077078704336e-02
4.810352034591031806e-03
0.000000000000000000e+00
0.000000000000000000e+00
0.000000000000000000e+00
0.000000000000000000e+00
8.019427077078704336e-02
2.650585327650386569e-01
5.597903456347527174e-01
8.076544248162661477e-01
9.506264557486399092e-01
9.951896479654087635e-01
9.999999999999997780e-01
9.999999999999997780e-01
9.999999999999997780e-01
9.999999999999997780e-01
1.000000000000000000e+00
1.000000000000000000e+00
9.999999999999997780e-01
9.999999999999997780e-01
9.999999999999997780e-01
9.999999999999997780e-01
1.000000000000000000e+00
9.999999999999997780e-01
9.999999999999997780e-01
1.000000000000000000e+00
9.999999999999997780e-01
9.999999999999997780e-01
1.000000000000000000e+00
9.999999999999997780e-01
9.951896479654087635e-01
9.506264557486399092e-01
8.076544248162659256e-01
5.597903456347527174e-01
2.650585327650385459e-01
8.019427077078698785e-02
4.810352034591031806e-03
0.000000000000000000e+00
0.000000000000000000e+00
4.810352034591031806e-03
4.937354425135985492e-02
1.923455751837338246e-01
4.402096543652468941e-01
7.349414672349611211e-01
9.143892176583933162e-01
9.454302379074802642e-01
8.343679967704907829e-01
6.224333901369935029e-01
3.411171617202750639e-01
1.316459987678445243e-01
2.670553544313963509e-02
0.000000000000000000e+00
2.670553544313973571e-02
1.316459987678445243e-01
3.411171617202751749e-01
6.224333901369935029e-01
8.343679967704903389e-01
9.454302379074798202e-01
9.143892176583933162e-01
7.349414672349611211e-01
4.402096543652468941e-01
1.923455751837338801e-01
4.937354425135975777e-02
4.810352034591132420e-03
0.000000000000000000e+00
0.000000000000000000e+00
0.000000000000000000e+00
2.670553544313973571e-02
1.316459987678446908e-01
3.477666718345546193e-01
6.522333281654456583e-01
8.683540012321553370e-01
9.732944645568603059e-01
1.000000000000000000e+00
9.999999999999997780e-01
1.000000000000000000e+00
9.999999999999997780e-01
1.000000000000000000e+00
9.999999999999997780e-01
9.999999999999997780e-01
1.000000000000000000e+00
1.000000000000000000e+00
9.999999999999997780e-01
1.000000000000000000e+00
9.999999999999997780e-01
9.999999999999997780e-01
1.000000000000000000e+00
1.000000000000000000e+00
1.000000000000000000e+00
9.999999999999997780e-01
1.000000000000000000e+00
9.732944645568606390e-01
8.683540012321556700e-01
6.522333281654455472e-01
3.477666718345542862e-01
1.316459987678443300e-01
2.670553544313953448e-02
0.000000000000000000e+00
0.000000000000000000e+00
4.810352034591233901e-03
4.937354425135991043e-02
1.656320032295092726e-01
3.775666098630061640e-01
6.588828382797244920e-01
8.683540012321551149e-01
9.732944645568603059e-01
9.951896479654087635e-01
9.506264557486399092e-01
8.076544248162660367e-01
5.597903456347527174e-01
2.650585327650386569e-01
8.019427077078698785e-02
9.660083881985409918e-03
8.019427077078704336e-02
2.650585327650386569e-01
5.597903456347530504e-01
8.076544248162660367e-01
9.506264557486399092e-01
9.951896479654087635e-01
9.732944645568603059e-01
8.683540012321551149e-01
6.588828382797244920e-01
3.775666098630061640e-01
1.656320032295092726e-01
4.937354425135991043e-02
4.810352034591233901e-03
0.000000000000000000e+00
0.000000000000000000e+00
4.810352034591233901e-03
4.937354425135991043e-02
1.923455751837338246e-01
4.333938118113031535e-01
7.062339772039394337e-01
8.877186446703287936e-01
9.732944645568603059e-01
9.951896479654087635e-01
1.000000000000000000e+00
1.000000000000000000e+00
1.000000000000000000e+00
9.999999999999997780e-01
9.999999999999997780e-01
9.999999999999997780e-01
9.999999999999997780e-01
1.000000000000000000e+00
1.000000000000000000e+00
9.999999999999997780e-01
9.999999999999994449e-01
1.000000000000000000e+00
1.000000000000000000e+00
9.999999999999997780e-01
9.951896479654087635e-01
9.732944645568604169e-01
8.877186446703290157e-01
7.062339772039396557e-01
4.333938118113032090e-01
1.923455751837338246e-01
4.937354425135985492e-02
4.810352034591132420e-03
0.000000000000000000e+00
0.000000000000000000e+00
2.670553544313953448e-02
1.316459987678444410e-01
3.411171617202751749e-01
6.224333901369935029e-01
8.343679967704901168e-01
9.506264557486399092e-01
9.951896479654087635e-01
9.999999999999997780e-01
9.951896479654089855e-01
9.198057292292129983e-01
7.285348515467485742e-01
4.099241143391307851e-01
1.575062201136586681e-01
5.456976209251979126e-02
1.575062201136587514e-01
4.099241143391307851e-01
7.285348515467487962e-01
9.198057292292129983e-01
9.951896479654087635e-01
1.000000000000000000e+00
9.951896479654087635e-01
9.506264557486399092e-01
8.343679967704903389e-01
6.224333901369939470e-01
3.411171617202750639e-01
1.316459987678445243e-01
2.670553544313973571e-02
0.000000000000000000e+00
0.000000000000000000e+00
0.000000000000000000e+00
4.810352034591132420e-03
8.019427077078719601e-02
2.368410876521118147e-01
4.897273009389364051e-01
7.062339772039394337e-01
8.683540012321554480e-01
9.506264557486399092e-01
9.951896479654087635e-01
9.999999999999997780e-01
9.999999999999997780e-01
9.999999999999997780e-01
1.000000000000000000e+00
1.000000000000000000e+00
9.999999999999997780e-01
1.000000000000000000e+00
9.999999999999997780e-01
9.999999999999997780e-01
9.999999999999997780e-01
9.999999999999997780e-01
9.999999999999997780e-01
9.951896479654087635e-01
9.506264557486399092e-01
8.683540012321554480e-01
7.062339772039394337e-01
4.897273009389366272e-01
2.368410876521116759e-01
8.019427077078723765e-02
4.810352034590930324e-03
0.000000000000000000e+00
0.000000000000000000e+00
4.810352034591031806e-03
8.019427077078693233e-02
2.650585327650386014e-01
5.597903456347529394e-01
8.076544248162660367e-01
9.506264557486399092e-01
9.951896479654087635e-01
1.000000000000000000e+00
1.000000000000000000e+00
1.000000000000000000e+00
9.682703604021655197e-01
8.099338203945729564e-01
5.199555515389586713e-01
2.068519885288190030e-01
1.066881076870921513e-01
2.068519885288191140e-01
5.199555515389586713e-01
8.099338203945729564e-01
9.682703604021657418e-01
1.000000000000000000e+00
9.999999999999997780e-01
1.000000000000000000e+00
9.951896479654087635e-01
9.506264557486399092e-01
8.076544248162660367e-01
5.597903456347529394e-01
2.650585327650387679e-01
8.019427077078693233e-02
4.810352034591233901e-03
0.000000000000000000e+00
0.000000000000000000e+00
0.000000000000000000e+00
2.670553544313963509e-02
9.883975795727854841e-02
2.368410876521115649e-01
4.333938118113027649e-01
6.522333281654457693e-01
8.076544248162654815e-01
9.198057292292129983e-01
9.732944645568603059e-01
9.951896479654087635e-01
9.999999999999997780e-01
9.999999999999997780e-01
9.999999999999997780e-01
9.999999999999997780e-01
9.999999999999997780e-01
9.999999999999997780e-01
9.999999999999997780e-01
9.999999999999997780e-01
9.951896479654085415e-01
9.732944645568603059e-01
9.198057292292129983e-01
8.076544248162659256e-01
6.522333281654455472e-01
4.333938118113030424e-01
2.368410876521120367e-01
9.883975795727875657e-02
2.670553544313973571e-02
0.000000000000000000e+00
0.000000000000000000e+00
4.810352034591132420e-03
4.937354425135985492e-02
1.923455751837341299e-01
4.402096543652472826e-01
7.349414672349608990e-01
9.198057292292129983e-01
9.951896479654087635e-01
9.999999999999997780e-01
9.999999999999997780e-01
9.999999999999997780e-01
9.951896479654089855e-01
9.454302379074802642e-01
7.741156758030439677e-01
4.894649691173291739e-01
2.007255952584002523e-01
1.066881076870921513e-01
2.007255952584003078e-01
4.894649691173290629e-01
7.741156758030443008e-01
9.454302379074804863e-01
9.951896479654087635e-01
9.999999999999997780e-01
9.999999999999997780e-01
9.999999999999997780e-01
9.951896479654087635e-01
9.198057292292129983e-01
7.349414672349608990e-01
4.402096543652470051e-01
1.923455751837343242e-01
4.937354425136000757e-02
4.810352034591031806e-03
0.000000000000000000e+00
0.000000000000000000e+00
4.810352034591132420e-03
2.670553544313963509e-02
8.019427077078704336e-02
1.923455751837338801e-01
3.477666718345544528e-01
5.597903456347529394e-01
7.349414672349608990e-01
8.683540012321553370e-01
9.506264557486399092e-01
9.951896479654087635e-01
9.999999999999997780e-01
1.000000000000000000e+00
9.999999999999997780e-01
1.000000000000000000e+00
1.000000000000000000e+00
9.999999999999997780e-01
9.951896479654085415e-01
9.506264557486399092e-01
8.683540012321551149e-01
7.349414672349611211e-01
5.597903456347530504e-01
3.477666718345546193e-01
1.923455751837339078e-01
8.019427077078729316e-02
2.670553544313953448e-02
4.810352034591132420e-03
0.000000000000000000e+00
4.810352034590930324e-03
4.937354425136000757e-02
1.656320032295094946e-01
3.775666098630061640e-01
6.588828382797247141e-01
8.683540012321551149e-01
9.732944645568600839e-01
9.999999999999997780e-01
1.000000000000000000e+00
9.999999999999997780e-01
9.951896479654087635e-01
9.506264557486401312e-01
8.343679967704903389e-01
6.224333901369935029e-01
3.411171617202753414e-01
1.316459987678445243e-01
5.456976209251979126e-02
1.316459987678446353e-01
3.411171617202753414e-01
6.224333901369939470e-01
8.343679967704903389e-01
9.506264557486396871e-01
9.951896479654087635e-01
9.999999999999997780e-01
1.000000000000000000e+00
1.000000000000000000e+00
9.732944645568604169e-01
8.683540012321551149e-01
6.588828382797247141e-01
3.775666098630061640e-01
1.656320032295095224e-01
4.937354425136000757e-02
0.000000000000000000e+00
0.000000000000000000e+00
0.000000000000000000e+00
0.000000000000000000e+00
4.810352034591132420e-03
4.937354425135975777e-02
1.316459987678445243e-01
2.650585327650387679e-01
4.402096543652468941e-01
6.522333281654455472e-01
8.015695842480183853e-01
8.898253916149206910e-01
9.143892176583933162e-01
9.143892176583933162e-01
9.143892176583935383e-01
9.143892176583935383e-01
9.143892176583937603e-01
9.143892176583933162e-01
8.898253916149205800e-01
8.015695842480183853e-01
6.522333281654451032e-01
4.402096543652470051e-01
2.650585327650386569e-01
1.316459987678445243e-01
4.937354425136000757e-02
4.810352034591335382e-03
0.000000000000000000e+00
0.000000000000000000e+00
4.810352034591132420e-03
4.937354425135991043e-02
1.656320032295092726e-01
3.708481561687024808e-01
6.291518438312966310e-01
8.343679967704906719e-01
9.506264557486395761e-01
9.951896479654087635e-01
1.000000000000000000e+00
9.999999999999997780e-01
9.951896479654087635e-01
9.506264557486399092e-01
8.343679967704907829e-01
6.291518438312972972e-01
3.708481561687027583e-01
1.656320032295093836e-01
4.937354425136000757e-02
9.660083881985409918e-03
4.937354425136000757e-02
1.656320032295094946e-01
3.708481561687030914e-01
6.291518438312972972e-01
8.343679967704906719e-01
9.506264557486399092e-01
9.951896479654089855e-01
1.000000000000000000e+00
1.000000000000000000e+00
9.951896479654087635e-01
9.506264557486396871e-01
8.343679967704903389e-01
6.291518438312967421e-01
3.708481561687028694e-01
1.656320032295092726e-01
2.858955264122645459e-02
2.172043019165061789e-02
4.810352034591132420e-03
1.012631395060815352e-16
0.000000000000000000e+00
4.810352034591132420e-03
2.670553544313973571e-02
8.019427077078704336e-02
1.923455751837339078e-01
3.477666718345544528e-01
5.293718145170065448e-01
6.386286426290506135e-01
6.773417756345316842e-01
6.773417756345316842e-01
6.773417756345319063e-01
6.773417756345319063e-01
6.773417756345319063e-01
6.773417756345319063e-01
6.386286426290505025e-01
5.293718145170067668e-01
3.477666718345546193e-01
1.923455751837339078e-01
8.019427077078704336e-02
2.670553544313973571e-02
4.810352034591132420e-03
1.012631395060815352e-16
0.000000000000000000e+00
4.810352034591335382e-03
4.937354425136000757e-02
1.656320032295092726e-01
3.708481561687027028e-01
6.291518438312970751e-01
8.343679967704901168e-01
9.506264557486399092e-01
9.951896479654085415e-01
1.000000000000000000e+00
9.999999999999997780e-01
1.000000000000000000e+00
9.732944645568603059e-01
8.683540012321551149e-01
6.588828382797249361e-01
3.775666098630061640e-01
1.656320032295092726e-01
4.937354425135985492e-02
4.810352034591132420e-03
0.000000000000000000e+00
4.810352034591132420e-03
4.937354425136000757e-02
1.656320032295095224e-01
3.775666098630063860e-01
6.588828382797247141e-01
8.683540012321554480e-01
9.732944645568604169e-01
1.000000000000000000e+00
9.999999999999997780e-01
9.999999999999997780e-01
9.951896479654085415e-01
9.506264557486396871e-01
8.343679967704903389e-01
6.224333901369939470e-01
3.411171617202751749e-01
1.143931638618722463e-01
1.009187990238566979e-01
4.937354425136006308e-02
4.810352034591132420e-03
1.012631395060815352e-16
0.000000000000000000e+00
0.000000000000000000e+00
4.810352034591031806e-03
4.937354425135985492e-02
1.316459987678445243e-01
2.282282598331850376e-01
2.935170866421932256e-01
3.226582243654682602e-01
3.226582243654685933e-01
3.226582243654682602e-01
3.226582243654684823e-01
3.226582243654682602e-01
3.226582243654684268e-01
2.935170866421934477e-01
2.282282598331850376e-01
1.316459987678443855e-01
4.937354425136006308e-02
4.810352034591233901e-03
1.012631395060815352e-16
0.000000000000000000e+00
3.037894185182446057e-16
4.810352034591335382e-03
4.937354425136006308e-02
1.656320032295094946e-01
3.708481561687027028e-01
6.291518438312970751e-01
8.343679967704903389e-01
9.506264557486399092e-01
9.951896479654087635e-01
9.999999999999997780e-01
9.999999999999997780e-01
1.000000000000000000e+00
9.951896479654087635e-01
9.198057292292127762e-01
7.349414672349613431e-01
4.402096543652470051e-01
1.923455751837338246e-01
4.937354425135991043e-02
4.810352034591132420e-03
0.000000000000000000e+00
0.000000000000000000e+00
0.000000000000000000e+00
4.810352034591132420e-03
4.937354425136000757e-02
1.923455751837339078e-01
4.402096543652468941e-01
7.349414672349611211e-01
9.198057292292129983e-01
9.951896479654087635e-01
1.000000000000000000e+00
1.000000000000000000e+00
1.000000000000000000e+00
9.951896479654085415e-01
9.506264557486399092e-01
8.015695842480183853e-01
5.293718145170063227e-01
2.827461782262184475e-01
2.674639414331095311e-01
1.656320032295094946e-01
4.937354425135991043e-02
4.810352034591132420e-03
0.000000000000000000e+00
1.012631395060815352e-16
0.000000000000000000e+00
4.810352034591132420e-03
2.670553544313973571e-02
5.653294666433625326e-02
8.019427077078698785e-02
8.561078234160644784e-02
8.561078234160639233e-02
8.561078234160644784e-02
8.561078234160660050e-02
8.561078234160660050e-02
8.561078234160648948e-02
8.019427077078714050e-02
5.653294666433630183e-02
2.670553544313963509e-02
4.810352034591132420e-03
1.012631395060815352e-16
0.000000000000000000e+00
0.000000000000000000e+00
4.810352034591436864e-03
4.937354425136000757e-02
1.656320032295095224e-01
3.708481561687027583e-01
6.291518438312970751e-01
8.343679967704903389e-01
9.506264557486395761e-01
9.951896479654087635e-01
1.000000000000000000e+00
9.999999999999995559e-01
1.000000000000000000e+00
9.951896479654085415e-01
9.506264557486399092e-01
8.076544248162659256e-01
5.597903456347529394e-01
2.650585327650387679e-01
8.019427077078698785e-02
4.810352034591132420e-03
0.000000000000000000e+00
0.000000000000000000e+00
0.000000000000000000e+00
0.000000000000000000e+00
0.000000000000000000e+00
4.810352034591233901e-03
8.019427077078714050e-02
2.650585327650386014e-01
5.597903456347530504e-01
8.076544248162659256e-01
9.506264557486401312e-01
9.951896479654085415e-01
1.000000000000000000e+00
9.999999999999997780e-01
9.999999999999997780e-01
9.951896479654085415e-01
8.898253916149209131e-01
6.386286426290505025e-01
4.686682004719497918e-01
5.154206269500244408e-01
3.775666098630061640e-01
1.923455751837340189e-01
8.019427077078704336e-02
2.670553544313963509e-02
4.810352034591132420e-03
0.000000000000000000e+00
0.000000000000000000e+00
0.000000000000000000e+00
0.000000000000000000e+00
0.000000000000000000e+00
0.000000000000000000e+00
0.000000000000000000e+00
1.012631395060815352e-16
3.037894185182446057e-16
3.037894185182446057e-16
1.012631395060815352e-16
0.000000000000000000e+00
1.012631395060815352e-16
0.000000000000000000e+00
0.000000000000000000e+00
0.000000000000000000e+00
4.810352034591233901e-03
2.670553544313953448e-02
8.019427077078723765e-02
1.923455751837340189e-01
3.775666098630064971e-01
6.291518438312969641e-01
8.343679967704903389e-01
9.506264557486399092e-01
9.951896479654087635e-01
9.999999999999995559e-01
9.999999999999997780e-01
9.999999999999997780e-01
9.951896479654087635e-01
9.506264557486396871e-01
8.343679967704903389e-01
6.224333901369938360e-01
3.411171617202753970e-01
1.316459987678447463e-01
2.670553544313953448e-02
0.000000000000000000e+00
0.000000000000000000e+00
0.000000000000000000e+00
0.000000000000000000e+00
0.000000000000000000e+00
0.000000000000000000e+00
1.012631395060815352e-16
2.670553544313963509e-02
1.316459987678445243e-01
3.411171617202751749e-01
6.224333901369939470e-01
8.343679967704903389e-01
9.506264557486399092e-01
9.951896479654087635e-01
9.999999999999997780e-01
9.999999999999997780e-01
9.999999999999997780e-01
9.143892176583935383e-01
6.773417756345316842e-01
6.112349593400469017e-01
7.309459950090866354e-01
6.588828382797246030e-01
4.402096543652470051e-01
2.650585327650388234e-01
1.316459987678444410e-01
4.937354425135991043e-02
4.810352034591031806e-03
0.000000000000000000e+00
0.000000000000000000e+00
0.000000000000000000e+00
0.000000000000000000e+00
0.000000000000000000e+00
3.037894185182446057e-16
1.012631395060815352e-16
0.000000000000000000e+00
1.012631395060815352e-16
0.000000000000000000e+00
0.000000000000000000e+00
0.000000000000000000e+00
0.000000000000000000e+00
1.012631395060815352e-16
4.810352034591233901e-03
4.937354425136000757e-02
1.316459987678445243e-01
2.650585327650390455e-01
4.402096543652472271e-01
6.588828382797249361e-01
8.343679967704906719e-01
9.506264557486399092e-01
9.951896479654087635e-01
9.999999999999997780e-01
9.999999999999997780e-01
1.000000000000000000e+00
9.951896479654087635e-01
9.506264557486399092e-01
8.343679967704908940e-01
6.291518438312972972e-01
3.708481561687027028e-01
1.656320032295094946e-01
4.937354425136006308e-02
4.810352034591132420e-03
0.000000000000000000e+00
0.000000000000000000e+00
0.000000000000000000e+00
0.000000000000000000e+00
0.000000000000000000e+00
0.000000000000000000e+00
0.000000000000000000e+00
4.810352034591132420e-03
4.937354425135991043e-02
1.656320032295093281e-01
3.708481561687027583e-01
6.291518438312970751e-01
8.343679967704907829e-01
9.506264557486399092e-01
9.951896479654089855e-01
9.999999999999997780e-01
9.999999999999997780e-01
9.143892176583935383e-01
6.773417756345316842e-01
6.707424208152630296e-01
8.587777620020544678e-01
8.683540012321555590e-01
7.349414672349608990e-01
5.597903456347527174e-01
3.411171617202751749e-01
1.656320032295094946e-01
4.937354425136000757e-02
4.810352034591132420e-03
0.000000000000000000e+00
2.025262790121630704e-16
0.000000000000000000e+00
0.000000000000000000e+00
0.000000000000000000e+00
0.000000000000000000e+00
1.012631395060815352e-16
1.012631395060815352e-16
0.000000000000000000e+00
1.012631395060815352e-16
2.025262790121630704e-16
0.000000000000000000e+00
4.810352034591132420e-03
4.937354425136006308e-02
1.656320032295092726e-01
3.411171617202750639e-01
5.597903456347530504e-01
7.349414672349613431e-01
8.683540012321554480e-01
9.506264557486396871e-01
9.951896479654089855e-01
9.999999999999997780e-01
9.999999999999995559e-01
1.000000000000000000e+00
9.951896479654087635e-01
9.506264557486396871e-01
8.343679967704906719e-01
6.291518438312968531e-01
3.708481561687029804e-01
1.656320032295093836e-01
4.937354425136000757e-02
4.810352034591233901e-03
0.000000000000000000e+00
1.012631395060815352e-16
0.000000000000000000e+00
0.000000000000000000e+00
0.000000000000000000e+00
0.000000000000000000e+00
0.000000000000000000e+00
1.012631395060815352e-16
1.012631395060815352e-16
4.810352034591132420e-03
4.937354425136000757e-02
1.656320032295093281e-01
3.708481561687029804e-01
6.291518438312968531e-01
8.343679967704908940e-01
9.506264557486399092e-01
9.951896479654083194e-01
9.999999999999997780e-01
9.143892176583935383e-01
6.773417756345316842e-01
6.773417756345315732e-01
9.089356240674784093e-01
9.732944645568603059e-01
9.198057292292129983e-01
8.076544248162659256e-01
6.224333901369935029e-01
3.775666098630064971e-01
1.923455751837338246e-01
8.019427077078698785e-02
2.670553544313963509e-02
4.810352034591132420e-03
0.000000000000000000e+00
0.000000000000000000e+00
0.000000000000000000e+00
0.000000000000000000e+00
0.000000000000000000e+00
0.000000000000000000e+00
0.000000000000000000e+00
0.000000000000000000e+00
4.810352034591132420e-03
2.670553544313963509e-02
8.019427077078698785e-02
1.923455751837339078e-01
3.775666098630062750e-01
6.224333901369935029e-01
8.076544248162661477e-01
9.198057292292129983e-01
9.732944645568606390e-01
9.951896479654087635e-01
1.000000000000000000e+00
1.000000000000000000e+00
9.999999999999997780e-01
9.951896479654087635e-01
9.506264557486401312e-01
8.343679967704903389e-01
6.291518438312969641e-01
3.708481561687027028e-01
1.656320032295094946e-01
4.937354425135991043e-02
4.810352034590930324e-03
1.012631395060815352e-16
1.012631395060815352e-16
1.012631395060815352e-16
0.000000000000000000e+00
0.000000000000000000e+00
0.000000000000000000e+00
0.000000000000000000e+00
0.000000000000000000e+00
2.025262790121630704e-16
2.025262790121630704e-16
0.000000000000000000e+00
4.810352034590930324e-03
4.937354425135991043e-02
1.656320032295094946e-01
3.708481561687027028e-01
6.291518438312972972e-01
8.343679967704903389e-01
9.506264557486399092e-01
9.951896479654089855e-01
9.143892176583933162e-01
6.773417756345316842e-01
6.773417756345316842e-01
9.143892176583935383e-01
9.999999999999997780e-01
9.951896479654087635e-01
9.506264557486399092e-01
8.343679967704903389e-01
6.588828382797246030e-01
4.402096543652469496e-01
2.714651484532512038e-01
1.634058158401803240e-01
1.101746083850793229e-01
8.561078234160644784e-02
8.561078234160635070e-02
8.561078234160654499e-02
8.561078234160644784e-02
8.561078234160639233e-02
8.561078234160644784e-02
8.561078234160639233e-02
8.561078234160639233e-02
1.101746083850792673e-01
1.634058158401802130e-01
2.714651484532512038e-01
4.402096543652469496e-01
6.588828382797246030e-01
8.343679967704903389e-01
9.506264557486401312e-01
9.951896479654087635e-01
9.999999999999997780e-01
9.999999999999997780e-01
1.000000000000000000e+00
1.000000000000000000e+00
9.951896479654089855e-01
9.506264557486399092e-01
8.343679967704903389e-01
6.291518438312968531e-01
3.708481561687027028e-01
1.656320032295093281e-01
4.937354425135985492e-02
4.810352034591132420e-03
0.000000000000000000e+00
3.037894185182446057e-16
0.000000000000000000e+00
0.000000000000000000e+00
0.000000000000000000e+00
0.000000000000000000e+00
0.000000000000000000e+00
0.000000000000000000e+00
0.000000000000000000e+00
0.000000000000000000e+00
0.000000000000000000e+00
1.012631395060815352e-16
1.012631395060815352e-16
4.810352034591132420e-03
4.937354425135985492e-02
1.656320032295093836e-01
3.708481561687030359e-01
6.291518438312968531e-01
8.343679967704903389e-01
9.506264557486399092e-01
9.089356240674784093e-01
6.773417756345316842e-01
6.773417756345316842e-01
9.143892176583933162e-01
1.000000000000000000e+00
1.000000000000000000e+00
9.951896479654087635e-01
9.506264557486399092e-01
8.683540012321551149e-01
7.349414672349611211e-01
5.900758856608692149e-01
4.402096543652469496e-01
3.613713573709496085e-01
3.226582243654684823e-01
3.226582243654682047e-01
3.226582243654681492e-01
3.226582243654680382e-01
3.226582243654682047e-01
3.226582243654684823e-01
3.226582243654681492e-01
3.226582243654681492e-01
3.613713573709498861e-01
4.402096543652466165e-01
5.900758856608691039e-01
7.349414672349608990e-01
8.683540012321553370e-01
9.506264557486399092e-01
9.951896479654089855e-01
1.000000000000000000e+00
1.000000000000000000e+00
9.999999999999997780e-01
1.000000000000000000e+00
9.951896479654087635e-01
9.506264557486396871e-01
8.343679967704900058e-01
6.291518438312969641e-01
3.708481561687027028e-01
1.656320032295093281e-01
4.937354425136006308e-02
4.810352034591335382e-03
0.000000000000000000e+00
0.000000000000000000e+00
0.000000000000000000e+00
0.000000000000000000e+00
0.000000000000000000e+00
0.000000000000000000e+00
0.000000000000000000e+00
0.000000000000000000e+00
0.000000000000000000e+00
0.000000000000000000e+00
0.000000000000000000e+00
2.025262790121630704e-16
0.000000000000000000e+00
0.000000000000000000e+00
2.025262790121630704e-16
4.810352034591132420e-03
4.937354425136006308e-02
1.656320032295092726e-01
3.708481561687025918e-01
6.291518438312968531e-01
8.343679967704901168e-01
8.587777620020546898e-01
6.707424208152626965e-01
6.773417756345319063e-01
9.143892176583935383e-01
1.000000000000000000e+00
9.999999999999997780e-01
9.999999999999997780e-01
9.951896479654087635e-01
9.732944645568604169e-01
9.143892176583933162e-01
8.099338203945730674e-01
6.931934585557388839e-01
6.019404945207177393e-01
5.649152318850615417e-01
5.649152318850615417e-01
5.649152318850614307e-01
5.649152318850613197e-01
5.649152318850615417e-01
5.649152318850617638e-01
5.649152318850615417e-01
5.649152318850613197e-01
6.019404945207174062e-01
6.931934585557392170e-01
8.099338203945730674e-01
9.143892176583933162e-01
9.732944645568603059e-01
9.951896479654087635e-01
1.000000000000000000e+00
9.999999999999997780e-01
1.000000000000000000e+00
9.951896479654085415e-01
9.732944645568604169e-01
9.198057292292125542e-01
8.076544248162660367e-01
6.224333901369935029e-01
3.708481561687027028e-01
1.656320032295093281e-01
4.937354425135991043e-02
4.810352034591132420e-03
0.000000000000000000e+00
2.025262790121630704e-16
2.025262790121630704e-16
1.012631395060815352e-16
0.000000000000000000e+00
1.012631395060815352e-16
0.000000000000000000e+00
0.000000000000000000e+00
0.000000000000000000e+00
0.000000000000000000e+00
0.000000000000000000e+00
1.012631395060815352e-16
0.000000000000000000e+00
0.000000000000000000e+00
0.000000000000000000e+00
3.037894185182446057e-16
0.000000000000000000e+00
4.810352034591132420e-03
4.937354425136000757e-02
1.656320032295092726e-01
3.708481561687027028e-01
6.224333901369935029e-01
7.021739554941194283e-01
5.717255285664298858e-01
6.386286426290501694e-01
8.898253916149206910e-01
9.951896479654085415e-01
1.000000000000000000e+00
1.000000000000000000e+00
9.999999999999997780e-01
9.951896479654087635e-01
9.454302379074802642e-01
8.365941841598196760e-01
6.997244384348644264e-01
6.019404945207174062e-01
5.649152318850610976e-01
5.649152318850613197e-01
5.649152318850615417e-01
5.649152318850615417e-01
5.649152318850613197e-01
5.649152318850616528e-01
5.649152318850613197e-01
5.649152318850610976e-01
6.019404945207174062e-01
6.997244384348644264e-01
8.365941841598196760e-01
9.454302379074802642e-01
9.951896479654087635e-01
9.999999999999997780e-01
1.000000000000000000e+00
1.000000000000000000e+00
9.951896479654085415e-01
9.506264557486399092e-01
8.683540012321555590e-01
7.349414672349607880e-01
5.597903456347529394e-01
3.411171617202751749e-01
1.656320032295092726e-01
4.937354425136006308e-02
4.810352034591233901e-03
3.037894185182446057e-16
0.000000000000000000e+00
0.000000000000000000e+00
0.000000000000000000e+00
0.000000000000000000e+00
0.000000000000000000e+00
0.000000000000000000e+00
0.000000000000000000e+00
0.000000000000000000e+00
0.000000000000000000e+00
1.012631395060815352e-16
1.012631395060815352e-16
0.000000000000000000e+00
3.037894185182446057e-16
0.000000000000000000e+00
0.000000000000000000e+00
2.025262790121630704e-16
0.000000000000000000e+00
0.000000000000000000e+00
4.810352034591132420e-03
4.937354425135991043e-02
1.656320032295092726e-01
3.411171617202753414e-01
4.521654367681433584e-01
3.893683057807284520e-01
5.293718145170064338e-01
8.015695842480183853e-01
9.506264557486401312e-01
9.951896479654087635e-01
1.000000000000000000e+00
9.951896479654087635e-01
9.506264557486399092e-01
8.343679967704906719e-01
6.588828382797247141e-01
4.706281854829935662e-01
3.613713573709493310e-01
3.226582243654682047e-01
3.226582243654686488e-01
3.226582243654686488e-01
3.226582243654682047e-01
3.226582243654685933e-01
3.226582243654682047e-01
3.226582243654682047e-01
3.226582243654680382e-01
3.613713573709493310e-01
4.706281854829935662e-01
6.588828382797246030e-01
8.343679967704903389e-01
9.506264557486396871e-01
9.951896479654087635e-01
1.000000000000000000e+00
9.951896479654085415e-01
9.506264557486401312e-01
8.343679967704906719e-01
6.588828382797246030e-01
4.402096543652468941e-01
2.650585327650387679e-01
1.316459987678444410e-01
4.937354425135985492e-02
4.810352034591335382e-03
0.000000000000000000e+00
0.000000000000000000e+00
0.000000000000000000e+00
0.000000000000000000e+00
3.037894185182446057e-16
0.000000000000000000e+00
0.000000000000000000e+00
0.000000000000000000e+00
0.000000000000000000e+00
1.012631395060815352e-16
0.000000000000000000e+00
0.000000000000000000e+00
0.000000000000000000e+00
0.000000000000000000e+00
0.000000000000000000e+00
0.000000000000000000e+00
0.000000000000000000e+00
0.000000000000000000e+00
0.000000000000000000e+00
0.000000000000000000e+00
0.000000000000000000e+00
4.810352034590930324e-03
4.937354425135991043e-02
1.316459987678443300e-01
1.946293151924681775e-01
1.738195695163586851e-01
3.411171617202751749e-01
6.224333901369935029e-01
8.343679967704903389e-01
9.454302379074802642e-01
9.682703604021655197e-01
9.198057292292125542e-01
8.076544248162660367e-01
6.224333901369935029e-01
3.775666098630059975e-01
1.984304157519816147e-01
1.101746083850790592e-01
8.561078234160660050e-02
8.561078234160635070e-02
8.561078234160669764e-02
8.561078234160648948e-02
8.561078234160648948e-02
8.561078234160654499e-02
8.561078234160644784e-02
8.561078234160648948e-02
1.101746083850790592e-01
1.984304157519815037e-01
3.775666098630059975e-01
6.224333901369935029e-01
8.076544248162657036e-01
9.198057292292129983e-01
9.682703604021655197e-01
9.454302379074802642e-01
8.343679967704903389e-01
6.291518438312969641e-01
3.775666098630061640e-01
1.923455751837338801e-01
8.019427077078704336e-02
2.670553544313953448e-02
4.810352034591132420e-03
0.000000000000000000e+00
0.000000000000000000e+00
0.000000000000000000e+00
0.000000000000000000e+00
1.012631395060815352e-16
0.000000000000000000e+00
0.000000000000000000e+00
0.000000000000000000e+00
0.000000000000000000e+00
0.000000000000000000e+00
0.000000000000000000e+00
0.000000000000000000e+00
0.000000000000000000e+00
0.000000000000000000e+00
0.000000000000000000e+00
0.000000000000000000e+00
0.000000000000000000e+00
0.000000000000000000e+00
0.000000000000000000e+00
0.000000000000000000e+00
0.000000000000000000e+00
0.000000000000000000e+00
0.000000000000000000e+00
4.810352034591031806e-03
2.670553544313953448e-02
5.132233147021148661e-02
5.132233147021154213e-02
1.656320032295093836e-01
3.708481561687027583e-01
6.224333901369935029e-01
7.741156758030445229e-01
8.099338203945727344e-01
7.285348515467487962e-01
5.597903456347527174e-01
3.411171617202750639e-01
1.656320032295093281e-01
4.937354425135970226e-02
4.810352034591132420e-03
0.000000000000000000e+00
0.000000000000000000e+00
0.000000000000000000e+00
0.000000000000000000e+00
0.000000000000000000e+00
0.000000000000000000e+00
0.000000000000000000e+00
0.000000000000000000e+00
4.810352034591132420e-03
4.937354425135975777e-02
1.656320032295094946e-01
3.411171617202749529e-01
5.597903456347527174e-01
7.285348515467482411e-01
8.099338203945729564e-01
7.741156758030443008e-01
6.224333901369935029e-01
3.708481561687024808e-01
1.656320032295092726e-01
4.937354425135985492e-02
4.810352034591132420e-03
0.000000000000000000e+00
0.000000000000000000e+00
1.012631395060815352e-16
0.000000000000000000e+00
0.000000000000000000e+00
0.000000000000000000e+00
0.000000000000000000e+00
2.025262790121630704e-16
3.037894185182446057e-16
0.000000000000000000e+00
0.000000000000000000e+00
0.000000000000000000e+00
0.000000000000000000e+00
0.000000000000000000e+00
0.000000000000000000e+00
0.000000000000000000e+00
0.000000000000000000e+00
1.012631395060815352e-16
0.000000000000000000e+00
0.000000000000000000e+00
2.025262790121630704e-16
0.000000000000000000e+00
0.000000000000000000e+00
0.000000000000000000e+00
0.000000000000000000e+00
0.000000000000000000e+00
0.000000000000000000e+00
0.000000000000000000e+00
0.000000000000000000e+00
4.937354425135991043e-02
1.656320032295093836e-01
3.411171617202751749e-01
4.894649691173295070e-01
5.199555515389586713e-01
4.099241143391305631e-01
2.650585327650387679e-01
1.316459987678445243e-01
4.937354425135991043e-02
4.810352034591132420e-03
1.012631395060815352e-16
0.000000000000000000e+00
0.000000000000000000e+00
0.000000000000000000e+00
0.000000000000000000e+00
0.000000000000000000e+00
1.012631395060815352e-16
0.000000000000000000e+00
0.000000000000000000e+00
1.012631395060815352e-16
4.810352034591132420e-03
4.937354425136000757e-02
1.316459987678447463e-01
2.650585327650387679e-01
4.099241143391306186e-01
5.199555515389585603e-01
4.894649691173291739e-01
3.411171617202750084e-01
1.656320032295091893e-01
4.937354425135991043e-02
4.810352034591132420e-03
0.000000000000000000e+00
0.000000000000000000e+00
0.000000000000000000e+00
0.000000000000000000e+00
0.000000000000000000e+00
1.012631395060815352e-16
0.000000000000000000e+00
0.000000000000000000e+00
0.000000000000000000e+00
1.012631395060815352e-16
0.000000000000000000e+00
1.012631395060815352e-16
0.000000000000000000e+00
0.000000000000000000e+00
0.000000000000000000e+00
0.000000000000000000e+00
0.000000000000000000e+00
0.000000000000000000e+00
0.000000000000000000e+00
0.000000000000000000e+00
0.000000000000000000e+00
0.000000000000000000e+00
0.000000000000000000e+00
0.000000000000000000e+00
0.000000000000000000e+00
0.000000000000000000e+00
0.000000000000000000e+00
0.000000000000000000e+00
0.000000000000000000e+00
0.000000000000000000e+00
4.810352034591233901e-03
4.937354425136006308e-02
1.316459987678446353e-01
2.007255952584004743e-01
2.068519885288192250e-01
1.575062201136587514e-01
8.019427077078693233e-02
2.670553544313973571e-02
4.810352034591132420e-03
0.000000000000000000e+00
2.025262790121630704e-16
0.000000000000000000e+00
0.000000000000000000e+00
0.000000000000000000e+00
0.000000000000000000e+00
0.000000000000000000e+00
0.000000000000000000e+00
0.000000000000000000e+00
0.000000000000000000e+00
0.000000000000000000e+00
0.000000000000000000e+00
4.810352034590930324e-03
2.670553544313993694e-02
8.019427077078658539e-02
1.575062201136587514e-01
2.068519885288193638e-01
2.007255952584003078e-01
1.316459987678444410e-01
4.937354425135985492e-02
4.810352034591132420e-03
0.000000000000000000e+00
0.000000000000000000e+00
0.000000000000000000e+00
0.000000000000000000e+00
0.000000000000000000e+00
0.000000000000000000e+00
0.000000000000000000e+00
0.000000000000000000e+00
0.000000000000000000e+00
0.000000000000000000e+00
1.012631395060815352e-16
0.000000000000000000e+00
0.000000000000000000e+00
0.000000000000000000e+00
0.000000000000000000e+00
0.000000000000000000e+00
0.000000000000000000e+00
0.000000000000000000e+00
0.000000000000000000e+00
1.012631395060815352e-16
0.000000000000000000e+00
0.000000000000000000e+00
0.000000000000000000e+00
0.000000000000000000e+00
0.000000000000000000e+00
0.000000000000000000e+00
0.000000000000000000e+00
0.000000000000000000e+00
0.000000000000000000e+00
0.000000000000000000e+00
0.000000000000000000e+00
0.000000000000000000e+00
9.660083881985409918e-03
5.456976209251953452e-02
1.066881076870921513e-01
1.066881076870920958e-01
5.456976209251983984e-02
9.660083881985307569e-03
0.000000000000000000e+00
0.000000000000000000e+00
0.000000000000000000e+00
0.000000000000000000e+00
0.000000000000000000e+00
0.000000000000000000e+00
0.000000000000000000e+00
0.000000000000000000e+00
3.037894185182446057e-16
0.000000000000000000e+00
0.000000000000000000e+00
0.000000000000000000e+00
0.000000000000000000e+00
0.000000000000000000e+00
0.000000000000000000e+00
0.000000000000000000e+00
9.660083881985206955e-03
5.456976209251979126e-02
1.066881076870923456e-01
1.066881076870920958e-01
5.456976209251948595e-02
9.660083881985206955e-03
0.000000000000000000e+00
0.000000000000000000e+00
0.000000000000000000e+00
0.000000000000000000e+00
0.000000000000000000e+00
0.000000000000000000e+00
1.012631395060815352e-16
1.012631395060815352e-16
0.000000000000000000e+00
1.012631395060815352e-16
0.000000000000000000e+00
0.000000000000000000e+00
0.000000000000000000e+00
0.000000000000000000e+00
0.000000000000000000e+00
0.000000000000000000e+00
0.000000000000000000e+00
0.000000000000000000e+00
0.000000000000000000e+00
1.012631395060815352e-16
0.000000000000000000e+00
0.000000000000000000e+00
0.000000000000000000e+00
0.000000000000000000e+00
0.000000000000000000e+00
0.000000000000000000e+00
0.000000000000000000e+00
0.000000000000000000e+00
0.000000000000000000e+00
0.000000000000000000e+00
0.000000000000000000e+00
0.000000000000000000e+00
4.810352034591132420e-03
4.937354425136000757e-02
1.316459987678445243e-01
2.007255952584004743e-01
2.068519885288190030e-01
1.575062201136583073e-01
8.019427077078704336e-02
2.670553544313983632e-02
4.810352034591233901e-03
3.037894185182446057e-16
0.000000000000000000e+00
0.000000000000000000e+00
0.000000000000000000e+00
0.000000000000000000e+00
0.000000000000000000e+00
1.012631395060815352e-16
1.012631395060815352e-16
0.000000000000000000e+00
0.000000000000000000e+00
0.000000000000000000e+00
0.000000000000000000e+00
4.810352034591132420e-03
2.670553544313973571e-02
8.019427077078719601e-02
1.575062201136583073e-01
2.068519885288192250e-01
2.007255952584002523e-01
1.316459987678444410e-01
4.937354425136000757e-02
4.810352034591031806e-03
0.000000000000000000e+00
0.000000000000000000e+00
0.000000000000000000e+00
0.000000000000000000e+00
0.000000000000000000e+00
0.000000000000000000e+00
0.000000000000000000e+00
0.000000000000000000e+00
0.000000000000000000e+00
1.012631395060815352e-16
0.000000000000000000e+00
0.000000000000000000e+00
0.000000000000000000e+00
0.000000000000000000e+00
0.000000000000000000e+00
0.000000000000000000e+00
0.000000000000000000e+00
0.000000000000000000e+00
1.012631395060815352e-16
0.000000000000000000e+00
0.000000000000000000e+00
0.000000000000000000e+00
0.000000000000000000e+00
0.000000000000000000e+00
0.000000000000000000e+00
0.000000000000000000e+00
0.000000000000000000e+00
0.000000000000000000e+00
0.000000000000000000e+00
0.000000000000000000e+00
0.000000000000000000e+00
4.937354425135991043e-02
1.656320032295094946e-01
3.411171617202751749e-01
4.894649691173292849e-01
5.199555515389587823e-01
4.099241143391308961e-01
2.650585327650390455e-01
1.316459987678445243e-01
4.937354425135991043e-02
4.810352034590930324e-03
0.000000000000000000e+00
0.000000000000000000e+00
0.000000000000000000e+00
0.000000000000000000e+00
0.000000000000000000e+00
3.037894185182446057e-16
2.025262790121630704e-16
0.000000000000000000e+00
0.000000000000000000e+00
0.000000000000000000e+00
4.810352034591132420e-03
4.937354425136006308e-02
1.316459987678443855e-01
2.650585327650387679e-01
4.099241143391311182e-01
5.199555515389586713e-01
4.894649691173292849e-01
3.411171617202750639e-01
1.656320032295092726e-01
4.937354425135975777e-02
4.810352034591132420e-03
0.000000000000000000e+00
0.000000000000000000e+00
0.000000000000000000e+00
0.000000000000000000e+00
0.000000000000000000e+00
0.000000000000000000e+00
0.000000000000000000e+00
0.000000000000000000e+00
1.012631395060815352e-16
0.000000000000000000e+00
0.000000000000000000e+00
0.000000000000000000e+00
0.000000000000000000e+00
0.000000000000000000e+00
0.000000000000000000e+00
0.000000000000000000e+00
0.000000000000000000e+00
0.000000000000000000e+00
1.012631395060815352e-16
0.000000000000000000e+00
0.000000000000000000e+00
0.000000000000000000e+00
0.000000000000000000e+00
0.000000000000000000e+00
1.012631395060815352e-16
0.000000000000000000e+00
0.000000000000000000e+00
0.000000000000000000e+00
0.000000000000000000e+00
0.000000000000000000e+00
1.656320032295093281e-01
3.708481561687027583e-01
6.224333901369939470e-01
7.741156758030439677e-01
8.099338203945734005e-01
7.285348515467487962e-01
5.597903456347530504e-01
3.411171617202757300e-01
1.656320032295094946e-01
4.937354425135985492e-02
4.810352034591031806e-03
0.000000000000000000e+00
0.000000000000000000e+00
0.000000000000000000e+00
0.000000000000000000e+00
2.025262790121630704e-16
0.000000000000000000e+00
0.000000000000000000e+00
0.000000000000000000e+00
4.810352034591132420e-03
4.937354425135975777e-02
1.656320032295093281e-01
3.411171617202753970e-01
5.597903456347530504e-01
7.285348515467485742e-01
8.099338203945736225e-01
7.741156758030438567e-01
6.224333901369935029e-01
3.708481561687027028e-01
1.656320032295091893e-01
4.937354425135985492e-02
4.810352034591132420e-03
0.000000000000000000e+00
0.000000000000000000e+00
0.000000000000000000e+00
0.000000000000000000e+00
0.000000000000000000e+00
0.000000000000000000e+00
2.025262790121630704e-16
0.000000000000000000e+00
1.012631395060815352e-16
0.000000000000000000e+00
0.000000000000000000e+00
0.000000000000000000e+00
0.000000000000000000e+00
0.000000000000000000e+00
0.000000000000000000e+00
0.000000000000000000e+00
0.000000000000000000e+00
1.012631395060815352e-16
0.000000000000000000e+00
0.000000000000000000e+00
0.000000000000000000e+00
0.000000000000000000e+00
0.000000000000000000e+00
0.000000000000000000e+00
0.000000000000000000e+00
0.000000000000000000e+00
0.000000000000000000e+00
0.000000000000000000e+00
0.000000000000000000e+00
3.411171617202751749e-01
6.224333901369938360e-01
8.343679967704903389e-01
9.454302379074802642e-01
9.682703604021657418e-01
9.198057292292129983e-01
8.076544248162660367e-01
6.224333901369939470e-01
3.775666098630061640e-01
1.984304157519815592e-01
1.101746083850792673e-01
8.561078234160644784e-02
8.561078234160635070e-02
8.561078234160660050e-02
8.561078234160639233e-02
8.561078234160648948e-02
8.561078234160648948e-02
8.561078234160639233e-02
8.561078234160619804e-02
1.101746083850793229e-01
1.984304157519815037e-01
3.775666098630066636e-01
6.224333901369935029e-01
8.076544248162660367e-01
9.198057292292129983e-01
9.682703604021659638e-01
9.454302379074802642e-01
8.343679967704903389e-01
6.291518438312969641e-01
3.775666098630061640e-01
1.923455751837338246e-01
8.019427077078683519e-02
2.670553544313943040e-02
4.810352034590930324e-03
0.000000000000000000e+00
0.000000000000000000e+00
0.000000000000000000e+00
0.000000000000000000e+00
0.000000000000000000e+00
3.037894185182446057e-16
1.012631395060815352e-16
0.000000000000000000e+00
0.000000000000000000e+00
0.000000000000000000e+00
0.000000000000000000e+00
0.000000000000000000e+00
0.000000000000000000e+00
0.000000000000000000e+00
1.012631395060815352e-16
0.000000000000000000e+00
0.000000000000000000e+00
0.000000000000000000e+00
0.000000000000000000e+00
0.000000000000000000e+00
0.000000000000000000e+00
0.000000000000000000e+00
0.000000000000000000e+00
4.810352034591132420e-03
2.670553544313943040e-02
5.132233147021154213e-02
5.132233147021138947e-02
5.293718145170064338e-01
8.015695842480183853e-01
9.506264557486399092e-01
9.951896479654092076e-01
1.000000000000000000e+00
9.951896479654092076e-01
9.506264557486401312e-01
8.343679967704906719e-01
6.588828382797244920e-01
4.706281854829933442e-01
3.613713573709495530e-01
3.226582243654682047e-01
3.226582243654681492e-01
3.226582243654680382e-01
3.226582243654680382e-01
3.226582243654682602e-01
3.226582243654681492e-01
3.226582243654681492e-01
3.226582243654682602e-01
3.613713573709493310e-01
4.706281854829933442e-01
6.588828382797246030e-01
8.343679967704908940e-01
9.506264557486401312e-01
9.951896479654087635e-01
1.000000000000000000e+00
9.951896479654087635e-01
9.506264557486399092e-01
8.343679967704907829e-01
6.588828382797249361e-01
4.402096543652468941e-01
2.650585327650386569e-01
1.316459987678444410e-01
4.937354425135975777e-02
4.810352034591132420e-03
0.000000000000000000e+00
0.000000000000000000e+00
0.000000000000000000e+00
0.000000000000000000e+00
1.012631395060815352e-16
1.012631395060815352e-16
0.000000000000000000e+00
0.000000000000000000e+00
0.000000000000000000e+00
1.012631395060815352e-16
0.000000000000000000e+00
0.000000000000000000e+00
0.000000000000000000e+00
0.000000000000000000e+00
1.012631395060815352e-16
0.000000000000000000e+00
0.000000000000000000e+00
0.000000000000000000e+00
0.000000000000000000e+00
0.000000000000000000e+00
0.000000000000000000e+00
4.810352034591132420e-03
4.937354425136000757e-02
1.316459987678444410e-01
1.946293151924680109e-01
1.738195695163586851e-01
6.386286426290501694e-01
8.898253916149205800e-01
9.951896479654087635e-01
1.000000000000000000e+00
1.000000000000000000e+00
1.000000000000000000e+00
9.951896479654092076e-01
9.454302379074804863e-01
8.365941841598196760e-01
6.997244384348642043e-01
6.019404945207172952e-01
5.649152318850616528e-01
5.649152318850613197e-01
5.649152318850613197e-01
5.649152318850613197e-01
5.649152318850610976e-01
5.649152318850610976e-01
5.649152318850613197e-01
5.649152318850616528e-01
6.019404945207174062e-01
6.997244384348642043e-01
8.365941841598196760e-01
9.454302379074802642e-01
9.951896479654087635e-01
1.000000000000000000e+00
1.000000000000000000e+00
1.000000000000000000e+00
9.951896479654087635e-01
9.506264557486399092e-01
8.683540012321554480e-01
7.349414672349611211e-01
5.597903456347527174e-01
3.411171617202751749e-01
1.656320032295092726e-01
4.937354425135991043e-02
4.810352034591132420e-03
0.000000000000000000e+00
0.000000000000000000e+00
1.012631395060815352e-16
0.000000000000000000e+00
2.025262790121630704e-16
0.000000000000000000e+00
0.000000000000000000e+00
0.000000000000000000e+00
1.012631395060815352e-16
0.000000000000000000e+00
0.000000000000000000e+00
0.000000000000000000e+00
0.000000000000000000e+00
1.012631395060815352e-16
0.000000000000000000e+00
0.000000000000000000e+00
0.000000000000000000e+00
0.000000000000000000e+00
0.000000000000000000e+00
4.810352034591132420e-03
4.937354425135991043e-02
1.656320032295093281e-01
3.411171617202751749e-01
4.521654367681432474e-01
3.893683057807282855e-01
6.773417756345315732e-01
9.143892176583935383e-01
9.999999999999997780e-01
9.999999999999997780e-01
1.000000000000000000e+00
9.951896479654087635e-01
9.732944645568604169e-01
9.143892176583937603e-01
8.099338203945729564e-01
6.931934585557392170e-01
6.019404945207170732e-01
5.649152318850615417e-01
5.649152318850616528e-01
5.649152318850616528e-01
5.649152318850615417e-01
5.649152318850615417e-01
5.649152318850614307e-01
5.649152318850614307e-01
5.649152318850615417e-01
6.019404945207172952e-01
6.931934585557388839e-01
8.099338203945728454e-01
9.143892176583933162e-01
9.732944645568603059e-01
9.951896479654087635e-01
1.000000000000000000e+00
9.999999999999997780e-01
9.999999999999997780e-01
9.951896479654085415e-01
9.732944645568598618e-01
9.198057292292129983e-01
8.076544248162659256e-01
6.224333901369935029e-01
3.708481561687027583e-01
1.656320032295092726e-01
4.937354425136000757e-02
4.810352034591132420e-03
0.000000000000000000e+00
0.000000000000000000e+00
1.012631395060815352e-16
1.012631395060815352e-16
0.000000000000000000e+00
0.000000000000000000e+00
0.000000000000000000e+00
0.000000000000000000e+00
0.000000000000000000e+00
0.000000000000000000e+00
0.000000000000000000e+00
0.000000000000000000e+00
0.000000000000000000e+00
0.000000000000000000e+00
0.000000000000000000e+00
0.000000000000000000e+00
0.000000000000000000e+00
4.810352034591132420e-03
4.937354425135991043e-02
1.656320032295093281e-01
3.708481561687029804e-01
6.224333901369933919e-01
7.021739554941190953e-01
5.717255285664297748e-01
6.773417756345316842e-01
9.143892176583938713e-01
1.000000000000000000e+00
1.000000000000000000e+00
9.951896479654087635e-01
9.506264557486399092e-01
8.683540012321553370e-01
7.349414672349615651e-01
5.900758856608689928e-01
4.402096543652470051e-01
3.613713573709498861e-01
3.226582243654680382e-01
3.226582243654684268e-01
3.226582243654682047e-01
3.226582243654684823e-01
3.226582243654684823e-01
3.226582243654682047e-01
3.226582243654680382e-01
3.226582243654681492e-01
3.613713573709498861e-01
4.402096543652469496e-01
5.900758856608692149e-01
7.349414672349613431e-01
8.683540012321554480e-01
9.506264557486399092e-01
9.951896479654087635e-01
1.000000000000000000e+00
1.000000000000000000e+00
1.000000000000000000e+00
9.999999999999997780e-01
9.951896479654087635e-01
9.506264557486396871e-01
8.343679967704907829e-01
6.291518438312969641e-01
3.708481561687027028e-01
1.656320032295094946e-01
4.937354425136000757e-02
4.810352034590930324e-03
1.012631395060815352e-16
0.000000000000000000e+00
0.000000000000000000e+00
1.012631395060815352e-16
0.000000000000000000e+00
0.000000000000000000e+00
0.000000000000000000e+00
0.000000000000000000e+00
0.000000000000000000e+00
0.000000000000000000e+00
0.000000000000000000e+00
3.037894185182446057e-16
0.000000000000000000e+00
0.000000000000000000e+00
3.037894185182446057e-16
4.810352034591031806e-03
4.937354425136006308e-02
1.656320032295094946e-01
3.708481561687027028e-01
6.291518438312970751e-01
8.343679967704906719e-01
8.587777620020546898e-01
6.707424208152629186e-01
6.773417756345316842e-01
9.143892176583933162e-01
1.000000000000000000e+00
9.951896479654087635e-01
9.506264557486396871e-01
8.343679967704903389e-01
6.588828382797246030e-01
4.402096543652472271e-01
2.714651484532513148e-01
1.634058158401804350e-01
1.101746083850793229e-01
8.561078234160669764e-02
8.561078234160644784e-02
8.561078234160639233e-02
8.561078234160635070e-02
8.561078234160639233e-02
8.561078234160619804e-02
8.561078234160623968e-02
8.561078234160669764e-02
1.101746083850795171e-01
1.634058158401803795e-01
2.714651484532514814e-01
4.402096543652468941e-01
6.588828382797247141e-01
8.343679967704903389e-01
9.506264557486399092e-01
9.951896479654087635e-01
9.999999999999997780e-01
9.999999999999997780e-01
1.000000000000000000e+00
1.000000000000000000e+00
9.951896479654087635e-01
9.506264557486396871e-01
8.343679967704903389e-01
6.291518438312970751e-01
3.708481561687027583e-01
1.656320032295094946e-01
4.937354425136000757e-02
4.810352034591233901e-03
0.000000000000000000e+00
2.025262790121630704e-16
0.000000000000000000e+00
0.000000000000000000e+00
0.000000000000000000e+00
0.000000000000000000e+00
0.000000000000000000e+00
0.000000000000000000e+00
0.000000000000000000e+00
0.000000000000000000e+00
0.000000000000000000e+00
0.000000000000000000e+00
0.000000000000000000e+00
4.810352034591233901e-03
4.937354425136000757e-02
1.656320032295093281e-01
3.708481561687028694e-01
6.291518438312970751e-01
8.343679967704903389e-01
9.506264557486396871e-01
9.089356240674784093e-01
6.773417756345316842e-01
6.773417756345316842e-01
9.089356240674781873e-01
9.732944645568603059e-01
9.198057292292131093e-01
8.076544248162657036e-01
6.224333901369935029e-01
3.775666098630062750e-01
1.923455751837342687e-01
8.019427077078723765e-02
2.670553544313973571e-02
4.810352034591436864e-03
0.000000000000000000e+00
0.000000000000000000e+00
0.000000000000000000e+00
0.000000000000000000e+00
0.000000000000000000e+00
0.000000000000000000e+00
0.000000000000000000e+00
0.000000000000000000e+00
4.810352034591335382e-03
2.670553544313963509e-02
8.019427077078704336e-02
1.923455751837337691e-01
3.775666098630063305e-01
6.224333901369935029e-01
8.076544248162659256e-01
9.198057292292129983e-01
9.732944645568604169e-01
9.951896479654087635e-01
1.000000000000000000e+00
1.000000000000000000e+00
9.999999999999995559e-01
9.951896479654089855e-01
9.506264557486399092e-01
8.343679967704901168e-01
6.291518438312970751e-01
3.708481561687028694e-01
1.656320032295092726e-01
4.937354425136000757e-02
4.810352034591132420e-03
1.012631395060815352e-16
0.000000000000000000e+00
0.000000000000000000e+00
0.000000000000000000e+00
0.000000000000000000e+00
0.000000000000000000e+00
0.000000000000000000e+00
0.000000000000000000e+00
0.000000000000000000e+00
0.000000000000000000e+00
0.000000000000000000e+00
4.810352034591132420e-03
4.937354425136000757e-02
1.656320032295093281e-01
3.708481561687027028e-01
6.291518438312970751e-01
8.343679967704907829e-01
9.506264557486399092e-01
9.951896479654089855e-01
9.143892176583935383e-01
6.773417756345316842e-01
6.707424208152630296e-01
8.587777620020543567e-01
8.683540012321555590e-01
7.349414672349608990e-01
5.597903456347530504e-01
3.411171617202751749e-01
1.656320032295095224e-01
4.937354425136020880e-02
4.810352034591132420e-03
0.000000000000000000e+00
0.000000000000000000e+00
0.000000000000000000e+00
0.000000000000000000e+00
0.000000000000000000e+00
0.000000000000000000e+00
0.000000000000000000e+00
0.000000000000000000e+00
0.000000000000000000e+00
2.025262790121630704e-16
0.000000000000000000e+00
0.000000000000000000e+00
4.810352034591233901e-03
4.937354425135991043e-02
1.656320032295095779e-01
3.411171617202753414e-01
5.597903456347531614e-01
7.349414672349608990e-01
8.683540012321556700e-01
9.506264557486399092e-01
9.951896479654087635e-01
9.999999999999997780e-01
9.999999999999997780e-01
1.000000000000000000e+00
9.951896479654089855e-01
9.506264557486399092e-01
8.343679967704907829e-01
6.291518438312969641e-01
3.708481561687029804e-01
1.656320032295094946e-01
4.937354425135991043e-02
4.810352034591335382e-03
0.000000000000000000e+00
0.000000000000000000e+00
0.000000000000000000e+00
0.000000000000000000e+00
0.000000000000000000e+00
0.000000000000000000e+00
0.000000000000000000e+00
0.000000000000000000e+00
0.000000000000000000e+00
4.810352034591233901e-03
4.937354425136000757e-02
1.656320032295094946e-01
3.708481561687030359e-01
6.291518438312970751e-01
8.343679967704907829e-01
9.506264557486399092e-01
9.951896479654089855e-01
1.000000000000000000e+00
9.143892176583937603e-01
6.773417756345316842e-01
6.112349593400467906e-01
7.309459950090866354e-01
6.588828382797244920e-01
4.402096543652468941e-01
2.650585327650388234e-01
1.316459987678443855e-01
4.937354425135985492e-02
4.810352034591233901e-03
0.000000000000000000e+00
1.012631395060815352e-16
0.000000000000000000e+00
0.000000000000000000e+00
0.000000000000000000e+00
0.000000000000000000e+00
0.000000000000000000e+00
0.000000000000000000e+00
0.000000000000000000e+00
0.000000000000000000e+00
0.000000000000000000e+00
0.000000000000000000e+00
0.000000000000000000e+00
0.000000000000000000e+00
4.810352034590828843e-03
4.937354425135991043e-02
1.316459987678443855e-01
2.650585327650390455e-01
4.402096543652467830e-01
6.588828382797246030e-01
8.343679967704903389e-01
9.506264557486399092e-01
9.951896479654087635e-01
9.999999999999997780e-01
9.999999999999997780e-01
1.000000000000000000e+00
9.951896479654087635e-01
9.506264557486401312e-01
8.343679967704907829e-01
6.291518438312968531e-01
3.708481561687027028e-01
1.656320032295096334e-01
4.937354425136020880e-02
4.810352034591132420e-03
0.000000000000000000e+00
0.000000000000000000e+00
0.000000000000000000e+00
0.000000000000000000e+00
0.000000000000000000e+00
0.000000000000000000e+00
0.000000000000000000e+00
4.810352034591132420e-03
4.937354425135991043e-02
1.656320032295095224e-01
3.708481561687027583e-01
6.291518438312970751e-01
8.343679967704907829e-01
9.506264557486401312e-01
9.951896479654087635e-01
9.999999999999997780e-01
9.999999999999997780e-01
9.143892176583935383e-01
6.773417756345316842e-01
4.686682004719499028e-01
5.154206269500244408e-01
3.775666098630063305e-01
1.923455751837340189e-01
8.019427077078689070e-02
2.670553544313953448e-02
4.810352034591132420e-03
2.025262790121630704e-16
0.000000000000000000e+00
0.000000000000000000e+00
0.000000000000000000e+00
0.000000000000000000e+00
0.000000000000000000e+00
0.000000000000000000e+00
0.000000000000000000e+00
3.037894185182446057e-16
0.000000000000000000e+00
0.000000000000000000e+00
0.000000000000000000e+00
0.000000000000000000e+00
0.000000000000000000e+00
0.000000000000000000e+00
1.012631395060815352e-16
4.810352034591132420e-03
2.670553544313973571e-02
8.019427077078714050e-02
1.923455751837339078e-01
3.775666098630063860e-01
6.291518438312969641e-01
8.343679967704903389e-01
9.506264557486399092e-01
9.951896479654087635e-01
1.000000000000000000e+00
1.000000000000000000e+00
9.999999999999997780e-01
9.951896479654087635e-01
9.506264557486399092e-01
8.343679967704903389e-01
6.224333901369939470e-01
3.411171617202753414e-01
1.316459987678446353e-01
2.670553544313973571e-02
0.000000000000000000e+00
0.000000000000000000e+00
0.000000000000000000e+00
0.000000000000000000e+00
0.000000000000000000e+00
0.000000000000000000e+00
0.000000000000000000e+00
2.670553544313973571e-02
1.316459987678445243e-01
3.411171617202750639e-01
6.224333901369939470e-01
8.343679967704908940e-01
9.506264557486399092e-01
9.951896479654087635e-01
1.000000000000000000e+00
9.999999999999997780e-01
9.999999999999997780e-01
9.143892176583933162e-01
6.773417756345316842e-01
2.827461782262183365e-01
2.674639414331094756e-01
1.656320032295094946e-01
4.937354425135991043e-02
4.810352034591132420e-03
0.000000000000000000e+00
0.000000000000000000e+00
0.000000000000000000e+00
0.000000000000000000e+00
0.000000000000000000e+00
0.000000000000000000e+00
0.000000000000000000e+00
0.000000000000000000e+00
0.000000000000000000e+00
0.000000000000000000e+00
0.000000000000000000e+00
0.000000000000000000e+00
0.000000000000000000e+00
0.000000000000000000e+00
0.000000000000000000e+00
0.000000000000000000e+00
0.000000000000000000e+00
0.000000000000000000e+00
0.000000000000000000e+00
0.000000000000000000e+00
4.810352034591132420e-03
4.937354425135991043e-02
1.656320032295092726e-01
3.708481561687027583e-01
6.224333901369935029e-01
8.015695842480181632e-01
8.898253916149206910e-01
9.143892176583935383e-01
9.143892176583935383e-01
9.143892176583933162e-01
9.143892176583933162e-01
9.089356240674786314e-01
8.587777620020546898e-01
7.021739554941190953e-01
4.521654367681432474e-01
1.946293151924680109e-01
5.132233147021154213e-02
0.000000000000000000e+00
0.000000000000000000e+00
0.000000000000000000e+00
0.000000000000000000e+00
0.000000000000000000e+00
0.000000000000000000e+00
0.000000000000000000e+00
5.132233147021154213e-02
1.946293151924680109e-01
4.521654367681430808e-01
7.021739554941190953e-01
8.587777620020544678e-01
9.089356240674784093e-01
9.143892176583933162e-01
9.143892176583935383e-01
9.143892176583935383e-01
9.143892176583933162e-01
8.244678957237352446e-01
6.019404945207172952e-01
1.143931638618722046e-01
1.009187990238565036e-01
4.937354425135991043e-02
4.810352034591132420e-03
0.000000000000000000e+00
0.000000000000000000e+00
1.012631395060815352e-16
2.025262790121630704e-16
0.000000000000000000e+00
0.000000000000000000e+00
0.000000000000000000e+00
0.000000000000000000e+00
0.000000000000000000e+00
0.000000000000000000e+00
0.000000000000000000e+00
0.000000000000000000e+00
0.000000000000000000e+00
0.000000000000000000e+00
0.000000000000000000e+00
0.000000000000000000e+00
0.000000000000000000e+00
0.000000000000000000e+00
1.012631395060815352e-16
1.012631395060815352e-16
0.000000000000000000e+00
0.000000000000000000e+00
4.810352034591132420e-03
4.937354425135991043e-02
1.656320032295092726e-01
3.411171617202750639e-01
5.293718145170064338e-01
6.386286426290498364e-01
6.773417756345316842e-01
6.773417756345316842e-01
6.773417756345315732e-01
6.773417756345319063e-01
6.773417756345315732e-01
6.707424208152626965e-01
5.717255285664298858e-01
3.893683057807284520e-01
1.738195695163589349e-01
5.132233147021148661e-02
0.000000000000000000e+00
0.000000000000000000e+00
0.000000000000000000e+00
0.000000000000000000e+00
0.000000000000000000e+00
0.000000000000000000e+00
0.000000000000000000e+00
5.132233147021163927e-02
1.738195695163588517e-01
3.893683057807284520e-01
5.717255285664298858e-01
6.707424208152630296e-01
6.773417756345316842e-01
6.773417756345321283e-01
6.773417756345315732e-01
6.773417756345316842e-01
6.773417756345316842e-01
6.019404945207172952e-01
4.288830398374979813e-01
