4.307071605575027440e-01
5.993775021487033339e-01
6.732417925244879031e-01
6.732417925244881252e-01
6.732417925244881252e-01
6.732417925244881252e-01
6.732417925244881252e-01
6.732417925244879031e-01
6.732417925244879031e-01
6.732417925244879031e-01
6.732417925244881252e-01
6.732417925244881252e-01
6.732417925244881252e-01
6.732417925244881252e-01
6.732417925244881252e-01
6.732417925244879031e-01
6.732417925244881252e-01
6.732417925244881252e-01
6.732417925244881252e-01
6.732417925244881252e-01
6.732417925244879031e-01
6.732417925244879031e-01
6.732417925244879031e-01
6.732417925244879031e-01
6.732417925244879031e-01
6.732417925244879031e-01
6.732417925244879031e-01
6.732417925244879031e-01
6.352602500229059812e-01
5.286067561598759568e-01
3.448856317708234864e-01
1.706805925872523499e-01
5.177780500892635585e-02
5.085147465517701575e-03
5.665383669786872168e-17
5.665383669786872168e-17
5.665383669786872168e-17
0.000000000000000000e+00
0.000000000000000000e+00
0.000000000000000000e+00
5.665383669786872168e-17
0.000000000000000000e+00
5.665383669786872168e-17
0.000000000000000000e+00
0.000000000000000000e+00
5.665383669786872168e-17
5.665383669786872168e-17
0.000000000000000000e+00
5.665383669786872168e-17
5.665383669786872168e-17
0.000000000000000000e+00
0.000000000000000000e+00
0.000000000000000000e+00
1.699615100936061897e-16
5.665383669786872168e-17
0.000000000000000000e+00
5.665383669786872168e-17
5.085147465517587950e-03
5.177780500892629340e-02
1.049556488867147697e-01
1.187283666118623682e-01
5.993775021487033339e-01
8.193514278087156155e-01
9.107530483009228517e-01
9.107530483009230737e-01
9.107530483009230737e-01
9.107530483009229627e-01
9.107530483009229627e-01
9.107530483009228517e-01
9.107530483009228517e-01
9.107530483009230737e-01
9.107530483009231848e-01
9.107530483009230737e-01
9.107530483009230737e-01
9.107530483009230737e-01
9.107530483009230737e-01
9.107530483009230737e-01
9.107530483009230737e-01
9.107530483009230737e-01
9.107530483009231848e-01
9.107530483009231848e-01
9.107530483009230737e-01
9.107530483009228517e-01
9.107530483009228517e-01
9.107530483009229627e-01
9.107530483009228517e-01
9.107530483009230737e-01
9.107530483009228517e-01
9.107530483009228517e-01
8.855782903568324427e-01
7.963738592337830102e-01
6.194089210974591531e-01
3.740176980544548946e-01
1.706805925872522389e-01
5.177780500892641136e-02
5.085147465517701575e-03
0.000000000000000000e+00
5.665383669786872168e-17
0.000000000000000000e+00
0.000000000000000000e+00
0.000000000000000000e+00
5.665383669786872168e-17
0.000000000000000000e+00
5.665383669786872168e-17
0.000000000000000000e+00
5.665383669786872168e-17
5.665383669786872168e-17
5.665383669786872168e-17
0.000000000000000000e+00
0.000000000000000000e+00
5.665383669786872168e-17
0.000000000000000000e+00
5.665383669786872168e-17
0.000000000000000000e+00
5.665383669786872168e-17
0.000000000000000000e+00
5.665383669786872168e-17
5.085147465517587950e-03
5.177780500892635585e-02
1.706805925872521279e-01
2.723264057207256950e-01
2.874357263875173540e-01
6.732417925244879031e-01
9.107530483009230737e-01
9.999999999999997780e-01
9.999999999999997780e-01
1.000000000000000000e+00
1.000000000000000000e+00
1.000000000000000000e+00
9.999999999999997780e-01
9.999999999999996669e-01
1.000000000000000000e+00
9.999999999999997780e-01
9.999999999999997780e-01
1.000000000000000000e+00
9.999999999999996669e-01
9.999999999999997780e-01
9.999999999999996669e-01
9.999999999999997780e-01
9.999999999999997780e-01
9.999999999999997780e-01
9.999999999999997780e-01
1.000000000000000000e+00
9.999999999999997780e-01
9.999999999999996669e-01
1.000000000000000000e+00
9.999999999999997780e-01
1.000000000000000000e+00
9.999999999999997780e-01
9.999999999999997780e-01
9.949148525344823080e-01
9.482221949910734082e-01
8.293194074127477888e-01
6.259823019455452719e-01
3.805910789025405139e-01
1.975304556607377915e-01
8.367226938354993537e-02
2.811746083529155157e-02
5.085147465517701575e-03
0.000000000000000000e+00
0.000000000000000000e+00
0.000000000000000000e+00
5.665383669786872168e-17
0.000000000000000000e+00
0.000000000000000000e+00
0.000000000000000000e+00
0.000000000000000000e+00
5.665383669786872168e-17
0.000000000000000000e+00
0.000000000000000000e+00
0.000000000000000000e+00
5.665383669786872168e-17
0.000000000000000000e+00
0.000000000000000000e+00
0.000000000000000000e+00
5.665383669786872168e-17
5.085147465517587950e-03
2.811746083529155157e-02
8.367226938354982435e-02
1.975304556607376805e-01
3.805910789025405139e-01
5.150180480712620579e-01
4.694839583054391530e-01
6.732417925244879031e-01
9.107530483009228517e-01
1.000000000000000000e+00
1.000000000000000000e+00
1.000000000000000000e+00
1.000000000000000000e+00
9.999999999999997780e-01
9.999999999999997780e-01
1.000000000000000000e+00
1.000000000000000000e+00
1.000000000000000000e+00
1.000000000000000000e+00
1.000000000000000000e+00
1.000000000000000000e+00
1.000000000000000000e+00
1.000000000000000000e+00
1.000000000000000000e+00
1.000000000000000000e+00
1.000000000000000000e+00
9.999999999999997780e-01
1.000000000000000000e+00
9.999999999999997780e-01
1.000000000000000000e+00
9.999999999999997780e-01
9.999999999999997780e-01
9.999999999999997780e-01
9.999999999999997780e-01
9.999999999999997780e-01
1.000000000000000000e+00
9.949148525344823080e-01
9.482221949910736303e-01
8.293194074127475668e-01
6.551143682291765691e-01
4.417516666693872551e-01
2.699452749642494154e-01
1.362930381501913091e-01
5.177780500892641136e-02
5.085147465517531572e-03
0.000000000000000000e+00
0.000000000000000000e+00
5.665383669786872168e-17
0.000000000000000000e+00
0.000000000000000000e+00
0.000000000000000000e+00
0.000000000000000000e+00
5.665383669786872168e-17
0.000000000000000000e+00
0.000000000000000000e+00
0.000000000000000000e+00
5.665383669786872168e-17
0.000000000000000000e+00
0.000000000000000000e+00
0.000000000000000000e+00
5.085147465517701575e-03
5.177780500892635585e-02
1.362930381501913091e-01
2.699452749642492488e-01
4.417516666693870886e-01
6.551143682291764581e-01
7.261000281032671255e-01
6.084593107239423260e-01
6.732417925244879031e-01
9.107530483009227407e-01
9.999999999999995559e-01
1.000000000000000000e+00
9.999999999999997780e-01
1.000000000000000000e+00
1.000000000000000000e+00
1.000000000000000000e+00
9.999999999999997780e-01
1.000000000000000000e+00
1.000000000000000000e+00
1.000000000000000000e+00
1.000000000000000000e+00
9.999999999999997780e-01
9.999999999999997780e-01
9.999999999999997780e-01
1.000000000000000000e+00
1.000000000000000000e+00
1.000000000000000000e+00
1.000000000000000000e+00
9.999999999999997780e-01
9.999999999999997780e-01
9.999999999999997780e-01
9.999999999999997780e-01
9.999999999999997780e-01
9.999999999999997780e-01
1.000000000000000000e+00
9.999999999999995559e-01
9.999999999999995559e-01
1.000000000000000000e+00
9.949148525344823080e-01
9.482221949910734082e-01
8.637069618498086632e-01
7.300547250357503071e-01
5.582483333306128559e-01
3.448856317708230423e-01
1.706805925872521279e-01
5.177780500892623788e-02
5.085147465517587950e-03
0.000000000000000000e+00
0.000000000000000000e+00
0.000000000000000000e+00
0.000000000000000000e+00
0.000000000000000000e+00
0.000000000000000000e+00
0.000000000000000000e+00
0.000000000000000000e+00
0.000000000000000000e+00
0.000000000000000000e+00
0.000000000000000000e+00
0.000000000000000000e+00
0.000000000000000000e+00
5.085147465517417947e-03
5.177780500892629340e-02
1.706805925872521279e-01
3.448856317708231534e-01
5.582483333306128559e-01
7.300547250357501960e-01
8.637069618498083301e-01
8.539899847555736390e-01
6.667570720169663234e-01
6.732417925244881252e-01
9.107530483009230737e-01
1.000000000000000000e+00
9.999999999999997780e-01
9.999999999999997780e-01
9.999999999999997780e-01
9.999999999999997780e-01
1.000000000000000000e+00
9.999999999999997780e-01
1.000000000000000000e+00
1.000000000000000000e+00
1.000000000000000000e+00
1.000000000000000000e+00
1.000000000000000000e+00
9.999999999999997780e-01
1.000000000000000000e+00
1.000000000000000000e+00
1.000000000000000000e+00
1.000000000000000000e+00
1.000000000000000000e+00
1.000000000000000000e+00
9.999999999999997780e-01
1.000000000000000000e+00
9.999999999999997780e-01
9.999999999999995559e-01
9.999999999999997780e-01
9.999999999999997780e-01
9.999999999999997780e-01
9.999999999999997780e-01
9.999999999999997780e-01
1.000000000000000000e+00
9.949148525344826410e-01
9.718825391647084588e-01
9.163277306164500091e-01
8.024695443392622085e-01
6.194089210974591531e-01
3.740176980544545615e-01
1.706805925872521279e-01
5.177780500892629340e-02
5.085147465517417947e-03
5.665383669786872168e-17
0.000000000000000000e+00
0.000000000000000000e+00
0.000000000000000000e+00
0.000000000000000000e+00
0.000000000000000000e+00
0.000000000000000000e+00
0.000000000000000000e+00
0.000000000000000000e+00
5.665383669786872168e-17
0.000000000000000000e+00
5.085147465517531572e-03
5.177780500892623788e-02
1.706805925872522389e-01
3.740176980544546170e-01
6.194089210974591531e-01
8.024695443392619865e-01
9.163277306164496760e-01
9.718825391647082368e-01
9.051489635414978752e-01
6.732417925244881252e-01
6.732417925244879031e-01
9.107530483009229627e-01
1.000000000000000000e+00
9.999999999999997780e-01
1.000000000000000000e+00
1.000000000000000000e+00
1.000000000000000000e+00
9.999999999999996669e-01
9.999999999999997780e-01
1.000000000000000000e+00
9.999999999999997780e-01
1.000000000000000000e+00
9.999999999999997780e-01
9.999999999999997780e-01
9.999999999999997780e-01
9.999999999999997780e-01
9.999999999999997780e-01
9.999999999999997780e-01
1.000000000000000000e+00
9.999999999999997780e-01
1.000000000000000000e+00
9.999999999999996669e-01
9.999999999999997780e-01
1.000000000000000000e+00
9.999999999999997780e-01
9.999999999999997780e-01
9.999999999999997780e-01
1.000000000000000000e+00
9.999999999999996669e-01
1.000000000000000000e+00
9.999999999999997780e-01
1.000000000000000000e+00
1.000000000000000000e+00
9.949148525344823080e-01
9.482221949910736303e-01
8.293194074127475668e-01
6.259823019455452719e-01
3.805910789025403473e-01
2.036261407662169065e-01
1.144217096431669745e-01
8.924695169907691239e-02
8.924695169907685688e-02
8.924695169907674586e-02
8.924695169907685688e-02
8.924695169907674586e-02
8.924695169907691239e-02
8.924695169907680137e-02
8.924695169907674586e-02
8.924695169907685688e-02
8.924695169907691239e-02
8.924695169907691239e-02
1.144217096431671410e-01
2.036261407662168510e-01
3.805910789025405694e-01
6.259823019455452719e-01
8.293194074127477888e-01
9.482221949910736303e-01
9.949148525344823080e-01
1.000000000000000000e+00
9.107530483009228517e-01
6.732417925244881252e-01
6.732417925244879031e-01
9.107530483009228517e-01
1.000000000000000000e+00
1.000000000000000000e+00
1.000000000000000000e+00
9.999999999999997780e-01
9.999999999999997780e-01
9.999999999999997780e-01
9.999999999999997780e-01
1.000000000000000000e+00
9.999999999999995559e-01
9.999999999999996669e-01
9.999999999999995559e-01
9.999999999999995559e-01
9.999999999999995559e-01
9.999999999999992228e-01
9.999999999999995559e-01
9.999999999999996669e-01
9.999999999999997780e-01
9.999999999999995559e-01
9.999999999999997780e-01
9.999999999999996669e-01
9.999999999999997780e-01
9.999999999999997780e-01
9.999999999999996669e-01
1.000000000000000000e+00
1.000000000000000000e+00
9.999999999999997780e-01
1.000000000000000000e+00
1.000000000000000000e+00
9.999999999999997780e-01
1.000000000000000000e+00
1.000000000000000000e+00
9.999999999999997780e-01
9.949148525344823080e-01
9.482221949910736303e-01
8.293194074127473447e-01
6.551143682291764581e-01
4.713932438401239322e-01
3.647397499770935747e-01
3.267582074755119304e-01
3.267582074755117638e-01
3.267582074755117638e-01
3.267582074755117638e-01
3.267582074755118193e-01
3.267582074755119304e-01
3.267582074755118748e-01
3.267582074755118193e-01
3.267582074755118748e-01
3.267582074755119304e-01
3.267582074755118748e-01
3.647397499770936857e-01
4.713932438401238212e-01
6.551143682291764581e-01
8.293194074127475668e-01
9.482221949910736303e-01
9.949148525344824190e-01
9.999999999999997780e-01
1.000000000000000000e+00
9.107530483009230737e-01
6.732417925244879031e-01
6.732417925244881252e-01
9.107530483009230737e-01
1.000000000000000000e+00
1.000000000000000000e+00
1.000000000000000000e+00
9.999999999999997780e-01
9.999999999999997780e-01
9.999999999999995559e-01
1.000000000000000000e+00
1.000000000000000000e+00
9.999999999999997780e-01
1.000000000000000000e+00
9.999999999999997780e-01
9.999999999999997780e-01
9.999999999999997780e-01
9.999999999999996669e-01
9.999999999999997780e-01
9.999999999999997780e-01
1.000000000000000000e+00
9.999999999999997780e-01
9.999999999999997780e-01
9.999999999999997780e-01
9.999999999999997780e-01
9.999999999999997780e-01
9.999999999999995559e-01
1.000000000000000000e+00
1.000000000000000000e+00
9.999999999999997780e-01
9.999999999999996669e-01
1.000000000000000000e+00
1.000000000000000000e+00
1.000000000000000000e+00
9.999999999999997780e-01
9.999999999999997780e-01
1.000000000000000000e+00
9.949148525344821969e-01
9.482221949910736303e-01
8.637069618498086632e-01
7.666222571180272283e-01
7.019337162314769341e-01
6.732417925244881252e-01
6.732417925244879031e-01
6.732417925244879031e-01
6.732417925244879031e-01
6.732417925244879031e-01
6.732417925244879031e-01
6.732417925244879031e-01
6.732417925244879031e-01
6.732417925244879031e-01
6.732417925244881252e-01
6.732417925244881252e-01
7.019337162314772671e-01
7.666222571180272283e-01
8.637069618498087742e-01
9.482221949910736303e-01
9.949148525344823080e-01
1.000000000000000000e+00
9.999999999999997780e-01
1.000000000000000000e+00
9.107530483009230737e-01
6.732417925244881252e-01
6.732417925244879031e-01
9.107530483009230737e-01
1.000000000000000000e+00
1.000000000000000000e+00
1.000000000000000000e+00
1.000000000000000000e+00
9.999999999999997780e-01
1.000000000000000000e+00
1.000000000000000000e+00
1.000000000000000000e+00
1.000000000000000000e+00
1.000000000000000000e+00
9.999999999999997780e-01
9.999999999999997780e-01
9.999999999999996669e-01
9.999999999999995559e-01
9.999999999999997780e-01
9.999999999999997780e-01
9.999999999999997780e-01
9.999999999999996669e-01
1.000000000000000000e+00
9.999999999999997780e-01
9.999999999999997780e-01
9.999999999999997780e-01
9.999999999999997780e-01
1.000000000000000000e+00
1.000000000000000000e+00
1.000000000000000000e+00
1.000000000000000000e+00
1.000000000000000000e+00
1.000000000000000000e+00
1.000000000000000000e+00
1.000000000000000000e+00
1.000000000000000000e+00
1.000000000000000000e+00
9.999999999999997780e-01
9.949148525344823080e-01
9.718825391647081258e-01
9.407860808698917943e-01
9.163277306164498981e-01
9.107530483009230737e-01
9.107530483009229627e-01
9.107530483009227407e-01
9.107530483009229627e-01
9.107530483009228517e-01
9.107530483009230737e-01
9.107530483009228517e-01
9.107530483009229627e-01
9.107530483009228517e-01
9.107530483009230737e-01
9.107530483009230737e-01
9.163277306164500091e-01
9.407860808698915722e-01
9.718825391647082368e-01
9.949148525344824190e-01
1.000000000000000000e+00
1.000000000000000000e+00
1.000000000000000000e+00
1.000000000000000000e+00
9.107530483009230737e-01
6.732417925244879031e-01
6.732417925244879031e-01
9.107530483009228517e-01
1.000000000000000000e+00
1.000000000000000000e+00
9.999999999999997780e-01
1.000000000000000000e+00
1.000000000000000000e+00
1.000000000000000000e+00
1.000000000000000000e+00
1.000000000000000000e+00
9.999999999999997780e-01
9.999999999999997780e-01
9.999999999999996669e-01
9.999999999999996669e-01
9.999999999999996669e-01
9.999999999999995559e-01
9.999999999999996669e-01
1.000000000000000000e+00
9.999999999999997780e-01
9.999999999999997780e-01
9.999999999999997780e-01
9.999999999999997780e-01
1.000000000000000000e+00
1.000000000000000000e+00
9.999999999999997780e-01
1.000000000000000000e+00
1.000000000000000000e+00
9.999999999999997780e-01
9.999999999999997780e-01
1.000000000000000000e+00
1.000000000000000000e+00
1.000000000000000000e+00
1.000000000000000000e+00
1.000000000000000000e+00
9.999999999999997780e-01
1.000000000000000000e+00
1.000000000000000000e+00
1.000000000000000000e+00
1.000000000000000000e+00
9.999999999999997780e-01
9.999999999999997780e-01
1.000000000000000000e+00
9.999999999999997780e-01
9.999999999999997780e-01
9.999999999999997780e-01
1.000000000000000000e+00
1.000000000000000000e+00
9.999999999999997780e-01
9.999999999999997780e-01
1.000000000000000000e+00
1.000000000000000000e+00
1.000000000000000000e+00
1.000000000000000000e+00
1.000000000000000000e+00
1.000000000000000000e+00
1.000000000000000000e+00
1.000000000000000000e+00
1.000000000000000000e+00
1.000000000000000000e+00
9.107530483009230737e-01
6.732417925244881252e-01
6.732417925244879031e-01
9.107530483009229627e-01
1.000000000000000000e+00
1.000000000000000000e+00
1.000000000000000000e+00
1.000000000000000000e+00
1.000000000000000000e+00
1.000000000000000000e+00
1.000000000000000000e+00
1.000000000000000000e+00
9.999999999999997780e-01
1.000000000000000000e+00
1.000000000000000000e+00
9.999999999999997780e-01
9.999999999999997780e-01
9.999999999999996669e-01
9.999999999999997780e-01
9.999999999999997780e-01
9.999999999999997780e-01
9.999999999999997780e-01
1.000000000000000000e+00
9.999999999999997780e-01
1.000000000000000000e+00
1.000000000000000000e+00
1.000000000000000000e+00
1.000000000000000000e+00
1.000000000000000000e+00
1.000000000000000000e+00
9.999999999999997780e-01
1.000000000000000000e+00
1.000000000000000000e+00
1.000000000000000000e+00
1.000000000000000000e+00
1.000000000000000000e+00
1.000000000000000000e+00
1.000000000000000000e+00
1.000000000000000000e+00
9.999999999999997780e-01
1.000000000000000000e+00
9.999999999999997780e-01
1.000000000000000000e+00
9.999999999999997780e-01
1.000000000000000000e+00
1.000000000000000000e+00
1.000000000000000000e+00
1.000000000000000000e+00
9.999999999999997780e-01
1.000000000000000000e+00
1.000000000000000000e+00
1.000000000000000000e+00
1.000000000000000000e+00
9.999999999999997780e-01
9.999999999999997780e-01
1.000000000000000000e+00
1.000000000000000000e+00
1.000000000000000000e+00
1.000000000000000000e+00
9.999999999999997780e-01
1.000000000000000000e+00
9.107530483009229627e-01
6.732417925244879031e-01
6.732417925244879031e-01
9.107530483009229627e-01
9.999999999999997780e-01
1.000000000000000000e+00
9.999999999999997780e-01
1.000000000000000000e+00
1.000000000000000000e+00
1.000000000000000000e+00
9.999999999999997780e-01
1.000000000000000000e+00
1.000000000000000000e+00
1.000000000000000000e+00
9.999999999999997780e-01
9.999999999999997780e-01
9.999999999999997780e-01
9.999999999999996669e-01
1.000000000000000000e+00
9.999999999999997780e-01
9.999999999999997780e-01
9.999999999999997780e-01
1.000000000000000000e+00
9.999999999999995559e-01
1.000000000000000000e+00
9.999999999999997780e-01
9.999999999999997780e-01
1.000000000000000000e+00
1.000000000000000000e+00
9.999999999999997780e-01
1.000000000000000000e+00
1.000000000000000000e+00
1.000000000000000000e+00
1.000000000000000000e+00
1.000000000000000000e+00
1.000000000000000000e+00
1.000000000000000000e+00
1.000000000000000000e+00
1.000000000000000000e+00
1.000000000000000000e+00
1.000000000000000000e+00
1.000000000000000000e+00
1.000000000000000000e+00
1.000000000000000000e+00
9.999999999999997780e-01
1.000000000000000000e+00
9.999999999999997780e-01
1.000000000000000000e+00
1.000000000000000000e+00
1.000000000000000000e+00
1.000000000000000000e+00
1.000000000000000000e+00
1.000000000000000000e+00
1.000000000000000000e+00
9.999999999999997780e-01
1.000000000000000000e+00
1.000000000000000000e+00
1.000000000000000000e+00
1.000000000000000000e+00
1.000000000000000000e+00
1.000000000000000000e+00
9.107530483009230737e-01
6.732417925244879031e-01
6.732417925244879031e-01
9.107530483009229627e-01
1.000000000000000000e+00
1.000000000000000000e+00
9.999999999999997780e-01
1.000000000000000000e+00
1.000000000000000000e+00
9.999999999999996669e-01
1.000000000000000000e+00
1.000000000000000000e+00
1.000000000000000000e+00
1.000000000000000000e+00
9.999999999999997780e-01
1.000000000000000000e+00
1.000000000000000000e+00
9.999999999999997780e-01
1.000000000000000000e+00
1.000000000000000000e+00
1.000000000000000000e+00
1.000000000000000000e+00
1.000000000000000000e+00
1.000000000000000000e+00
9.999999999999997780e-01
9.999999999999997780e-01
9.999999999999996669e-01
1.000000000000000000e+00
1.000000000000000000e+00
1.000000000000000000e+00
1.000000000000000000e+00
1.000000000000000000e+00
1.000000000000000000e+00
1.000000000000000000e+00
1.000000000000000000e+00
1.000000000000000000e+00
1.000000000000000000e+00
1.000000000000000000e+00
1.000000000000000000e+00
9.999999999999997780e-01
9.999999999999997780e-01
1.000000000000000000e+00
1.000000000000000000e+00
1.000000000000000000e+00
9.999999999999997780e-01
1.000000000000000000e+00
1.000000000000000000e+00
1.000000000000000000e+00
1.000000000000000000e+00
1.000000000000000000e+00
1.000000000000000000e+00
1.000000000000000000e+00
1.000000000000000000e+00
1.000000000000000000e+00
9.999999999999997780e-01
1.000000000000000000e+00
1.000000000000000000e+00
1.000000000000000000e+00
1.000000000000000000e+00
1.000000000000000000e+00
1.000000000000000000e+00
9.107530483009230737e-01
6.732417925244879031e-01
6.732417925244879031e-01
9.107530483009229627e-01
1.000000000000000000e+00
9.999999999999997780e-01
9.999999999999997780e-01
9.999999999999997780e-01
1.000000000000000000e+00
9.999999999999996669e-01
9.999999999999997780e-01
1.000000000000000000e+00
1.000000000000000000e+00
9.999999999999997780e-01
1.000000000000000000e+00
9.999999999999997780e-01
9.999999999999997780e-01
9.999999999999995559e-01
9.999999999999997780e-01
1.000000000000000000e+00
9.999999999999997780e-01
9.999999999999997780e-01
1.000000000000000000e+00
9.999999999999997780e-01
1.000000000000000000e+00
1.000000000000000000e+00
9.999999999999997780e-01
1.000000000000000000e+00
9.999999999999997780e-01
9.999999999999997780e-01
9.999999999999997780e-01
1.000000000000000000e+00
1.000000000000000000e+00
1.000000000000000000e+00
9.999999999999997780e-01
1.000000000000000000e+00
1.000000000000000000e+00
1.000000000000000000e+00
9.999999999999997780e-01
1.000000000000000000e+00
1.000000000000000000e+00
9.999999999999997780e-01
1.000000000000000000e+00
1.000000000000000000e+00
9.999999999999996669e-01
9.999999999999997780e-01
9.999999999999997780e-01
9.999999999999997780e-01
9.999999999999997780e-01
9.999999999999997780e-01
9.999999999999997780e-01
1.000000000000000000e+00
1.000000000000000000e+00
1.000000000000000000e+00
9.999999999999997780e-01
1.000000000000000000e+00
1.000000000000000000e+00
1.000000000000000000e+00
1.000000000000000000e+00
9.999999999999997780e-01
1.000000000000000000e+00
9.107530483009229627e-01
6.732417925244879031e-01
6.732417925244879031e-01
9.107530483009230737e-01
1.000000000000000000e+00
9.999999999999997780e-01
1.000000000000000000e+00
1.000000000000000000e+00
1.000000000000000000e+00
9.999999999999997780e-01
9.999999999999997780e-01
1.000000000000000000e+00
9.999999999999997780e-01
9.999999999999997780e-01
9.999999999999997780e-01
9.999999999999997780e-01
9.999999999999997780e-01
9.999999999999995559e-01
9.999999999999997780e-01
9.999999999999997780e-01
9.999999999999997780e-01
1.000000000000000000e+00
9.999999999999997780e-01
9.999999999999995559e-01
9.999999999999997780e-01
1.000000000000000000e+00
9.999999999999997780e-01
1.000000000000000000e+00
1.000000000000000000e+00
1.000000000000000000e+00
9.999999999999996669e-01
1.000000000000000000e+00
1.000000000000000000e+00
1.000000000000000000e+00
1.000000000000000000e+00
1.000000000000000000e+00
1.000000000000000000e+00
1.000000000000000000e+00
1.000000000000000000e+00
1.000000000000000000e+00
1.000000000000000000e+00
9.999999999999997780e-01
1.000000000000000000e+00
1.000000000000000000e+00
1.000000000000000000e+00
1.000000000000000000e+00
1.000000000000000000e+00
1.000000000000000000e+00
9.999999999999997780e-01
1.000000000000000000e+00
1.000000000000000000e+00
1.000000000000000000e+00
1.000000000000000000e+00
9.999999999999996669e-01
1.000000000000000000e+00
1.000000000000000000e+00
9.999999999999997780e-01
9.999999999999997780e-01
1.000000000000000000e+00
9.999999999999997780e-01
1.000000000000000000e+00
9.107530483009230737e-01
6.732417925244881252e-01
6.732417925244879031e-01
9.107530483009228517e-01
1.000000000000000000e+00
9.999999999999997780e-01
9.999999999999997780e-01
1.000000000000000000e+00
1.000000000000000000e+00
1.000000000000000000e+00
1.000000000000000000e+00
1.000000000000000000e+00
1.000000000000000000e+00
1.000000000000000000e+00
1.000000000000000000e+00
1.000000000000000000e+00
1.000000000000000000e+00
9.999999999999997780e-01
1.000000000000000000e+00
1.000000000000000000e+00
1.000000000000000000e+00
1.000000000000000000e+00
1.000000000000000000e+00
9.999999999999995559e-01
9.999999999999997780e-01
9.999999999999997780e-01
9.999999999999995559e-01
1.000000000000000000e+00
1.000000000000000000e+00
1.000000000000000000e+00
9.999999999999996669e-01
1.000000000000000000e+00
1.000000000000000000e+00
1.000000000000000000e+00
1.000000000000000000e+00
9.999999999999997780e-01
1.000000000000000000e+00
9.999999999999997780e-01
1.000000000000000000e+00
9.999999999999997780e-01
9.999999999999997780e-01
1.000000000000000000e+00
1.000000000000000000e+00
1.000000000000000000e+00
9.999999999999996669e-01
9.999999999999997780e-01
9.999999999999997780e-01
9.999999999999997780e-01
9.999999999999997780e-01
1.000000000000000000e+00
1.000000000000000000e+00
1.000000000000000000e+00
1.000000000000000000e+00
1.000000000000000000e+00
9.999999999999997780e-01
1.000000000000000000e+00
1.000000000000000000e+00
1.000000000000000000e+00
1.000000000000000000e+00
9.999999999999997780e-01
9.999999999999997780e-01
9.107530483009229627e-01
6.732417925244881252e-01
6.732417925244879031e-01
9.107530483009229627e-01
9.999999999999997780e-01
1.000000000000000000e+00
1.000000000000000000e+00
1.000000000000000000e+00
1.000000000000000000e+00
9.999999999999997780e-01
1.000000000000000000e+00
1.000000000000000000e+00
9.999999999999997780e-01
1.000000000000000000e+00
9.999999999999997780e-01
9.999999999999997780e-01
9.999999999999997780e-01
9.999999999999997780e-01
9.999999999999997780e-01
1.000000000000000000e+00
1.000000000000000000e+00
9.999999999999997780e-01
9.999999999999997780e-01
1.000000000000000000e+00
9.999999999999997780e-01
1.000000000000000000e+00
1.000000000000000000e+00
1.000000000000000000e+00
9.999999999999997780e-01
9.999999999999995559e-01
1.000000000000000000e+00
1.000000000000000000e+00
1.000000000000000000e+00
1.000000000000000000e+00
1.000000000000000000e+00
1.000000000000000000e+00
1.000000000000000000e+00
9.999999999999997780e-01
9.999999999999997780e-01
1.000000000000000000e+00
9.999999999999997780e-01
1.000000000000000000e+00
1.000000000000000000e+00
1.000000000000000000e+00
9.999999999999997780e-01
1.000000000000000000e+00
1.000000000000000000e+00
1.000000000000000000e+00
1.000000000000000000e+00
1.000000000000000000e+00
9.999999999999997780e-01
1.000000000000000000e+00
1.000000000000000000e+00
1.000000000000000000e+00
9.999999999999997780e-01
1.000000000000000000e+00
9.999999999999997780e-01
9.999999999999997780e-01
1.000000000000000000e+00
9.999999999999997780e-01
1.000000000000000000e+00
9.107530483009230737e-01
6.732417925244881252e-01
6.732417925244879031e-01
9.107530483009229627e-01
1.000000000000000000e+00
9.999999999999997780e-01
1.000000000000000000e+00
1.000000000000000000e+00
1.000000000000000000e+00
1.000000000000000000e+00
1.000000000000000000e+00
1.000000000000000000e+00
1.000000000000000000e+00
1.000000000000000000e+00
9.999999999999997780e-01
9.999999999999997780e-01
9.999999999999997780e-01
9.999999999999997780e-01
9.999999999999997780e-01
9.999999999999997780e-01
1.000000000000000000e+00
1.000000000000000000e+00
9.999999999999997780e-01
1.000000000000000000e+00
1.000000000000000000e+00
1.000000000000000000e+00
9.999999999999995559e-01
1.000000000000000000e+00
9.999999999999997780e-01
9.999999999999997780e-01
9.999999999999996669e-01
1.000000000000000000e+00
1.000000000000000000e+00
1.000000000000000000e+00
9.999999999999997780e-01
1.000000000000000000e+00
9.999999999999997780e-01
9.999999999999997780e-01
1.000000000000000000e+00
9.999999999999997780e-01
1.000000000000000000e+00
1.000000000000000000e+00
1.000000000000000000e+00
1.000000000000000000e+00
9.999999999999997780e-01
1.000000000000000000e+00
9.999999999999997780e-01
1.000000000000000000e+00
1.000000000000000000e+00
1.000000000000000000e+00
1.000000000000000000e+00
1.000000000000000000e+00
1.000000000000000000e+00
9.999999999999997780e-01
1.000000000000000000e+00
1.000000000000000000e+00
1.000000000000000000e+00
1.000000000000000000e+00
1.000000000000000000e+00
1.000000000000000000e+00
1.000000000000000000e+00
9.107530483009228517e-01
6.732417925244881252e-01
6.732417925244879031e-01
9.107530483009229627e-01
9.999999999999997780e-01
9.999999999999997780e-01
1.000000000000000000e+00
1.000000000000000000e+00
1.000000000000000000e+00
1.000000000000000000e+00
1.000000000000000000e+00
1.000000000000000000e+00
9.999999999999997780e-01
1.000000000000000000e+00
9.999999999999997780e-01
9.999999999999997780e-01
9.999999999999997780e-01
9.999999999999996669e-01
9.999999999999997780e-01
1.000000000000000000e+00
9.999999999999997780e-01
9.999999999999997780e-01
9.999999999999997780e-01
9.999999999999997780e-01
1.000000000000000000e+00
1.000000000000000000e+00
9.999999999999997780e-01
1.000000000000000000e+00
1.000000000000000000e+00
9.999999999999997780e-01
9.999999999999997780e-01
1.000000000000000000e+00
1.000000000000000000e+00
1.000000000000000000e+00
1.000000000000000000e+00
1.000000000000000000e+00
1.000000000000000000e+00
9.999999999999997780e-01
9.999999999999997780e-01
9.999999999999997780e-01
1.000000000000000000e+00
1.000000000000000000e+00
1.000000000000000000e+00
1.000000000000000000e+00
9.999999999999997780e-01
1.000000000000000000e+00
1.000000000000000000e+00
1.000000000000000000e+00
1.000000000000000000e+00
1.000000000000000000e+00
1.000000000000000000e+00
1.000000000000000000e+00
1.000000000000000000e+00
1.000000000000000000e+00
9.999999999999997780e-01
1.000000000000000000e+00
9.999999999999997780e-01
1.000000000000000000e+00
1.000000000000000000e+00
9.999999999999997780e-01
1.000000000000000000e+00
9.107530483009230737e-01
6.732417925244881252e-01
6.732417925244875700e-01
9.107530483009229627e-01
9.999999999999997780e-01
1.000000000000000000e+00
1.000000000000000000e+00
1.000000000000000000e+00
1.000000000000000000e+00
9.999999999999997780e-01
9.999999999999997780e-01
1.000000000000000000e+00
1.000000000000000000e+00
1.000000000000000000e+00
1.000000000000000000e+00
1.000000000000000000e+00
1.000000000000000000e+00
9.999999999999997780e-01
1.000000000000000000e+00
1.000000000000000000e+00
1.000000000000000000e+00
1.000000000000000000e+00
9.999999999999997780e-01
9.999999999999992228e-01
9.999999999999997780e-01
1.000000000000000000e+00
9.999999999999997780e-01
1.000000000000000000e+00
1.000000000000000000e+00
9.999999999999997780e-01
9.999999999999997780e-01
1.000000000000000000e+00
1.000000000000000000e+00
1.000000000000000000e+00
9.999999999999997780e-01
1.000000000000000000e+00
1.000000000000000000e+00
9.999999999999997780e-01
9.949148525344820859e-01
9.718825391647084588e-01
9.407860808698915722e-01
9.163277306164501201e-01
9.107530483009230737e-01
9.107530483009229627e-01
9.107530483009228517e-01
9.107530483009230737e-01
9.107530483009229627e-01
9.107530483009230737e-01
9.107530483009228517e-01
9.107530483009230737e-01
9.107530483009228517e-01
9.107530483009230737e-01
9.107530483009230737e-01
9.163277306164500091e-01
9.407860808698912392e-01
9.718825391647086809e-01
9.949148525344824190e-01
9.999999999999997780e-01
1.000000000000000000e+00
9.999999999999997780e-01
1.000000000000000000e+00
9.107530483009229627e-01
6.732417925244881252e-01
6.732417925244875700e-01
9.107530483009230737e-01
1.000000000000000000e+00
1.000000000000000000e+00
9.999999999999997780e-01
1.000000000000000000e+00
9.999999999999997780e-01
9.999999999999997780e-01
9.999999999999997780e-01
1.000000000000000000e+00
9.999999999999996669e-01
9.999999999999997780e-01
9.999999999999997780e-01
9.999999999999997780e-01
9.999999999999996669e-01
9.999999999999995559e-01
9.999999999999997780e-01
9.999999999999996669e-01
9.999999999999996669e-01
9.999999999999996669e-01
9.999999999999997780e-01
9.999999999999997780e-01
9.999999999999997780e-01
9.999999999999997780e-01
9.999999999999997780e-01
1.000000000000000000e+00
9.999999999999997780e-01
1.000000000000000000e+00
9.999999999999997780e-01
1.000000000000000000e+00
1.000000000000000000e+00
9.999999999999997780e-01
1.000000000000000000e+00
9.999999999999997780e-01
1.000000000000000000e+00
9.949148525344823080e-01
9.482221949910736303e-01
8.637069618498085521e-01
7.666222571180273393e-01
7.019337162314769341e-01
6.732417925244881252e-01
6.732417925244881252e-01
6.732417925244879031e-01
6.732417925244879031e-01
6.732417925244879031e-01
6.732417925244881252e-01
6.732417925244881252e-01
6.732417925244879031e-01
6.732417925244881252e-01
6.732417925244881252e-01
6.732417925244881252e-01
7.019337162314772671e-01
7.666222571180270062e-01
8.637069618498088852e-01
9.482221949910736303e-01
9.949148525344823080e-01
1.000000000000000000e+00
1.000000000000000000e+00
1.000000000000000000e+00
9.107530483009230737e-01
6.732417925244879031e-01
6.732417925244879031e-01
9.107530483009228517e-01
1.000000000000000000e+00
1.000000000000000000e+00
9.999999999999997780e-01
1.000000000000000000e+00
9.999999999999997780e-01
9.999999999999997780e-01
9.999999999999997780e-01
1.000000000000000000e+00
1.000000000000000000e+00
1.000000000000000000e+00
1.000000000000000000e+00
1.000000000000000000e+00
1.000000000000000000e+00
9.999999999999997780e-01
1.000000000000000000e+00
1.000000000000000000e+00
1.000000000000000000e+00
1.000000000000000000e+00
1.000000000000000000e+00
9.999999999999995559e-01
9.999999999999997780e-01
9.999999999999997780e-01
9.999999999999997780e-01
9.999999999999997780e-01
1.000000000000000000e+00
1.000000000000000000e+00
9.999999999999997780e-01
9.999999999999997780e-01
1.000000000000000000e+00
1.000000000000000000e+00
9.999999999999997780e-01
9.999999999999997780e-01
9.949148525344823080e-01
9.482221949910736303e-01
8.293194074127475668e-01
6.551143682291764581e-01
4.713932438401241543e-01
3.647397499770935747e-01
3.267582074755119859e-01
3.267582074755118748e-01
3.267582074755118193e-01
3.267582074755118748e-01
3.267582074755117638e-01
3.267582074755119304e-01
3.267582074755118748e-01
3.267582074755118193e-01
3.267582074755118193e-01
3.267582074755118748e-01
3.267582074755119304e-01
3.647397499770935747e-01
4.713932438401238767e-01
6.551143682291767911e-01
8.293194074127477888e-01
9.482221949910736303e-01
9.949148525344824190e-01
9.999999999999997780e-01
9.999999999999997780e-01
9.107530483009230737e-01
6.732417925244881252e-01
6.732417925244879031e-01
9.107530483009230737e-01
9.999999999999997780e-01
1.000000000000000000e+00
9.999999999999997780e-01
1.000000000000000000e+00
9.999999999999997780e-01
9.999999999999997780e-01
1.000000000000000000e+00
1.000000000000000000e+00
1.000000000000000000e+00
1.000000000000000000e+00
9.999999999999997780e-01
1.000000000000000000e+00
1.000000000000000000e+00
9.999999999999997780e-01
1.000000000000000000e+00
1.000000000000000000e+00
1.000000000000000000e+00
1.000000000000000000e+00
1.000000000000000000e+00
9.999999999999997780e-01
1.000000000000000000e+00
9.999999999999997780e-01
1.000000000000000000e+00
1.000000000000000000e+00
1.000000000000000000e+00
9.999999999999997780e-01
9.999999999999997780e-01
1.000000000000000000e+00
1.000000000000000000e+00
1.000000000000000000e+00
1.000000000000000000e+00
9.949148525344823080e-01
9.482221949910737413e-01
8.293194074127477888e-01
6.259823019455452719e-01
3.805910789025403473e-01
2.036261407662169065e-01
1.144217096431669745e-01
8.924695169907696790e-02
8.924695169907691239e-02
8.924695169907663483e-02
8.924695169907691239e-02
8.924695169907680137e-02
8.924695169907691239e-02
8.924695169907685688e-02
8.924695169907685688e-02
8.924695169907685688e-02
8.924695169907691239e-02
8.924695169907707892e-02
1.144217096431669745e-01
2.036261407662167400e-01
3.805910789025405694e-01
6.259823019455452719e-01
8.293194074127475668e-01
9.482221949910737413e-01
9.949148525344823080e-01
1.000000000000000000e+00
9.107530483009228517e-01
6.732417925244881252e-01
6.732417925244879031e-01
9.107530483009229627e-01
1.000000000000000000e+00
1.000000000000000000e+00
9.999999999999997780e-01
1.000000000000000000e+00
9.999999999999997780e-01
9.999999999999997780e-01
1.000000000000000000e+00
1.000000000000000000e+00
1.000000000000000000e+00
1.000000000000000000e+00
1.000000000000000000e+00
1.000000000000000000e+00
1.000000000000000000e+00
1.000000000000000000e+00
1.000000000000000000e+00
1.000000000000000000e+00
1.000000000000000000e+00
1.000000000000000000e+00
9.999999999999997780e-01
9.999999999999997780e-01
9.999999999999997780e-01
9.999999999999996669e-01
9.999999999999997780e-01
9.999999999999997780e-01
9.999999999999996669e-01
9.999999999999997780e-01
9.999999999999997780e-01
1.000000000000000000e+00
1.000000000000000000e+00
9.949148525344826410e-01
9.718825391647082368e-01
9.163277306164498981e-01
8.024695443392620975e-01
6.194089210974594861e-01
3.740176980544546170e-01
1.706805925872521834e-01
5.177780500892646687e-02
5.085147465517417947e-03
5.665383669786872168e-17
0.000000000000000000e+00
0.000000000000000000e+00
0.000000000000000000e+00
0.000000000000000000e+00
0.000000000000000000e+00
0.000000000000000000e+00
0.000000000000000000e+00
0.000000000000000000e+00
0.000000000000000000e+00
5.665383669786872168e-17
5.085147465517531572e-03
5.177780500892629340e-02
1.706805925872523499e-01
3.740176980544546725e-01
6.194089210974594861e-01
8.024695443392619865e-01
9.163277306164500091e-01
9.718825391647082368e-01
9.051489635414978752e-01
6.732417925244879031e-01
6.732417925244879031e-01
9.107530483009229627e-01
1.000000000000000000e+00
1.000000000000000000e+00
1.000000000000000000e+00
9.999999999999997780e-01
9.999999999999997780e-01
9.999999999999997780e-01
9.999999999999997780e-01
1.000000000000000000e+00
1.000000000000000000e+00
1.000000000000000000e+00
1.000000000000000000e+00
1.000000000000000000e+00
1.000000000000000000e+00
1.000000000000000000e+00
1.000000000000000000e+00
1.000000000000000000e+00
1.000000000000000000e+00
1.000000000000000000e+00
1.000000000000000000e+00
9.999999999999997780e-01
1.000000000000000000e+00
9.999999999999997780e-01
9.999999999999997780e-01
1.000000000000000000e+00
1.000000000000000000e+00
9.999999999999997780e-01
9.999999999999997780e-01
1.000000000000000000e+00
9.949148525344823080e-01
9.482221949910737413e-01
8.637069618498086632e-01
7.300547250357504181e-01
5.582483333306128559e-01
3.448856317708232089e-01
1.706805925872521279e-01
5.177780500892629340e-02
5.085147465517701575e-03
0.000000000000000000e+00
1.699615100936061897e-16
0.000000000000000000e+00
0.000000000000000000e+00
0.000000000000000000e+00
0.000000000000000000e+00
5.665383669786872168e-17
0.000000000000000000e+00
0.000000000000000000e+00
0.000000000000000000e+00
0.000000000000000000e+00
5.665383669786872168e-17
0.000000000000000000e+00
5.085147465517531572e-03
5.177780500892652238e-02
1.706805925872522944e-01
3.448856317708232089e-01
5.582483333306128559e-01
7.300547250357504181e-01
8.637069618498086632e-01
8.539899847555737500e-01
6.667570720169664344e-01
6.732417925244879031e-01
9.107530483009228517e-01
1.000000000000000000e+00
1.000000000000000000e+00
9.999999999999997780e-01
1.000000000000000000e+00
1.000000000000000000e+00
9.999999999999997780e-01
1.000000000000000000e+00
1.000000000000000000e+00
9.999999999999997780e-01
9.999999999999997780e-01
9.999999999999997780e-01
9.999999999999997780e-01
9.999999999999997780e-01
9.999999999999995559e-01
9.999999999999997780e-01
9.999999999999997780e-01
9.999999999999997780e-01
9.999999999999997780e-01
1.000000000000000000e+00
1.000000000000000000e+00
9.999999999999996669e-01
1.000000000000000000e+00
9.999999999999997780e-01
9.999999999999997780e-01
1.000000000000000000e+00
9.999999999999997780e-01
1.000000000000000000e+00
9.949148525344826410e-01
9.482221949910734082e-01
8.293194074127475668e-01
6.551143682291767911e-01
4.417516666693871441e-01
2.699452749642494709e-01
1.362930381501914479e-01
5.177780500892629340e-02
5.085147465517587950e-03
0.000000000000000000e+00
0.000000000000000000e+00
5.665383669786872168e-17
0.000000000000000000e+00
0.000000000000000000e+00
0.000000000000000000e+00
0.000000000000000000e+00
5.665383669786872168e-17
0.000000000000000000e+00
0.000000000000000000e+00
0.000000000000000000e+00
0.000000000000000000e+00
0.000000000000000000e+00
0.000000000000000000e+00
0.000000000000000000e+00
5.085147465517701575e-03
5.177780500892641136e-02
1.362930381501912536e-01
2.699452749642492488e-01
4.417516666693871996e-01
6.551143682291765691e-01
7.261000281032671255e-01
6.084593107239423260e-01
6.732417925244879031e-01
9.107530483009228517e-01
9.999999999999997780e-01
1.000000000000000000e+00
1.000000000000000000e+00
1.000000000000000000e+00
1.000000000000000000e+00
9.999999999999996669e-01
9.999999999999997780e-01
9.999999999999997780e-01
9.999999999999997780e-01
9.999999999999997780e-01
9.999999999999997780e-01
1.000000000000000000e+00
9.999999999999997780e-01
9.999999999999997780e-01
9.999999999999996669e-01
9.999999999999997780e-01
1.000000000000000000e+00
9.999999999999996669e-01
9.999999999999997780e-01
9.999999999999997780e-01
9.999999999999997780e-01
1.000000000000000000e+00
9.999999999999997780e-01
9.999999999999997780e-01
1.000000000000000000e+00
9.999999999999997780e-01
9.949148525344823080e-01
9.482221949910736303e-01
8.293194074127477888e-01
6.259823019455452719e-01
3.805910789025405694e-01
1.975304556607376805e-01
8.367226938354993537e-02
2.811746083529166607e-02
5.085147465517417947e-03
0.000000000000000000e+00
0.000000000000000000e+00
0.000000000000000000e+00
5.665383669786872168e-17
0.000000000000000000e+00
0.000000000000000000e+00
0.000000000000000000e+00
0.000000000000000000e+00
5.665383669786872168e-17
0.000000000000000000e+00
0.000000000000000000e+00
0.000000000000000000e+00
0.000000000000000000e+00
0.000000000000000000e+00
0.000000000000000000e+00
0.000000000000000000e+00
5.665383669786872168e-17
5.085147465517587950e-03
2.811746083529149606e-02
8.367226938354965782e-02
1.975304556607376805e-01
3.805910789025405139e-01
5.150180480712620579e-01
4.694839583054390419e-01
6.352602500229062032e-01
8.855782903568327757e-01
9.949148525344823080e-01
1.000000000000000000e+00
1.000000000000000000e+00
1.000000000000000000e+00
1.000000000000000000e+00
1.000000000000000000e+00
1.000000000000000000e+00
9.999999999999997780e-01
1.000000000000000000e+00
1.000000000000000000e+00
1.000000000000000000e+00
1.000000000000000000e+00
1.000000000000000000e+00
1.000000000000000000e+00
1.000000000000000000e+00
1.000000000000000000e+00
1.000000000000000000e+00
1.000000000000000000e+00
9.999999999999997780e-01
9.999999999999997780e-01
1.000000000000000000e+00
1.000000000000000000e+00
1.000000000000000000e+00
1.000000000000000000e+00
1.000000000000000000e+00
9.949148525344823080e-01
9.482221949910736303e-01
8.293194074127480109e-01
6.259823019455452719e-01
3.740176980544548391e-01
1.706805925872522389e-01
5.177780500892629340e-02
5.085147465517701575e-03
0.000000000000000000e+00
0.000000000000000000e+00
0.000000000000000000e+00
0.000000000000000000e+00
0.000000000000000000e+00
1.699615100936061897e-16
0.000000000000000000e+00
0.000000000000000000e+00
0.000000000000000000e+00
0.000000000000000000e+00
5.665383669786872168e-17
5.665383669786872168e-17
0.000000000000000000e+00
0.000000000000000000e+00
0.000000000000000000e+00
0.000000000000000000e+00
0.000000000000000000e+00
0.000000000000000000e+00
5.665383669786872168e-17
0.000000000000000000e+00
0.000000000000000000e+00
5.085147465517587950e-03
5.177780500892641136e-02
1.706805925872522389e-01
2.723264057207258060e-01
2.874357263875174651e-01
5.286067561598757347e-01
7.963738592337832323e-01
9.482221949910734082e-01
9.949148525344823080e-01
9.999999999999997780e-01
1.000000000000000000e+00
1.000000000000000000e+00
9.999999999999997780e-01
1.000000000000000000e+00
1.000000000000000000e+00
1.000000000000000000e+00
1.000000000000000000e+00
1.000000000000000000e+00
1.000000000000000000e+00
1.000000000000000000e+00
1.000000000000000000e+00
1.000000000000000000e+00
1.000000000000000000e+00
1.000000000000000000e+00
1.000000000000000000e+00
9.999999999999997780e-01
9.999999999999997780e-01
1.000000000000000000e+00
1.000000000000000000e+00
9.999999999999997780e-01
9.999999999999997780e-01
9.949148525344823080e-01
9.482221949910734082e-01
8.293194074127475668e-01
6.259823019455454940e-01
3.740176980544544505e-01
1.706805925872524055e-01
5.177780500892641136e-02
5.085147465517587950e-03
1.699615100936061897e-16
5.665383669786872168e-17
0.000000000000000000e+00
0.000000000000000000e+00
5.665383669786872168e-17
0.000000000000000000e+00
1.699615100936061897e-16
0.000000000000000000e+00
0.000000000000000000e+00
0.000000000000000000e+00
5.665383669786872168e-17
5.665383669786872168e-17
5.665383669786872168e-17
5.665383669786872168e-17
0.000000000000000000e+00
0.000000000000000000e+00
0.000000000000000000e+00
0.000000000000000000e+00
0.000000000000000000e+00
5.665383669786872168e-17
5.665383669786872168e-17
0.000000000000000000e+00
0.000000000000000000e+00
5.085147465517587950e-03
5.177780500892641136e-02
1.049556488867147697e-01
1.187283666118622572e-01
3.448856317708234864e-01
6.194089210974591531e-01
8.293194074127477888e-01
9.482221949910737413e-01
9.949148525344823080e-01
1.000000000000000000e+00
1.000000000000000000e+00
1.000000000000000000e+00
9.999999999999997780e-01
1.000000000000000000e+00
9.999999999999997780e-01
1.000000000000000000e+00
9.999999999999997780e-01
9.999999999999997780e-01
9.999999999999997780e-01
9.999999999999997780e-01
9.999999999999997780e-01
9.999999999999997780e-01
1.000000000000000000e+00
9.999999999999997780e-01
9.999999999999996669e-01
9.999999999999997780e-01
1.000000000000000000e+00
1.000000000000000000e+00
1.000000000000000000e+00
9.949148525344824190e-01
9.482221949910736303e-01
8.293194074127473447e-01
6.259823019455454940e-01
3.740176980544546170e-01
1.706805925872521279e-01
5.177780500892646687e-02
5.085147465517701575e-03
5.665383669786872168e-17
1.699615100936061897e-16
5.665383669786872168e-17
0.000000000000000000e+00
0.000000000000000000e+00
0.000000000000000000e+00
0.000000000000000000e+00
1.699615100936061897e-16
5.665383669786872168e-17
0.000000000000000000e+00
0.000000000000000000e+00
0.000000000000000000e+00
5.665383669786872168e-17
5.665383669786872168e-17
5.665383669786872168e-17
0.000000000000000000e+00
5.665383669786872168e-17
0.000000000000000000e+00
0.000000000000000000e+00
0.000000000000000000e+00
1.699615100936061897e-16
0.000000000000000000e+00
0.000000000000000000e+00
0.000000000000000000e+00
0.000000000000000000e+00
5.085147465517587950e-03
2.288940759939408695e-02
3.009091615828042576e-02
1.706805925872523499e-01
3.740176980544546170e-01
6.259823019455454940e-01
8.293194074127477888e-01
9.482221949910736303e-01
9.949148525344826410e-01
9.999999999999997780e-01
1.000000000000000000e+00
1.000000000000000000e+00
1.000000000000000000e+00
1.000000000000000000e+00
1.000000000000000000e+00
9.999999999999997780e-01
9.999999999999997780e-01
1.000000000000000000e+00
9.999999999999997780e-01
9.999999999999997780e-01
1.000000000000000000e+00
1.000000000000000000e+00
1.000000000000000000e+00
1.000000000000000000e+00
9.999999999999997780e-01
1.000000000000000000e+00
1.000000000000000000e+00
9.949148525344824190e-01
9.482221949910736303e-01
8.293194074127475668e-01
6.259823019455451609e-01
3.740176980544544505e-01
1.706805925872524610e-01
5.177780500892629340e-02
5.085147465517757953e-03
5.665383669786872168e-17
0.000000000000000000e+00
1.699615100936061897e-16
1.699615100936061897e-16
0.000000000000000000e+00
0.000000000000000000e+00
0.000000000000000000e+00
0.000000000000000000e+00
1.699615100936061897e-16
0.000000000000000000e+00
0.000000000000000000e+00
0.000000000000000000e+00
0.000000000000000000e+00
5.665383669786872168e-17
5.665383669786872168e-17
5.665383669786872168e-17
5.665383669786872168e-17
5.665383669786872168e-17
0.000000000000000000e+00
0.000000000000000000e+00
0.000000000000000000e+00
1.699615100936061897e-16
5.665383669786872168e-17
5.665383669786872168e-17
0.000000000000000000e+00
5.665383669786872168e-17
0.000000000000000000e+00
0.000000000000000000e+00
5.665383669786872168e-17
5.177780500892629340e-02
1.706805925872524055e-01
3.805910789025405139e-01
6.551143682291767911e-01
8.637069618498083301e-01
9.718825391647085699e-01
1.000000000000000000e+00
9.999999999999997780e-01
1.000000000000000000e+00
1.000000000000000000e+00
1.000000000000000000e+00
1.000000000000000000e+00
1.000000000000000000e+00
1.000000000000000000e+00
1.000000000000000000e+00
1.000000000000000000e+00
1.000000000000000000e+00
1.000000000000000000e+00
1.000000000000000000e+00
1.000000000000000000e+00
9.999999999999997780e-01
9.999999999999997780e-01
1.000000000000000000e+00
1.000000000000000000e+00
9.718825391647084588e-01
8.637069618498085521e-01
6.551143682291767911e-01
3.805910789025401808e-01
1.706805925872522389e-01
5.177780500892652238e-02
5.085147465517417947e-03
1.699615100936061897e-16
0.000000000000000000e+00
0.000000000000000000e+00
5.665383669786872168e-17
5.665383669786872168e-17
0.000000000000000000e+00
0.000000000000000000e+00
0.000000000000000000e+00
0.000000000000000000e+00
5.665383669786872168e-17
0.000000000000000000e+00
0.000000000000000000e+00
0.000000000000000000e+00
0.000000000000000000e+00
5.665383669786872168e-17
5.665383669786872168e-17
5.665383669786872168e-17
5.665383669786872168e-17
0.000000000000000000e+00
5.665383669786872168e-17
0.000000000000000000e+00
0.000000000000000000e+00
5.665383669786872168e-17
5.665383669786872168e-17
0.000000000000000000e+00
0.000000000000000000e+00
0.000000000000000000e+00
5.665383669786872168e-17
0.000000000000000000e+00
0.000000000000000000e+00
5.085147465517587950e-03
5.177780500892635585e-02
1.975304556607378470e-01
4.417516666693874217e-01
7.300547250357506401e-01
9.163277306164501201e-01
9.949148525344826410e-01
1.000000000000000000e+00
9.999999999999997780e-01
1.000000000000000000e+00
9.999999999999997780e-01
1.000000000000000000e+00
9.999999999999997780e-01
9.999999999999997780e-01
9.999999999999997780e-01
9.999999999999997780e-01
9.999999999999997780e-01
9.999999999999997780e-01
1.000000000000000000e+00
9.999999999999997780e-01
9.999999999999996669e-01
9.999999999999997780e-01
1.000000000000000000e+00
9.949148525344826410e-01
9.163277306164501201e-01
7.300547250357504181e-01
4.417516666693872551e-01
1.975304556607374584e-01
5.177780500892641136e-02
5.085147465517587950e-03
0.000000000000000000e+00
1.699615100936061897e-16
5.665383669786872168e-17
0.000000000000000000e+00
1.699615100936061897e-16
5.665383669786872168e-17
0.000000000000000000e+00
0.000000000000000000e+00
0.000000000000000000e+00
0.000000000000000000e+00
5.665383669786872168e-17
0.000000000000000000e+00
0.000000000000000000e+00
0.000000000000000000e+00
0.000000000000000000e+00
5.665383669786872168e-17
5.665383669786872168e-17
5.665383669786872168e-17
0.000000000000000000e+00
5.665383669786872168e-17
5.665383669786872168e-17
0.000000000000000000e+00
0.000000000000000000e+00
1.699615100936061897e-16
0.000000000000000000e+00
0.000000000000000000e+00
0.000000000000000000e+00
0.000000000000000000e+00
0.000000000000000000e+00
0.000000000000000000e+00
5.665383669786872168e-17
5.665383669786872168e-17
5.085147465517587950e-03
8.367226938354987986e-02
2.699452749642493599e-01
5.582483333306128559e-01
8.024695443392622085e-01
9.482221949910734082e-01
9.949148525344823080e-01
1.000000000000000000e+00
1.000000000000000000e+00
1.000000000000000000e+00
1.000000000000000000e+00
9.999999999999997780e-01
9.999999999999997780e-01
1.000000000000000000e+00
9.999999999999997780e-01
9.999999999999997780e-01
1.000000000000000000e+00
1.000000000000000000e+00
1.000000000000000000e+00
1.000000000000000000e+00
9.999999999999997780e-01
9.949148525344823080e-01
9.482221949910736303e-01
8.024695443392622085e-01
5.582483333306126339e-01
2.699452749642494709e-01
8.367226938354976884e-02
5.085147465517587950e-03
2.266153467914748867e-16
5.665383669786872168e-17
1.699615100936061897e-16
5.665383669786872168e-17
0.000000000000000000e+00
1.699615100936061897e-16
5.665383669786872168e-17
0.000000000000000000e+00
0.000000000000000000e+00
0.000000000000000000e+00
0.000000000000000000e+00
5.665383669786872168e-17
0.000000000000000000e+00
0.000000000000000000e+00
0.000000000000000000e+00
0.000000000000000000e+00
5.665383669786872168e-17
5.665383669786872168e-17
5.665383669786872168e-17
5.665383669786872168e-17
5.665383669786872168e-17
5.665383669786872168e-17
0.000000000000000000e+00
0.000000000000000000e+00
2.266153467914748867e-16
5.665383669786872168e-17
5.665383669786872168e-17
5.665383669786872168e-17
5.665383669786872168e-17
0.000000000000000000e+00
0.000000000000000000e+00
5.665383669786872168e-17
1.699615100936061897e-16
0.000000000000000000e+00
2.811746083529155157e-02
1.362930381501915034e-01
3.448856317708234309e-01
6.194089210974591531e-01
8.293194074127477888e-01
9.482221949910734082e-01
9.949148525344826410e-01
1.000000000000000000e+00
9.999999999999997780e-01
9.999999999999997780e-01
9.999999999999997780e-01
9.999999999999997780e-01
9.999999999999997780e-01
9.999999999999995559e-01
9.999999999999997780e-01
9.999999999999997780e-01
9.999999999999997780e-01
9.999999999999997780e-01
1.000000000000000000e+00
9.949148525344826410e-01
9.482221949910731862e-01
8.293194074127477888e-01
6.194089210974589310e-01
3.448856317708234309e-01
1.362930381501915589e-01
2.811746083529138157e-02
0.000000000000000000e+00
5.665383669786872168e-17
0.000000000000000000e+00
5.665383669786872168e-17
5.665383669786872168e-17
0.000000000000000000e+00
1.699615100936061897e-16
5.665383669786872168e-17
0.000000000000000000e+00
0.000000000000000000e+00
0.000000000000000000e+00
0.000000000000000000e+00
5.665383669786872168e-17
0.000000000000000000e+00
0.000000000000000000e+00
0.000000000000000000e+00
5.665383669786872168e-17
5.665383669786872168e-17
5.665383669786872168e-17
5.665383669786872168e-17
0.000000000000000000e+00
5.665383669786872168e-17
5.665383669786872168e-17
0.000000000000000000e+00
0.000000000000000000e+00
1.699615100936061897e-16
5.665383669786872168e-17
0.000000000000000000e+00
5.665383669786872168e-17
5.665383669786872168e-17
0.000000000000000000e+00
0.000000000000000000e+00
5.665383669786872168e-17
0.000000000000000000e+00
5.665383669786872168e-17
5.085147465517587950e-03
5.177780500892629340e-02
1.706805925872522944e-01
3.740176980544544505e-01
6.259823019455454940e-01
8.293194074127471227e-01
9.482221949910730752e-01
9.949148525344820859e-01
9.999999999999997780e-01
9.999999999999997780e-01
9.999999999999997780e-01
1.000000000000000000e+00
9.999999999999997780e-01
9.999999999999997780e-01
9.999999999999996669e-01
9.999999999999997780e-01
1.000000000000000000e+00
9.999999999999996669e-01
9.949148525344820859e-01
9.482221949910734082e-01
8.293194074127473447e-01
6.259823019455454940e-01
3.740176980544542840e-01
1.706805925872522389e-01
5.177780500892618237e-02
5.085147465517361569e-03
0.000000000000000000e+00
0.000000000000000000e+00
0.000000000000000000e+00
5.665383669786872168e-17
0.000000000000000000e+00
0.000000000000000000e+00
5.665383669786872168e-17
0.000000000000000000e+00
0.000000000000000000e+00
0.000000000000000000e+00
0.000000000000000000e+00
0.000000000000000000e+00
5.665383669786872168e-17
0.000000000000000000e+00
0.000000000000000000e+00
0.000000000000000000e+00
0.000000000000000000e+00
5.665383669786872168e-17
0.000000000000000000e+00
5.665383669786872168e-17
0.000000000000000000e+00
0.000000000000000000e+00
0.000000000000000000e+00
0.000000000000000000e+00
0.000000000000000000e+00
5.665383669786872168e-17
5.665383669786872168e-17
0.000000000000000000e+00
0.000000000000000000e+00
0.000000000000000000e+00
0.000000000000000000e+00
0.000000000000000000e+00
0.000000000000000000e+00
5.665383669786872168e-17
0.000000000000000000e+00
0.000000000000000000e+00
5.085147465517587950e-03
5.177780500892641136e-02
1.706805925872521279e-01
3.805910789025407914e-01
6.551143682291764581e-01
8.637069618498083301e-01
9.718825391647084588e-01
1.000000000000000000e+00
1.000000000000000000e+00
1.000000000000000000e+00
1.000000000000000000e+00
1.000000000000000000e+00
1.000000000000000000e+00
1.000000000000000000e+00
1.000000000000000000e+00
1.000000000000000000e+00
1.000000000000000000e+00
9.718825391647082368e-01
8.637069618498085521e-01
6.551143682291767911e-01
3.805910789025406804e-01
1.706805925872521279e-01
5.177780500892629340e-02
5.085147465517587950e-03
5.665383669786872168e-17
0.000000000000000000e+00
0.000000000000000000e+00
0.000000000000000000e+00
1.699615100936061897e-16
0.000000000000000000e+00
0.000000000000000000e+00
5.665383669786872168e-17
5.665383669786872168e-17
0.000000000000000000e+00
0.000000000000000000e+00
0.000000000000000000e+00
0.000000000000000000e+00
5.665383669786872168e-17
0.000000000000000000e+00
0.000000000000000000e+00
0.000000000000000000e+00
0.000000000000000000e+00
1.699615100936061897e-16
5.665383669786872168e-17
5.665383669786872168e-17
0.000000000000000000e+00
0.000000000000000000e+00
5.665383669786872168e-17
0.000000000000000000e+00
0.000000000000000000e+00
1.699615100936061897e-16
5.665383669786872168e-17
0.000000000000000000e+00
5.665383669786872168e-17
5.665383669786872168e-17
5.665383669786872168e-17
0.000000000000000000e+00
5.665383669786872168e-17
0.000000000000000000e+00
1.699615100936061897e-16
0.000000000000000000e+00
5.665383669786872168e-17
5.085147465517361569e-03
5.177780500892635585e-02
2.036261407662167400e-01
4.713932438401238212e-01
7.666222571180273393e-01
9.407860808698917943e-01
1.000000000000000000e+00
1.000000000000000000e+00
9.999999999999997780e-01
1.000000000000000000e+00
1.000000000000000000e+00
9.999999999999997780e-01
1.000000000000000000e+00
1.000000000000000000e+00
1.000000000000000000e+00
1.000000000000000000e+00
9.407860808698915722e-01
7.666222571180273393e-01
4.713932438401241543e-01
2.036261407662168510e-01
5.177780500892663340e-02
5.085147465517417947e-03
1.699615100936061897e-16
0.000000000000000000e+00
0.000000000000000000e+00
0.000000000000000000e+00
0.000000000000000000e+00
1.699615100936061897e-16
5.665383669786872168e-17
0.000000000000000000e+00
5.665383669786872168e-17
0.000000000000000000e+00
0.000000000000000000e+00
0.000000000000000000e+00
0.000000000000000000e+00
0.000000000000000000e+00
0.000000000000000000e+00
0.000000000000000000e+00
0.000000000000000000e+00
0.000000000000000000e+00
0.000000000000000000e+00
5.665383669786872168e-17
5.665383669786872168e-17
0.000000000000000000e+00
0.000000000000000000e+00
0.000000000000000000e+00
0.000000000000000000e+00
0.000000000000000000e+00
0.000000000000000000e+00
0.000000000000000000e+00
1.699615100936061897e-16
0.000000000000000000e+00
5.665383669786872168e-17
0.000000000000000000e+00
2.266153467914748867e-16
0.000000000000000000e+00
5.665383669786872168e-17
0.000000000000000000e+00
0.000000000000000000e+00
0.000000000000000000e+00
0.000000000000000000e+00
0.000000000000000000e+00
5.085147465517701575e-03
1.144217096431671965e-01
3.647397499770935747e-01
7.019337162314772671e-01
9.163277306164501201e-01
1.000000000000000000e+00
1.000000000000000000e+00
1.000000000000000000e+00
1.000000000000000000e+00
1.000000000000000000e+00
1.000000000000000000e+00
1.000000000000000000e+00
1.000000000000000000e+00
1.000000000000000000e+00
1.000000000000000000e+00
9.163277306164501201e-01
7.019337162314772671e-01
3.647397499770938523e-01
1.144217096431670855e-01
5.085147465517587950e-03
5.665383669786872168e-17
0.000000000000000000e+00
0.000000000000000000e+00
5.665383669786872168e-17
0.000000000000000000e+00
0.000000000000000000e+00
0.000000000000000000e+00
0.000000000000000000e+00
0.000000000000000000e+00
5.665383669786872168e-17
5.665383669786872168e-17
0.000000000000000000e+00
0.000000000000000000e+00
0.000000000000000000e+00
0.000000000000000000e+00
0.000000000000000000e+00
0.000000000000000000e+00
0.000000000000000000e+00
0.000000000000000000e+00
0.000000000000000000e+00
1.699615100936061897e-16
0.000000000000000000e+00
5.665383669786872168e-17
0.000000000000000000e+00
5.665383669786872168e-17
5.665383669786872168e-17
0.000000000000000000e+00
0.000000000000000000e+00
5.665383669786872168e-17
0.000000000000000000e+00
5.665383669786872168e-17
5.665383669786872168e-17
5.665383669786872168e-17
5.665383669786872168e-17
0.000000000000000000e+00
0.000000000000000000e+00
5.665383669786872168e-17
5.665383669786872168e-17
0.000000000000000000e+00
5.665383669786872168e-17
2.266153467914748867e-16
5.665383669786872168e-17
8.924695169907685688e-02
3.267582074755118748e-01
6.732417925244879031e-01
9.107530483009231848e-01
1.000000000000000000e+00
1.000000000000000000e+00
1.000000000000000000e+00
1.000000000000000000e+00
1.000000000000000000e+00
1.000000000000000000e+00
1.000000000000000000e+00
1.000000000000000000e+00
1.000000000000000000e+00
1.000000000000000000e+00
9.107530483009231848e-01
6.732417925244881252e-01
3.267582074755119304e-01
8.924695169907685688e-02
5.665383669786872168e-17
2.266153467914748867e-16
2.266153467914748867e-16
0.000000000000000000e+00
0.000000000000000000e+00
2.266153467914748867e-16
0.000000000000000000e+00
0.000000000000000000e+00
0.000000000000000000e+00
0.000000000000000000e+00
5.665383669786872168e-17
1.699615100936061897e-16
0.000000000000000000e+00
0.000000000000000000e+00
5.665383669786872168e-17
5.665383669786872168e-17
0.000000000000000000e+00
0.000000000000000000e+00
0.000000000000000000e+00
5.665383669786872168e-17
0.000000000000000000e+00
1.699615100936061897e-16
0.000000000000000000e+00
0.000000000000000000e+00
5.665383669786872168e-17
0.000000000000000000e+00
5.665383669786872168e-17
5.665383669786872168e-17
0.000000000000000000e+00
1.699615100936061897e-16
1.699615100936061897e-16
1.699615100936061897e-16
5.665383669786872168e-17
5.665383669786872168e-17
0.000000000000000000e+00
0.000000000000000000e+00
5.665383669786872168e-17
0.000000000000000000e+00
0.000000000000000000e+00
0.000000000000000000e+00
0.000000000000000000e+00
1.699615100936061897e-16
0.000000000000000000e+00
8.924695169907702341e-02
3.267582074755117083e-01
6.732417925244875700e-01
9.107530483009231848e-01
1.000000000000000000e+00
1.000000000000000000e+00
1.000000000000000000e+00
1.000000000000000000e+00
1.000000000000000000e+00
9.999999999999997780e-01
1.000000000000000000e+00
1.000000000000000000e+00
1.000000000000000000e+00
1.000000000000000000e+00
9.107530483009229627e-01
6.732417925244873480e-01
3.267582074755118193e-01
8.924695169907696790e-02
0.000000000000000000e+00
2.266153467914748867e-16
0.000000000000000000e+00
0.000000000000000000e+00
0.000000000000000000e+00
0.000000000000000000e+00
0.000000000000000000e+00
0.000000000000000000e+00
0.000000000000000000e+00
0.000000000000000000e+00
0.000000000000000000e+00
0.000000000000000000e+00
0.000000000000000000e+00
0.000000000000000000e+00
0.000000000000000000e+00
0.000000000000000000e+00
0.000000000000000000e+00
0.000000000000000000e+00
0.000000000000000000e+00
0.000000000000000000e+00
0.000000000000000000e+00
5.665383669786872168e-17
0.000000000000000000e+00
5.665383669786872168e-17
5.665383669786872168e-17
5.665383669786872168e-17
5.665383669786872168e-17
0.000000000000000000e+00
0.000000000000000000e+00
0.000000000000000000e+00
2.266153467914748867e-16
0.000000000000000000e+00
0.000000000000000000e+00
0.000000000000000000e+00
0.000000000000000000e+00
0.000000000000000000e+00
0.000000000000000000e+00
0.000000000000000000e+00
5.665383669786872168e-17
0.000000000000000000e+00
0.000000000000000000e+00
0.000000000000000000e+00
0.000000000000000000e+00
8.924695169907691239e-02
3.267582074755117638e-01
6.732417925244875700e-01
9.107530483009228517e-01
9.999999999999996669e-01
9.999999999999997780e-01
9.999999999999997780e-01
9.999999999999997780e-01
9.999999999999996669e-01
9.999999999999995559e-01
9.999999999999997780e-01
9.999999999999996669e-01
9.999999999999996669e-01
9.999999999999996669e-01
9.107530483009228517e-01
6.732417925244875700e-01
3.267582074755118193e-01
8.924695169907702341e-02
0.000000000000000000e+00
5.665383669786872168e-17
0.000000000000000000e+00
0.000000000000000000e+00
0.000000000000000000e+00
0.000000000000000000e+00
0.000000000000000000e+00
0.000000000000000000e+00
0.000000000000000000e+00
0.000000000000000000e+00
0.000000000000000000e+00
0.000000000000000000e+00
0.000000000000000000e+00
0.000000000000000000e+00
0.000000000000000000e+00
0.000000000000000000e+00
0.000000000000000000e+00
0.000000000000000000e+00
0.000000000000000000e+00
0.000000000000000000e+00
0.000000000000000000e+00
5.665383669786872168e-17
0.000000000000000000e+00
0.000000000000000000e+00
0.000000000000000000e+00
0.000000000000000000e+00
0.000000000000000000e+00
0.000000000000000000e+00
0.000000000000000000e+00
2.266153467914748867e-16
5.665383669786872168e-17
0.000000000000000000e+00
0.000000000000000000e+00
0.000000000000000000e+00
0.000000000000000000e+00
0.000000000000000000e+00
0.000000000000000000e+00
0.000000000000000000e+00
0.000000000000000000e+00
0.000000000000000000e+00
0.000000000000000000e+00
0.000000000000000000e+00
0.000000000000000000e+00
8.924695169907696790e-02
3.267582074755117638e-01
6.732417925244875700e-01
9.107530483009230737e-01
1.000000000000000000e+00
1.000000000000000000e+00
1.000000000000000000e+00
1.000000000000000000e+00
1.000000000000000000e+00
9.999999999999997780e-01
1.000000000000000000e+00
1.000000000000000000e+00
1.000000000000000000e+00
1.000000000000000000e+00
9.107530483009231848e-01
6.732417925244875700e-01
3.267582074755119304e-01
8.924695169907691239e-02
0.000000000000000000e+00
5.665383669786872168e-17
5.665383669786872168e-17
0.000000000000000000e+00
0.000000000000000000e+00
5.665383669786872168e-17
0.000000000000000000e+00
5.665383669786872168e-17
5.665383669786872168e-17
0.000000000000000000e+00
5.665383669786872168e-17
5.665383669786872168e-17
0.000000000000000000e+00
0.000000000000000000e+00
5.665383669786872168e-17
0.000000000000000000e+00
0.000000000000000000e+00
0.000000000000000000e+00
0.000000000000000000e+00
5.665383669786872168e-17
0.000000000000000000e+00
2.266153467914748867e-16
5.665383669786872168e-17
0.000000000000000000e+00
0.000000000000000000e+00
5.665383669786872168e-17
5.665383669786872168e-17
5.665383669786872168e-17
0.000000000000000000e+00
5.665383669786872168e-17
5.665383669786872168e-17
0.000000000000000000e+00
0.000000000000000000e+00
0.000000000000000000e+00
0.000000000000000000e+00
0.000000000000000000e+00
0.000000000000000000e+00
5.665383669786872168e-17
0.000000000000000000e+00
1.699615100936061897e-16
0.000000000000000000e+00
3.399230201872123794e-16
5.665383669786872168e-17
8.924695169907685688e-02
3.267582074755112087e-01
6.732417925244879031e-01
9.107530483009230737e-01
9.999999999999997780e-01
1.000000000000000000e+00
9.999999999999997780e-01
9.999999999999997780e-01
9.999999999999997780e-01
9.999999999999997780e-01
9.999999999999997780e-01
1.000000000000000000e+00
1.000000000000000000e+00
9.999999999999997780e-01
9.107530483009228517e-01
6.732417925244881252e-01
3.267582074755114308e-01
8.924695169907713443e-02
0.000000000000000000e+00
2.266153467914748867e-16
5.665383669786872168e-17
5.665383669786872168e-17
0.000000000000000000e+00
2.266153467914748867e-16
0.000000000000000000e+00
0.000000000000000000e+00
5.665383669786872168e-17
0.000000000000000000e+00
0.000000000000000000e+00
5.665383669786872168e-17
0.000000000000000000e+00
0.000000000000000000e+00
5.665383669786872168e-17
0.000000000000000000e+00
0.000000000000000000e+00
0.000000000000000000e+00
0.000000000000000000e+00
0.000000000000000000e+00
0.000000000000000000e+00
0.000000000000000000e+00
0.000000000000000000e+00
0.000000000000000000e+00
0.000000000000000000e+00
0.000000000000000000e+00
5.665383669786872168e-17
0.000000000000000000e+00
0.000000000000000000e+00
5.665383669786872168e-17
0.000000000000000000e+00
5.665383669786872168e-17
0.000000000000000000e+00
5.665383669786872168e-17
1.699615100936061897e-16
5.665383669786872168e-17
0.000000000000000000e+00
0.000000000000000000e+00
0.000000000000000000e+00
0.000000000000000000e+00
0.000000000000000000e+00
5.665383669786872168e-17
5.665383669786872168e-17
8.924695169907696790e-02
3.267582074755118748e-01
6.732417925244875700e-01
9.107530483009230737e-01
1.000000000000000000e+00
1.000000000000000000e+00
9.999999999999997780e-01
9.999999999999997780e-01
9.999999999999997780e-01
9.999999999999997780e-01
9.999999999999997780e-01
9.999999999999997780e-01
1.000000000000000000e+00
1.000000000000000000e+00
9.107530483009229627e-01
6.732417925244879031e-01
3.267582074755119859e-01
8.924695169907696790e-02
0.000000000000000000e+00
1.699615100936061897e-16
0.000000000000000000e+00
0.000000000000000000e+00
0.000000000000000000e+00
0.000000000000000000e+00
0.000000000000000000e+00
0.000000000000000000e+00
5.665383669786872168e-17
5.665383669786872168e-17
0.000000000000000000e+00
5.665383669786872168e-17
0.000000000000000000e+00
0.000000000000000000e+00
5.665383669786872168e-17
5.665383669786872168e-17
0.000000000000000000e+00
0.000000000000000000e+00
0.000000000000000000e+00
0.000000000000000000e+00
0.000000000000000000e+00
5.665383669786872168e-17
0.000000000000000000e+00
5.665383669786872168e-17
0.000000000000000000e+00
5.665383669786872168e-17
5.665383669786872168e-17
0.000000000000000000e+00
0.000000000000000000e+00
0.000000000000000000e+00
2.266153467914748867e-16
0.000000000000000000e+00
1.699615100936061897e-16
1.699615100936061897e-16
5.665383669786872168e-17
0.000000000000000000e+00
0.000000000000000000e+00
0.000000000000000000e+00
0.000000000000000000e+00
5.665383669786872168e-17
0.000000000000000000e+00
5.665383669786872168e-17
5.665383669786872168e-17
8.924695169907691239e-02
3.267582074755117083e-01
6.732417925244881252e-01
9.107530483009231848e-01
9.999999999999997780e-01
1.000000000000000000e+00
9.999999999999997780e-01
9.999999999999997780e-01
9.999999999999997780e-01
9.999999999999996669e-01
9.999999999999997780e-01
1.000000000000000000e+00
9.999999999999997780e-01
1.000000000000000000e+00
9.107530483009229627e-01
6.732417925244879031e-01
3.267582074755117638e-01
8.924695169907713443e-02
0.000000000000000000e+00
1.699615100936061897e-16
0.000000000000000000e+00
0.000000000000000000e+00
0.000000000000000000e+00
5.665383669786872168e-17
0.000000000000000000e+00
5.665383669786872168e-17
0.000000000000000000e+00
0.000000000000000000e+00
0.000000000000000000e+00
0.000000000000000000e+00
0.000000000000000000e+00
0.000000000000000000e+00
2.266153467914748867e-16
0.000000000000000000e+00
5.665383669786872168e-17
0.000000000000000000e+00
5.665383669786872168e-17
2.266153467914748867e-16
5.665383669786872168e-17
2.266153467914748867e-16
5.665383669786872168e-17
0.000000000000000000e+00
1.699615100936061897e-16
1.699615100936061897e-16
5.665383669786872168e-17
0.000000000000000000e+00
0.000000000000000000e+00
5.665383669786872168e-17
1.699615100936061897e-16
0.000000000000000000e+00
1.699615100936061897e-16
5.665383669786872168e-17
5.665383669786872168e-17
5.665383669786872168e-17
0.000000000000000000e+00
0.000000000000000000e+00
5.665383669786872168e-17
1.699615100936061897e-16
5.665383669786872168e-17
0.000000000000000000e+00
5.665383669786872168e-17
8.924695169907691239e-02
3.267582074755113197e-01
6.732417925244879031e-01
9.107530483009230737e-01
1.000000000000000000e+00
9.999999999999997780e-01
1.000000000000000000e+00
9.999999999999997780e-01
9.999999999999997780e-01
9.999999999999995559e-01
9.999999999999997780e-01
1.000000000000000000e+00
9.999999999999997780e-01
9.999999999999997780e-01
9.107530483009230737e-01
6.732417925244879031e-01
3.267582074755119304e-01
8.924695169907691239e-02
0.000000000000000000e+00
1.699615100936061897e-16
5.665383669786872168e-17
0.000000000000000000e+00
0.000000000000000000e+00
5.665383669786872168e-17
0.000000000000000000e+00
0.000000000000000000e+00
0.000000000000000000e+00
0.000000000000000000e+00
5.665383669786872168e-17
5.665383669786872168e-17
0.000000000000000000e+00
0.000000000000000000e+00
0.000000000000000000e+00
0.000000000000000000e+00
0.000000000000000000e+00
5.665383669786872168e-17
0.000000000000000000e+00
5.665383669786872168e-17
0.000000000000000000e+00
5.665383669786872168e-17
5.665383669786872168e-17
5.665383669786872168e-17
5.665383669786872168e-17
2.266153467914748867e-16
1.699615100936061897e-16
5.665383669786872168e-17
0.000000000000000000e+00
0.000000000000000000e+00
0.000000000000000000e+00
5.665383669786872168e-17
5.665383669786872168e-17
0.000000000000000000e+00
0.000000000000000000e+00
5.665383669786872168e-17
0.000000000000000000e+00
5.665383669786872168e-17
0.000000000000000000e+00
0.000000000000000000e+00
0.000000000000000000e+00
3.399230201872123794e-16
0.000000000000000000e+00
8.924695169907691239e-02
3.267582074755117638e-01
6.732417925244873480e-01
9.107530483009228517e-01
9.999999999999996669e-01
9.999999999999996669e-01
9.999999999999997780e-01
9.999999999999996669e-01
9.999999999999997780e-01
9.999999999999995559e-01
9.999999999999997780e-01
9.999999999999997780e-01
9.999999999999997780e-01
1.000000000000000000e+00
9.107530483009228517e-01
6.732417925244875700e-01
3.267582074755121524e-01
8.924695169907702341e-02
0.000000000000000000e+00
3.399230201872123794e-16
0.000000000000000000e+00
0.000000000000000000e+00
0.000000000000000000e+00
0.000000000000000000e+00
0.000000000000000000e+00
2.266153467914748867e-16
5.665383669786872168e-17
0.000000000000000000e+00
0.000000000000000000e+00
0.000000000000000000e+00
0.000000000000000000e+00
0.000000000000000000e+00
2.266153467914748867e-16
0.000000000000000000e+00
1.699615100936061897e-16
5.665383669786872168e-17
0.000000000000000000e+00
1.699615100936061897e-16
0.000000000000000000e+00
3.399230201872123794e-16
5.665383669786872168e-17
1.699615100936061897e-16
2.266153467914748867e-16
2.266153467914748867e-16
2.266153467914748867e-16
0.000000000000000000e+00
1.699615100936061897e-16
0.000000000000000000e+00
5.665383669786872168e-17
0.000000000000000000e+00
0.000000000000000000e+00
0.000000000000000000e+00
0.000000000000000000e+00
5.665383669786872168e-17
0.000000000000000000e+00
0.000000000000000000e+00
0.000000000000000000e+00
0.000000000000000000e+00
0.000000000000000000e+00
5.665383669786872168e-17
5.665383669786872168e-17
8.924695169907685688e-02
3.267582074755117638e-01
6.732417925244879031e-01
9.107530483009230737e-01
1.000000000000000000e+00
1.000000000000000000e+00
1.000000000000000000e+00
1.000000000000000000e+00
1.000000000000000000e+00
9.999999999999997780e-01
1.000000000000000000e+00
1.000000000000000000e+00
1.000000000000000000e+00
1.000000000000000000e+00
9.107530483009230737e-01
6.732417925244875700e-01
3.267582074755118748e-01
8.924695169907691239e-02
0.000000000000000000e+00
5.665383669786872168e-17
0.000000000000000000e+00
0.000000000000000000e+00
0.000000000000000000e+00
2.266153467914748867e-16
5.665383669786872168e-17
5.665383669786872168e-17
5.665383669786872168e-17
0.000000000000000000e+00
1.699615100936061897e-16
0.000000000000000000e+00
0.000000000000000000e+00
0.000000000000000000e+00
0.000000000000000000e+00
0.000000000000000000e+00
0.000000000000000000e+00
0.000000000000000000e+00
0.000000000000000000e+00
0.000000000000000000e+00
0.000000000000000000e+00
0.000000000000000000e+00
0.000000000000000000e+00
0.000000000000000000e+00
0.000000000000000000e+00
0.000000000000000000e+00
0.000000000000000000e+00
0.000000000000000000e+00
0.000000000000000000e+00
5.665383669786872168e-17
5.665383669786872168e-17
5.665383669786872168e-17
2.266153467914748867e-16
0.000000000000000000e+00
0.000000000000000000e+00
5.665383669786872168e-17
5.665383669786872168e-17
0.000000000000000000e+00
0.000000000000000000e+00
0.000000000000000000e+00
0.000000000000000000e+00
5.665383669786872168e-17
0.000000000000000000e+00
8.924695169907702341e-02
3.267582074755118193e-01
6.732417925244875700e-01
9.107530483009231848e-01
9.999999999999996669e-01
1.000000000000000000e+00
1.000000000000000000e+00
9.999999999999997780e-01
9.999999999999997780e-01
9.999999999999996669e-01
9.999999999999997780e-01
9.999999999999997780e-01
9.999999999999997780e-01
9.999999999999997780e-01
9.107530483009231848e-01
6.732417925244879031e-01
3.267582074755118748e-01
8.924695169907713443e-02
5.665383669786872168e-17
0.000000000000000000e+00
0.000000000000000000e+00
0.000000000000000000e+00
0.000000000000000000e+00
5.665383669786872168e-17
0.000000000000000000e+00
0.000000000000000000e+00
5.665383669786872168e-17
0.000000000000000000e+00
0.000000000000000000e+00
5.665383669786872168e-17
0.000000000000000000e+00
0.000000000000000000e+00
5.665383669786872168e-17
0.000000000000000000e+00
5.665383669786872168e-17
0.000000000000000000e+00
5.665383669786872168e-17
5.665383669786872168e-17
0.000000000000000000e+00
1.699615100936061897e-16
5.665383669786872168e-17
0.000000000000000000e+00
5.665383669786872168e-17
1.699615100936061897e-16
5.665383669786872168e-17
5.665383669786872168e-17
0.000000000000000000e+00
5.665383669786872168e-17
5.665383669786872168e-17
1.699615100936061897e-16
0.000000000000000000e+00
5.665383669786872168e-17
0.000000000000000000e+00
0.000000000000000000e+00
0.000000000000000000e+00
5.665383669786872168e-17
0.000000000000000000e+00
2.266153467914748867e-16
0.000000000000000000e+00
1.699615100936061897e-16
5.085147465517587950e-03
1.144217096431671965e-01
3.647397499770935747e-01
7.019337162314769341e-01
9.163277306164501201e-01
9.999999999999997780e-01
9.999999999999997780e-01
9.999999999999997780e-01
9.999999999999997780e-01
9.999999999999997780e-01
9.999999999999996669e-01
1.000000000000000000e+00
9.999999999999997780e-01
9.999999999999997780e-01
9.999999999999997780e-01
9.163277306164501201e-01
7.019337162314769341e-01
3.647397499770936857e-01
1.144217096431669745e-01
5.085147465517587950e-03
2.266153467914748867e-16
0.000000000000000000e+00
5.665383669786872168e-17
0.000000000000000000e+00
2.266153467914748867e-16
0.000000000000000000e+00
0.000000000000000000e+00
0.000000000000000000e+00
0.000000000000000000e+00
0.000000000000000000e+00
0.000000000000000000e+00
0.000000000000000000e+00
0.000000000000000000e+00
0.000000000000000000e+00
0.000000000000000000e+00
0.000000000000000000e+00
0.000000000000000000e+00
0.000000000000000000e+00
0.000000000000000000e+00
0.000000000000000000e+00
5.665383669786872168e-17
0.000000000000000000e+00
0.000000000000000000e+00
0.000000000000000000e+00
0.000000000000000000e+00
0.000000000000000000e+00
0.000000000000000000e+00
0.000000000000000000e+00
5.665383669786872168e-17
1.699615100936061897e-16
0.000000000000000000e+00
5.665383669786872168e-17
0.000000000000000000e+00
0.000000000000000000e+00
0.000000000000000000e+00
0.000000000000000000e+00
5.665383669786872168e-17
0.000000000000000000e+00
2.266153467914748867e-16
0.000000000000000000e+00
5.085147465517587950e-03
5.177780500892612686e-02
2.036261407662170175e-01
4.713932438401237102e-01
7.666222571180273393e-01
9.407860808698916832e-01
9.999999999999997780e-01
1.000000000000000000e+00
1.000000000000000000e+00
1.000000000000000000e+00
1.000000000000000000e+00
9.999999999999997780e-01
1.000000000000000000e+00
1.000000000000000000e+00
1.000000000000000000e+00
1.000000000000000000e+00
9.407860808698915722e-01
7.666222571180272283e-01
4.713932438401238767e-01
2.036261407662168510e-01
5.177780500892607135e-02
5.085147465517701575e-03
0.000000000000000000e+00
5.665383669786872168e-17
0.000000000000000000e+00
0.000000000000000000e+00
5.665383669786872168e-17
5.665383669786872168e-17
1.699615100936061897e-16
0.000000000000000000e+00
0.000000000000000000e+00
0.000000000000000000e+00
5.665383669786872168e-17
0.000000000000000000e+00
0.000000000000000000e+00
0.000000000000000000e+00
5.665383669786872168e-17
0.000000000000000000e+00
0.000000000000000000e+00
0.000000000000000000e+00
0.000000000000000000e+00
5.665383669786872168e-17
0.000000000000000000e+00
0.000000000000000000e+00
0.000000000000000000e+00
0.000000000000000000e+00
0.000000000000000000e+00
0.000000000000000000e+00
0.000000000000000000e+00
5.665383669786872168e-17
1.699615100936061897e-16
0.000000000000000000e+00
0.000000000000000000e+00
0.000000000000000000e+00
0.000000000000000000e+00
0.000000000000000000e+00
5.665383669786872168e-17
0.000000000000000000e+00
5.665383669786872168e-17
0.000000000000000000e+00
5.085147465517701575e-03
5.177780500892629340e-02
1.706805925872523499e-01
3.805910789025401253e-01
6.551143682291762360e-01
8.637069618498086632e-01
9.718825391647085699e-01
9.999999999999997780e-01
1.000000000000000000e+00
9.999999999999997780e-01
9.999999999999997780e-01
9.999999999999997780e-01
9.999999999999996669e-01
9.999999999999997780e-01
9.999999999999997780e-01
1.000000000000000000e+00
9.999999999999997780e-01
9.718825391647084588e-01
8.637069618498085521e-01
6.551143682291762360e-01
3.805910789025401808e-01
1.706805925872522389e-01
5.177780500892641136e-02
5.085147465517701575e-03
0.000000000000000000e+00
0.000000000000000000e+00
0.000000000000000000e+00
0.000000000000000000e+00
5.665383669786872168e-17
5.665383669786872168e-17
0.000000000000000000e+00
0.000000000000000000e+00
0.000000000000000000e+00
0.000000000000000000e+00
0.000000000000000000e+00
0.000000000000000000e+00
0.000000000000000000e+00
0.000000000000000000e+00
0.000000000000000000e+00
0.000000000000000000e+00
0.000000000000000000e+00
0.000000000000000000e+00
0.000000000000000000e+00
5.665383669786872168e-17
0.000000000000000000e+00
0.000000000000000000e+00
5.665383669786872168e-17
0.000000000000000000e+00
5.665383669786872168e-17
0.000000000000000000e+00
0.000000000000000000e+00
1.699615100936061897e-16
0.000000000000000000e+00
5.665383669786872168e-17
5.665383669786872168e-17
0.000000000000000000e+00
5.665383669786872168e-17
5.665383669786872168e-17
0.000000000000000000e+00
0.000000000000000000e+00
5.085147465517417947e-03
5.177780500892635585e-02
1.706805925872524055e-01
3.740176980544546170e-01
6.259823019455448279e-01
8.293194074127475668e-01
9.482221949910734082e-01
9.949148525344826410e-01
9.999999999999997780e-01
9.999999999999997780e-01
9.999999999999997780e-01
9.999999999999997780e-01
9.999999999999996669e-01
9.999999999999995559e-01
9.999999999999997780e-01
9.999999999999997780e-01
9.999999999999997780e-01
9.999999999999995559e-01
9.949148525344826410e-01
9.482221949910734082e-01
8.293194074127475668e-01
6.259823019455451609e-01
3.740176980544546170e-01
1.706805925872524610e-01
5.177780500892629340e-02
5.085147465517587950e-03
0.000000000000000000e+00
5.665383669786872168e-17
5.665383669786872168e-17
5.665383669786872168e-17
1.699615100936061897e-16
0.000000000000000000e+00
0.000000000000000000e+00
5.665383669786872168e-17
0.000000000000000000e+00
0.000000000000000000e+00
5.665383669786872168e-17
0.000000000000000000e+00
5.665383669786872168e-17
0.000000000000000000e+00
0.000000000000000000e+00
0.000000000000000000e+00
0.000000000000000000e+00
1.699615100936061897e-16
5.665383669786872168e-17
5.665383669786872168e-17
5.665383669786872168e-17
5.665383669786872168e-17
0.000000000000000000e+00
5.665383669786872168e-17
0.000000000000000000e+00
0.000000000000000000e+00
0.000000000000000000e+00
5.665383669786872168e-17
0.000000000000000000e+00
5.665383669786872168e-17
0.000000000000000000e+00
0.000000000000000000e+00
5.665383669786872168e-17
0.000000000000000000e+00
1.699615100936061897e-16
2.811746083529138157e-02
1.362930381501913091e-01
3.448856317708235975e-01
6.194089210974593751e-01
8.293194074127477888e-01
9.482221949910736303e-01
9.949148525344824190e-01
1.000000000000000000e+00
9.999999999999997780e-01
9.999999999999997780e-01
9.999999999999996669e-01
9.999999999999996669e-01
9.999999999999996669e-01
9.999999999999995559e-01
9.999999999999996669e-01
1.000000000000000000e+00
9.999999999999997780e-01
9.999999999999995559e-01
9.999999999999997780e-01
9.949148525344821969e-01
9.482221949910737413e-01
8.293194074127477888e-01
6.194089210974593751e-01
3.448856317708234309e-01
1.362930381501913091e-01
2.811746083529132606e-02
0.000000000000000000e+00
2.266153467914748867e-16
1.699615100936061897e-16
5.665383669786872168e-17
5.665383669786872168e-17
0.000000000000000000e+00
0.000000000000000000e+00
0.000000000000000000e+00
5.665383669786872168e-17
0.000000000000000000e+00
5.665383669786872168e-17
0.000000000000000000e+00
5.665383669786872168e-17
0.000000000000000000e+00
0.000000000000000000e+00
0.000000000000000000e+00
0.000000000000000000e+00
5.665383669786872168e-17
0.000000000000000000e+00
0.000000000000000000e+00
0.000000000000000000e+00
0.000000000000000000e+00
0.000000000000000000e+00
0.000000000000000000e+00
0.000000000000000000e+00
5.665383669786872168e-17
5.665383669786872168e-17
0.000000000000000000e+00
5.665383669786872168e-17
5.665383669786872168e-17
0.000000000000000000e+00
5.665383669786872168e-17
0.000000000000000000e+00
0.000000000000000000e+00
5.085147465517417947e-03
8.367226938354999088e-02
2.699452749642494154e-01
5.582483333306126339e-01
8.024695443392616534e-01
9.482221949910734082e-01
9.949148525344824190e-01
9.999999999999997780e-01
1.000000000000000000e+00
1.000000000000000000e+00
1.000000000000000000e+00
1.000000000000000000e+00
1.000000000000000000e+00
9.999999999999997780e-01
1.000000000000000000e+00
1.000000000000000000e+00
1.000000000000000000e+00
1.000000000000000000e+00
1.000000000000000000e+00
1.000000000000000000e+00
9.999999999999997780e-01
9.949148525344823080e-01
9.482221949910734082e-01
8.024695443392616534e-01
5.582483333306126339e-01
2.699452749642493599e-01
8.367226938354965782e-02
5.085147465517417947e-03
5.665383669786872168e-17
0.000000000000000000e+00
5.665383669786872168e-17
5.665383669786872168e-17
0.000000000000000000e+00
5.665383669786872168e-17
0.000000000000000000e+00
0.000000000000000000e+00
0.000000000000000000e+00
0.000000000000000000e+00
0.000000000000000000e+00
5.665383669786872168e-17
0.000000000000000000e+00
0.000000000000000000e+00
0.000000000000000000e+00
0.000000000000000000e+00
5.665383669786872168e-17
0.000000000000000000e+00
5.665383669786872168e-17
0.000000000000000000e+00
5.665383669786872168e-17
5.665383669786872168e-17
0.000000000000000000e+00
0.000000000000000000e+00
1.699615100936061897e-16
5.665383669786872168e-17
0.000000000000000000e+00
1.699615100936061897e-16
0.000000000000000000e+00
0.000000000000000000e+00
5.665383669786872168e-17
0.000000000000000000e+00
5.085147465517417947e-03
5.177780500892635585e-02
1.975304556607378470e-01
4.417516666693868665e-01
7.300547250357506401e-01
9.163277306164501201e-01
9.949148525344823080e-01
9.999999999999997780e-01
9.999999999999997780e-01
1.000000000000000000e+00
9.999999999999997780e-01
1.000000000000000000e+00
1.000000000000000000e+00
9.999999999999997780e-01
9.999999999999997780e-01
9.999999999999997780e-01
9.999999999999997780e-01
9.999999999999997780e-01
1.000000000000000000e+00
9.999999999999997780e-01
1.000000000000000000e+00
9.999999999999996669e-01
9.999999999999997780e-01
9.949148525344826410e-01
9.163277306164501201e-01
7.300547250357504181e-01
4.417516666693868665e-01
1.975304556607375694e-01
5.177780500892629340e-02
5.085147465517587950e-03
5.665383669786872168e-17
0.000000000000000000e+00
1.699615100936061897e-16
0.000000000000000000e+00
0.000000000000000000e+00
0.000000000000000000e+00
0.000000000000000000e+00
0.000000000000000000e+00
0.000000000000000000e+00
0.000000000000000000e+00
5.665383669786872168e-17
0.000000000000000000e+00
0.000000000000000000e+00
0.000000000000000000e+00
0.000000000000000000e+00
5.665383669786872168e-17
5.665383669786872168e-17
0.000000000000000000e+00
0.000000000000000000e+00
5.665383669786872168e-17
0.000000000000000000e+00
5.665383669786872168e-17
0.000000000000000000e+00
0.000000000000000000e+00
0.000000000000000000e+00
0.000000000000000000e+00
0.000000000000000000e+00
0.000000000000000000e+00
0.000000000000000000e+00
0.000000000000000000e+00
0.000000000000000000e+00
5.177780500892635585e-02
1.706805925872522389e-01
3.805910789025406804e-01
6.551143682291767911e-01
8.637069618498088852e-01
9.718825391647082368e-01
9.999999999999997780e-01
1.000000000000000000e+00
9.999999999999997780e-01
1.000000000000000000e+00
9.999999999999995559e-01
9.999999999999997780e-01
9.999999999999997780e-01
9.999999999999996669e-01
9.999999999999996669e-01
9.999999999999995559e-01
9.999999999999995559e-01
9.999999999999997780e-01
9.999999999999997780e-01
9.999999999999995559e-01
9.999999999999997780e-01
9.999999999999997780e-01
9.999999999999997780e-01
1.000000000000000000e+00
9.718825391647081258e-01
8.637069618498086632e-01
6.551143682291770132e-01
3.805910789025403473e-01
1.706805925872522944e-01
5.177780500892646687e-02
5.085147465517417947e-03
0.000000000000000000e+00
0.000000000000000000e+00
0.000000000000000000e+00
0.000000000000000000e+00
0.000000000000000000e+00
0.000000000000000000e+00
0.000000000000000000e+00
0.000000000000000000e+00
0.000000000000000000e+00
5.665383669786872168e-17
5.665383669786872168e-17
0.000000000000000000e+00
0.000000000000000000e+00
0.000000000000000000e+00
0.000000000000000000e+00
0.000000000000000000e+00
0.000000000000000000e+00
0.000000000000000000e+00
0.000000000000000000e+00
0.000000000000000000e+00
0.000000000000000000e+00
0.000000000000000000e+00
5.665383669786872168e-17
0.000000000000000000e+00
0.000000000000000000e+00
0.000000000000000000e+00
0.000000000000000000e+00
0.000000000000000000e+00
5.665383669786872168e-17
0.000000000000000000e+00
1.049556488867148807e-01
2.723264057207257505e-01
5.150180480712621689e-01
7.261000281032669035e-01
8.539899847555738610e-01
9.051489635414980972e-01
9.107530483009230737e-01
9.107530483009229627e-01
9.107530483009227407e-01
9.107530483009230737e-01
9.107530483009229627e-01
9.107530483009229627e-01
9.107530483009230737e-01
9.107530483009227407e-01
9.107530483009229627e-01
9.107530483009227407e-01
9.107530483009229627e-01
9.107530483009229627e-01
9.107530483009229627e-01
9.107530483009225186e-01
9.107530483009231848e-01
9.107530483009228517e-01
9.107530483009227407e-01
9.107530483009230737e-01
9.051489635414978752e-01
8.539899847555738610e-01
7.261000281032666814e-01
5.150180480712619469e-01
2.723264057207258615e-01
1.049556488867151721e-01
2.288940759939368796e-02
0.000000000000000000e+00
5.665383669786872168e-17
0.000000000000000000e+00
0.000000000000000000e+00
0.000000000000000000e+00
0.000000000000000000e+00
0.000000000000000000e+00
0.000000000000000000e+00
0.000000000000000000e+00
0.000000000000000000e+00
0.000000000000000000e+00
0.000000000000000000e+00
0.000000000000000000e+00
0.000000000000000000e+00
5.665383669786872168e-17
0.000000000000000000e+00
0.000000000000000000e+00
0.000000000000000000e+00
5.665383669786872168e-17
0.000000000000000000e+00
0.000000000000000000e+00
0.000000000000000000e+00
1.699615100936061897e-16
0.000000000000000000e+00
5.665383669786872168e-17
0.000000000000000000e+00
0.000000000000000000e+00
5.665383669786872168e-17
5.665383669786872168e-17
0.000000000000000000e+00
1.187283666118622572e-01
2.874357263875173540e-01
4.694839583054393195e-01
6.084593107239422149e-01
6.667570720169663234e-01
6.732417925244881252e-01
6.732417925244875700e-01
6.732417925244879031e-01
6.732417925244879031e-01
6.732417925244881252e-01
6.732417925244881252e-01
6.732417925244881252e-01
6.732417925244881252e-01
6.732417925244881252e-01
6.732417925244881252e-01
6.732417925244881252e-01
6.732417925244881252e-01
6.732417925244879031e-01
6.732417925244881252e-01
6.732417925244875700e-01
6.732417925244881252e-01
6.732417925244879031e-01
6.732417925244879031e-01
6.732417925244881252e-01
6.732417925244875700e-01
6.667570720169664344e-01
6.084593107239419929e-01
4.694839583054389309e-01
2.874357263875173540e-01
1.187283666118622572e-01
3.009091615828059577e-02
0.000000000000000000e+00
5.665383669786872168e-17
0.000000000000000000e+00
0.000000000000000000e+00
0.000000000000000000e+00
0.000000000000000000e+00
0.000000000000000000e+00
0.000000000000000000e+00
0.000000000000000000e+00
5.665383669786872168e-17
0.000000000000000000e+00
0.000000000000000000e+00
0.000000000000000000e+00
0.000000000000000000e+00
5.665383669786872168e-17
5.665383669786872168e-17
0.000000000000000000e+00
0.000000000000000000e+00
5.665383669786872168e-17
0.000000000000000000e+00
0.000000000000000000e+00
0.000000000000000000e+00
0.000000000000000000e+00
5.665383669786872168e-17
0.000000000000000000e+00
0.000000000000000000e+00
0.000000000000000000e+00
0.000000000000000000e+00
5.665383669786872168e-17
0.000000000000000000e+00
