0.000000000000000000e+00
0.000000000000000000e+00
0.000000000000000000e+00
0.000000000000000000e+00
0.000000000000000000e+00
0.000000000000000000e+00
0.000000000000000000e+00
0.000000000000000000e+00
0.000000000000000000e+00
0.000000000000000000e+00
0.000000000000000000e+00
5.764713400725236886e-17
0.000000000000000000e+00
0.000000000000000000e+00
0.000000000000000000e+00
0.000000000000000000e+00
0.000000000000000000e+00
0.000000000000000000e+00
5.764713400725236886e-17
0.000000000000000000e+00
0.000000000000000000e+00
0.000000000000000000e+00
0.000000000000000000e+00
0.000000000000000000e+00
5.764713400725236886e-17
0.000000000000000000e+00
5.764713400725236886e-17
0.000000000000000000e+00
0.000000000000000000e+00
3.028991393836587623e-02
1.192964185200748733e-01
2.816797296018954122e-01
4.400514414711911293e-01
5.696502617136777191e-01
6.372826527964802201e-01
6.662437271140333461e-01
6.727135162380143418e-01
6.727135162380144529e-01
6.727135162380140088e-01
6.727135162380143418e-01
6.727135162380140088e-01
6.727135162380144529e-01
6.727135162380143418e-01
6.727135162380143418e-01
6.727135162380143418e-01
6.727135162380143418e-01
6.727135162380144529e-01
6.727135162380144529e-01
6.727135162380144529e-01
6.727135162380143418e-01
6.727135162380143418e-01
6.727135162380145639e-01
6.727135162380142308e-01
6.727135162380145639e-01
6.727135162380143418e-01
6.662437271140333461e-01
6.372826527964801091e-01
5.696502617136777191e-01
4.400514414711912403e-01
2.816797296018954122e-01
1.192964185200748733e-01
0.000000000000000000e+00
0.000000000000000000e+00
0.000000000000000000e+00
0.000000000000000000e+00
0.000000000000000000e+00
0.000000000000000000e+00
0.000000000000000000e+00
0.000000000000000000e+00
0.000000000000000000e+00
0.000000000000000000e+00
0.000000000000000000e+00
5.764713400725236886e-17
0.000000000000000000e+00
0.000000000000000000e+00
0.000000000000000000e+00
0.000000000000000000e+00
0.000000000000000000e+00
0.000000000000000000e+00
0.000000000000000000e+00
0.000000000000000000e+00
0.000000000000000000e+00
0.000000000000000000e+00
0.000000000000000000e+00
0.000000000000000000e+00
5.764713400725236886e-17
0.000000000000000000e+00
5.764713400725236886e-17
0.000000000000000000e+00
0.000000000000000000e+00
2.304451343999665974e-02
1.054854546392298004e-01
2.449563480234794033e-01
4.469324566918854713e-01
6.214851701266859152e-01
7.620746971497938116e-01
8.533644997515412722e-01
9.046513884065906508e-01
9.102749183011440426e-01
9.102749183011441536e-01
9.102749183011441536e-01
9.102749183011440426e-01
9.102749183011441536e-01
9.102749183011440426e-01
9.102749183011441536e-01
9.102749183011441536e-01
9.102749183011441536e-01
9.102749183011441536e-01
9.102749183011440426e-01
9.102749183011441536e-01
9.102749183011440426e-01
9.102749183011441536e-01
9.102749183011441536e-01
9.102749183011443757e-01
9.102749183011441536e-01
9.046513884065907618e-01
8.533644997515413833e-01
7.620746971497935895e-01
6.214851701266861372e-01
4.469324566918854713e-01
2.449563480234795698e-01
1.054854546392296755e-01
0.000000000000000000e+00
0.000000000000000000e+00
0.000000000000000000e+00
0.000000000000000000e+00
0.000000000000000000e+00
0.000000000000000000e+00
0.000000000000000000e+00
0.000000000000000000e+00
0.000000000000000000e+00
0.000000000000000000e+00
0.000000000000000000e+00
5.764713400725236886e-17
0.000000000000000000e+00
0.000000000000000000e+00
0.000000000000000000e+00
0.000000000000000000e+00
0.000000000000000000e+00
0.000000000000000000e+00
0.000000000000000000e+00
0.000000000000000000e+00
0.000000000000000000e+00
0.000000000000000000e+00
0.000000000000000000e+00
0.000000000000000000e+00
5.764713400725236886e-17
0.000000000000000000e+00
5.764713400725236886e-17
0.000000000000000000e+00
5.764713400725236886e-17
5.121707382999936969e-03
5.209550039512508141e-02
1.369007650197029691e-01
2.705769886937693380e-01
4.419496055738363904e-01
6.481236297751089559e-01
7.956988038210622838e-01
8.907410289383470570e-01
9.404321796888565066e-01
9.716953420151958065e-01
9.897252462845296250e-01
9.716953420151961396e-01
9.404321796888569507e-01
9.158700799953192195e-01
9.102749183011441536e-01
9.102749183011441536e-01
9.102749183011441536e-01
9.102749183011441536e-01
9.102749183011441536e-01
9.158700799953189975e-01
9.404321796888567286e-01
9.716953420151961396e-01
9.897252462845295140e-01
9.716953420151960286e-01
9.404321796888567286e-01
8.907410289383470570e-01
7.956988038210622838e-01
6.481236297751091779e-01
4.419496055738365015e-01
2.705769886937694491e-01
1.369007650197031911e-01
5.209550039512508141e-02
0.000000000000000000e+00
0.000000000000000000e+00
0.000000000000000000e+00
0.000000000000000000e+00
0.000000000000000000e+00
0.000000000000000000e+00
0.000000000000000000e+00
0.000000000000000000e+00
0.000000000000000000e+00
0.000000000000000000e+00
0.000000000000000000e+00
5.764713400725236886e-17
0.000000000000000000e+00
0.000000000000000000e+00
0.000000000000000000e+00
0.000000000000000000e+00
0.000000000000000000e+00
0.000000000000000000e+00
0.000000000000000000e+00
0.000000000000000000e+00
0.000000000000000000e+00
0.000000000000000000e+00
0.000000000000000000e+00
0.000000000000000000e+00
5.764713400725236886e-17
0.000000000000000000e+00
5.764713400725236886e-17
0.000000000000000000e+00
5.764713400725236886e-17
0.000000000000000000e+00
5.121707382999994215e-03
2.830465798480375633e-02
8.412992000468096088e-02
1.982044606500430184e-01
3.518763702248909331e-01
5.285085857540635645e-01
6.638082425234835826e-01
7.597338270625210166e-01
8.309080916400064520e-01
8.592288895339290633e-01
8.309080916400066741e-01
7.597338270625212386e-01
7.013466593763136858e-01
6.727135162380140088e-01
6.727135162380144529e-01
6.727135162380143418e-01
6.727135162380145639e-01
6.727135162380143418e-01
7.013466593763136858e-01
7.597338270625210166e-01
8.309080916400066741e-01
8.592288895339288413e-01
8.309080916400066741e-01
7.597338270625214607e-01
6.638082425234836936e-01
5.285085857540638976e-01
3.518763702248908776e-01
1.982044606500430184e-01
8.412992000468101639e-02
2.830465798480369735e-02
5.121707382999936969e-03
0.000000000000000000e+00
5.764713400725236886e-17
0.000000000000000000e+00
0.000000000000000000e+00
0.000000000000000000e+00
0.000000000000000000e+00
0.000000000000000000e+00
0.000000000000000000e+00
0.000000000000000000e+00
0.000000000000000000e+00
0.000000000000000000e+00
5.764713400725236886e-17
0.000000000000000000e+00
0.000000000000000000e+00
5.764713400725236886e-17
0.000000000000000000e+00
0.000000000000000000e+00
0.000000000000000000e+00
0.000000000000000000e+00
0.000000000000000000e+00
0.000000000000000000e+00
0.000000000000000000e+00
5.764713400725236886e-17
0.000000000000000000e+00
5.764713400725236886e-17
0.000000000000000000e+00
5.764713400725236886e-17
0.000000000000000000e+00
0.000000000000000000e+00
0.000000000000000000e+00
0.000000000000000000e+00
0.000000000000000000e+00
5.121707382999936969e-03
5.209550039512508141e-02
1.369007650197029691e-01
2.340451657214838166e-01
3.361917574765156957e-01
4.419496055738361129e-01
5.580503944261633320e-01
5.965717894288505851e-01
5.580503944261633320e-01
4.419496055738365015e-01
3.651730409536924071e-01
3.272864837619856027e-01
3.272864837619856027e-01
3.272864837619853806e-01
3.272864837619854916e-01
3.272864837619856027e-01
3.651730409536924626e-01
4.419496055738362794e-01
5.580503944261632210e-01
5.965717894288505851e-01
5.580503944261634430e-01
4.419496055738365015e-01
3.361917574765156957e-01
2.340451657214838166e-01
1.369007650197029691e-01
5.209550039512531039e-02
5.121707383000224934e-03
0.000000000000000000e+00
0.000000000000000000e+00
0.000000000000000000e+00
5.764713400725236886e-17
5.764713400725236886e-17
0.000000000000000000e+00
5.764713400725236886e-17
0.000000000000000000e+00
0.000000000000000000e+00
0.000000000000000000e+00
0.000000000000000000e+00
0.000000000000000000e+00
0.000000000000000000e+00
0.000000000000000000e+00
0.000000000000000000e+00
0.000000000000000000e+00
5.764713400725236886e-17
0.000000000000000000e+00
0.000000000000000000e+00
5.764713400725236886e-17
0.000000000000000000e+00
0.000000000000000000e+00
0.000000000000000000e+00
0.000000000000000000e+00
5.764713400725236886e-17
0.000000000000000000e+00
5.764713400725236886e-17
0.000000000000000000e+00
1.729414020217571189e-16
0.000000000000000000e+00
0.000000000000000000e+00
0.000000000000000000e+00
0.000000000000000000e+00
0.000000000000000000e+00
0.000000000000000000e+00
5.121707382999936969e-03
2.830465798480364184e-02
5.956782031114335463e-02
1.092589710616523879e-01
1.690919083599933537e-01
2.402661729374787891e-01
2.703347984734963960e-01
2.402661729374787891e-01
1.690919083599935202e-01
1.149784922698996736e-01
8.972508169885591578e-02
8.972508169885574925e-02
8.972508169885574925e-02
8.972508169885591578e-02
8.972508169885591578e-02
1.149784922698995626e-01
1.690919083599932426e-01
2.402661729374785948e-01
2.703347984734961740e-01
2.402661729374787891e-01
1.690919083599935202e-01
1.092589710616523879e-01
5.956782031114312564e-02
2.830465798480369735e-02
5.121707383000109574e-03
5.764713400725236886e-17
0.000000000000000000e+00
2.305885360290094754e-16
0.000000000000000000e+00
5.764713400725236886e-17
5.764713400725236886e-17
0.000000000000000000e+00
5.764713400725236886e-17
0.000000000000000000e+00
0.000000000000000000e+00
0.000000000000000000e+00
0.000000000000000000e+00
0.000000000000000000e+00
0.000000000000000000e+00
5.764713400725236886e-17
0.000000000000000000e+00
5.764713400725236886e-17
5.764713400725236886e-17
5.764713400725236886e-17
5.764713400725236886e-17
5.764713400725236886e-17
0.000000000000000000e+00
0.000000000000000000e+00
0.000000000000000000e+00
0.000000000000000000e+00
5.764713400725236886e-17
0.000000000000000000e+00
5.764713400725236886e-17
0.000000000000000000e+00
5.764713400725236886e-17
0.000000000000000000e+00
0.000000000000000000e+00
0.000000000000000000e+00
0.000000000000000000e+00
1.729414020217571189e-16
0.000000000000000000e+00
0.000000000000000000e+00
5.764713400725236886e-17
5.764713400725236886e-17
5.121707383000224934e-03
2.830465798480364184e-02
5.956782031114335463e-02
7.856336734419705481e-02
5.956782031114295217e-02
2.830465798480398532e-02
5.121707383000109574e-03
0.000000000000000000e+00
0.000000000000000000e+00
5.764713400725236886e-17
0.000000000000000000e+00
0.000000000000000000e+00
5.121707383000109574e-03
2.830465798480369735e-02
5.956782031114324361e-02
7.856336734419687440e-02
5.956782031114335463e-02
2.830465798480369735e-02
5.121707383000109574e-03
0.000000000000000000e+00
5.764713400725236886e-17
5.764713400725236886e-17
0.000000000000000000e+00
2.305885360290094754e-16
5.764713400725236886e-17
0.000000000000000000e+00
1.729414020217571189e-16
0.000000000000000000e+00
0.000000000000000000e+00
5.764713400725236886e-17
0.000000000000000000e+00
0.000000000000000000e+00
0.000000000000000000e+00
0.000000000000000000e+00
0.000000000000000000e+00
0.000000000000000000e+00
1.729414020217571189e-16
0.000000000000000000e+00
0.000000000000000000e+00
5.764713400725236886e-17
0.000000000000000000e+00
0.000000000000000000e+00
5.764713400725236886e-17
0.000000000000000000e+00
0.000000000000000000e+00
0.000000000000000000e+00
0.000000000000000000e+00
5.764713400725236886e-17
0.000000000000000000e+00
5.764713400725236886e-17
5.764713400725236886e-17
5.764713400725236886e-17
0.000000000000000000e+00
0.000000000000000000e+00
0.000000000000000000e+00
0.000000000000000000e+00
0.000000000000000000e+00
0.000000000000000000e+00
5.764713400725236886e-17
0.000000000000000000e+00
0.000000000000000000e+00
0.000000000000000000e+00
0.000000000000000000e+00
0.000000000000000000e+00
2.305885360290094754e-16
0.000000000000000000e+00
2.305885360290094754e-16
0.000000000000000000e+00
0.000000000000000000e+00
5.764713400725236886e-17
0.000000000000000000e+00
2.305885360290094754e-16
0.000000000000000000e+00
0.000000000000000000e+00
5.764713400725236886e-17
0.000000000000000000e+00
0.000000000000000000e+00
5.764713400725236886e-17
2.305885360290094754e-16
0.000000000000000000e+00
0.000000000000000000e+00
0.000000000000000000e+00
5.764713400725236886e-17
5.764713400725236886e-17
3.458828040435142378e-16
5.764713400725236886e-17
5.764713400725236886e-17
1.729414020217571189e-16
0.000000000000000000e+00
0.000000000000000000e+00
5.764713400725236886e-17
0.000000000000000000e+00
0.000000000000000000e+00
0.000000000000000000e+00
0.000000000000000000e+00
0.000000000000000000e+00
0.000000000000000000e+00
2.305885360290094754e-16
5.764713400725236886e-17
1.729414020217571189e-16
0.000000000000000000e+00
0.000000000000000000e+00
2.305885360290094754e-16
2.305885360290094754e-16
0.000000000000000000e+00
0.000000000000000000e+00
0.000000000000000000e+00
0.000000000000000000e+00
5.764713400725236886e-17
0.000000000000000000e+00
5.764713400725236886e-17
0.000000000000000000e+00
5.764713400725236886e-17
0.000000000000000000e+00
0.000000000000000000e+00
5.764713400725236886e-17
5.764713400725236886e-17
0.000000000000000000e+00
0.000000000000000000e+00
0.000000000000000000e+00
0.000000000000000000e+00
5.764713400725236886e-17
5.121707383000224934e-03
2.830465798480375633e-02
5.413138762201294418e-02
5.413138762201311766e-02
2.830465798480392980e-02
5.121707383000397538e-03
5.764713400725236886e-17
3.458828040435142378e-16
5.764713400725236886e-17
2.305885360290094754e-16
5.764713400725236886e-17
1.729414020217571189e-16
5.764713400725236886e-17
5.121707383000109574e-03
2.830465798480392980e-02
5.413138762201299969e-02
5.413138762201299969e-02
2.830465798480404430e-02
5.121707383000224934e-03
5.764713400725236886e-17
0.000000000000000000e+00
0.000000000000000000e+00
5.764713400725236886e-17
3.458828040435142378e-16
0.000000000000000000e+00
0.000000000000000000e+00
0.000000000000000000e+00
1.729414020217571189e-16
5.764713400725236886e-17
5.764713400725236886e-17
0.000000000000000000e+00
0.000000000000000000e+00
0.000000000000000000e+00
0.000000000000000000e+00
0.000000000000000000e+00
0.000000000000000000e+00
1.729414020217571189e-16
0.000000000000000000e+00
0.000000000000000000e+00
0.000000000000000000e+00
0.000000000000000000e+00
0.000000000000000000e+00
0.000000000000000000e+00
0.000000000000000000e+00
5.764713400725236886e-17
0.000000000000000000e+00
0.000000000000000000e+00
5.764713400725236886e-17
0.000000000000000000e+00
5.764713400725236886e-17
0.000000000000000000e+00
1.729414020217571189e-16
0.000000000000000000e+00
0.000000000000000000e+00
0.000000000000000000e+00
2.305885360290094754e-16
5.764713400725236886e-17
0.000000000000000000e+00
0.000000000000000000e+00
5.121707382999994215e-03
2.830465798480392980e-02
8.412992000468119680e-02
1.631321938960274831e-01
2.127260361793685550e-01
2.127260361793691379e-01
1.631321938960276774e-01
8.412992000468119680e-02
2.830465798480369735e-02
5.121707382999994215e-03
2.305885360290094754e-16
5.764713400725236886e-17
2.305885360290094754e-16
5.121707382999936969e-03
2.830465798480392980e-02
8.412992000468107190e-02
1.631321938960280660e-01
2.127260361793690269e-01
2.127260361793685550e-01
1.631321938960277884e-01
8.412992000468136333e-02
2.830465798480387082e-02
5.121707382999994215e-03
5.764713400725236886e-17
5.764713400725236886e-17
5.764713400725236886e-17
0.000000000000000000e+00
0.000000000000000000e+00
5.764713400725236886e-17
0.000000000000000000e+00
0.000000000000000000e+00
5.764713400725236886e-17
0.000000000000000000e+00
0.000000000000000000e+00
0.000000000000000000e+00
0.000000000000000000e+00
0.000000000000000000e+00
0.000000000000000000e+00
1.729414020217571189e-16
0.000000000000000000e+00
5.764713400725236886e-17
0.000000000000000000e+00
0.000000000000000000e+00
0.000000000000000000e+00
0.000000000000000000e+00
0.000000000000000000e+00
5.764713400725236886e-17
0.000000000000000000e+00
0.000000000000000000e+00
0.000000000000000000e+00
0.000000000000000000e+00
5.764713400725236886e-17
5.764713400725236886e-17
0.000000000000000000e+00
0.000000000000000000e+00
0.000000000000000000e+00
5.764713400725236886e-17
0.000000000000000000e+00
0.000000000000000000e+00
0.000000000000000000e+00
5.764713400725236886e-17
2.830465798480375633e-02
1.033494282277229170e-01
2.426098620245956683e-01
4.059057349532479986e-01
5.193680780008042008e-01
5.193680780008040898e-01
4.125017454787187066e-01
2.769082890781811024e-01
1.690919083599934092e-01
1.092589710616524573e-01
6.503384798828831803e-02
5.752075553781541006e-02
6.503384798828831803e-02
1.092589710616524573e-01
1.690919083599934092e-01
2.769082890781807138e-01
4.125017454787190951e-01
5.193680780008040898e-01
5.193680780008040898e-01
4.059057349532482206e-01
2.426098620245958348e-01
1.033494282277228615e-01
2.830465798480375633e-02
1.729414020217571189e-16
5.764713400725236886e-17
1.729414020217571189e-16
0.000000000000000000e+00
0.000000000000000000e+00
5.764713400725236886e-17
1.729414020217571189e-16
0.000000000000000000e+00
0.000000000000000000e+00
5.764713400725236886e-17
0.000000000000000000e+00
0.000000000000000000e+00
0.000000000000000000e+00
0.000000000000000000e+00
0.000000000000000000e+00
0.000000000000000000e+00
0.000000000000000000e+00
0.000000000000000000e+00
5.764713400725236886e-17
5.764713400725236886e-17
0.000000000000000000e+00
5.764713400725236886e-17
0.000000000000000000e+00
0.000000000000000000e+00
0.000000000000000000e+00
0.000000000000000000e+00
0.000000000000000000e+00
0.000000000000000000e+00
5.764713400725236886e-17
0.000000000000000000e+00
0.000000000000000000e+00
0.000000000000000000e+00
0.000000000000000000e+00
0.000000000000000000e+00
0.000000000000000000e+00
0.000000000000000000e+00
0.000000000000000000e+00
5.121707383000109574e-03
8.412992000468090537e-02
2.426098620245956128e-01
4.900300397141767461e-01
6.946961518669294566e-01
8.040814983088029333e-01
8.040814983088031553e-01
7.230917109218192307e-01
5.874982545212813489e-01
4.419496055738367790e-01
3.361917574765165284e-01
2.682016212237601227e-01
2.530078309029828443e-01
2.682016212237601782e-01
3.361917574765159733e-01
4.419496055738367790e-01
5.874982545212810159e-01
7.230917109218192307e-01
8.040814983088029333e-01
8.040814983088033774e-01
6.946961518669297897e-01
4.900300397141767461e-01
2.426098620245956683e-01
8.412992000468090537e-02
5.121707383000224934e-03
0.000000000000000000e+00
0.000000000000000000e+00
5.764713400725236886e-17
5.764713400725236886e-17
5.764713400725236886e-17
0.000000000000000000e+00
0.000000000000000000e+00
5.764713400725236886e-17
0.000000000000000000e+00
0.000000000000000000e+00
0.000000000000000000e+00
0.000000000000000000e+00
0.000000000000000000e+00
0.000000000000000000e+00
1.729414020217571189e-16
0.000000000000000000e+00
5.764713400725236886e-17
5.764713400725236886e-17
0.000000000000000000e+00
5.764713400725236886e-17
0.000000000000000000e+00
0.000000000000000000e+00
0.000000000000000000e+00
0.000000000000000000e+00
0.000000000000000000e+00
0.000000000000000000e+00
0.000000000000000000e+00
5.764713400725236886e-17
0.000000000000000000e+00
5.764713400725236886e-17
0.000000000000000000e+00
1.729414020217571189e-16
0.000000000000000000e+00
0.000000000000000000e+00
5.764713400725236886e-17
0.000000000000000000e+00
2.830465798480364184e-02
1.631321938960273721e-01
4.059057349532480541e-01
6.946961518669299007e-01
8.828644596901528141e-01
9.664045236200430322e-01
9.664045236200431432e-01
9.158700799953188865e-01
8.368678061039723781e-01
7.597338270625214607e-01
6.638082425234840267e-01
5.965717894288502521e-01
5.580503944261632210e-01
5.965717894288501411e-01
6.638082425234836936e-01
7.597338270625214607e-01
8.368678061039721561e-01
9.158700799953189975e-01
9.664045236200431432e-01
9.664045236200431432e-01
8.828644596901532582e-01
6.946961518669299007e-01
4.059057349532478876e-01
1.631321938960273721e-01
2.830465798480358286e-02
0.000000000000000000e+00
5.764713400725236886e-17
5.764713400725236886e-17
5.764713400725236886e-17
0.000000000000000000e+00
5.764713400725236886e-17
0.000000000000000000e+00
5.764713400725236886e-17
0.000000000000000000e+00
0.000000000000000000e+00
0.000000000000000000e+00
0.000000000000000000e+00
0.000000000000000000e+00
0.000000000000000000e+00
5.764713400725236886e-17
0.000000000000000000e+00
0.000000000000000000e+00
0.000000000000000000e+00
0.000000000000000000e+00
0.000000000000000000e+00
0.000000000000000000e+00
5.764713400725236886e-17
5.764713400725236886e-17
0.000000000000000000e+00
0.000000000000000000e+00
0.000000000000000000e+00
0.000000000000000000e+00
5.764713400725236886e-17
0.000000000000000000e+00
0.000000000000000000e+00
0.000000000000000000e+00
0.000000000000000000e+00
0.000000000000000000e+00
5.764713400725236886e-17
0.000000000000000000e+00
0.000000000000000000e+00
5.956782031114324361e-02
2.402661729374787891e-01
5.580503944261633320e-01
8.309080916400063410e-01
9.716953420151962506e-01
1.000000000000000000e+00
1.000000000000000000e+00
9.948782926169998930e-01
9.716953420151961396e-01
9.404321796888565066e-01
8.907410289383475011e-01
8.572519741796509329e-01
8.430296908038136250e-01
8.572519741796508219e-01
8.907410289383473900e-01
9.404321796888565066e-01
9.716953420151960286e-01
9.948782926169998930e-01
1.000000000000000000e+00
9.999999999999998890e-01
9.716953420151963616e-01
8.309080916400064520e-01
5.580503944261632210e-01
2.402661729374787891e-01
5.956782031114307013e-02
0.000000000000000000e+00
5.764713400725236886e-17
5.764713400725236886e-17
0.000000000000000000e+00
0.000000000000000000e+00
0.000000000000000000e+00
0.000000000000000000e+00
0.000000000000000000e+00
0.000000000000000000e+00
0.000000000000000000e+00
0.000000000000000000e+00
0.000000000000000000e+00
0.000000000000000000e+00
0.000000000000000000e+00
1.729414020217571189e-16
0.000000000000000000e+00
2.305885360290094754e-16
0.000000000000000000e+00
0.000000000000000000e+00
0.000000000000000000e+00
5.764713400725236886e-17
0.000000000000000000e+00
5.764713400725236886e-17
0.000000000000000000e+00
0.000000000000000000e+00
0.000000000000000000e+00
0.000000000000000000e+00
5.764713400725236886e-17
5.764713400725236886e-17
0.000000000000000000e+00
0.000000000000000000e+00
0.000000000000000000e+00
0.000000000000000000e+00
0.000000000000000000e+00
0.000000000000000000e+00
0.000000000000000000e+00
8.412992000468096088e-02
2.986533406236859256e-01
6.348269590463069267e-01
8.850215077301002431e-01
9.948782926169994489e-01
1.000000000000000000e+00
1.000000000000000000e+00
1.000000000000000000e+00
1.000000000000000000e+00
1.000000000000000000e+00
9.948782926169998930e-01
9.769554865600031945e-01
9.697100860616340023e-01
9.769554865600033056e-01
9.948782926169996710e-01
1.000000000000000000e+00
9.999999999999997780e-01
1.000000000000000000e+00
1.000000000000000000e+00
9.999999999999997780e-01
9.948782926169995600e-01
8.850215077301002431e-01
6.348269590463070378e-01
2.986533406236858146e-01
8.412992000468096088e-02
2.305885360290094754e-16
5.764713400725236886e-17
0.000000000000000000e+00
5.764713400725236886e-17
5.764713400725236886e-17
0.000000000000000000e+00
0.000000000000000000e+00
5.764713400725236886e-17
0.000000000000000000e+00
0.000000000000000000e+00
0.000000000000000000e+00
0.000000000000000000e+00
0.000000000000000000e+00
5.764713400725236886e-17
1.729414020217571189e-16
0.000000000000000000e+00
0.000000000000000000e+00
1.729414020217571189e-16
5.764713400725236886e-17
5.764713400725236886e-17
5.764713400725236886e-17
0.000000000000000000e+00
5.764713400725236886e-17
0.000000000000000000e+00
0.000000000000000000e+00
0.000000000000000000e+00
0.000000000000000000e+00
5.764713400725236886e-17
5.764713400725236886e-17
5.764713400725236886e-17
0.000000000000000000e+00
5.764713400725236886e-17
0.000000000000000000e+00
5.764713400725236886e-17
1.729414020217571189e-16
0.000000000000000000e+00
8.412992000468130782e-02
2.986533406236862587e-01
6.348269590463070378e-01
8.850215077301000210e-01
9.948782926169996710e-01
1.000000000000000000e+00
1.000000000000000000e+00
9.999999999999996669e-01
1.000000000000000000e+00
1.000000000000000000e+00
9.948782926169998930e-01
9.769554865600029725e-01
9.697100860616342244e-01
9.769554865600033056e-01
9.948782926169994489e-01
9.999999999999996669e-01
9.999999999999997780e-01
1.000000000000000000e+00
9.999999999999998890e-01
1.000000000000000000e+00
9.948782926169998930e-01
8.850215077301000210e-01
6.348269590463069267e-01
2.986533406236859256e-01
8.412992000468107190e-02
0.000000000000000000e+00
0.000000000000000000e+00
0.000000000000000000e+00
5.764713400725236886e-17
0.000000000000000000e+00
5.764713400725236886e-17
0.000000000000000000e+00
5.764713400725236886e-17
5.764713400725236886e-17
0.000000000000000000e+00
0.000000000000000000e+00
0.000000000000000000e+00
0.000000000000000000e+00
5.764713400725236886e-17
1.729414020217571189e-16
0.000000000000000000e+00
1.729414020217571189e-16
0.000000000000000000e+00
0.000000000000000000e+00
5.764713400725236886e-17
5.764713400725236886e-17
1.729414020217571189e-16
0.000000000000000000e+00
0.000000000000000000e+00
0.000000000000000000e+00
0.000000000000000000e+00
0.000000000000000000e+00
5.764713400725236886e-17
5.764713400725236886e-17
5.764713400725236886e-17
0.000000000000000000e+00
0.000000000000000000e+00
5.764713400725236886e-17
5.764713400725236886e-17
1.729414020217571189e-16
0.000000000000000000e+00
5.956782031114335463e-02
2.402661729374787336e-01
5.580503944261633320e-01
8.309080916400066741e-01
9.716953420151956955e-01
9.999999999999998890e-01
1.000000000000000000e+00
9.948782926169996710e-01
9.716953420151961396e-01
9.404321796888567286e-01
8.907410289383476121e-01
8.572519741796510440e-01
8.430296908038135140e-01
8.572519741796508219e-01
8.907410289383473900e-01
9.404321796888567286e-01
9.716953420151959175e-01
9.948782926169998930e-01
1.000000000000000000e+00
9.999999999999998890e-01
9.716953420151961396e-01
8.309080916400063410e-01
5.580503944261631100e-01
2.402661729374782618e-01
5.956782031114335463e-02
5.764713400725236886e-17
5.764713400725236886e-17
0.000000000000000000e+00
0.000000000000000000e+00
0.000000000000000000e+00
5.764713400725236886e-17
0.000000000000000000e+00
5.764713400725236886e-17
5.764713400725236886e-17
0.000000000000000000e+00
0.000000000000000000e+00
0.000000000000000000e+00
0.000000000000000000e+00
5.764713400725236886e-17
1.729414020217571189e-16
0.000000000000000000e+00
2.305885360290094754e-16
5.764713400725236886e-17
5.764713400725236886e-17
3.458828040435142378e-16
5.764713400725236886e-17
5.764713400725236886e-17
5.764713400725236886e-17
0.000000000000000000e+00
0.000000000000000000e+00
0.000000000000000000e+00
0.000000000000000000e+00
5.764713400725236886e-17
5.764713400725236886e-17
0.000000000000000000e+00
0.000000000000000000e+00
0.000000000000000000e+00
5.764713400725236886e-17
0.000000000000000000e+00
0.000000000000000000e+00
0.000000000000000000e+00
2.830465798480387082e-02
1.631321938960274831e-01
4.059057349532478320e-01
6.946961518669296787e-01
8.828644596901528141e-01
9.664045236200431432e-01
9.664045236200435873e-01
9.158700799953188865e-01
8.368678061039722671e-01
7.597338270625214607e-01
6.638082425234840267e-01
5.965717894288505851e-01
5.580503944261633320e-01
5.965717894288504741e-01
6.638082425234840267e-01
7.597338270625214607e-01
8.368678061039717120e-01
9.158700799953188865e-01
9.664045236200434763e-01
9.664045236200431432e-01
8.828644596901530361e-01
6.946961518669297897e-01
4.059057349532479431e-01
1.631321938960276774e-01
2.830465798480387082e-02
0.000000000000000000e+00
0.000000000000000000e+00
0.000000000000000000e+00
5.764713400725236886e-17
1.729414020217571189e-16
5.764713400725236886e-17
0.000000000000000000e+00
5.764713400725236886e-17
5.764713400725236886e-17
5.764713400725236886e-17
0.000000000000000000e+00
0.000000000000000000e+00
0.000000000000000000e+00
0.000000000000000000e+00
5.764713400725236886e-17
5.764713400725236886e-17
0.000000000000000000e+00
0.000000000000000000e+00
0.000000000000000000e+00
5.764713400725236886e-17
2.305885360290094754e-16
5.764713400725236886e-17
5.764713400725236886e-17
5.764713400725236886e-17
0.000000000000000000e+00
0.000000000000000000e+00
0.000000000000000000e+00
5.764713400725236886e-17
0.000000000000000000e+00
1.729414020217571189e-16
0.000000000000000000e+00
5.764713400725236886e-17
0.000000000000000000e+00
5.764713400725236886e-17
2.305885360290094754e-16
0.000000000000000000e+00
5.121707383000109574e-03
8.412992000468119680e-02
2.426098620245956128e-01
4.900300397141766906e-01
6.946961518669296787e-01
8.040814983088033774e-01
8.040814983088031553e-01
7.230917109218192307e-01
5.874982545212811269e-01
4.419496055738364459e-01
3.361917574765160843e-01
2.682016212237602892e-01
2.530078309029832329e-01
2.682016212237600672e-01
3.361917574765160843e-01
4.419496055738362794e-01
5.874982545212810159e-01
7.230917109218194527e-01
8.040814983088029333e-01
8.040814983088031553e-01
6.946961518669302338e-01
4.900300397141766906e-01
2.426098620245955295e-01
8.412992000468101639e-02
5.121707383000109574e-03
2.305885360290094754e-16
5.764713400725236886e-17
5.764713400725236886e-17
0.000000000000000000e+00
5.764713400725236886e-17
5.764713400725236886e-17
0.000000000000000000e+00
5.764713400725236886e-17
5.764713400725236886e-17
5.764713400725236886e-17
5.764713400725236886e-17
0.000000000000000000e+00
0.000000000000000000e+00
0.000000000000000000e+00
1.729414020217571189e-16
0.000000000000000000e+00
0.000000000000000000e+00
0.000000000000000000e+00
0.000000000000000000e+00
0.000000000000000000e+00
5.764713400725236886e-17
5.764713400725236886e-17
5.764713400725236886e-17
5.764713400725236886e-17
0.000000000000000000e+00
0.000000000000000000e+00
0.000000000000000000e+00
5.764713400725236886e-17
5.764713400725236886e-17
0.000000000000000000e+00
0.000000000000000000e+00
0.000000000000000000e+00
0.000000000000000000e+00
0.000000000000000000e+00
2.305885360290094754e-16
0.000000000000000000e+00
5.764713400725236886e-17
2.830465798480369735e-02
1.033494282277229170e-01
2.426098620245956128e-01
4.059057349532479431e-01
5.193680780008039788e-01
5.193680780008037567e-01
4.125017454787190396e-01
2.769082890781812134e-01
1.690919083599932426e-01
1.092589710616523879e-01
6.503384798828844293e-02
5.752075553781518108e-02
6.503384798828855395e-02
1.092589710616523324e-01
1.690919083599929096e-01
2.769082890781807693e-01
4.125017454787187621e-01
5.193680780008036457e-01
5.193680780008036457e-01
4.059057349532484982e-01
2.426098620245956128e-01
1.033494282277228060e-01
2.830465798480369735e-02
0.000000000000000000e+00
0.000000000000000000e+00
5.764713400725236886e-17
0.000000000000000000e+00
0.000000000000000000e+00
5.764713400725236886e-17
5.764713400725236886e-17
0.000000000000000000e+00
5.764713400725236886e-17
0.000000000000000000e+00
5.764713400725236886e-17
5.764713400725236886e-17
0.000000000000000000e+00
0.000000000000000000e+00
0.000000000000000000e+00
5.764713400725236886e-17
0.000000000000000000e+00
0.000000000000000000e+00
5.764713400725236886e-17
0.000000000000000000e+00
0.000000000000000000e+00
0.000000000000000000e+00
0.000000000000000000e+00
1.729414020217571189e-16
5.764713400725236886e-17
0.000000000000000000e+00
0.000000000000000000e+00
0.000000000000000000e+00
5.764713400725236886e-17
5.764713400725236886e-17
0.000000000000000000e+00
0.000000000000000000e+00
0.000000000000000000e+00
0.000000000000000000e+00
0.000000000000000000e+00
0.000000000000000000e+00
0.000000000000000000e+00
0.000000000000000000e+00
5.121707382999936969e-03
2.830465798480364184e-02
8.412992000468084985e-02
1.631321938960274831e-01
2.127260361793687771e-01
2.127260361793690269e-01
1.631321938960276219e-01
8.412992000468130782e-02
2.830465798480392980e-02
5.121707383000109574e-03
0.000000000000000000e+00
5.764713400725236886e-17
2.305885360290094754e-16
5.121707382999994215e-03
2.830465798480387082e-02
8.412992000468101639e-02
1.631321938960276774e-01
2.127260361793684995e-01
2.127260361793689158e-01
1.631321938960280660e-01
8.412992000468084985e-02
2.830465798480364184e-02
5.121707382999821610e-03
0.000000000000000000e+00
0.000000000000000000e+00
5.764713400725236886e-17
5.764713400725236886e-17
1.729414020217571189e-16
0.000000000000000000e+00
0.000000000000000000e+00
0.000000000000000000e+00
5.764713400725236886e-17
5.764713400725236886e-17
5.764713400725236886e-17
5.764713400725236886e-17
0.000000000000000000e+00
0.000000000000000000e+00
0.000000000000000000e+00
1.729414020217571189e-16
0.000000000000000000e+00
5.764713400725236886e-17
5.764713400725236886e-17
5.764713400725236886e-17
0.000000000000000000e+00
1.729414020217571189e-16
0.000000000000000000e+00
5.764713400725236886e-17
5.764713400725236886e-17
0.000000000000000000e+00
0.000000000000000000e+00
0.000000000000000000e+00
5.764713400725236886e-17
5.764713400725236886e-17
2.305885360290094754e-16
0.000000000000000000e+00
0.000000000000000000e+00
0.000000000000000000e+00
5.764713400725236886e-17
5.764713400725236886e-17
0.000000000000000000e+00
0.000000000000000000e+00
0.000000000000000000e+00
0.000000000000000000e+00
5.121707383000109574e-03
2.830465798480358286e-02
5.413138762201305521e-02
5.413138762201305521e-02
2.830465798480358286e-02
5.121707383000397538e-03
5.764713400725236886e-17
0.000000000000000000e+00
5.764713400725236886e-17
0.000000000000000000e+00
2.305885360290094754e-16
0.000000000000000000e+00
0.000000000000000000e+00
5.121707383000109574e-03
2.830465798480369735e-02
5.413138762201282622e-02
5.413138762201282622e-02
2.830465798480387082e-02
5.121707382999994215e-03
0.000000000000000000e+00
0.000000000000000000e+00
0.000000000000000000e+00
5.764713400725236886e-17
5.764713400725236886e-17
5.764713400725236886e-17
5.764713400725236886e-17
0.000000000000000000e+00
1.729414020217571189e-16
0.000000000000000000e+00
5.764713400725236886e-17
5.764713400725236886e-17
5.764713400725236886e-17
5.764713400725236886e-17
5.764713400725236886e-17
0.000000000000000000e+00
0.000000000000000000e+00
1.729414020217571189e-16
0.000000000000000000e+00
0.000000000000000000e+00
5.764713400725236886e-17
5.764713400725236886e-17
0.000000000000000000e+00
5.764713400725236886e-17
5.764713400725236886e-17
5.764713400725236886e-17
5.764713400725236886e-17
0.000000000000000000e+00
0.000000000000000000e+00
0.000000000000000000e+00
5.764713400725236886e-17
5.764713400725236886e-17
5.764713400725236886e-17
0.000000000000000000e+00
0.000000000000000000e+00
0.000000000000000000e+00
0.000000000000000000e+00
1.729414020217571189e-16
0.000000000000000000e+00
0.000000000000000000e+00
0.000000000000000000e+00
5.764713400725236886e-17
0.000000000000000000e+00
0.000000000000000000e+00
0.000000000000000000e+00
0.000000000000000000e+00
2.305885360290094754e-16
3.458828040435142378e-16
5.764713400725236886e-17
0.000000000000000000e+00
0.000000000000000000e+00
2.305885360290094754e-16
0.000000000000000000e+00
0.000000000000000000e+00
0.000000000000000000e+00
5.764713400725236886e-17
5.764713400725236886e-17
0.000000000000000000e+00
0.000000000000000000e+00
5.764713400725236886e-17
0.000000000000000000e+00
0.000000000000000000e+00
0.000000000000000000e+00
0.000000000000000000e+00
5.764713400725236886e-17
0.000000000000000000e+00
5.764713400725236886e-17
5.764713400725236886e-17
1.729414020217571189e-16
1.729414020217571189e-16
0.000000000000000000e+00
5.764713400725236886e-17
0.000000000000000000e+00
5.764713400725236886e-17
5.764713400725236886e-17
5.764713400725236886e-17
0.000000000000000000e+00
0.000000000000000000e+00
1.729414020217571189e-16
5.764713400725236886e-17
5.764713400725236886e-17
1.729414020217571189e-16
5.764713400725236886e-17
5.764713400725236886e-17
1.729414020217571189e-16
0.000000000000000000e+00
5.764713400725236886e-17
5.764713400725236886e-17
0.000000000000000000e+00
5.764713400725236886e-17
0.000000000000000000e+00
0.000000000000000000e+00
5.764713400725236886e-17
5.764713400725236886e-17
0.000000000000000000e+00
0.000000000000000000e+00
0.000000000000000000e+00
0.000000000000000000e+00
5.764713400725236886e-17
0.000000000000000000e+00
0.000000000000000000e+00
3.458828040435142378e-16
5.764713400725236886e-17
5.121707383000283047e-03
2.830465798480375633e-02
5.956782031114335463e-02
7.856336734419698542e-02
5.956782031114335463e-02
2.830465798480410328e-02
5.121707382999994215e-03
1.729414020217571189e-16
0.000000000000000000e+00
3.458828040435142378e-16
5.764713400725236886e-17
5.764713400725236886e-17
5.121707383000109574e-03
2.830465798480392980e-02
5.956782031114341708e-02
7.856336734419676338e-02
5.956782031114312564e-02
2.830465798480392980e-02
5.121707383000224934e-03
3.458828040435142378e-16
0.000000000000000000e+00
0.000000000000000000e+00
0.000000000000000000e+00
2.305885360290094754e-16
5.764713400725236886e-17
5.764713400725236886e-17
1.729414020217571189e-16
2.305885360290094754e-16
5.764713400725236886e-17
1.729414020217571189e-16
0.000000000000000000e+00
5.764713400725236886e-17
5.764713400725236886e-17
5.764713400725236886e-17
0.000000000000000000e+00
0.000000000000000000e+00
5.764713400725236886e-17
0.000000000000000000e+00
0.000000000000000000e+00
0.000000000000000000e+00
5.764713400725236886e-17
0.000000000000000000e+00
5.764713400725236886e-17
0.000000000000000000e+00
1.729414020217571189e-16
1.729414020217571189e-16
0.000000000000000000e+00
5.764713400725236886e-17
0.000000000000000000e+00
0.000000000000000000e+00
5.764713400725236886e-17
3.458828040435142378e-16
2.305885360290094754e-16
0.000000000000000000e+00
0.000000000000000000e+00
1.729414020217571189e-16
2.305885360290094754e-16
5.764713400725236886e-17
5.121707383000224934e-03
2.830465798480392980e-02
5.956782031114324361e-02
1.092589710616523879e-01
1.690919083599933537e-01
2.402661729374784838e-01
2.703347984734963960e-01
2.402661729374787891e-01
1.690919083599937145e-01
1.149784922698997292e-01
8.972508169885556883e-02
8.972508169885615170e-02
8.972508169885569373e-02
8.972508169885609619e-02
8.972508169885551332e-02
1.149784922698996736e-01
1.690919083599934647e-01
2.402661729374788446e-01
2.703347984734961740e-01
2.402661729374787891e-01
1.690919083599937145e-01
1.092589710616523879e-01
5.956782031114312564e-02
2.830465798480369735e-02
5.121707382999994215e-03
1.729414020217571189e-16
2.305885360290094754e-16
2.305885360290094754e-16
5.764713400725236886e-17
5.764713400725236886e-17
5.764713400725236886e-17
5.764713400725236886e-17
5.764713400725236886e-17
0.000000000000000000e+00
0.000000000000000000e+00
5.764713400725236886e-17
5.764713400725236886e-17
0.000000000000000000e+00
0.000000000000000000e+00
2.305885360290094754e-16
0.000000000000000000e+00
0.000000000000000000e+00
0.000000000000000000e+00
0.000000000000000000e+00
1.729414020217571189e-16
0.000000000000000000e+00
0.000000000000000000e+00
5.764713400725236886e-17
5.764713400725236886e-17
0.000000000000000000e+00
5.764713400725236886e-17
0.000000000000000000e+00
5.764713400725236886e-17
5.764713400725236886e-17
2.305885360290094754e-16
0.000000000000000000e+00
0.000000000000000000e+00
0.000000000000000000e+00
0.000000000000000000e+00
1.729414020217571189e-16
5.121707382999821610e-03
5.209550039512519937e-02
1.369007650197031911e-01
2.340451657214835390e-01
3.361917574765159733e-01
4.419496055738363904e-01
5.580503944261635541e-01
5.965717894288506962e-01
5.580503944261636651e-01
4.419496055738368900e-01
3.651730409536924626e-01
3.272864837619856027e-01
3.272864837619856027e-01
3.272864837619858802e-01
3.272864837619856027e-01
3.272864837619854916e-01
3.651730409536924071e-01
4.419496055738365015e-01
5.580503944261636651e-01
5.965717894288504741e-01
5.580503944261635541e-01
4.419496055738367790e-01
3.361917574765160843e-01
2.340451657214834835e-01
1.369007650197029691e-01
5.209550039512548386e-02
5.121707383000109574e-03
0.000000000000000000e+00
0.000000000000000000e+00
0.000000000000000000e+00
0.000000000000000000e+00
0.000000000000000000e+00
0.000000000000000000e+00
5.764713400725236886e-17
0.000000000000000000e+00
0.000000000000000000e+00
5.764713400725236886e-17
0.000000000000000000e+00
0.000000000000000000e+00
0.000000000000000000e+00
1.729414020217571189e-16
0.000000000000000000e+00
0.000000000000000000e+00
5.764713400725236886e-17
5.764713400725236886e-17
1.729414020217571189e-16
5.764713400725236886e-17
5.764713400725236886e-17
5.764713400725236886e-17
5.764713400725236886e-17
0.000000000000000000e+00
0.000000000000000000e+00
0.000000000000000000e+00
5.764713400725236886e-17
5.764713400725236886e-17
1.729414020217571189e-16
0.000000000000000000e+00
0.000000000000000000e+00
0.000000000000000000e+00
5.121707382999994215e-03
2.830465798480392980e-02
8.412992000468101639e-02
1.982044606500428519e-01
3.518763702248909886e-01
5.285085857540637866e-01
6.638082425234840267e-01
7.597338270625206835e-01
8.309080916400064520e-01
8.592288895339292853e-01
8.309080916400066741e-01
7.597338270625214607e-01
7.013466593763135748e-01
6.727135162380143418e-01
6.727135162380142308e-01
6.727135162380143418e-01
6.727135162380143418e-01
6.727135162380142308e-01
7.013466593763135748e-01
7.597338270625214607e-01
8.309080916400070072e-01
8.592288895339290633e-01
8.309080916400063410e-01
7.597338270625214607e-01
6.638082425234839157e-01
5.285085857540635645e-01
3.518763702248907110e-01
1.982044606500430184e-01
8.412992000468130782e-02
2.830465798480375633e-02
5.121707382999994215e-03
5.764713400725236886e-17
5.764713400725236886e-17
5.764713400725236886e-17
5.764713400725236886e-17
5.764713400725236886e-17
0.000000000000000000e+00
5.764713400725236886e-17
5.764713400725236886e-17
0.000000000000000000e+00
0.000000000000000000e+00
0.000000000000000000e+00
1.729414020217571189e-16
5.764713400725236886e-17
0.000000000000000000e+00
5.764713400725236886e-17
0.000000000000000000e+00
0.000000000000000000e+00
5.764713400725236886e-17
0.000000000000000000e+00
5.764713400725236886e-17
5.764713400725236886e-17
0.000000000000000000e+00
0.000000000000000000e+00
0.000000000000000000e+00
5.764713400725236886e-17
5.764713400725236886e-17
5.764713400725236886e-17
0.000000000000000000e+00
0.000000000000000000e+00
5.121707382999994215e-03
5.209550039512537284e-02
1.369007650197033021e-01
2.705769886937693380e-01
4.419496055738363904e-01
6.481236297751089559e-01
7.956988038210627279e-01
8.907410289383473900e-01
9.404321796888565066e-01
9.716953420151959175e-01
9.897252462845295140e-01
9.716953420151959175e-01
9.404321796888569507e-01
9.158700799953189975e-01
9.102749183011443757e-01
9.102749183011441536e-01
9.102749183011439316e-01
9.102749183011443757e-01
9.102749183011441536e-01
9.158700799953187754e-01
9.404321796888567286e-01
9.716953420151961396e-01
9.897252462845291809e-01
9.716953420151959175e-01
9.404321796888569507e-01
8.907410289383475011e-01
7.956988038210627279e-01
6.481236297751087339e-01
4.419496055738362794e-01
2.705769886937694491e-01
1.369007650197033021e-01
5.209550039512531039e-02
0.000000000000000000e+00
0.000000000000000000e+00
5.764713400725236886e-17
0.000000000000000000e+00
5.764713400725236886e-17
0.000000000000000000e+00
0.000000000000000000e+00
5.764713400725236886e-17
0.000000000000000000e+00
0.000000000000000000e+00
5.764713400725236886e-17
5.764713400725236886e-17
0.000000000000000000e+00
0.000000000000000000e+00
0.000000000000000000e+00
0.000000000000000000e+00
0.000000000000000000e+00
5.764713400725236886e-17
5.764713400725236886e-17
5.764713400725236886e-17
5.764713400725236886e-17
0.000000000000000000e+00
0.000000000000000000e+00
0.000000000000000000e+00
5.764713400725236886e-17
5.764713400725236886e-17
5.764713400725236886e-17
0.000000000000000000e+00
5.121707382999936969e-03
5.209550039512496344e-02
1.713385126061384989e-01
3.453707827122360907e-01
5.580503944261632210e-01
7.294230113062303289e-01
8.630992349802969477e-01
9.479044996048743288e-01
9.948782926169995600e-01
9.999999999999996669e-01
9.999999999999998890e-01
9.999999999999998890e-01
9.999999999999998890e-01
1.000000000000000000e+00
1.000000000000000000e+00
1.000000000000000000e+00
9.999999999999998890e-01
1.000000000000000000e+00
9.999999999999996669e-01
9.999999999999998890e-01
9.999999999999997780e-01
9.999999999999998890e-01
1.000000000000000000e+00
9.999999999999996669e-01
9.999999999999998890e-01
1.000000000000000000e+00
9.948782926169995600e-01
9.479044996048743288e-01
8.630992349802967256e-01
7.294230113062306620e-01
5.580503944261632210e-01
3.453707827122358687e-01
1.713385126061381658e-01
3.028991393836593174e-02
2.304451343999671872e-02
5.121707383000224934e-03
0.000000000000000000e+00
5.764713400725236886e-17
5.764713400725236886e-17
0.000000000000000000e+00
5.764713400725236886e-17
0.000000000000000000e+00
0.000000000000000000e+00
0.000000000000000000e+00
1.729414020217571189e-16
0.000000000000000000e+00
0.000000000000000000e+00
5.764713400725236886e-17
0.000000000000000000e+00
1.729414020217571189e-16
1.729414020217571189e-16
0.000000000000000000e+00
0.000000000000000000e+00
5.764713400725236886e-17
0.000000000000000000e+00
0.000000000000000000e+00
0.000000000000000000e+00
5.764713400725236886e-17
5.764713400725236886e-17
5.764713400725236886e-17
5.121707383000109574e-03
5.209550039512508141e-02
1.713385126061382768e-01
3.744252701842906150e-01
6.190200926118214486e-01
8.017955393499570649e-01
9.158700799953188865e-01
9.716953420151960286e-01
9.948782926169995600e-01
1.000000000000000000e+00
1.000000000000000000e+00
9.999999999999997780e-01
1.000000000000000000e+00
1.000000000000000000e+00
1.000000000000000000e+00
1.000000000000000000e+00
1.000000000000000000e+00
1.000000000000000000e+00
1.000000000000000000e+00
1.000000000000000000e+00
9.999999999999996669e-01
1.000000000000000000e+00
1.000000000000000000e+00
1.000000000000000000e+00
1.000000000000000000e+00
9.999999999999998890e-01
1.000000000000000000e+00
1.000000000000000000e+00
9.948782926169995600e-01
9.716953420151960286e-01
9.158700799953188865e-01
8.017955393499572869e-01
6.124558319257902284e-01
3.453707827122360907e-01
1.192964185200748733e-01
1.054854546392299669e-01
5.209550039512531039e-02
5.121707383000109574e-03
5.764713400725236886e-17
5.764713400725236886e-17
0.000000000000000000e+00
5.764713400725236886e-17
0.000000000000000000e+00
0.000000000000000000e+00
0.000000000000000000e+00
1.729414020217571189e-16
0.000000000000000000e+00
0.000000000000000000e+00
0.000000000000000000e+00
1.729414020217571189e-16
1.729414020217571189e-16
1.729414020217571189e-16
5.764713400725236886e-17
5.764713400725236886e-17
5.764713400725236886e-17
0.000000000000000000e+00
0.000000000000000000e+00
0.000000000000000000e+00
5.764713400725236886e-17
5.764713400725236886e-17
5.121707383000283047e-03
5.209550039512531039e-02
1.713385126061383323e-01
3.744252701842908926e-01
6.255747298157091629e-01
8.286614873938616954e-01
9.479044996048749949e-01
9.948782926169995600e-01
1.000000000000000000e+00
9.999999999999997780e-01
9.999999999999996669e-01
9.999999999999996669e-01
9.999999999999994449e-01
1.000000000000000000e+00
9.999999999999998890e-01
1.000000000000000000e+00
1.000000000000000000e+00
1.000000000000000000e+00
9.999999999999998890e-01
1.000000000000000000e+00
1.000000000000000000e+00
1.000000000000000000e+00
1.000000000000000000e+00
1.000000000000000000e+00
1.000000000000000000e+00
9.999999999999998890e-01
9.999999999999996669e-01
1.000000000000000000e+00
9.999999999999996669e-01
9.999999999999997780e-01
9.999999999999998890e-01
9.948782926169995600e-01
9.479044996048749949e-01
7.956988038210625058e-01
5.285085857540634535e-01
2.816797296018953012e-01
2.449563480234795143e-01
1.369007650197030801e-01
2.830465798480369735e-02
5.764713400725236886e-17
5.764713400725236886e-17
5.764713400725236886e-17
5.764713400725236886e-17
0.000000000000000000e+00
5.764713400725236886e-17
0.000000000000000000e+00
1.729414020217571189e-16
0.000000000000000000e+00
0.000000000000000000e+00
5.764713400725236886e-17
5.764713400725236886e-17
5.764713400725236886e-17
1.729414020217571189e-16
5.764713400725236886e-17
5.764713400725236886e-17
5.764713400725236886e-17
0.000000000000000000e+00
0.000000000000000000e+00
0.000000000000000000e+00
5.764713400725236886e-17
5.764713400725236886e-17
2.830465798480375633e-02
1.369007650197029136e-01
3.453707827122357576e-01
6.190200926118211155e-01
8.286614873938615844e-01
9.479044996048747729e-01
9.948782926169995600e-01
1.000000000000000000e+00
1.000000000000000000e+00
9.999999999999998890e-01
1.000000000000000000e+00
9.999999999999997780e-01
1.000000000000000000e+00
1.000000000000000000e+00
9.999999999999998890e-01
1.000000000000000000e+00
9.999999999999996669e-01
9.999999999999998890e-01
1.000000000000000000e+00
1.000000000000000000e+00
1.000000000000000000e+00
9.999999999999996669e-01
9.999999999999997780e-01
1.000000000000000000e+00
1.000000000000000000e+00
9.999999999999998890e-01
1.000000000000000000e+00
1.000000000000000000e+00
1.000000000000000000e+00
9.999999999999998890e-01
9.999999999999998890e-01
1.000000000000000000e+00
9.948782926169998930e-01
8.850215077301004651e-01
6.348269590463070378e-01
4.400514414711911848e-01
4.469324566918854713e-01
2.705769886937696711e-01
8.412992000468107190e-02
5.121707383000109574e-03
5.764713400725236886e-17
5.764713400725236886e-17
5.764713400725236886e-17
0.000000000000000000e+00
0.000000000000000000e+00
0.000000000000000000e+00
1.729414020217571189e-16
0.000000000000000000e+00
0.000000000000000000e+00
5.764713400725236886e-17
5.764713400725236886e-17
5.764713400725236886e-17
1.729414020217571189e-16
5.764713400725236886e-17
5.764713400725236886e-17
5.764713400725236886e-17
0.000000000000000000e+00
0.000000000000000000e+00
0.000000000000000000e+00
1.729414020217571189e-16
5.121707383000283047e-03
8.412992000468119680e-02
2.705769886937694491e-01
5.580503944261633320e-01
8.017955393499570649e-01
9.479044996048749949e-01
9.948782926169998930e-01
1.000000000000000000e+00
1.000000000000000000e+00
1.000000000000000000e+00
9.999999999999998890e-01
1.000000000000000000e+00
1.000000000000000000e+00
9.999999999999997780e-01
1.000000000000000000e+00
1.000000000000000000e+00
1.000000000000000000e+00
1.000000000000000000e+00
1.000000000000000000e+00
1.000000000000000000e+00
1.000000000000000000e+00
1.000000000000000000e+00
9.999999999999996669e-01
1.000000000000000000e+00
1.000000000000000000e+00
1.000000000000000000e+00
1.000000000000000000e+00
9.999999999999998890e-01
1.000000000000000000e+00
1.000000000000000000e+00
9.999999999999998890e-01
9.999999999999997780e-01
1.000000000000000000e+00
1.000000000000000000e+00
9.102749183011443757e-01
6.727135162380144529e-01
5.696502617136776081e-01
6.214851701266861372e-01
4.419496055738365015e-01
1.982044606500429074e-01
5.209550039512513692e-02
5.121707383000109574e-03
5.764713400725236886e-17
5.764713400725236886e-17
0.000000000000000000e+00
0.000000000000000000e+00
0.000000000000000000e+00
5.121707383000283047e-03
2.830465798480364184e-02
5.956782031114329912e-02
8.412992000468096088e-02
8.412992000468112741e-02
5.956782031114341708e-02
2.830465798480387082e-02
5.121707383000283047e-03
5.764713400725236886e-17
0.000000000000000000e+00
0.000000000000000000e+00
0.000000000000000000e+00
0.000000000000000000e+00
5.121707383000224934e-03
5.209550039512531039e-02
1.982044606500431572e-01
4.419496055738365015e-01
7.294230113062304399e-01
9.158700799953189975e-01
9.948782926169996710e-01
1.000000000000000000e+00
1.000000000000000000e+00
9.999999999999998890e-01
1.000000000000000000e+00
9.999999999999997780e-01
9.999999999999996669e-01
9.999999999999996669e-01
9.999999999999994449e-01
1.000000000000000000e+00
9.999999999999998890e-01
1.000000000000000000e+00
1.000000000000000000e+00
1.000000000000000000e+00
9.999999999999998890e-01
1.000000000000000000e+00
1.000000000000000000e+00
1.000000000000000000e+00
1.000000000000000000e+00
1.000000000000000000e+00
1.000000000000000000e+00
9.999999999999998890e-01
9.999999999999996669e-01
1.000000000000000000e+00
9.999999999999996669e-01
9.999999999999997780e-01
9.999999999999998890e-01
9.999999999999998890e-01
1.000000000000000000e+00
9.102749183011441536e-01
6.727135162380140088e-01
6.372826527964801091e-01
7.620746971497938116e-01
6.481236297751089559e-01
3.518763702248907665e-01
1.369007650197029691e-01
2.830465798480369735e-02
5.764713400725236886e-17
5.764713400725236886e-17
0.000000000000000000e+00
5.121707383000109574e-03
2.830465798480364184e-02
8.412992000468112741e-02
1.631321938960276219e-01
2.402661729374784838e-01
2.986533406236862587e-01
2.986533406236862587e-01
2.402661729374785393e-01
1.631321938960276774e-01
8.412992000468107190e-02
2.830465798480375633e-02
5.121707383000109574e-03
0.000000000000000000e+00
0.000000000000000000e+00
0.000000000000000000e+00
2.830465798480381531e-02
1.369007650197030801e-01
3.518763702248908221e-01
6.481236297751087339e-01
8.630992349802966146e-01
9.716953420151960286e-01
9.999999999999998890e-01
1.000000000000000000e+00
9.999999999999998890e-01
1.000000000000000000e+00
1.000000000000000000e+00
9.999999999999998890e-01
1.000000000000000000e+00
9.999999999999997780e-01
1.000000000000000000e+00
1.000000000000000000e+00
9.999999999999998890e-01
1.000000000000000000e+00
9.999999999999996669e-01
9.999999999999998890e-01
1.000000000000000000e+00
1.000000000000000000e+00
1.000000000000000000e+00
9.999999999999996669e-01
9.999999999999997780e-01
1.000000000000000000e+00
1.000000000000000000e+00
9.999999999999998890e-01
1.000000000000000000e+00
1.000000000000000000e+00
1.000000000000000000e+00
9.999999999999998890e-01
9.999999999999998890e-01
1.000000000000000000e+00
9.999999999999998890e-01
9.102749183011441536e-01
6.727135162380140088e-01
6.662437271140333461e-01
8.533644997515413833e-01
7.956988038210625058e-01
5.285085857540635645e-01
2.340451657214838721e-01
5.956782031114324361e-02
5.764713400725236886e-17
5.764713400725236886e-17
0.000000000000000000e+00
2.830465798480375633e-02
1.033494282277226811e-01
2.426098620245959181e-01
4.059057349532479431e-01
5.580503944261632210e-01
6.348269590463070378e-01
6.348269590463070378e-01
5.580503944261633320e-01
4.059057349532482206e-01
2.426098620245957238e-01
1.033494282277229726e-01
2.830465798480375633e-02
0.000000000000000000e+00
0.000000000000000000e+00
0.000000000000000000e+00
5.956782031114335463e-02
2.340451657214839831e-01
5.285085857540640086e-01
7.956988038210625058e-01
9.479044996048745508e-01
9.948782926169994489e-01
1.000000000000000000e+00
9.999999999999998890e-01
9.999999999999998890e-01
1.000000000000000000e+00
1.000000000000000000e+00
9.999999999999997780e-01
1.000000000000000000e+00
9.999999999999996669e-01
9.999999999999997780e-01
1.000000000000000000e+00
1.000000000000000000e+00
1.000000000000000000e+00
9.999999999999998890e-01
1.000000000000000000e+00
9.999999999999998890e-01
1.000000000000000000e+00
9.999999999999997780e-01
9.999999999999996669e-01
9.999999999999996669e-01
1.000000000000000000e+00
1.000000000000000000e+00
9.999999999999998890e-01
9.999999999999996669e-01
1.000000000000000000e+00
1.000000000000000000e+00
9.999999999999998890e-01
1.000000000000000000e+00
1.000000000000000000e+00
1.000000000000000000e+00
9.102749183011441536e-01
6.727135162380143418e-01
6.727135162380140088e-01
9.046513884065907618e-01
8.907410289383473900e-01
6.638082425234836936e-01
3.361917574765159733e-01
1.092589710616523879e-01
5.121707383000109574e-03
5.764713400725236886e-17
5.121707382999994215e-03
8.412992000468107190e-02
2.426098620245955573e-01
4.900300397141771347e-01
6.946961518669297897e-01
8.309080916400064520e-01
8.850215077301003541e-01
8.850215077301003541e-01
8.309080916400064520e-01
6.946961518669299007e-01
4.900300397141769126e-01
2.426098620245958348e-01
8.412992000468101639e-02
5.121707382999994215e-03
0.000000000000000000e+00
5.121707382999994215e-03
1.092589710616523879e-01
3.361917574765160843e-01
6.638082425234836936e-01
8.907410289383475011e-01
9.948782926169994489e-01
9.999999999999997780e-01
9.999999999999997780e-01
1.000000000000000000e+00
9.999999999999997780e-01
1.000000000000000000e+00
1.000000000000000000e+00
1.000000000000000000e+00
9.999999999999997780e-01
9.999999999999996669e-01
9.999999999999996669e-01
9.999999999999998890e-01
9.999999999999998890e-01
1.000000000000000000e+00
9.999999999999998890e-01
1.000000000000000000e+00
1.000000000000000000e+00
9.999999999999996669e-01
1.000000000000000000e+00
9.999999999999997780e-01
9.999999999999996669e-01
1.000000000000000000e+00
1.000000000000000000e+00
9.999999999999996669e-01
9.999999999999996669e-01
1.000000000000000000e+00
9.999999999999998890e-01
1.000000000000000000e+00
9.999999999999997780e-01
9.999999999999998890e-01
9.999999999999996669e-01
9.102749183011441536e-01
6.727135162380143418e-01
6.727135162380140088e-01
9.102749183011440426e-01
9.404321796888567286e-01
7.597338270625212386e-01
4.419496055738362794e-01
1.690919083599933537e-01
2.830465798480375633e-02
5.764713400725236886e-17
2.830465798480369735e-02
1.631321938960276774e-01
4.059057349532480541e-01
6.946961518669300117e-01
8.828644596901525921e-01
9.716953420151959175e-01
9.948782926169996710e-01
9.948782926169996710e-01
9.716953420151958065e-01
8.828644596901528141e-01
6.946961518669297897e-01
4.059057349532481651e-01
1.631321938960276774e-01
2.830465798480364184e-02
0.000000000000000000e+00
2.830465798480369735e-02
1.690919083599933537e-01
4.419496055738363904e-01
7.597338270625214607e-01
9.404321796888567286e-01
9.999999999999996669e-01
1.000000000000000000e+00
9.999999999999997780e-01
9.999999999999998890e-01
9.999999999999997780e-01
1.000000000000000000e+00
1.000000000000000000e+00
9.999999999999996669e-01
9.999999999999998890e-01
9.999999999999996669e-01
9.999999999999998890e-01
9.999999999999998890e-01
9.999999999999998890e-01
1.000000000000000000e+00
9.999999999999997780e-01
1.000000000000000000e+00
9.999999999999996669e-01
1.000000000000000000e+00
9.999999999999996669e-01
9.999999999999996669e-01
9.999999999999997780e-01
9.999999999999998890e-01
1.000000000000000000e+00
9.999999999999996669e-01
9.999999999999998890e-01
1.000000000000000000e+00
9.999999999999998890e-01
9.999999999999996669e-01
9.999999999999997780e-01
1.000000000000000000e+00
9.999999999999997780e-01
9.102749183011440426e-01
6.727135162380140088e-01
6.727135162380143418e-01
9.102749183011440426e-01
9.716953420151962506e-01
8.309080916400064520e-01
5.580503944261635541e-01
2.402661729374785948e-01
5.956782031114335463e-02
5.764713400725236886e-17
5.413138762201305521e-02
2.127260361793689158e-01
5.193680780008038678e-01
8.040814983088033774e-01
9.664045236200434763e-01
9.999999999999997780e-01
1.000000000000000000e+00
1.000000000000000000e+00
9.999999999999997780e-01
9.664045236200434763e-01
8.040814983088031553e-01
5.193680780008040898e-01
2.127260361793687771e-01
5.413138762201282622e-02
0.000000000000000000e+00
5.956782031114312564e-02
2.402661729374785948e-01
5.580503944261635541e-01
8.309080916400064520e-01
9.716953420151962506e-01
1.000000000000000000e+00
1.000000000000000000e+00
9.999999999999998890e-01
1.000000000000000000e+00
9.999999999999998890e-01
1.000000000000000000e+00
1.000000000000000000e+00
9.999999999999998890e-01
1.000000000000000000e+00
1.000000000000000000e+00
9.999999999999997780e-01
1.000000000000000000e+00
9.999999999999998890e-01
1.000000000000000000e+00
1.000000000000000000e+00
1.000000000000000000e+00
9.999999999999998890e-01
1.000000000000000000e+00
1.000000000000000000e+00
9.999999999999997780e-01
9.999999999999998890e-01
1.000000000000000000e+00
9.999999999999997780e-01
9.999999999999997780e-01
1.000000000000000000e+00
1.000000000000000000e+00
1.000000000000000000e+00
1.000000000000000000e+00
1.000000000000000000e+00
1.000000000000000000e+00
9.999999999999997780e-01
9.102749183011441536e-01
6.727135162380143418e-01
6.727135162380140088e-01
9.102749183011440426e-01
9.897252462845296250e-01
8.592288895339288413e-01
5.965717894288504741e-01
2.703347984734961185e-01
7.856336734419698542e-02
5.764713400725236886e-17
5.413138762201305521e-02
2.127260361793689158e-01
5.193680780008037567e-01
8.040814983088033774e-01
9.664045236200431432e-01
1.000000000000000000e+00
9.999999999999998890e-01
1.000000000000000000e+00
9.999999999999997780e-01
9.664045236200434763e-01
8.040814983088029333e-01
5.193680780008037567e-01
2.127260361793687771e-01
5.413138762201282622e-02
0.000000000000000000e+00
7.856336734419687440e-02
2.703347984734961740e-01
5.965717894288504741e-01
8.592288895339290633e-01
9.897252462845294030e-01
9.999999999999997780e-01
1.000000000000000000e+00
9.999999999999997780e-01
1.000000000000000000e+00
1.000000000000000000e+00
1.000000000000000000e+00
1.000000000000000000e+00
1.000000000000000000e+00
9.999999999999997780e-01
1.000000000000000000e+00
9.999999999999997780e-01
1.000000000000000000e+00
1.000000000000000000e+00
1.000000000000000000e+00
9.999999999999997780e-01
1.000000000000000000e+00
1.000000000000000000e+00
1.000000000000000000e+00
1.000000000000000000e+00
9.999999999999997780e-01
1.000000000000000000e+00
1.000000000000000000e+00
1.000000000000000000e+00
1.000000000000000000e+00
1.000000000000000000e+00
1.000000000000000000e+00
9.999999999999997780e-01
1.000000000000000000e+00
1.000000000000000000e+00
1.000000000000000000e+00
1.000000000000000000e+00
9.102749183011441536e-01
6.727135162380143418e-01
6.727135162380140088e-01
9.102749183011440426e-01
9.716953420151960286e-01
8.309080916400064520e-01
5.580503944261634430e-01
2.402661729374785393e-01
5.956782031114335463e-02
5.764713400725236886e-17
2.830465798480375633e-02
1.631321938960277884e-01
4.125017454787188731e-01
7.230917109218192307e-01
9.158700799953188865e-01
9.948782926169995600e-01
9.999999999999997780e-01
9.999999999999997780e-01
9.948782926169996710e-01
9.158700799953189975e-01
7.230917109218192307e-01
4.125017454787189286e-01
1.631321938960276774e-01
2.830465798480364184e-02
5.764713400725236886e-17
5.956782031114312564e-02
2.402661729374787336e-01
5.580503944261635541e-01
8.309080916400064520e-01
9.716953420151960286e-01
9.999999999999997780e-01
1.000000000000000000e+00
9.999999999999997780e-01
1.000000000000000000e+00
1.000000000000000000e+00
1.000000000000000000e+00
1.000000000000000000e+00
9.999999999999997780e-01
1.000000000000000000e+00
1.000000000000000000e+00
1.000000000000000000e+00
1.000000000000000000e+00
9.999999999999998890e-01
1.000000000000000000e+00
9.999999999999998890e-01
1.000000000000000000e+00
1.000000000000000000e+00
9.999999999999997780e-01
1.000000000000000000e+00
9.999999999999997780e-01
1.000000000000000000e+00
1.000000000000000000e+00
9.999999999999998890e-01
9.999999999999997780e-01
1.000000000000000000e+00
1.000000000000000000e+00
9.999999999999998890e-01
9.999999999999997780e-01
1.000000000000000000e+00
1.000000000000000000e+00
1.000000000000000000e+00
9.102749183011440426e-01
6.727135162380140088e-01
6.727135162380143418e-01
9.102749183011440426e-01
9.404321796888567286e-01
7.597338270625212386e-01
4.419496055738364459e-01
1.690919083599933537e-01
2.830465798480381531e-02
5.764713400725236886e-17
5.121707383000109574e-03
8.412992000468112741e-02
2.769082890781806028e-01
5.874982545212810159e-01
8.368678061039722671e-01
9.716953420151960286e-01
9.999999999999997780e-01
1.000000000000000000e+00
9.716953420151961396e-01
8.368678061039721561e-01
5.874982545212809049e-01
2.769082890781807138e-01
8.412992000468107190e-02
5.121707382999994215e-03
5.764713400725236886e-17
2.830465798480369735e-02
1.690919083599934647e-01
4.419496055738363904e-01
7.597338270625214607e-01
9.404321796888565066e-01
9.999999999999997780e-01
1.000000000000000000e+00
9.999999999999997780e-01
1.000000000000000000e+00
9.999999999999998890e-01
9.999999999999997780e-01
1.000000000000000000e+00
9.999999999999996669e-01
9.999999999999997780e-01
9.999999999999997780e-01
9.999999999999998890e-01
1.000000000000000000e+00
1.000000000000000000e+00
1.000000000000000000e+00
1.000000000000000000e+00
1.000000000000000000e+00
9.999999999999997780e-01
1.000000000000000000e+00
1.000000000000000000e+00
9.999999999999997780e-01
1.000000000000000000e+00
1.000000000000000000e+00
1.000000000000000000e+00
9.999999999999996669e-01
1.000000000000000000e+00
1.000000000000000000e+00
9.999999999999997780e-01
9.999999999999996669e-01
9.999999999999997780e-01
9.999999999999997780e-01
9.999999999999997780e-01
9.102749183011441536e-01
6.727135162380143418e-01
6.727135162380140088e-01
9.102749183011441536e-01
9.158700799953188865e-01
7.013466593763136858e-01
3.651730409536925182e-01
1.149784922698994516e-01
5.121707383000109574e-03
5.764713400725236886e-17
0.000000000000000000e+00
2.830465798480381531e-02
1.690919083599933537e-01
4.419496055738366125e-01
7.597338270625212386e-01
9.404321796888565066e-01
9.999999999999997780e-01
9.999999999999997780e-01
9.404321796888567286e-01
7.597338270625214607e-01
4.419496055738364459e-01
1.690919083599934092e-01
2.830465798480387082e-02
0.000000000000000000e+00
5.764713400725236886e-17
5.121707383000109574e-03
1.149784922698996736e-01
3.651730409536925182e-01
7.013466593763136858e-01
9.158700799953187754e-01
9.999999999999997780e-01
9.999999999999998890e-01
9.999999999999997780e-01
1.000000000000000000e+00
1.000000000000000000e+00
1.000000000000000000e+00
1.000000000000000000e+00
9.999999999999998890e-01
1.000000000000000000e+00
9.999999999999997780e-01
1.000000000000000000e+00
1.000000000000000000e+00
9.999999999999996669e-01
1.000000000000000000e+00
1.000000000000000000e+00
1.000000000000000000e+00
1.000000000000000000e+00
9.999999999999997780e-01
1.000000000000000000e+00
9.999999999999997780e-01
1.000000000000000000e+00
1.000000000000000000e+00
1.000000000000000000e+00
9.999999999999998890e-01
1.000000000000000000e+00
1.000000000000000000e+00
1.000000000000000000e+00
9.999999999999997780e-01
1.000000000000000000e+00
9.999999999999997780e-01
1.000000000000000000e+00
9.102749183011441536e-01
6.727135162380140088e-01
6.727135162380140088e-01
9.102749183011441536e-01
9.102749183011441536e-01
6.727135162380140088e-01
3.272864837619854916e-01
8.972508169885569373e-02
5.764713400725236886e-17
5.764713400725236886e-17
0.000000000000000000e+00
5.121707383000283047e-03
1.092589710616523879e-01
3.361917574765161953e-01
6.638082425234836936e-01
8.907410289383476121e-01
9.948782926169998930e-01
9.948782926169998930e-01
8.907410289383476121e-01
6.638082425234836936e-01
3.361917574765161953e-01
1.092589710616523879e-01
5.121707383000283047e-03
5.764713400725236886e-17
5.764713400725236886e-17
0.000000000000000000e+00
8.972508169885586027e-02
3.272864837619854916e-01
6.727135162380143418e-01
9.102749183011440426e-01
9.999999999999997780e-01
9.999999999999997780e-01
9.999999999999998890e-01
1.000000000000000000e+00
9.999999999999998890e-01
1.000000000000000000e+00
1.000000000000000000e+00
1.000000000000000000e+00
9.999999999999998890e-01
1.000000000000000000e+00
9.999999999999998890e-01
1.000000000000000000e+00
1.000000000000000000e+00
1.000000000000000000e+00
9.999999999999997780e-01
1.000000000000000000e+00
1.000000000000000000e+00
1.000000000000000000e+00
1.000000000000000000e+00
9.999999999999997780e-01
1.000000000000000000e+00
9.999999999999998890e-01
1.000000000000000000e+00
1.000000000000000000e+00
1.000000000000000000e+00
1.000000000000000000e+00
9.999999999999998890e-01
1.000000000000000000e+00
9.999999999999997780e-01
1.000000000000000000e+00
9.999999999999998890e-01
9.102749183011440426e-01
6.727135162380143418e-01
6.727135162380143418e-01
9.102749183011440426e-01
9.102749183011441536e-01
6.727135162380143418e-01
3.272864837619856027e-01
8.972508169885569373e-02
5.764713400725236886e-17
5.764713400725236886e-17
0.000000000000000000e+00
1.729414020217571189e-16
6.503384798828831803e-02
2.682016212237602337e-01
5.965717894288504741e-01
8.572519741796509329e-01
9.769554865600031945e-01
9.769554865600031945e-01
8.572519741796512660e-01
5.965717894288508072e-01
2.682016212237602337e-01
6.503384798828831803e-02
5.764713400725236886e-17
5.764713400725236886e-17
5.764713400725236886e-17
0.000000000000000000e+00
8.972508169885591578e-02
3.272864837619856027e-01
6.727135162380144529e-01
9.102749183011441536e-01
9.999999999999996669e-01
9.999999999999997780e-01
9.999999999999997780e-01
1.000000000000000000e+00
9.999999999999998890e-01
1.000000000000000000e+00
1.000000000000000000e+00
9.999999999999998890e-01
9.999999999999998890e-01
9.999999999999998890e-01
9.999999999999998890e-01
1.000000000000000000e+00
1.000000000000000000e+00
1.000000000000000000e+00
1.000000000000000000e+00
1.000000000000000000e+00
1.000000000000000000e+00
1.000000000000000000e+00
1.000000000000000000e+00
1.000000000000000000e+00
1.000000000000000000e+00
9.999999999999998890e-01
1.000000000000000000e+00
1.000000000000000000e+00
1.000000000000000000e+00
1.000000000000000000e+00
9.999999999999997780e-01
9.999999999999997780e-01
1.000000000000000000e+00
9.999999999999997780e-01
9.999999999999998890e-01
9.102749183011441536e-01
6.727135162380143418e-01
6.727135162380140088e-01
9.102749183011441536e-01
9.102749183011441536e-01
6.727135162380143418e-01
3.272864837619854916e-01
8.972508169885569373e-02
5.764713400725236886e-17
5.764713400725236886e-17
0.000000000000000000e+00
1.729414020217571189e-16
5.752075553781524353e-02
2.530078309029832884e-01
5.580503944261633320e-01
8.430296908038136250e-01
9.697100860616342244e-01
9.697100860616340023e-01
8.430296908038132919e-01
5.580503944261636651e-01
2.530078309029832884e-01
5.752075553781541006e-02
1.729414020217571189e-16
5.764713400725236886e-17
5.764713400725236886e-17
0.000000000000000000e+00
8.972508169885586027e-02
3.272864837619854916e-01
6.727135162380143418e-01
9.102749183011441536e-01
9.999999999999996669e-01
9.999999999999996669e-01
9.999999999999997780e-01
1.000000000000000000e+00
1.000000000000000000e+00
1.000000000000000000e+00
1.000000000000000000e+00
1.000000000000000000e+00
9.999999999999997780e-01
9.999999999999998890e-01
1.000000000000000000e+00
1.000000000000000000e+00
1.000000000000000000e+00
1.000000000000000000e+00
1.000000000000000000e+00
1.000000000000000000e+00
1.000000000000000000e+00
1.000000000000000000e+00
1.000000000000000000e+00
9.999999999999998890e-01
9.999999999999998890e-01
1.000000000000000000e+00
1.000000000000000000e+00
1.000000000000000000e+00
1.000000000000000000e+00
1.000000000000000000e+00
9.999999999999997780e-01
9.999999999999997780e-01
9.999999999999998890e-01
9.999999999999997780e-01
1.000000000000000000e+00
9.102749183011441536e-01
6.727135162380143418e-01
6.727135162380142308e-01
9.102749183011441536e-01
9.102749183011441536e-01
6.727135162380144529e-01
3.272864837619854916e-01
8.972508169885569373e-02
5.764713400725236886e-17
5.764713400725236886e-17
0.000000000000000000e+00
1.729414020217571189e-16
6.503384798828831803e-02
2.682016212237604558e-01
5.965717894288505851e-01
8.572519741796509329e-01
9.769554865600031945e-01
9.769554865600031945e-01
8.572519741796510440e-01
5.965717894288506962e-01
2.682016212237602892e-01
6.503384798828831803e-02
1.729414020217571189e-16
5.764713400725236886e-17
5.764713400725236886e-17
0.000000000000000000e+00
8.972508169885591578e-02
3.272864837619854916e-01
6.727135162380145639e-01
9.102749183011441536e-01
9.999999999999996669e-01
9.999999999999998890e-01
1.000000000000000000e+00
1.000000000000000000e+00
1.000000000000000000e+00
1.000000000000000000e+00
1.000000000000000000e+00
1.000000000000000000e+00
1.000000000000000000e+00
9.999999999999997780e-01
1.000000000000000000e+00
1.000000000000000000e+00
1.000000000000000000e+00
1.000000000000000000e+00
1.000000000000000000e+00
1.000000000000000000e+00
1.000000000000000000e+00
1.000000000000000000e+00
1.000000000000000000e+00
9.999999999999998890e-01
9.999999999999998890e-01
1.000000000000000000e+00
1.000000000000000000e+00
9.999999999999998890e-01
9.999999999999998890e-01
1.000000000000000000e+00
1.000000000000000000e+00
9.999999999999997780e-01
1.000000000000000000e+00
9.999999999999998890e-01
9.999999999999998890e-01
9.102749183011440426e-01
6.727135162380140088e-01
6.727135162380143418e-01
9.102749183011441536e-01
9.102749183011443757e-01
6.727135162380143418e-01
3.272864837619854916e-01
8.972508169885569373e-02
5.764713400725236886e-17
5.764713400725236886e-17
5.764713400725236886e-17
5.121707383000283047e-03
1.092589710616523879e-01
3.361917574765161953e-01
6.638082425234836936e-01
8.907410289383476121e-01
9.948782926169996710e-01
9.948782926169996710e-01
8.907410289383475011e-01
6.638082425234839157e-01
3.361917574765160843e-01
1.092589710616524573e-01
5.121707383000224934e-03
5.764713400725236886e-17
5.764713400725236886e-17
0.000000000000000000e+00
8.972508169885591578e-02
3.272864837619854916e-01
6.727135162380142308e-01
9.102749183011441536e-01
9.999999999999997780e-01
9.999999999999997780e-01
9.999999999999997780e-01
1.000000000000000000e+00
9.999999999999998890e-01
9.999999999999997780e-01
1.000000000000000000e+00
9.999999999999998890e-01
1.000000000000000000e+00
9.999999999999997780e-01
1.000000000000000000e+00
1.000000000000000000e+00
1.000000000000000000e+00
1.000000000000000000e+00
1.000000000000000000e+00
1.000000000000000000e+00
1.000000000000000000e+00
1.000000000000000000e+00
1.000000000000000000e+00
1.000000000000000000e+00
1.000000000000000000e+00
1.000000000000000000e+00
1.000000000000000000e+00
1.000000000000000000e+00
1.000000000000000000e+00
9.999999999999998890e-01
9.999999999999998890e-01
9.999999999999997780e-01
9.999999999999996669e-01
9.999999999999997780e-01
9.999999999999997780e-01
9.102749183011441536e-01
6.727135162380142308e-01
6.727135162380143418e-01
9.102749183011439316e-01
9.158700799953189975e-01
7.013466593763136858e-01
3.651730409536924626e-01
1.149784922698995626e-01
5.121707383000224934e-03
5.764713400725236886e-17
0.000000000000000000e+00
2.830465798480387082e-02
1.690919083599933537e-01
4.419496055738365015e-01
7.597338270625212386e-01
9.404321796888565066e-01
1.000000000000000000e+00
1.000000000000000000e+00
9.404321796888565066e-01
7.597338270625212386e-01
4.419496055738365015e-01
1.690919083599934092e-01
2.830465798480381531e-02
0.000000000000000000e+00
5.764713400725236886e-17
5.121707383000109574e-03
1.149784922698996736e-01
3.651730409536924626e-01
7.013466593763136858e-01
9.158700799953189975e-01
9.999999999999997780e-01
9.999999999999997780e-01
1.000000000000000000e+00
1.000000000000000000e+00
9.999999999999998890e-01
9.999999999999998890e-01
1.000000000000000000e+00
9.999999999999997780e-01
9.999999999999997780e-01
9.999999999999997780e-01
1.000000000000000000e+00
1.000000000000000000e+00
9.999999999999996669e-01
1.000000000000000000e+00
9.999999999999997780e-01
9.999999999999998890e-01
9.999999999999998890e-01
1.000000000000000000e+00
1.000000000000000000e+00
9.999999999999996669e-01
9.999999999999996669e-01
9.999999999999997780e-01
1.000000000000000000e+00
9.999999999999998890e-01
1.000000000000000000e+00
1.000000000000000000e+00
9.999999999999996669e-01
9.999999999999996669e-01
9.999999999999997780e-01
9.999999999999997780e-01
9.999999999999997780e-01
9.102749183011443757e-01
6.727135162380140088e-01
6.727135162380143418e-01
9.102749183011440426e-01
9.404321796888567286e-01
7.597338270625212386e-01
4.419496055738363349e-01
1.690919083599933537e-01
2.830465798480381531e-02
5.764713400725236886e-17
5.121707383000109574e-03
8.412992000468112741e-02
2.769082890781806028e-01
5.874982545212810159e-01
8.368678061039722671e-01
9.716953420151960286e-01
9.999999999999998890e-01
9.999999999999998890e-01
9.716953420151959175e-01
8.368678061039718230e-01
5.874982545212810159e-01
2.769082890781807138e-01
8.412992000468101639e-02
5.121707382999994215e-03
0.000000000000000000e+00
2.830465798480369735e-02
1.690919083599934092e-01
4.419496055738362794e-01
7.597338270625212386e-01
9.404321796888565066e-01
9.999999999999997780e-01
1.000000000000000000e+00
1.000000000000000000e+00
1.000000000000000000e+00
1.000000000000000000e+00
9.999999999999998890e-01
1.000000000000000000e+00
9.999999999999996669e-01
1.000000000000000000e+00
9.999999999999996669e-01
9.999999999999998890e-01
1.000000000000000000e+00
1.000000000000000000e+00
1.000000000000000000e+00
1.000000000000000000e+00
1.000000000000000000e+00
9.999999999999998890e-01
9.999999999999998890e-01
9.999999999999997780e-01
9.999999999999997780e-01
1.000000000000000000e+00
9.999999999999998890e-01
1.000000000000000000e+00
1.000000000000000000e+00
9.999999999999998890e-01
1.000000000000000000e+00
9.999999999999998890e-01
9.999999999999996669e-01
9.999999999999997780e-01
9.999999999999997780e-01
1.000000000000000000e+00
9.102749183011440426e-01
6.727135162380142308e-01
6.727135162380144529e-01
9.102749183011441536e-01
9.716953420151962506e-01
8.309080916400064520e-01
5.580503944261635541e-01
2.402661729374785948e-01
5.956782031114335463e-02
5.764713400725236886e-17
2.830465798480369735e-02
1.631321938960277884e-01
4.125017454787188176e-01
7.230917109218193417e-01
9.158700799953188865e-01
9.948782926169996710e-01
1.000000000000000000e+00
1.000000000000000000e+00
9.948782926169995600e-01
9.158700799953188865e-01
7.230917109218192307e-01
4.125017454787189286e-01
1.631321938960276774e-01
2.830465798480364184e-02
0.000000000000000000e+00
5.956782031114324361e-02
2.402661729374787336e-01
5.580503944261633320e-01
8.309080916400066741e-01
9.716953420151960286e-01
9.999999999999997780e-01
1.000000000000000000e+00
9.999999999999998890e-01
1.000000000000000000e+00
1.000000000000000000e+00
1.000000000000000000e+00
9.999999999999998890e-01
1.000000000000000000e+00
9.999999999999998890e-01
9.999999999999997780e-01
1.000000000000000000e+00
1.000000000000000000e+00
1.000000000000000000e+00
1.000000000000000000e+00
1.000000000000000000e+00
1.000000000000000000e+00
9.999999999999997780e-01
1.000000000000000000e+00
1.000000000000000000e+00
1.000000000000000000e+00
1.000000000000000000e+00
1.000000000000000000e+00
1.000000000000000000e+00
9.999999999999998890e-01
1.000000000000000000e+00
1.000000000000000000e+00
9.999999999999998890e-01
9.999999999999998890e-01
9.999999999999996669e-01
9.999999999999998890e-01
9.999999999999997780e-01
9.102749183011441536e-01
6.727135162380140088e-01
6.727135162380142308e-01
9.102749183011441536e-01
9.897252462845294030e-01
8.592288895339288413e-01
5.965717894288504741e-01
2.703347984734961185e-01
7.856336734419698542e-02
5.764713400725236886e-17
5.413138762201305521e-02
2.127260361793689158e-01
5.193680780008037567e-01
8.040814983088033774e-01
9.664045236200431432e-01
9.999999999999997780e-01
9.999999999999997780e-01
9.999999999999997780e-01
1.000000000000000000e+00
9.664045236200434763e-01
8.040814983088031553e-01
5.193680780008038678e-01
2.127260361793687771e-01
5.413138762201282622e-02
0.000000000000000000e+00
7.856336734419692991e-02
2.703347984734961740e-01
5.965717894288504741e-01
8.592288895339288413e-01
9.897252462845294030e-01
9.999999999999997780e-01
9.999999999999998890e-01
9.999999999999997780e-01
1.000000000000000000e+00
1.000000000000000000e+00
1.000000000000000000e+00
1.000000000000000000e+00
9.999999999999998890e-01
1.000000000000000000e+00
1.000000000000000000e+00
9.999999999999996669e-01
9.999999999999998890e-01
1.000000000000000000e+00
1.000000000000000000e+00
1.000000000000000000e+00
1.000000000000000000e+00
9.999999999999996669e-01
9.999999999999997780e-01
1.000000000000000000e+00
9.999999999999997780e-01
1.000000000000000000e+00
9.999999999999998890e-01
1.000000000000000000e+00
9.999999999999998890e-01
9.999999999999997780e-01
1.000000000000000000e+00
1.000000000000000000e+00
1.000000000000000000e+00
9.999999999999998890e-01
9.999999999999998890e-01
9.999999999999997780e-01
9.102749183011441536e-01
6.727135162380143418e-01
6.727135162380144529e-01
9.102749183011440426e-01
9.716953420151965837e-01
8.309080916400064520e-01
5.580503944261634430e-01
2.402661729374785948e-01
5.956782031114335463e-02
5.764713400725236886e-17
5.413138762201305521e-02
2.127260361793689158e-01
5.193680780008037567e-01
8.040814983088029333e-01
9.664045236200434763e-01
9.999999999999997780e-01
1.000000000000000000e+00
1.000000000000000000e+00
9.999999999999998890e-01
9.664045236200434763e-01
8.040814983088029333e-01
5.193680780008038678e-01
2.127260361793687771e-01
5.413138762201282622e-02
0.000000000000000000e+00
5.956782031114324361e-02
2.402661729374786503e-01
5.580503944261633320e-01
8.309080916400066741e-01
9.716953420151963616e-01
9.999999999999996669e-01
1.000000000000000000e+00
1.000000000000000000e+00
1.000000000000000000e+00
1.000000000000000000e+00
1.000000000000000000e+00
1.000000000000000000e+00
9.999999999999998890e-01
9.999999999999998890e-01
1.000000000000000000e+00
1.000000000000000000e+00
1.000000000000000000e+00
1.000000000000000000e+00
1.000000000000000000e+00
9.999999999999998890e-01
1.000000000000000000e+00
9.999999999999997780e-01
1.000000000000000000e+00
9.999999999999997780e-01
9.999999999999997780e-01
9.999999999999997780e-01
1.000000000000000000e+00
1.000000000000000000e+00
9.999999999999997780e-01
1.000000000000000000e+00
1.000000000000000000e+00
1.000000000000000000e+00
1.000000000000000000e+00
1.000000000000000000e+00
1.000000000000000000e+00
1.000000000000000000e+00
9.102749183011441536e-01
6.727135162380142308e-01
6.727135162380143418e-01
9.102749183011440426e-01
9.404321796888569507e-01
7.597338270625212386e-01
4.419496055738363904e-01
1.690919083599933537e-01
2.830465798480375633e-02
5.764713400725236886e-17
2.830465798480369735e-02
1.631321938960277884e-01
4.059057349532480541e-01
6.946961518669299007e-01
8.828644596901525921e-01
9.716953420151960286e-01
9.948782926169996710e-01
9.948782926169996710e-01
9.716953420151961396e-01
8.828644596901528141e-01
6.946961518669299007e-01
4.059057349532482761e-01
1.631321938960276774e-01
2.830465798480364184e-02
5.764713400725236886e-17
2.830465798480369735e-02
1.690919083599934092e-01
4.419496055738362794e-01
7.597338270625212386e-01
9.404321796888569507e-01
9.999999999999997780e-01
1.000000000000000000e+00
9.999999999999997780e-01
1.000000000000000000e+00
1.000000000000000000e+00
1.000000000000000000e+00
1.000000000000000000e+00
1.000000000000000000e+00
1.000000000000000000e+00
9.999999999999998890e-01
1.000000000000000000e+00
1.000000000000000000e+00
1.000000000000000000e+00
1.000000000000000000e+00
1.000000000000000000e+00
1.000000000000000000e+00
1.000000000000000000e+00
1.000000000000000000e+00
1.000000000000000000e+00
1.000000000000000000e+00
1.000000000000000000e+00
1.000000000000000000e+00
1.000000000000000000e+00
1.000000000000000000e+00
1.000000000000000000e+00
1.000000000000000000e+00
1.000000000000000000e+00
1.000000000000000000e+00
9.999999999999998890e-01
9.999999999999998890e-01
9.999999999999997780e-01
9.102749183011441536e-01
6.727135162380143418e-01
6.727135162380143418e-01
9.046513884065908728e-01
8.907410289383476121e-01
6.638082425234839157e-01
3.361917574765160843e-01
1.092589710616523879e-01
5.121707383000109574e-03
5.764713400725236886e-17
5.121707383000109574e-03
8.412992000468112741e-02
2.426098620245956128e-01
4.900300397141771347e-01
6.946961518669297897e-01
8.309080916400063410e-01
8.850215077301003541e-01
8.850215077301002431e-01
8.309080916400064520e-01
6.946961518669297897e-01
4.900300397141770792e-01
2.426098620245957238e-01
8.412992000468107190e-02
5.121707382999994215e-03
5.764713400725236886e-17
5.121707383000109574e-03
1.092589710616523879e-01
3.361917574765160843e-01
6.638082425234836936e-01
8.907410289383473900e-01
9.948782926169996710e-01
9.999999999999997780e-01
1.000000000000000000e+00
1.000000000000000000e+00
1.000000000000000000e+00
9.999999999999998890e-01
1.000000000000000000e+00
1.000000000000000000e+00
1.000000000000000000e+00
1.000000000000000000e+00
9.999999999999997780e-01
1.000000000000000000e+00
1.000000000000000000e+00
1.000000000000000000e+00
9.999999999999998890e-01
1.000000000000000000e+00
1.000000000000000000e+00
1.000000000000000000e+00
1.000000000000000000e+00
9.999999999999996669e-01
9.999999999999998890e-01
1.000000000000000000e+00
1.000000000000000000e+00
1.000000000000000000e+00
9.999999999999997780e-01
1.000000000000000000e+00
1.000000000000000000e+00
1.000000000000000000e+00
1.000000000000000000e+00
9.999999999999997780e-01
1.000000000000000000e+00
9.102749183011441536e-01
6.727135162380140088e-01
6.662437271140333461e-01
8.533644997515416053e-01
7.956988038210625058e-01
5.285085857540638976e-01
2.340451657214839831e-01
5.956782031114335463e-02
5.764713400725236886e-17
5.764713400725236886e-17
0.000000000000000000e+00
2.830465798480387082e-02
1.033494282277228060e-01
2.426098620245959181e-01
4.059057349532482206e-01
5.580503944261633320e-01
6.348269590463072598e-01
6.348269590463073708e-01
5.580503944261633320e-01
4.059057349532482206e-01
2.426098620245957238e-01
1.033494282277229170e-01
2.830465798480381531e-02
0.000000000000000000e+00
5.764713400725236886e-17
5.764713400725236886e-17
5.956782031114335463e-02
2.340451657214838166e-01
5.285085857540640086e-01
7.956988038210625058e-01
9.479044996048745508e-01
9.948782926169996710e-01
1.000000000000000000e+00
1.000000000000000000e+00
1.000000000000000000e+00
9.999999999999997780e-01
1.000000000000000000e+00
1.000000000000000000e+00
1.000000000000000000e+00
1.000000000000000000e+00
1.000000000000000000e+00
1.000000000000000000e+00
9.999999999999998890e-01
1.000000000000000000e+00
1.000000000000000000e+00
1.000000000000000000e+00
1.000000000000000000e+00
1.000000000000000000e+00
1.000000000000000000e+00
1.000000000000000000e+00
1.000000000000000000e+00
1.000000000000000000e+00
1.000000000000000000e+00
1.000000000000000000e+00
1.000000000000000000e+00
1.000000000000000000e+00
1.000000000000000000e+00
1.000000000000000000e+00
1.000000000000000000e+00
9.999999999999997780e-01
9.999999999999998890e-01
9.102749183011441536e-01
6.727135162380140088e-01
6.372826527964802201e-01
7.620746971497940336e-01
6.481236297751089559e-01
3.518763702248908221e-01
1.369007650197029691e-01
2.830465798480381531e-02
5.764713400725236886e-17
5.764713400725236886e-17
0.000000000000000000e+00
5.121707383000224934e-03
2.830465798480369735e-02
8.412992000468112741e-02
1.631321938960276774e-01
2.402661729374785393e-01
2.986533406236862587e-01
2.986533406236860921e-01
2.402661729374785948e-01
1.631321938960276774e-01
8.412992000468101639e-02
2.830465798480381531e-02
5.121707383000109574e-03
0.000000000000000000e+00
5.764713400725236886e-17
5.764713400725236886e-17
2.830465798480387082e-02
1.369007650197029136e-01
3.518763702248909331e-01
6.481236297751089559e-01
8.630992349802967256e-01
9.716953420151962506e-01
1.000000000000000000e+00
1.000000000000000000e+00
1.000000000000000000e+00
1.000000000000000000e+00
1.000000000000000000e+00
1.000000000000000000e+00
1.000000000000000000e+00
9.999999999999996669e-01
1.000000000000000000e+00
1.000000000000000000e+00
1.000000000000000000e+00
1.000000000000000000e+00
1.000000000000000000e+00
1.000000000000000000e+00
1.000000000000000000e+00
9.999999999999997780e-01
1.000000000000000000e+00
1.000000000000000000e+00
1.000000000000000000e+00
9.999999999999997780e-01
9.999999999999998890e-01
1.000000000000000000e+00
1.000000000000000000e+00
1.000000000000000000e+00
1.000000000000000000e+00
9.999999999999998890e-01
1.000000000000000000e+00
9.999999999999998890e-01
1.000000000000000000e+00
9.102749183011441536e-01
6.727135162380143418e-01
5.696502617136776081e-01
6.214851701266859152e-01
4.419496055738363904e-01
1.982044606500430184e-01
5.209550039512519937e-02
5.121707383000109574e-03
5.764713400725236886e-17
5.764713400725236886e-17
0.000000000000000000e+00
5.764713400725236886e-17
0.000000000000000000e+00
5.121707383000109574e-03
2.830465798480369735e-02
5.956782031114312564e-02
8.412992000468107190e-02
8.412992000468107190e-02
5.956782031114312564e-02
2.830465798480375633e-02
5.121707383000224934e-03
0.000000000000000000e+00
5.764713400725236886e-17
0.000000000000000000e+00
0.000000000000000000e+00
5.764713400725236886e-17
5.121707383000224934e-03
5.209550039512513692e-02
1.982044606500429629e-01
4.419496055738365015e-01
7.294230113062303289e-01
9.158700799953188865e-01
9.948782926169995600e-01
1.000000000000000000e+00
1.000000000000000000e+00
1.000000000000000000e+00
1.000000000000000000e+00
9.999999999999997780e-01
9.999999999999998890e-01
9.999999999999997780e-01
9.999999999999998890e-01
1.000000000000000000e+00
9.999999999999997780e-01
1.000000000000000000e+00
9.999999999999997780e-01
1.000000000000000000e+00
1.000000000000000000e+00
1.000000000000000000e+00
1.000000000000000000e+00
1.000000000000000000e+00
1.000000000000000000e+00
1.000000000000000000e+00
1.000000000000000000e+00
9.999999999999997780e-01
9.999999999999996669e-01
1.000000000000000000e+00
1.000000000000000000e+00
9.999999999999997780e-01
1.000000000000000000e+00
9.999999999999997780e-01
1.000000000000000000e+00
9.102749183011441536e-01
6.727135162380143418e-01
4.400514414711912403e-01
4.469324566918856934e-01
2.705769886937695601e-01
8.412992000468101639e-02
5.121707383000109574e-03
5.764713400725236886e-17
5.764713400725236886e-17
5.764713400725236886e-17
0.000000000000000000e+00
5.764713400725236886e-17
0.000000000000000000e+00
0.000000000000000000e+00
0.000000000000000000e+00
0.000000000000000000e+00
5.764713400725236886e-17
5.764713400725236886e-17
5.764713400725236886e-17
5.764713400725236886e-17
1.729414020217571189e-16
0.000000000000000000e+00
5.764713400725236886e-17
0.000000000000000000e+00
0.000000000000000000e+00
5.764713400725236886e-17
5.764713400725236886e-17
5.121707383000109574e-03
8.412992000468112741e-02
2.705769886937694491e-01
5.580503944261632210e-01
8.017955393499569539e-01
9.479044996048747729e-01
9.948782926169996710e-01
1.000000000000000000e+00
9.999999999999997780e-01
1.000000000000000000e+00
9.999999999999998890e-01
1.000000000000000000e+00
9.999999999999998890e-01
9.999999999999998890e-01
1.000000000000000000e+00
9.999999999999997780e-01
1.000000000000000000e+00
1.000000000000000000e+00
1.000000000000000000e+00
1.000000000000000000e+00
1.000000000000000000e+00
1.000000000000000000e+00
1.000000000000000000e+00
1.000000000000000000e+00
1.000000000000000000e+00
1.000000000000000000e+00
9.999999999999997780e-01
1.000000000000000000e+00
1.000000000000000000e+00
1.000000000000000000e+00
9.999999999999998890e-01
1.000000000000000000e+00
9.999999999999998890e-01
1.000000000000000000e+00
9.102749183011441536e-01
6.727135162380143418e-01
2.816797296018953012e-01
2.449563480234795698e-01
1.369007650197029691e-01
2.830465798480369735e-02
0.000000000000000000e+00
5.764713400725236886e-17
5.764713400725236886e-17
0.000000000000000000e+00
0.000000000000000000e+00
5.764713400725236886e-17
0.000000000000000000e+00
0.000000000000000000e+00
0.000000000000000000e+00
0.000000000000000000e+00
5.764713400725236886e-17
0.000000000000000000e+00
0.000000000000000000e+00
5.764713400725236886e-17
5.764713400725236886e-17
0.000000000000000000e+00
5.764713400725236886e-17
0.000000000000000000e+00
0.000000000000000000e+00
5.764713400725236886e-17
5.764713400725236886e-17
0.000000000000000000e+00
2.830465798480381531e-02
1.369007650197029691e-01
3.453707827122358687e-01
6.124558319257900063e-01
7.956988038210625058e-01
8.850215077301004651e-01
9.102749183011441536e-01
9.102749183011441536e-01
9.102749183011443757e-01
9.102749183011441536e-01
9.102749183011440426e-01
9.102749183011441536e-01
9.102749183011440426e-01
9.102749183011441536e-01
9.102749183011441536e-01
9.102749183011447087e-01
9.102749183011443757e-01
9.102749183011443757e-01
9.102749183011441536e-01
9.102749183011443757e-01
9.102749183011441536e-01
9.102749183011441536e-01
9.102749183011443757e-01
9.102749183011443757e-01
9.102749183011441536e-01
9.102749183011441536e-01
9.102749183011440426e-01
9.102749183011443757e-01
9.102749183011440426e-01
9.102749183011441536e-01
9.102749183011443757e-01
9.102749183011441536e-01
9.102749183011441536e-01
8.186852944069041849e-01
5.990482054049686145e-01
1.192964185200749289e-01
1.054854546392298004e-01
5.209550039512513692e-02
5.121707382999994215e-03
0.000000000000000000e+00
5.764713400725236886e-17
0.000000000000000000e+00
0.000000000000000000e+00
0.000000000000000000e+00
5.764713400725236886e-17
0.000000000000000000e+00
0.000000000000000000e+00
0.000000000000000000e+00
0.000000000000000000e+00
5.764713400725236886e-17
0.000000000000000000e+00
0.000000000000000000e+00
0.000000000000000000e+00
5.764713400725236886e-17
0.000000000000000000e+00
0.000000000000000000e+00
0.000000000000000000e+00
0.000000000000000000e+00
0.000000000000000000e+00
5.764713400725236886e-17
0.000000000000000000e+00
5.121707383000109574e-03
5.209550039512513692e-02
1.713385126061382768e-01
3.453707827122359797e-01
5.285085857540638976e-01
6.348269590463073708e-01
6.727135162380143418e-01
6.727135162380143418e-01
6.727135162380144529e-01
6.727135162380142308e-01
6.727135162380142308e-01
6.727135162380142308e-01
6.727135162380143418e-01
6.727135162380144529e-01
6.727135162380142308e-01
6.727135162380143418e-01
6.727135162380143418e-01
6.727135162380143418e-01
6.727135162380144529e-01
6.727135162380145639e-01
6.727135162380145639e-01
6.727135162380140088e-01
6.727135162380143418e-01
6.727135162380142308e-01
6.727135162380143418e-01
6.727135162380143418e-01
6.727135162380144529e-01
6.727135162380143418e-01
6.727135162380143418e-01
6.727135162380143418e-01
6.727135162380143418e-01
6.727135162380144529e-01
6.727135162380143418e-01
5.990482054049686145e-01
4.309413584763222005e-01
