5.698221649627481763e-17
5.698221649627481763e-17
5.698221649627481763e-17
5.698221649627481763e-17
5.698221649627481763e-17
0.000000000000000000e+00
0.000000000000000000e+00
1.709466494888244775e-16
5.698221649627481763e-17
5.698221649627481763e-17
0.000000000000000000e+00
5.698221649627481763e-17
5.698221649627481763e-17
0.000000000000000000e+00
0.000000000000000000e+00
5.698221649627481763e-17
5.698221649627481763e-17
5.698221649627481763e-17
1.709466494888244775e-16
5.698221649627481763e-17
5.698221649627481763e-17
5.698221649627481763e-17
5.698221649627481763e-17
5.698221649627481763e-17
1.709466494888244775e-16
1.709466494888244775e-16
0.000000000000000000e+00
5.698221649627481763e-17
5.391408781321483518e-02
1.731512271104650169e-01
3.630109517375460504e-01
5.310757759866929772e-01
6.375740250822619082e-01
6.665837126320404149e-01
6.730633949326790821e-01
6.730633949326790821e-01
6.730633949326790821e-01
6.730633949326790821e-01
6.730633949326793042e-01
6.730633949326793042e-01
6.730633949326793042e-01
6.730633949326787491e-01
6.730633949326790821e-01
6.730633949326790821e-01
6.730633949326790821e-01
6.730633949326791932e-01
6.730633949326793042e-01
6.730633949326790821e-01
6.730633949326790821e-01
6.730633949326790821e-01
6.730633949326790821e-01
6.730633949326790821e-01
6.730633949326793042e-01
6.730633949326793042e-01
6.730633949326790821e-01
6.730633949326790821e-01
6.730633949326790821e-01
6.665837126320404149e-01
6.375740250822619082e-01
5.310757759866929772e-01
3.630109517375459949e-01
0.000000000000000000e+00
0.000000000000000000e+00
5.698221649627481763e-17
0.000000000000000000e+00
5.698221649627481763e-17
0.000000000000000000e+00
0.000000000000000000e+00
5.698221649627481763e-17
5.698221649627481763e-17
5.698221649627481763e-17
5.698221649627481763e-17
5.698221649627481763e-17
5.698221649627481763e-17
0.000000000000000000e+00
5.698221649627481763e-17
5.698221649627481763e-17
5.698221649627481763e-17
5.698221649627481763e-17
1.709466494888244775e-16
5.698221649627481763e-17
5.698221649627481763e-17
5.698221649627481763e-17
0.000000000000000000e+00
1.709466494888244775e-16
1.709466494888244775e-16
1.709466494888244775e-16
0.000000000000000000e+00
0.000000000000000000e+00
5.391408781321483518e-02
1.731512271104649059e-01
3.856661394025857059e-01
5.924093365903143615e-01
7.625151862399668357e-01
8.537789808295666028e-01
9.049811836309399338e-01
9.105918337117918648e-01
9.105918337117919759e-01
9.105918337117917538e-01
9.105918337117917538e-01
9.105918337117919759e-01
9.105918337117919759e-01
9.105918337117919759e-01
9.105918337117917538e-01
9.105918337117919759e-01
9.105918337117919759e-01
9.105918337117918648e-01
9.105918337117919759e-01
9.105918337117917538e-01
9.105918337117917538e-01
9.105918337117917538e-01
9.105918337117919759e-01
9.105918337117919759e-01
9.105918337117918648e-01
9.105918337117919759e-01
9.105918337117917538e-01
9.105918337117919759e-01
9.049811836309399338e-01
8.537789808295663807e-01
7.625151862399668357e-01
5.924093365903143615e-01
3.856661394025856504e-01
0.000000000000000000e+00
0.000000000000000000e+00
5.698221649627481763e-17
0.000000000000000000e+00
5.698221649627481763e-17
0.000000000000000000e+00
0.000000000000000000e+00
5.698221649627481763e-17
5.698221649627481763e-17
0.000000000000000000e+00
0.000000000000000000e+00
5.698221649627481763e-17
5.698221649627481763e-17
0.000000000000000000e+00
5.698221649627481763e-17
5.698221649627481763e-17
5.698221649627481763e-17
5.698221649627481763e-17
5.698221649627481763e-17
5.698221649627481763e-17
5.698221649627481763e-17
5.698221649627481763e-17
0.000000000000000000e+00
1.709466494888244775e-16
1.709466494888244775e-16
5.698221649627481763e-17
0.000000000000000000e+00
1.709466494888244775e-16
2.818053940798796730e-02
1.030025876583207239e-01
2.421716476993097666e-01
4.351804179484503043e-01
6.549505235487943500e-01
8.290974197352481978e-01
9.481151155943053910e-01
9.949025364907467806e-01
9.999999999999998890e-01
9.999999999999996669e-01
9.999999999999997780e-01
1.000000000000000000e+00
9.999999999999998890e-01
9.999999999999997780e-01
9.999999999999998890e-01
9.999999999999997780e-01
1.000000000000000000e+00
9.999999999999996669e-01
1.000000000000000000e+00
9.999999999999997780e-01
9.999999999999997780e-01
1.000000000000000000e+00
1.000000000000000000e+00
1.000000000000000000e+00
9.999999999999997780e-01
9.999999999999998890e-01
9.999999999999998890e-01
9.949025364907468916e-01
9.481151155943052800e-01
8.290974197352481978e-01
6.549505235487943500e-01
4.351804179484503043e-01
2.421716476993097111e-01
5.698221649627481763e-17
0.000000000000000000e+00
0.000000000000000000e+00
0.000000000000000000e+00
0.000000000000000000e+00
0.000000000000000000e+00
0.000000000000000000e+00
1.709466494888244775e-16
0.000000000000000000e+00
0.000000000000000000e+00
0.000000000000000000e+00
5.698221649627481763e-17
5.698221649627481763e-17
0.000000000000000000e+00
5.698221649627481763e-17
5.698221649627481763e-17
5.698221649627481763e-17
5.698221649627481763e-17
5.698221649627481763e-17
5.698221649627481763e-17
5.698221649627481763e-17
5.698221649627481763e-17
0.000000000000000000e+00
5.698221649627481763e-17
1.709466494888244775e-16
5.698221649627481763e-17
0.000000000000000000e+00
5.698221649627481763e-17
5.097463509252921077e-03
2.818053940798802282e-02
8.382657054793465901e-02
1.977579134053912557e-01
3.807224073460536706e-01
6.192775926539461073e-01
8.022420865946086055e-01
9.161734294520652577e-01
9.718194605920118523e-01
9.949025364907468916e-01
9.999999999999997780e-01
9.999999999999997780e-01
1.000000000000000000e+00
9.999999999999996669e-01
9.999999999999997780e-01
9.999999999999997780e-01
9.999999999999997780e-01
1.000000000000000000e+00
9.999999999999997780e-01
9.999999999999997780e-01
9.999999999999998890e-01
9.999999999999996669e-01
9.999999999999998890e-01
9.999999999999997780e-01
1.000000000000000000e+00
9.949025364907471136e-01
9.718194605920118523e-01
9.161734294520652577e-01
8.022420865946086055e-01
6.192775926539461073e-01
3.807224073460537817e-01
1.977579134053915333e-01
8.382657054793465901e-02
0.000000000000000000e+00
0.000000000000000000e+00
5.698221649627481763e-17
0.000000000000000000e+00
5.698221649627481763e-17
0.000000000000000000e+00
0.000000000000000000e+00
0.000000000000000000e+00
0.000000000000000000e+00
0.000000000000000000e+00
5.698221649627481763e-17
5.698221649627481763e-17
5.698221649627481763e-17
0.000000000000000000e+00
5.698221649627481763e-17
5.698221649627481763e-17
5.698221649627481763e-17
5.698221649627481763e-17
5.698221649627481763e-17
5.698221649627481763e-17
5.698221649627481763e-17
0.000000000000000000e+00
0.000000000000000000e+00
5.698221649627481763e-17
5.698221649627481763e-17
5.698221649627481763e-17
0.000000000000000000e+00
0.000000000000000000e+00
0.000000000000000000e+00
0.000000000000000000e+00
5.097463509252921077e-03
5.188488440569443555e-02
1.709025802647514136e-01
3.450494764512055390e-01
5.581814709580983358e-01
7.298414494515597095e-01
8.635019646830011109e-01
9.481151155943052800e-01
9.949025364907467806e-01
1.000000000000000000e+00
9.999999999999997780e-01
9.999999999999996669e-01
9.999999999999997780e-01
9.999999999999997780e-01
9.999999999999997780e-01
1.000000000000000000e+00
9.999999999999996669e-01
9.999999999999996669e-01
9.999999999999997780e-01
9.999999999999997780e-01
9.999999999999996669e-01
1.000000000000000000e+00
9.949025364907471136e-01
9.481151155943053910e-01
8.635019646830011109e-01
7.298414494515601536e-01
5.581814709580983358e-01
3.450494764512055390e-01
1.709025802647515802e-01
5.188488440569455351e-02
5.097463509252921077e-03
0.000000000000000000e+00
0.000000000000000000e+00
5.698221649627481763e-17
1.709466494888244775e-16
5.698221649627481763e-17
1.709466494888244775e-16
0.000000000000000000e+00
5.698221649627481763e-17
0.000000000000000000e+00
0.000000000000000000e+00
5.698221649627481763e-17
5.698221649627481763e-17
5.698221649627481763e-17
0.000000000000000000e+00
5.698221649627481763e-17
5.698221649627481763e-17
5.698221649627481763e-17
5.698221649627481763e-17
5.698221649627481763e-17
5.698221649627481763e-17
5.698221649627481763e-17
5.698221649627481763e-17
5.698221649627481763e-17
1.709466494888244775e-16
2.279288659850992705e-16
1.709466494888244775e-16
0.000000000000000000e+00
5.698221649627481763e-17
0.000000000000000000e+00
0.000000000000000000e+00
0.000000000000000000e+00
5.097463509252807452e-03
5.188488440569432453e-02
1.364980353169985838e-01
2.701585505484399574e-01
4.418185290419011646e-01
6.484339839350793389e-01
8.022420865946088275e-01
9.161734294520652577e-01
9.718194605920118523e-01
9.949025364907471136e-01
9.999999999999996669e-01
1.000000000000000000e+00
1.000000000000000000e+00
1.000000000000000000e+00
9.999999999999998890e-01
1.000000000000000000e+00
9.999999999999998890e-01
9.999999999999997780e-01
9.999999999999996669e-01
9.949025364907467806e-01
9.718194605920118523e-01
9.161734294520657018e-01
8.022420865946088275e-01
6.484339839350793389e-01
4.418185290419014977e-01
2.701585505484399019e-01
1.364980353169987781e-01
5.188488440569449800e-02
5.097463509253149193e-03
1.709466494888244775e-16
5.698221649627481763e-17
5.698221649627481763e-17
5.698221649627481763e-17
5.698221649627481763e-17
5.698221649627481763e-17
5.698221649627481763e-17
0.000000000000000000e+00
5.698221649627481763e-17
0.000000000000000000e+00
5.698221649627481763e-17
5.698221649627481763e-17
1.709466494888244775e-16
5.698221649627481763e-17
0.000000000000000000e+00
5.698221649627481763e-17
5.698221649627481763e-17
5.698221649627481763e-17
5.698221649627481763e-17
5.698221649627481763e-17
5.698221649627481763e-17
5.698221649627481763e-17
5.698221649627481763e-17
0.000000000000000000e+00
5.698221649627481763e-17
5.698221649627481763e-17
1.709466494888244775e-16
0.000000000000000000e+00
5.698221649627481763e-17
0.000000000000000000e+00
5.698221649627481763e-17
0.000000000000000000e+00
0.000000000000000000e+00
5.097463509253091947e-03
2.818053940798813731e-02
8.382657054793442308e-02
1.977579134053909782e-01
3.515660160649206056e-01
5.581814709580982248e-01
7.298414494515595985e-01
8.635019646830008888e-01
9.481151155943055020e-01
9.949025364907467806e-01
9.999999999999997780e-01
1.000000000000000000e+00
1.000000000000000000e+00
9.999999999999998890e-01
1.000000000000000000e+00
9.999999999999998890e-01
9.999999999999998890e-01
9.949025364907468916e-01
9.481151155943053910e-01
8.635019646830011109e-01
7.298414494515599316e-01
5.581814709580985578e-01
3.515660160649206056e-01
1.977579134053912002e-01
8.382657054793465901e-02
2.818053940798830731e-02
5.097463509253091947e-03
5.698221649627481763e-17
5.698221649627481763e-17
0.000000000000000000e+00
1.709466494888244775e-16
5.698221649627481763e-17
0.000000000000000000e+00
1.709466494888244775e-16
5.698221649627481763e-17
0.000000000000000000e+00
5.698221649627481763e-17
5.698221649627481763e-17
5.698221649627481763e-17
5.698221649627481763e-17
1.709466494888244775e-16
5.698221649627481763e-17
0.000000000000000000e+00
5.698221649627481763e-17
5.698221649627481763e-17
5.698221649627481763e-17
5.698221649627481763e-17
5.698221649627481763e-17
5.698221649627481763e-17
1.709466494888244775e-16
5.698221649627481763e-17
0.000000000000000000e+00
1.709466494888244775e-16
5.698221649627481763e-17
5.698221649627481763e-17
0.000000000000000000e+00
0.000000000000000000e+00
0.000000000000000000e+00
0.000000000000000000e+00
5.698221649627481763e-17
0.000000000000000000e+00
0.000000000000000000e+00
0.000000000000000000e+00
5.097463509252978323e-03
5.188488440569426902e-02
1.364980353169992777e-01
2.701585505484400129e-01
4.418185290419014422e-01
6.484339839350797829e-01
8.022420865946086055e-01
9.161734294520651467e-01
9.718194605920119633e-01
9.949025364907472246e-01
9.999999999999996669e-01
1.000000000000000000e+00
9.999999999999996669e-01
9.949025364907471136e-01
9.718194605920116302e-01
9.161734294520652577e-01
8.022420865946086055e-01
6.484339839350795609e-01
4.418185290419015532e-01
2.701585505484400684e-01
1.364980353169990557e-01
5.188488440569472004e-02
5.097463509252921077e-03
0.000000000000000000e+00
0.000000000000000000e+00
1.709466494888244775e-16
0.000000000000000000e+00
0.000000000000000000e+00
0.000000000000000000e+00
0.000000000000000000e+00
5.698221649627481763e-17
5.698221649627481763e-17
5.698221649627481763e-17
5.698221649627481763e-17
5.698221649627481763e-17
5.698221649627481763e-17
5.698221649627481763e-17
5.698221649627481763e-17
1.709466494888244775e-16
5.698221649627481763e-17
5.698221649627481763e-17
5.698221649627481763e-17
5.698221649627481763e-17
5.698221649627481763e-17
5.698221649627481763e-17
5.698221649627481763e-17
5.698221649627481763e-17
1.709466494888244775e-16
5.698221649627481763e-17
5.698221649627481763e-17
1.709466494888244775e-16
3.418932989776489551e-16
5.698221649627481763e-17
5.698221649627481763e-17
0.000000000000000000e+00
0.000000000000000000e+00
0.000000000000000000e+00
5.698221649627481763e-17
0.000000000000000000e+00
0.000000000000000000e+00
0.000000000000000000e+00
2.279288659850992705e-16
5.097463509252921077e-03
2.818053940798830731e-02
8.382657054793425655e-02
1.977579134053915333e-01
3.515660160649203281e-01
5.581814709580982248e-01
7.298414494515602646e-01
8.635019646830011109e-01
9.481151155943055020e-01
9.949025364907467806e-01
1.000000000000000000e+00
9.949025364907468916e-01
9.481151155943055020e-01
8.635019646830011109e-01
7.298414494515602646e-01
5.581814709580983358e-01
3.515660160649203281e-01
1.977579134053915333e-01
8.382657054793460349e-02
2.818053940798825180e-02
5.097463509253149193e-03
5.698221649627481763e-17
5.698221649627481763e-17
1.709466494888244775e-16
1.709466494888244775e-16
0.000000000000000000e+00
0.000000000000000000e+00
0.000000000000000000e+00
5.698221649627481763e-17
5.698221649627481763e-17
5.698221649627481763e-17
0.000000000000000000e+00
5.698221649627481763e-17
5.698221649627481763e-17
5.698221649627481763e-17
5.698221649627481763e-17
5.698221649627481763e-17
1.709466494888244775e-16
5.698221649627481763e-17
5.698221649627481763e-17
5.698221649627481763e-17
5.698221649627481763e-17
5.698221649627481763e-17
0.000000000000000000e+00
5.698221649627481763e-17
5.698221649627481763e-17
1.709466494888244775e-16
5.698221649627481763e-17
5.698221649627481763e-17
5.698221649627481763e-17
5.698221649627481763e-17
1.709466494888244775e-16
0.000000000000000000e+00
5.698221649627481763e-17
5.698221649627481763e-17
0.000000000000000000e+00
5.698221649627481763e-17
5.698221649627481763e-17
0.000000000000000000e+00
0.000000000000000000e+00
1.709466494888244775e-16
0.000000000000000000e+00
0.000000000000000000e+00
5.097463509252807452e-03
5.188488440569432453e-02
1.364980353169988336e-01
2.701585505484400129e-01
4.418185290419014422e-01
6.484339839350792278e-01
7.961460378150354567e-01
8.853905126021448524e-01
9.105918337117919759e-01
8.853905126021449634e-01
7.961460378150356787e-01
6.484339839350795609e-01
4.418185290419014977e-01
2.701585505484400129e-01
1.364980353169989447e-01
5.188488440569455351e-02
5.097463509252693828e-03
0.000000000000000000e+00
2.279288659850992705e-16
0.000000000000000000e+00
0.000000000000000000e+00
0.000000000000000000e+00
5.698221649627481763e-17
5.698221649627481763e-17
0.000000000000000000e+00
0.000000000000000000e+00
0.000000000000000000e+00
0.000000000000000000e+00
0.000000000000000000e+00
0.000000000000000000e+00
5.698221649627481763e-17
5.698221649627481763e-17
5.698221649627481763e-17
5.698221649627481763e-17
5.698221649627481763e-17
5.698221649627481763e-17
5.698221649627481763e-17
5.698221649627481763e-17
5.698221649627481763e-17
5.698221649627481763e-17
0.000000000000000000e+00
0.000000000000000000e+00
5.698221649627481763e-17
5.698221649627481763e-17
1.709466494888244775e-16
5.698221649627481763e-17
0.000000000000000000e+00
1.709466494888244775e-16
5.698221649627481763e-17
5.698221649627481763e-17
0.000000000000000000e+00
0.000000000000000000e+00
1.709466494888244775e-16
5.698221649627481763e-17
0.000000000000000000e+00
5.698221649627481763e-17
5.698221649627481763e-17
0.000000000000000000e+00
5.698221649627481763e-17
0.000000000000000000e+00
5.698221649627481763e-17
0.000000000000000000e+00
5.097463509252921077e-03
2.818053940798807833e-02
8.382657054793442308e-02
1.977579134053912557e-01
3.515660160649199395e-01
5.285735939862624688e-01
6.351139104585311612e-01
6.730633949326793042e-01
6.351139104585313833e-01
5.285735939862622468e-01
3.515660160649199395e-01
1.977579134053911447e-01
8.382657054793431206e-02
2.818053940798813731e-02
5.097463509252921077e-03
5.698221649627481763e-17
5.698221649627481763e-17
5.698221649627481763e-17
0.000000000000000000e+00
0.000000000000000000e+00
0.000000000000000000e+00
5.698221649627481763e-17
0.000000000000000000e+00
0.000000000000000000e+00
5.698221649627481763e-17
1.709466494888244775e-16
5.698221649627481763e-17
5.698221649627481763e-17
0.000000000000000000e+00
0.000000000000000000e+00
0.000000000000000000e+00
5.698221649627481763e-17
0.000000000000000000e+00
0.000000000000000000e+00
5.698221649627481763e-17
5.698221649627481763e-17
5.698221649627481763e-17
0.000000000000000000e+00
5.698221649627481763e-17
0.000000000000000000e+00
0.000000000000000000e+00
5.698221649627481763e-17
5.698221649627481763e-17
2.279288659850992705e-16
5.698221649627481763e-17
0.000000000000000000e+00
0.000000000000000000e+00
5.698221649627481763e-17
0.000000000000000000e+00
0.000000000000000000e+00
5.698221649627481763e-17
5.698221649627481763e-17
0.000000000000000000e+00
0.000000000000000000e+00
5.698221649627481763e-17
0.000000000000000000e+00
5.698221649627481763e-17
0.000000000000000000e+00
0.000000000000000000e+00
0.000000000000000000e+00
0.000000000000000000e+00
5.698221649627481763e-17
2.279288659850992705e-16
5.097463509252978323e-03
5.188488440569489352e-02
1.364980353169988336e-01
2.336030298589068799e-01
2.982645085312995992e-01
3.269366050673208068e-01
2.982645085312993771e-01
2.336030298589067133e-01
1.364980353169991667e-01
5.188488440569449800e-02
5.097463509252978323e-03
2.279288659850992705e-16
0.000000000000000000e+00
5.698221649627481763e-17
0.000000000000000000e+00
0.000000000000000000e+00
0.000000000000000000e+00
5.698221649627481763e-17
0.000000000000000000e+00
5.698221649627481763e-17
0.000000000000000000e+00
1.709466494888244775e-16
0.000000000000000000e+00
1.709466494888244775e-16
0.000000000000000000e+00
0.000000000000000000e+00
0.000000000000000000e+00
0.000000000000000000e+00
0.000000000000000000e+00
0.000000000000000000e+00
0.000000000000000000e+00
0.000000000000000000e+00
5.698221649627481763e-17
5.698221649627481763e-17
0.000000000000000000e+00
0.000000000000000000e+00
5.698221649627481763e-17
0.000000000000000000e+00
0.000000000000000000e+00
0.000000000000000000e+00
5.698221649627481763e-17
1.709466494888244775e-16
5.698221649627481763e-17
5.698221649627481763e-17
5.698221649627481763e-17
5.698221649627481763e-17
0.000000000000000000e+00
0.000000000000000000e+00
2.279288659850992705e-16
5.698221649627481763e-17
0.000000000000000000e+00
0.000000000000000000e+00
5.698221649627481763e-17
0.000000000000000000e+00
5.698221649627481763e-17
0.000000000000000000e+00
5.698221649627481763e-17
1.709466494888244775e-16
0.000000000000000000e+00
0.000000000000000000e+00
5.698221649627481763e-17
0.000000000000000000e+00
5.097463509252807452e-03
2.818053940798779383e-02
5.933321099787792346e-02
8.382657054793453411e-02
8.940816628820789924e-02
8.382657054793425655e-02
5.933321099787797898e-02
2.818053940798825180e-02
5.097463509252807452e-03
0.000000000000000000e+00
0.000000000000000000e+00
5.698221649627481763e-17
0.000000000000000000e+00
0.000000000000000000e+00
2.279288659850992705e-16
0.000000000000000000e+00
5.698221649627481763e-17
0.000000000000000000e+00
2.279288659850992705e-16
0.000000000000000000e+00
0.000000000000000000e+00
5.698221649627481763e-17
0.000000000000000000e+00
0.000000000000000000e+00
5.698221649627481763e-17
0.000000000000000000e+00
5.698221649627481763e-17
0.000000000000000000e+00
5.698221649627481763e-17
0.000000000000000000e+00
0.000000000000000000e+00
5.698221649627481763e-17
5.698221649627481763e-17
0.000000000000000000e+00
0.000000000000000000e+00
5.698221649627481763e-17
0.000000000000000000e+00
0.000000000000000000e+00
0.000000000000000000e+00
5.698221649627481763e-17
5.698221649627481763e-17
0.000000000000000000e+00
0.000000000000000000e+00
5.698221649627481763e-17
5.698221649627481763e-17
5.698221649627481763e-17
0.000000000000000000e+00
0.000000000000000000e+00
0.000000000000000000e+00
0.000000000000000000e+00
0.000000000000000000e+00
0.000000000000000000e+00
5.698221649627481763e-17
0.000000000000000000e+00
5.698221649627481763e-17
0.000000000000000000e+00
5.698221649627481763e-17
0.000000000000000000e+00
0.000000000000000000e+00
0.000000000000000000e+00
0.000000000000000000e+00
5.698221649627481763e-17
0.000000000000000000e+00
1.709466494888244775e-16
1.709466494888244775e-16
0.000000000000000000e+00
2.279288659850992705e-16
5.698221649627481763e-17
0.000000000000000000e+00
0.000000000000000000e+00
0.000000000000000000e+00
5.698221649627481763e-17
0.000000000000000000e+00
0.000000000000000000e+00
0.000000000000000000e+00
3.418932989776489551e-16
0.000000000000000000e+00
0.000000000000000000e+00
0.000000000000000000e+00
0.000000000000000000e+00
0.000000000000000000e+00
5.698221649627481763e-17
0.000000000000000000e+00
3.418932989776489551e-16
5.698221649627481763e-17
0.000000000000000000e+00
1.709466494888244775e-16
5.698221649627481763e-17
0.000000000000000000e+00
5.698221649627481763e-17
0.000000000000000000e+00
0.000000000000000000e+00
5.698221649627481763e-17
5.698221649627481763e-17
0.000000000000000000e+00
0.000000000000000000e+00
5.698221649627481763e-17
0.000000000000000000e+00
0.000000000000000000e+00
0.000000000000000000e+00
1.709466494888244775e-16
2.279288659850992705e-16
0.000000000000000000e+00
5.698221649627481763e-17
0.000000000000000000e+00
3.418932989776489551e-16
5.698221649627481763e-17
0.000000000000000000e+00
2.279288659850992705e-16
5.698221649627481763e-17
0.000000000000000000e+00
5.698221649627481763e-17
5.698221649627481763e-17
0.000000000000000000e+00
1.709466494888244775e-16
0.000000000000000000e+00
0.000000000000000000e+00
5.698221649627481763e-17
0.000000000000000000e+00
2.279288659850992705e-16
0.000000000000000000e+00
1.709466494888244775e-16
0.000000000000000000e+00
0.000000000000000000e+00
2.279288659850992705e-16
0.000000000000000000e+00
0.000000000000000000e+00
5.698221649627481763e-17
2.279288659850992705e-16
0.000000000000000000e+00
0.000000000000000000e+00
1.709466494888244775e-16
0.000000000000000000e+00
5.698221649627481763e-17
5.698221649627481763e-17
5.698221649627481763e-17
0.000000000000000000e+00
0.000000000000000000e+00
5.698221649627481763e-17
0.000000000000000000e+00
0.000000000000000000e+00
0.000000000000000000e+00
1.709466494888244775e-16
0.000000000000000000e+00
3.418932989776489551e-16
5.698221649627481763e-17
0.000000000000000000e+00
5.698221649627481763e-17
5.698221649627481763e-17
0.000000000000000000e+00
5.698221649627481763e-17
5.698221649627481763e-17
5.698221649627481763e-17
5.698221649627481763e-17
5.698221649627481763e-17
0.000000000000000000e+00
0.000000000000000000e+00
5.698221649627481763e-17
0.000000000000000000e+00
0.000000000000000000e+00
0.000000000000000000e+00
5.698221649627481763e-17
2.279288659850992705e-16
0.000000000000000000e+00
5.698221649627481763e-17
0.000000000000000000e+00
2.279288659850992705e-16
0.000000000000000000e+00
0.000000000000000000e+00
2.279288659850992705e-16
0.000000000000000000e+00
0.000000000000000000e+00
0.000000000000000000e+00
5.698221649627481763e-17
0.000000000000000000e+00
0.000000000000000000e+00
0.000000000000000000e+00
5.698221649627481763e-17
5.698221649627481763e-17
0.000000000000000000e+00
0.000000000000000000e+00
1.709466494888244775e-16
2.279288659850992705e-16
0.000000000000000000e+00
0.000000000000000000e+00
0.000000000000000000e+00
0.000000000000000000e+00
0.000000000000000000e+00
0.000000000000000000e+00
0.000000000000000000e+00
0.000000000000000000e+00
0.000000000000000000e+00
0.000000000000000000e+00
2.279288659850992705e-16
0.000000000000000000e+00
0.000000000000000000e+00
0.000000000000000000e+00
2.279288659850992705e-16
5.698221649627481763e-17
5.698221649627481763e-17
0.000000000000000000e+00
2.279288659850992705e-16
0.000000000000000000e+00
0.000000000000000000e+00
0.000000000000000000e+00
0.000000000000000000e+00
1.709466494888244775e-16
5.698221649627481763e-17
0.000000000000000000e+00
0.000000000000000000e+00
0.000000000000000000e+00
1.709466494888244775e-16
0.000000000000000000e+00
0.000000000000000000e+00
5.698221649627481763e-17
5.698221649627481763e-17
0.000000000000000000e+00
0.000000000000000000e+00
5.698221649627481763e-17
0.000000000000000000e+00
0.000000000000000000e+00
0.000000000000000000e+00
5.698221649627481763e-17
5.698221649627481763e-17
5.698221649627481763e-17
5.698221649627481763e-17
5.698221649627481763e-17
5.698221649627481763e-17
0.000000000000000000e+00
5.698221649627481763e-17
5.698221649627481763e-17
5.698221649627481763e-17
0.000000000000000000e+00
5.698221649627481763e-17
5.698221649627481763e-17
0.000000000000000000e+00
0.000000000000000000e+00
5.698221649627481763e-17
5.698221649627481763e-17
1.709466494888244775e-16
0.000000000000000000e+00
0.000000000000000000e+00
1.709466494888244775e-16
5.698221649627481763e-17
0.000000000000000000e+00
0.000000000000000000e+00
0.000000000000000000e+00
0.000000000000000000e+00
0.000000000000000000e+00
0.000000000000000000e+00
0.000000000000000000e+00
0.000000000000000000e+00
0.000000000000000000e+00
0.000000000000000000e+00
5.698221649627481763e-17
0.000000000000000000e+00
5.698221649627481763e-17
0.000000000000000000e+00
2.279288659850992705e-16
5.698221649627481763e-17
0.000000000000000000e+00
0.000000000000000000e+00
0.000000000000000000e+00
5.698221649627481763e-17
3.418932989776489551e-16
0.000000000000000000e+00
0.000000000000000000e+00
5.698221649627481763e-17
0.000000000000000000e+00
5.698221649627481763e-17
0.000000000000000000e+00
0.000000000000000000e+00
5.698221649627481763e-17
0.000000000000000000e+00
0.000000000000000000e+00
0.000000000000000000e+00
5.698221649627481763e-17
0.000000000000000000e+00
0.000000000000000000e+00
5.698221649627481763e-17
0.000000000000000000e+00
0.000000000000000000e+00
0.000000000000000000e+00
5.698221649627481763e-17
0.000000000000000000e+00
0.000000000000000000e+00
5.698221649627481763e-17
0.000000000000000000e+00
5.698221649627481763e-17
0.000000000000000000e+00
0.000000000000000000e+00
1.709466494888244775e-16
2.279288659850992705e-16
5.698221649627481763e-17
5.698221649627481763e-17
0.000000000000000000e+00
0.000000000000000000e+00
0.000000000000000000e+00
0.000000000000000000e+00
0.000000000000000000e+00
0.000000000000000000e+00
0.000000000000000000e+00
0.000000000000000000e+00
0.000000000000000000e+00
5.698221649627481763e-17
5.097463509252978323e-03
2.818053940798807833e-02
5.933321099787809000e-02
8.382657054793414553e-02
8.940816628820806578e-02
8.382657054793436757e-02
5.933321099787809000e-02
2.818053940798813731e-02
5.097463509252921077e-03
0.000000000000000000e+00
5.698221649627481763e-17
5.698221649627481763e-17
0.000000000000000000e+00
0.000000000000000000e+00
5.698221649627481763e-17
0.000000000000000000e+00
0.000000000000000000e+00
0.000000000000000000e+00
0.000000000000000000e+00
0.000000000000000000e+00
5.698221649627481763e-17
0.000000000000000000e+00
1.709466494888244775e-16
5.698221649627481763e-17
1.709466494888244775e-16
0.000000000000000000e+00
0.000000000000000000e+00
0.000000000000000000e+00
2.279288659850992705e-16
0.000000000000000000e+00
5.698221649627481763e-17
5.698221649627481763e-17
5.698221649627481763e-17
0.000000000000000000e+00
0.000000000000000000e+00
5.698221649627481763e-17
0.000000000000000000e+00
0.000000000000000000e+00
0.000000000000000000e+00
5.698221649627481763e-17
0.000000000000000000e+00
5.698221649627481763e-17
0.000000000000000000e+00
0.000000000000000000e+00
5.698221649627481763e-17
0.000000000000000000e+00
0.000000000000000000e+00
1.709466494888244775e-16
0.000000000000000000e+00
0.000000000000000000e+00
0.000000000000000000e+00
2.279288659850992705e-16
0.000000000000000000e+00
0.000000000000000000e+00
5.698221649627481763e-17
5.698221649627481763e-17
1.709466494888244775e-16
0.000000000000000000e+00
1.709466494888244775e-16
0.000000000000000000e+00
5.097463509252978323e-03
5.188488440569460902e-02
1.364980353169989447e-01
2.336030298589065468e-01
2.982645085312995992e-01
3.269366050673208068e-01
2.982645085312995992e-01
2.336030298589065468e-01
1.364980353169989447e-01
5.188488440569426902e-02
5.097463509252921077e-03
5.698221649627481763e-17
5.698221649627481763e-17
0.000000000000000000e+00
0.000000000000000000e+00
2.279288659850992705e-16
0.000000000000000000e+00
1.709466494888244775e-16
0.000000000000000000e+00
0.000000000000000000e+00
0.000000000000000000e+00
1.709466494888244775e-16
0.000000000000000000e+00
0.000000000000000000e+00
0.000000000000000000e+00
5.698221649627481763e-17
0.000000000000000000e+00
0.000000000000000000e+00
5.698221649627481763e-17
1.709466494888244775e-16
0.000000000000000000e+00
0.000000000000000000e+00
5.698221649627481763e-17
5.698221649627481763e-17
0.000000000000000000e+00
0.000000000000000000e+00
5.698221649627481763e-17
0.000000000000000000e+00
0.000000000000000000e+00
0.000000000000000000e+00
0.000000000000000000e+00
0.000000000000000000e+00
2.279288659850992705e-16
3.418932989776489551e-16
0.000000000000000000e+00
0.000000000000000000e+00
0.000000000000000000e+00
0.000000000000000000e+00
0.000000000000000000e+00
5.698221649627481763e-17
5.698221649627481763e-17
0.000000000000000000e+00
1.709466494888244775e-16
0.000000000000000000e+00
1.709466494888244775e-16
0.000000000000000000e+00
1.709466494888244775e-16
5.698221649627481763e-17
0.000000000000000000e+00
5.097463509252921077e-03
2.818053940798813731e-02
8.382657054793465901e-02
1.977579134053913112e-01
3.515660160649205501e-01
5.285735939862620247e-01
6.351139104585308282e-01
6.730633949326789711e-01
6.351139104585311612e-01
5.285735939862618027e-01
3.515660160649207722e-01
1.977579134053912002e-01
8.382657054793436757e-02
2.818053940798807833e-02
5.097463509252978323e-03
0.000000000000000000e+00
0.000000000000000000e+00
3.418932989776489551e-16
0.000000000000000000e+00
5.698221649627481763e-17
5.698221649627481763e-17
0.000000000000000000e+00
0.000000000000000000e+00
5.698221649627481763e-17
0.000000000000000000e+00
5.698221649627481763e-17
1.709466494888244775e-16
0.000000000000000000e+00
0.000000000000000000e+00
0.000000000000000000e+00
5.698221649627481763e-17
5.698221649627481763e-17
1.709466494888244775e-16
5.698221649627481763e-17
5.698221649627481763e-17
5.698221649627481763e-17
0.000000000000000000e+00
0.000000000000000000e+00
5.698221649627481763e-17
0.000000000000000000e+00
0.000000000000000000e+00
0.000000000000000000e+00
5.698221649627481763e-17
5.698221649627481763e-17
5.698221649627481763e-17
0.000000000000000000e+00
0.000000000000000000e+00
5.698221649627481763e-17
0.000000000000000000e+00
5.698221649627481763e-17
1.709466494888244775e-16
0.000000000000000000e+00
0.000000000000000000e+00
0.000000000000000000e+00
1.709466494888244775e-16
0.000000000000000000e+00
0.000000000000000000e+00
0.000000000000000000e+00
0.000000000000000000e+00
0.000000000000000000e+00
5.097463509252693828e-03
5.188488440569466453e-02
1.364980353169991112e-01
2.701585505484403460e-01
4.418185290419014977e-01
6.484339839350791168e-01
7.961460378150353456e-01
8.853905126021448524e-01
9.105918337117919759e-01
8.853905126021450744e-01
7.961460378150351236e-01
6.484339839350792278e-01
4.418185290419014422e-01
2.701585505484401240e-01
1.364980353169992777e-01
5.188488440569466453e-02
5.097463509252807452e-03
0.000000000000000000e+00
0.000000000000000000e+00
0.000000000000000000e+00
0.000000000000000000e+00
0.000000000000000000e+00
0.000000000000000000e+00
0.000000000000000000e+00
2.279288659850992705e-16
0.000000000000000000e+00
0.000000000000000000e+00
0.000000000000000000e+00
2.279288659850992705e-16
0.000000000000000000e+00
0.000000000000000000e+00
0.000000000000000000e+00
0.000000000000000000e+00
0.000000000000000000e+00
0.000000000000000000e+00
1.709466494888244775e-16
5.698221649627481763e-17
0.000000000000000000e+00
0.000000000000000000e+00
5.698221649627481763e-17
0.000000000000000000e+00
0.000000000000000000e+00
0.000000000000000000e+00
0.000000000000000000e+00
0.000000000000000000e+00
5.698221649627481763e-17
0.000000000000000000e+00
0.000000000000000000e+00
5.698221649627481763e-17
2.279288659850992705e-16
0.000000000000000000e+00
5.698221649627481763e-17
0.000000000000000000e+00
0.000000000000000000e+00
0.000000000000000000e+00
0.000000000000000000e+00
0.000000000000000000e+00
0.000000000000000000e+00
0.000000000000000000e+00
5.097463509252921077e-03
2.818053940798847731e-02
8.382657054793425655e-02
1.977579134053914223e-01
3.515660160649206056e-01
5.581814709580984468e-01
7.298414494515601536e-01
8.635019646830006668e-01
9.481151155943052800e-01
9.949025364907467806e-01
1.000000000000000000e+00
9.949025364907468916e-01
9.481151155943052800e-01
8.635019646830006668e-01
7.298414494515601536e-01
5.581814709580982248e-01
3.515660160649205501e-01
1.977579134053914223e-01
8.382657054793442308e-02
2.818053940798807833e-02
5.097463509252921077e-03
0.000000000000000000e+00
0.000000000000000000e+00
0.000000000000000000e+00
5.698221649627481763e-17
0.000000000000000000e+00
0.000000000000000000e+00
0.000000000000000000e+00
0.000000000000000000e+00
0.000000000000000000e+00
0.000000000000000000e+00
0.000000000000000000e+00
0.000000000000000000e+00
0.000000000000000000e+00
0.000000000000000000e+00
5.698221649627481763e-17
5.698221649627481763e-17
5.698221649627481763e-17
5.698221649627481763e-17
0.000000000000000000e+00
5.698221649627481763e-17
5.698221649627481763e-17
0.000000000000000000e+00
0.000000000000000000e+00
0.000000000000000000e+00
5.698221649627481763e-17
5.698221649627481763e-17
0.000000000000000000e+00
0.000000000000000000e+00
5.698221649627481763e-17
0.000000000000000000e+00
0.000000000000000000e+00
0.000000000000000000e+00
0.000000000000000000e+00
0.000000000000000000e+00
0.000000000000000000e+00
5.698221649627481763e-17
0.000000000000000000e+00
0.000000000000000000e+00
0.000000000000000000e+00
5.097463509253091947e-03
5.188488440569420657e-02
1.364980353169991667e-01
2.701585505484395133e-01
4.418185290419011091e-01
6.484339839350796719e-01
8.022420865946086055e-01
9.161734294520652577e-01
9.718194605920115192e-01
9.949025364907471136e-01
9.999999999999996669e-01
9.999999999999998890e-01
9.999999999999998890e-01
9.949025364907467806e-01
9.718194605920116302e-01
9.161734294520652577e-01
8.022420865946081614e-01
6.484339839350793389e-01
4.418185290419011091e-01
2.701585505484399019e-01
1.364980353169990557e-01
5.188488440569460902e-02
5.097463509252921077e-03
5.698221649627481763e-17
0.000000000000000000e+00
0.000000000000000000e+00
0.000000000000000000e+00
0.000000000000000000e+00
0.000000000000000000e+00
0.000000000000000000e+00
0.000000000000000000e+00
1.709466494888244775e-16
1.709466494888244775e-16
5.698221649627481763e-17
0.000000000000000000e+00
5.698221649627481763e-17
0.000000000000000000e+00
5.698221649627481763e-17
1.709466494888244775e-16
5.698221649627481763e-17
0.000000000000000000e+00
5.698221649627481763e-17
5.698221649627481763e-17
0.000000000000000000e+00
0.000000000000000000e+00
0.000000000000000000e+00
5.698221649627481763e-17
0.000000000000000000e+00
0.000000000000000000e+00
0.000000000000000000e+00
5.698221649627481763e-17
2.279288659850992705e-16
1.709466494888244775e-16
5.698221649627481763e-17
0.000000000000000000e+00
0.000000000000000000e+00
0.000000000000000000e+00
0.000000000000000000e+00
5.698221649627481763e-17
5.097463509252921077e-03
2.818053940798813731e-02
8.382657054793477003e-02
1.977579134053911447e-01
3.515660160649205501e-01
5.581814709580981138e-01
7.298414494515601536e-01
8.635019646830008888e-01
9.481151155943055020e-01
9.949025364907471136e-01
9.999999999999997780e-01
1.000000000000000000e+00
1.000000000000000000e+00
1.000000000000000000e+00
9.999999999999998890e-01
9.999999999999998890e-01
9.999999999999998890e-01
9.949025364907471136e-01
9.481151155943052800e-01
8.635019646830011109e-01
7.298414494515601536e-01
5.581814709580981138e-01
3.515660160649201615e-01
1.977579134053912002e-01
8.382657054793471452e-02
2.818053940798813731e-02
5.097463509252921077e-03
0.000000000000000000e+00
0.000000000000000000e+00
5.698221649627481763e-17
0.000000000000000000e+00
5.698221649627481763e-17
5.698221649627481763e-17
5.698221649627481763e-17
5.698221649627481763e-17
5.698221649627481763e-17
0.000000000000000000e+00
1.709466494888244775e-16
0.000000000000000000e+00
5.698221649627481763e-17
1.709466494888244775e-16
5.698221649627481763e-17
0.000000000000000000e+00
5.698221649627481763e-17
5.698221649627481763e-17
0.000000000000000000e+00
0.000000000000000000e+00
0.000000000000000000e+00
5.698221649627481763e-17
0.000000000000000000e+00
5.698221649627481763e-17
5.698221649627481763e-17
2.279288659850992705e-16
5.698221649627481763e-17
0.000000000000000000e+00
5.698221649627481763e-17
5.698221649627481763e-17
5.698221649627481763e-17
0.000000000000000000e+00
0.000000000000000000e+00
5.097463509252921077e-03
5.188488440569455351e-02
1.364980353169989447e-01
2.701585505484400684e-01
4.418185290419013866e-01
6.484339839350797829e-01
8.022420865946081614e-01
9.161734294520652577e-01
9.718194605920118523e-01
9.949025364907471136e-01
1.000000000000000000e+00
1.000000000000000000e+00
1.000000000000000000e+00
9.999999999999997780e-01
1.000000000000000000e+00
9.999999999999998890e-01
1.000000000000000000e+00
1.000000000000000000e+00
1.000000000000000000e+00
9.949025364907471136e-01
9.718194605920118523e-01
9.161734294520654798e-01
8.022420865946086055e-01
6.484339839350792278e-01
4.418185290419014977e-01
2.701585505484400684e-01
1.364980353169990557e-01
5.188488440569449800e-02
5.097463509252693828e-03
0.000000000000000000e+00
5.698221649627481763e-17
5.698221649627481763e-17
0.000000000000000000e+00
0.000000000000000000e+00
5.698221649627481763e-17
0.000000000000000000e+00
0.000000000000000000e+00
1.709466494888244775e-16
0.000000000000000000e+00
0.000000000000000000e+00
5.698221649627481763e-17
1.709466494888244775e-16
5.698221649627481763e-17
0.000000000000000000e+00
5.698221649627481763e-17
5.698221649627481763e-17
0.000000000000000000e+00
0.000000000000000000e+00
0.000000000000000000e+00
5.698221649627481763e-17
5.698221649627481763e-17
5.698221649627481763e-17
5.698221649627481763e-17
5.698221649627481763e-17
5.698221649627481763e-17
0.000000000000000000e+00
0.000000000000000000e+00
0.000000000000000000e+00
5.698221649627481763e-17
0.000000000000000000e+00
5.097463509252978323e-03
5.188488440569455351e-02
1.709025802647513026e-01
3.450494764512055390e-01
5.581814709580981138e-01
7.298414494515601536e-01
8.635019646830011109e-01
9.481151155943052800e-01
9.949025364907472246e-01
1.000000000000000000e+00
1.000000000000000000e+00
9.999999999999997780e-01
9.999999999999996669e-01
9.999999999999997780e-01
9.999999999999996669e-01
9.999999999999996669e-01
9.999999999999996669e-01
9.999999999999998890e-01
9.999999999999996669e-01
9.999999999999998890e-01
9.999999999999996669e-01
1.000000000000000000e+00
9.949025364907473357e-01
9.481151155943053910e-01
8.635019646830008888e-01
7.298414494515602646e-01
5.581814709580981138e-01
3.450494764512056500e-01
1.709025802647516634e-01
5.188488440569432453e-02
5.097463509252807452e-03
0.000000000000000000e+00
5.698221649627481763e-17
0.000000000000000000e+00
5.698221649627481763e-17
5.698221649627481763e-17
0.000000000000000000e+00
0.000000000000000000e+00
0.000000000000000000e+00
5.698221649627481763e-17
0.000000000000000000e+00
5.698221649627481763e-17
1.709466494888244775e-16
5.698221649627481763e-17
0.000000000000000000e+00
5.698221649627481763e-17
5.698221649627481763e-17
0.000000000000000000e+00
0.000000000000000000e+00
5.698221649627481763e-17
5.698221649627481763e-17
5.698221649627481763e-17
0.000000000000000000e+00
5.698221649627481763e-17
1.709466494888244775e-16
5.698221649627481763e-17
1.709466494888244775e-16
0.000000000000000000e+00
5.698221649627481763e-17
5.097463509252636582e-03
2.818053940798807833e-02
8.382657054793471452e-02
1.977579134053915888e-01
3.807224073460533931e-01
6.192775926539459963e-01
8.022420865946086055e-01
9.161734294520652577e-01
9.718194605920118523e-01
9.949025364907468916e-01
1.000000000000000000e+00
1.000000000000000000e+00
1.000000000000000000e+00
9.999999999999997780e-01
9.999999999999997780e-01
1.000000000000000000e+00
1.000000000000000000e+00
9.999999999999998890e-01
1.000000000000000000e+00
9.999999999999997780e-01
1.000000000000000000e+00
9.999999999999994449e-01
9.999999999999998890e-01
9.999999999999998890e-01
1.000000000000000000e+00
9.949025364907472246e-01
9.718194605920116302e-01
9.161734294520652577e-01
8.022420865946086055e-01
6.192775926539459963e-01
3.807224073460533931e-01
1.977579134053915333e-01
8.382657054793460349e-02
0.000000000000000000e+00
0.000000000000000000e+00
5.698221649627481763e-17
1.709466494888244775e-16
0.000000000000000000e+00
5.698221649627481763e-17
0.000000000000000000e+00
0.000000000000000000e+00
5.698221649627481763e-17
0.000000000000000000e+00
5.698221649627481763e-17
1.709466494888244775e-16
1.709466494888244775e-16
0.000000000000000000e+00
5.698221649627481763e-17
5.698221649627481763e-17
0.000000000000000000e+00
0.000000000000000000e+00
5.698221649627481763e-17
5.698221649627481763e-17
5.698221649627481763e-17
0.000000000000000000e+00
5.698221649627481763e-17
1.709466494888244775e-16
5.698221649627481763e-17
0.000000000000000000e+00
2.279288659850992705e-16
1.709466494888244775e-16
2.818053940798830731e-02
1.030025876583205574e-01
2.421716476993097666e-01
4.351804179484503043e-01
6.549505235487943500e-01
8.290974197352485309e-01
9.481151155943055020e-01
9.949025364907471136e-01
1.000000000000000000e+00
9.999999999999998890e-01
1.000000000000000000e+00
1.000000000000000000e+00
9.999999999999998890e-01
9.999999999999996669e-01
1.000000000000000000e+00
1.000000000000000000e+00
9.999999999999997780e-01
9.999999999999996669e-01
9.999999999999997780e-01
9.999999999999997780e-01
9.999999999999998890e-01
9.999999999999996669e-01
9.999999999999998890e-01
1.000000000000000000e+00
9.999999999999998890e-01
1.000000000000000000e+00
9.999999999999997780e-01
9.949025364907473357e-01
9.481151155943053910e-01
8.290974197352481978e-01
6.549505235487944610e-01
4.351804179484503043e-01
2.421716476993094891e-01
5.391408781321461313e-02
5.391408781321461313e-02
2.818053940798807833e-02
5.097463509252693828e-03
0.000000000000000000e+00
0.000000000000000000e+00
0.000000000000000000e+00
0.000000000000000000e+00
5.698221649627481763e-17
0.000000000000000000e+00
5.698221649627481763e-17
1.709466494888244775e-16
1.709466494888244775e-16
0.000000000000000000e+00
5.698221649627481763e-17
5.698221649627481763e-17
0.000000000000000000e+00
5.698221649627481763e-17
5.698221649627481763e-17
5.698221649627481763e-17
5.698221649627481763e-17
0.000000000000000000e+00
0.000000000000000000e+00
1.709466494888244775e-16
5.698221649627481763e-17
0.000000000000000000e+00
5.097463509252921077e-03
2.818053940798813731e-02
1.167627567679903611e-01
2.701585505484396799e-01
4.966689875070158244e-01
7.014901231306744922e-01
8.635019646830011109e-01
9.481151155943053910e-01
9.949025364907468916e-01
1.000000000000000000e+00
1.000000000000000000e+00
9.999999999999997780e-01
9.999999999999996669e-01
9.999999999999998890e-01
1.000000000000000000e+00
1.000000000000000000e+00
9.999999999999997780e-01
1.000000000000000000e+00
9.999999999999997780e-01
9.999999999999997780e-01
9.999999999999998890e-01
9.999999999999997780e-01
9.999999999999998890e-01
9.999999999999998890e-01
9.999999999999998890e-01
9.999999999999998890e-01
9.999999999999998890e-01
1.000000000000000000e+00
9.999999999999997780e-01
1.000000000000000000e+00
9.949025364907467806e-01
9.481151155943053910e-01
8.635019646830008888e-01
6.950766775628560712e-01
4.603637261087433763e-01
1.731512271104650169e-01
1.731512271104649059e-01
1.030025876583204464e-01
2.818053940798802282e-02
0.000000000000000000e+00
0.000000000000000000e+00
0.000000000000000000e+00
0.000000000000000000e+00
0.000000000000000000e+00
0.000000000000000000e+00
5.698221649627481763e-17
1.709466494888244775e-16
1.709466494888244775e-16
0.000000000000000000e+00
5.698221649627481763e-17
5.698221649627481763e-17
0.000000000000000000e+00
5.698221649627481763e-17
5.698221649627481763e-17
1.709466494888244775e-16
5.698221649627481763e-17
0.000000000000000000e+00
0.000000000000000000e+00
5.698221649627481763e-17
1.709466494888244775e-16
5.698221649627481763e-17
2.818053940798802282e-02
1.030025876583206129e-01
2.701585505484399019e-01
4.966689875070153803e-01
7.298414494515603756e-01
8.832372432320098055e-01
9.718194605920116302e-01
9.949025364907468916e-01
1.000000000000000000e+00
1.000000000000000000e+00
1.000000000000000000e+00
9.999999999999998890e-01
1.000000000000000000e+00
1.000000000000000000e+00
9.999999999999997780e-01
1.000000000000000000e+00
1.000000000000000000e+00
9.999999999999998890e-01
1.000000000000000000e+00
9.999999999999997780e-01
1.000000000000000000e+00
9.999999999999997780e-01
9.999999999999998890e-01
9.999999999999998890e-01
9.999999999999998890e-01
9.999999999999998890e-01
1.000000000000000000e+00
1.000000000000000000e+00
9.999999999999996669e-01
1.000000000000000000e+00
1.000000000000000000e+00
9.949025364907468916e-01
9.718194605920115192e-01
8.515702929653895525e-01
6.058617912638513126e-01
3.630109517375459394e-01
3.856661394025857614e-01
2.421716476993100442e-01
8.382657054793465901e-02
5.097463509252978323e-03
0.000000000000000000e+00
0.000000000000000000e+00
0.000000000000000000e+00
0.000000000000000000e+00
0.000000000000000000e+00
5.698221649627481763e-17
5.698221649627481763e-17
5.698221649627481763e-17
0.000000000000000000e+00
5.698221649627481763e-17
5.698221649627481763e-17
0.000000000000000000e+00
5.698221649627481763e-17
5.698221649627481763e-17
5.698221649627481763e-17
5.698221649627481763e-17
0.000000000000000000e+00
0.000000000000000000e+00
5.698221649627481763e-17
1.709466494888244775e-16
5.097463509252978323e-03
8.382657054793460349e-02
2.421716476993098222e-01
4.966689875070156579e-01
7.298414494515595985e-01
8.969974123416795120e-01
9.718194605920118523e-01
9.999999999999998890e-01
1.000000000000000000e+00
9.999999999999997780e-01
1.000000000000000000e+00
1.000000000000000000e+00
1.000000000000000000e+00
9.999999999999998890e-01
9.999999999999998890e-01
1.000000000000000000e+00
1.000000000000000000e+00
9.999999999999998890e-01
9.999999999999997780e-01
9.999999999999998890e-01
1.000000000000000000e+00
9.999999999999998890e-01
9.999999999999996669e-01
9.999999999999997780e-01
1.000000000000000000e+00
1.000000000000000000e+00
9.999999999999998890e-01
9.999999999999998890e-01
9.999999999999998890e-01
9.999999999999996669e-01
1.000000000000000000e+00
9.999999999999997780e-01
9.999999999999998890e-01
9.999999999999998890e-01
9.105918337117918648e-01
6.730633949326789711e-01
5.310757759866926442e-01
5.924093365903144726e-01
4.351804179484506374e-01
1.977579134053912557e-01
5.188488440569460902e-02
5.097463509252807452e-03
0.000000000000000000e+00
0.000000000000000000e+00
0.000000000000000000e+00
0.000000000000000000e+00
5.698221649627481763e-17
5.698221649627481763e-17
5.698221649627481763e-17
0.000000000000000000e+00
5.698221649627481763e-17
5.698221649627481763e-17
0.000000000000000000e+00
5.698221649627481763e-17
5.698221649627481763e-17
5.698221649627481763e-17
5.698221649627481763e-17
0.000000000000000000e+00
0.000000000000000000e+00
1.709466494888244775e-16
5.097463509252921077e-03
5.188488440569460902e-02
1.977579134053912002e-01
4.351804179484507484e-01
7.014901231306740481e-01
8.832372432320091393e-01
9.718194605920118523e-01
9.949025364907473357e-01
1.000000000000000000e+00
1.000000000000000000e+00
1.000000000000000000e+00
9.999999999999998890e-01
1.000000000000000000e+00
9.999999999999998890e-01
9.999999999999997780e-01
1.000000000000000000e+00
9.999999999999998890e-01
1.000000000000000000e+00
1.000000000000000000e+00
1.000000000000000000e+00
9.999999999999998890e-01
9.999999999999998890e-01
1.000000000000000000e+00
9.999999999999998890e-01
9.999999999999998890e-01
1.000000000000000000e+00
9.999999999999997780e-01
1.000000000000000000e+00
9.999999999999997780e-01
1.000000000000000000e+00
9.999999999999998890e-01
1.000000000000000000e+00
9.999999999999998890e-01
9.999999999999998890e-01
1.000000000000000000e+00
9.105918337117920869e-01
6.730633949326787491e-01
6.375740250822619082e-01
7.625151862399668357e-01
6.549505235487943500e-01
3.807224073460536706e-01
1.709025802647516634e-01
5.188488440569449800e-02
5.097463509252921077e-03
0.000000000000000000e+00
0.000000000000000000e+00
0.000000000000000000e+00
5.698221649627481763e-17
5.698221649627481763e-17
5.698221649627481763e-17
0.000000000000000000e+00
5.698221649627481763e-17
5.698221649627481763e-17
0.000000000000000000e+00
5.698221649627481763e-17
5.698221649627481763e-17
1.709466494888244775e-16
5.698221649627481763e-17
0.000000000000000000e+00
0.000000000000000000e+00
5.097463509252978323e-03
5.188488440569472004e-02
1.709025802647516634e-01
3.807224073460536706e-01
6.549505235487944610e-01
8.635019646830008888e-01
9.718194605920115192e-01
1.000000000000000000e+00
1.000000000000000000e+00
9.999999999999997780e-01
9.999999999999998890e-01
1.000000000000000000e+00
1.000000000000000000e+00
1.000000000000000000e+00
9.999999999999998890e-01
1.000000000000000000e+00
1.000000000000000000e+00
9.999999999999997780e-01
1.000000000000000000e+00
1.000000000000000000e+00
9.999999999999998890e-01
1.000000000000000000e+00
9.999999999999997780e-01
1.000000000000000000e+00
9.999999999999997780e-01
9.999999999999998890e-01
9.999999999999998890e-01
9.999999999999998890e-01
9.999999999999998890e-01
1.000000000000000000e+00
1.000000000000000000e+00
9.999999999999996669e-01
1.000000000000000000e+00
1.000000000000000000e+00
9.999999999999998890e-01
9.999999999999998890e-01
9.105918337117918648e-01
6.730633949326791932e-01
6.665837126320401929e-01
8.537789808295666028e-01
8.290974197352485309e-01
6.192775926539461073e-01
3.450494764512057611e-01
1.364980353169989447e-01
2.818053940798807833e-02
5.698221649627481763e-17
0.000000000000000000e+00
0.000000000000000000e+00
5.698221649627481763e-17
1.709466494888244775e-16
5.698221649627481763e-17
0.000000000000000000e+00
5.698221649627481763e-17
5.698221649627481763e-17
0.000000000000000000e+00
5.698221649627481763e-17
5.698221649627481763e-17
1.709466494888244775e-16
0.000000000000000000e+00
0.000000000000000000e+00
0.000000000000000000e+00
2.818053940798819282e-02
1.364980353169990557e-01
3.450494764512056500e-01
6.192775926539461073e-01
8.290974197352484198e-01
9.481151155943052800e-01
9.949025364907467806e-01
1.000000000000000000e+00
1.000000000000000000e+00
9.999999999999998890e-01
1.000000000000000000e+00
9.999999999999997780e-01
1.000000000000000000e+00
9.999999999999998890e-01
1.000000000000000000e+00
9.999999999999998890e-01
9.999999999999998890e-01
1.000000000000000000e+00
1.000000000000000000e+00
9.999999999999998890e-01
9.999999999999997780e-01
9.999999999999998890e-01
1.000000000000000000e+00
9.999999999999998890e-01
9.999999999999996669e-01
9.999999999999997780e-01
1.000000000000000000e+00
1.000000000000000000e+00
9.999999999999998890e-01
9.999999999999998890e-01
9.999999999999998890e-01
9.999999999999996669e-01
1.000000000000000000e+00
9.999999999999997780e-01
9.999999999999998890e-01
9.999999999999998890e-01
9.105918337117918648e-01
6.730633949326789711e-01
6.730633949326790821e-01
9.049811836309401558e-01
9.481151155943057240e-01
8.022420865946086055e-01
5.581814709580985578e-01
2.701585505484399019e-01
8.382657054793465901e-02
5.097463509252921077e-03
0.000000000000000000e+00
5.698221649627481763e-17
5.698221649627481763e-17
5.698221649627481763e-17
5.698221649627481763e-17
0.000000000000000000e+00
5.698221649627481763e-17
5.698221649627481763e-17
0.000000000000000000e+00
0.000000000000000000e+00
5.698221649627481763e-17
5.698221649627481763e-17
5.698221649627481763e-17
0.000000000000000000e+00
5.097463509252693828e-03
8.382657054793482554e-02
2.701585505484400684e-01
5.581814709580985578e-01
8.022420865946083834e-01
9.481151155943055020e-01
9.949025364907471136e-01
9.999999999999997780e-01
9.999999999999998890e-01
1.000000000000000000e+00
1.000000000000000000e+00
1.000000000000000000e+00
1.000000000000000000e+00
9.999999999999998890e-01
1.000000000000000000e+00
9.999999999999998890e-01
9.999999999999997780e-01
1.000000000000000000e+00
9.999999999999998890e-01
1.000000000000000000e+00
1.000000000000000000e+00
1.000000000000000000e+00
9.999999999999998890e-01
9.999999999999998890e-01
1.000000000000000000e+00
9.999999999999998890e-01
9.999999999999998890e-01
1.000000000000000000e+00
9.999999999999997780e-01
1.000000000000000000e+00
9.999999999999997780e-01
1.000000000000000000e+00
9.999999999999998890e-01
1.000000000000000000e+00
9.999999999999998890e-01
9.999999999999998890e-01
1.000000000000000000e+00
9.105918337117920869e-01
6.730633949326787491e-01
6.730633949326790821e-01
9.105918337117917538e-01
9.949025364907468916e-01
9.161734294520652577e-01
7.298414494515598205e-01
4.418185290419013866e-01
1.977579134053913112e-01
5.188488440569460902e-02
5.097463509252807452e-03
0.000000000000000000e+00
5.698221649627481763e-17
5.698221649627481763e-17
5.698221649627481763e-17
0.000000000000000000e+00
5.698221649627481763e-17
5.698221649627481763e-17
0.000000000000000000e+00
0.000000000000000000e+00
5.698221649627481763e-17
5.698221649627481763e-17
0.000000000000000000e+00
5.097463509252693828e-03
5.188488440569449800e-02
1.977579134053914223e-01
4.418185290419014422e-01
7.298414494515601536e-01
9.161734294520654798e-01
9.949025364907471136e-01
9.999999999999998890e-01
9.999999999999997780e-01
1.000000000000000000e+00
1.000000000000000000e+00
9.999999999999996669e-01
9.999999999999998890e-01
1.000000000000000000e+00
9.999999999999997780e-01
9.999999999999998890e-01
9.999999999999998890e-01
9.999999999999997780e-01
1.000000000000000000e+00
1.000000000000000000e+00
9.999999999999997780e-01
9.999999999999997780e-01
1.000000000000000000e+00
1.000000000000000000e+00
9.999999999999998890e-01
1.000000000000000000e+00
9.999999999999997780e-01
1.000000000000000000e+00
9.999999999999994449e-01
9.999999999999998890e-01
9.999999999999998890e-01
1.000000000000000000e+00
1.000000000000000000e+00
9.999999999999997780e-01
9.999999999999997780e-01
9.999999999999996669e-01
9.999999999999996669e-01
9.999999999999996669e-01
9.105918337117919759e-01
6.730633949326790821e-01
6.730633949326790821e-01
9.105918337117917538e-01
1.000000000000000000e+00
9.718194605920116302e-01
8.635019646830008888e-01
6.484339839350793389e-01
3.515660160649204391e-01
1.364980353169989447e-01
2.818053940798802282e-02
0.000000000000000000e+00
0.000000000000000000e+00
5.698221649627481763e-17
5.698221649627481763e-17
0.000000000000000000e+00
0.000000000000000000e+00
5.698221649627481763e-17
0.000000000000000000e+00
0.000000000000000000e+00
0.000000000000000000e+00
5.698221649627481763e-17
0.000000000000000000e+00
2.818053940798802282e-02
1.364980353169987781e-01
3.515660160649205501e-01
6.484339839350793389e-01
8.635019646830011109e-01
9.718194605920116302e-01
1.000000000000000000e+00
9.999999999999998890e-01
9.999999999999998890e-01
9.999999999999997780e-01
9.999999999999998890e-01
9.999999999999998890e-01
1.000000000000000000e+00
1.000000000000000000e+00
1.000000000000000000e+00
9.999999999999998890e-01
9.999999999999998890e-01
1.000000000000000000e+00
1.000000000000000000e+00
9.999999999999998890e-01
9.999999999999996669e-01
9.999999999999997780e-01
1.000000000000000000e+00
9.999999999999997780e-01
9.999999999999996669e-01
9.999999999999997780e-01
9.999999999999997780e-01
9.999999999999996669e-01
9.999999999999996669e-01
9.999999999999998890e-01
9.999999999999997780e-01
9.999999999999998890e-01
1.000000000000000000e+00
9.999999999999997780e-01
1.000000000000000000e+00
9.999999999999997780e-01
9.999999999999997780e-01
1.000000000000000000e+00
9.105918337117918648e-01
6.730633949326786380e-01
6.730633949326790821e-01
9.105918337117917538e-01
1.000000000000000000e+00
9.949025364907471136e-01
9.481151155943053910e-01
8.022420865946081614e-01
5.581814709580983358e-01
2.701585505484399019e-01
8.382657054793460349e-02
5.097463509252921077e-03
0.000000000000000000e+00
5.698221649627481763e-17
5.698221649627481763e-17
0.000000000000000000e+00
0.000000000000000000e+00
5.698221649627481763e-17
0.000000000000000000e+00
0.000000000000000000e+00
0.000000000000000000e+00
5.698221649627481763e-17
5.097463509252807452e-03
8.382657054793442308e-02
2.701585505484396799e-01
5.581814709580985578e-01
8.022420865946086055e-01
9.481151155943053910e-01
9.949025364907471136e-01
9.999999999999997780e-01
1.000000000000000000e+00
9.999999999999996669e-01
1.000000000000000000e+00
9.999999999999998890e-01
9.999999999999997780e-01
1.000000000000000000e+00
9.999999999999998890e-01
1.000000000000000000e+00
1.000000000000000000e+00
9.999999999999997780e-01
9.999999999999996669e-01
9.999999999999998890e-01
1.000000000000000000e+00
1.000000000000000000e+00
9.999999999999997780e-01
9.999999999999997780e-01
9.999999999999997780e-01
9.999999999999997780e-01
9.999999999999998890e-01
9.999999999999996669e-01
9.999999999999996669e-01
9.999999999999998890e-01
9.999999999999998890e-01
9.999999999999998890e-01
9.999999999999998890e-01
9.999999999999997780e-01
9.999999999999997780e-01
1.000000000000000000e+00
9.999999999999996669e-01
9.999999999999997780e-01
9.999999999999998890e-01
9.105918337117919759e-01
6.730633949326787491e-01
6.730633949326790821e-01
9.105918337117918648e-01
9.999999999999998890e-01
1.000000000000000000e+00
9.949025364907471136e-01
9.161734294520654798e-01
7.298414494515598205e-01
4.418185290419014977e-01
1.977579134053912557e-01
5.188488440569460902e-02
5.097463509252807452e-03
5.698221649627481763e-17
0.000000000000000000e+00
0.000000000000000000e+00
0.000000000000000000e+00
5.698221649627481763e-17
0.000000000000000000e+00
0.000000000000000000e+00
0.000000000000000000e+00
5.097463509252978323e-03
5.188488440569455351e-02
1.977579134053912002e-01
4.418185290419014422e-01
7.298414494515601536e-01
9.161734294520654798e-01
9.949025364907471136e-01
1.000000000000000000e+00
1.000000000000000000e+00
9.999999999999998890e-01
1.000000000000000000e+00
1.000000000000000000e+00
1.000000000000000000e+00
9.999999999999998890e-01
1.000000000000000000e+00
1.000000000000000000e+00
9.999999999999998890e-01
1.000000000000000000e+00
9.999999999999996669e-01
1.000000000000000000e+00
9.999999999999998890e-01
1.000000000000000000e+00
1.000000000000000000e+00
9.999999999999997780e-01
1.000000000000000000e+00
1.000000000000000000e+00
1.000000000000000000e+00
9.999999999999998890e-01
9.999999999999998890e-01
9.999999999999998890e-01
1.000000000000000000e+00
9.999999999999998890e-01
1.000000000000000000e+00
1.000000000000000000e+00
9.999999999999996669e-01
9.999999999999997780e-01
9.999999999999997780e-01
1.000000000000000000e+00
1.000000000000000000e+00
1.000000000000000000e+00
9.105918337117918648e-01
6.730633949326790821e-01
6.730633949326790821e-01
9.105918337117919759e-01
1.000000000000000000e+00
9.999999999999997780e-01
1.000000000000000000e+00
9.718194605920118523e-01
8.635019646830008888e-01
6.484339839350793389e-01
3.515660160649205501e-01
1.364980353169989447e-01
2.818053940798807833e-02
5.698221649627481763e-17
5.698221649627481763e-17
0.000000000000000000e+00
0.000000000000000000e+00
5.698221649627481763e-17
0.000000000000000000e+00
0.000000000000000000e+00
0.000000000000000000e+00
2.818053940798819282e-02
1.364980353169989447e-01
3.515660160649204946e-01
6.484339839350793389e-01
8.635019646830011109e-01
9.718194605920118523e-01
1.000000000000000000e+00
1.000000000000000000e+00
1.000000000000000000e+00
9.999999999999997780e-01
1.000000000000000000e+00
1.000000000000000000e+00
1.000000000000000000e+00
9.999999999999998890e-01
1.000000000000000000e+00
1.000000000000000000e+00
1.000000000000000000e+00
1.000000000000000000e+00
9.999999999999997780e-01
1.000000000000000000e+00
9.999999999999998890e-01
1.000000000000000000e+00
1.000000000000000000e+00
1.000000000000000000e+00
1.000000000000000000e+00
9.999999999999997780e-01
1.000000000000000000e+00
9.999999999999998890e-01
1.000000000000000000e+00
1.000000000000000000e+00
1.000000000000000000e+00
1.000000000000000000e+00
9.999999999999998890e-01
1.000000000000000000e+00
1.000000000000000000e+00
9.999999999999998890e-01
1.000000000000000000e+00
9.999999999999997780e-01
9.999999999999998890e-01
1.000000000000000000e+00
9.105918337117919759e-01
6.730633949326790821e-01
6.730633949326790821e-01
9.105918337117918648e-01
1.000000000000000000e+00
9.999999999999998890e-01
9.999999999999997780e-01
9.949025364907468916e-01
9.481151155943053910e-01
8.022420865946083834e-01
5.581814709580983358e-01
2.701585505484400684e-01
8.382657054793465901e-02
5.097463509252921077e-03
0.000000000000000000e+00
0.000000000000000000e+00
0.000000000000000000e+00
5.698221649627481763e-17
0.000000000000000000e+00
0.000000000000000000e+00
5.097463509252921077e-03
8.382657054793471452e-02
2.701585505484399019e-01
5.581814709580982248e-01
8.022420865946081614e-01
9.481151155943055020e-01
9.949025364907471136e-01
9.999999999999998890e-01
9.999999999999998890e-01
1.000000000000000000e+00
1.000000000000000000e+00
9.999999999999996669e-01
1.000000000000000000e+00
9.999999999999997780e-01
9.999999999999997780e-01
1.000000000000000000e+00
9.999999999999996669e-01
1.000000000000000000e+00
1.000000000000000000e+00
1.000000000000000000e+00
1.000000000000000000e+00
1.000000000000000000e+00
1.000000000000000000e+00
9.999999999999997780e-01
9.999999999999996669e-01
9.999999999999997780e-01
9.999999999999996669e-01
9.999999999999996669e-01
9.999999999999996669e-01
9.999999999999998890e-01
9.999999999999996669e-01
9.999999999999998890e-01
9.999999999999996669e-01
1.000000000000000000e+00
1.000000000000000000e+00
1.000000000000000000e+00
9.999999999999998890e-01
1.000000000000000000e+00
9.999999999999996669e-01
9.999999999999998890e-01
1.000000000000000000e+00
9.105918337117919759e-01
6.730633949326790821e-01
6.730633949326790821e-01
9.105918337117919759e-01
1.000000000000000000e+00
1.000000000000000000e+00
1.000000000000000000e+00
9.999999999999997780e-01
9.949025364907471136e-01
9.161734294520652577e-01
7.298414494515601536e-01
4.418185290419015532e-01
1.977579134053912002e-01
5.188488440569460902e-02
5.097463509252921077e-03
0.000000000000000000e+00
0.000000000000000000e+00
5.698221649627481763e-17
0.000000000000000000e+00
5.097463509252921077e-03
5.188488440569455351e-02
1.977579134053913112e-01
4.418185290419012756e-01
7.298414494515599316e-01
9.161734294520652577e-01
9.949025364907472246e-01
9.999999999999997780e-01
1.000000000000000000e+00
9.999999999999997780e-01
1.000000000000000000e+00
9.999999999999997780e-01
1.000000000000000000e+00
9.999999999999997780e-01
1.000000000000000000e+00
9.999999999999998890e-01
9.999999999999998890e-01
9.999999999999997780e-01
1.000000000000000000e+00
9.999999999999996669e-01
1.000000000000000000e+00
1.000000000000000000e+00
1.000000000000000000e+00
1.000000000000000000e+00
1.000000000000000000e+00
9.999999999999997780e-01
9.999999999999997780e-01
9.999999999999997780e-01
1.000000000000000000e+00
9.999999999999997780e-01
9.999999999999996669e-01
9.999999999999996669e-01
1.000000000000000000e+00
1.000000000000000000e+00
1.000000000000000000e+00
1.000000000000000000e+00
1.000000000000000000e+00
9.999999999999996669e-01
1.000000000000000000e+00
9.999999999999997780e-01
9.999999999999997780e-01
1.000000000000000000e+00
9.105918337117919759e-01
6.730633949326793042e-01
6.730633949326793042e-01
9.105918337117917538e-01
9.999999999999998890e-01
9.999999999999996669e-01
9.999999999999997780e-01
9.999999999999998890e-01
9.999999999999997780e-01
9.718194605920118523e-01
8.635019646830008888e-01
6.484339839350793389e-01
3.515660160649204391e-01
1.364980353169990557e-01
2.818053940798819282e-02
0.000000000000000000e+00
0.000000000000000000e+00
5.698221649627481763e-17
0.000000000000000000e+00
2.818053940798813731e-02
1.364980353169989447e-01
3.515660160649205501e-01
6.484339839350791168e-01
8.635019646830006668e-01
9.718194605920116302e-01
1.000000000000000000e+00
1.000000000000000000e+00
9.999999999999997780e-01
9.999999999999997780e-01
9.999999999999998890e-01
9.999999999999997780e-01
1.000000000000000000e+00
1.000000000000000000e+00
9.999999999999997780e-01
9.999999999999997780e-01
1.000000000000000000e+00
9.999999999999997780e-01
1.000000000000000000e+00
1.000000000000000000e+00
9.999999999999997780e-01
1.000000000000000000e+00
1.000000000000000000e+00
1.000000000000000000e+00
1.000000000000000000e+00
9.999999999999997780e-01
9.999999999999997780e-01
9.999999999999997780e-01
1.000000000000000000e+00
9.999999999999996669e-01
9.999999999999996669e-01
9.999999999999997780e-01
1.000000000000000000e+00
9.999999999999997780e-01
1.000000000000000000e+00
1.000000000000000000e+00
1.000000000000000000e+00
9.999999999999997780e-01
1.000000000000000000e+00
9.999999999999996669e-01
9.999999999999997780e-01
1.000000000000000000e+00
9.105918337117921979e-01
6.730633949326789711e-01
6.730633949326791932e-01
9.105918337117917538e-01
1.000000000000000000e+00
9.999999999999997780e-01
9.999999999999998890e-01
9.999999999999997780e-01
9.999999999999997780e-01
9.949025364907471136e-01
9.481151155943052800e-01
7.961460378150356787e-01
5.285735939862621358e-01
2.336030298589065468e-01
5.933321099787803449e-02
0.000000000000000000e+00
0.000000000000000000e+00
5.698221649627481763e-17
0.000000000000000000e+00
5.933321099787797898e-02
2.336030298589064358e-01
5.285735939862622468e-01
7.961460378150354567e-01
9.481151155943052800e-01
9.949025364907468916e-01
1.000000000000000000e+00
1.000000000000000000e+00
9.999999999999998890e-01
9.999999999999997780e-01
9.999999999999998890e-01
1.000000000000000000e+00
1.000000000000000000e+00
1.000000000000000000e+00
1.000000000000000000e+00
9.999999999999997780e-01
1.000000000000000000e+00
1.000000000000000000e+00
1.000000000000000000e+00
1.000000000000000000e+00
9.999999999999997780e-01
9.999999999999997780e-01
1.000000000000000000e+00
1.000000000000000000e+00
1.000000000000000000e+00
9.999999999999998890e-01
1.000000000000000000e+00
9.999999999999996669e-01
9.999999999999998890e-01
9.999999999999998890e-01
9.999999999999997780e-01
9.999999999999997780e-01
1.000000000000000000e+00
9.999999999999997780e-01
1.000000000000000000e+00
9.999999999999997780e-01
9.999999999999997780e-01
1.000000000000000000e+00
1.000000000000000000e+00
1.000000000000000000e+00
9.999999999999997780e-01
1.000000000000000000e+00
9.105918337117917538e-01
6.730633949326790821e-01
6.730633949326791932e-01
9.105918337117917538e-01
9.999999999999998890e-01
9.999999999999997780e-01
1.000000000000000000e+00
9.999999999999997780e-01
9.999999999999998890e-01
1.000000000000000000e+00
9.949025364907471136e-01
8.853905126021449634e-01
6.351139104585311612e-01
2.982645085312997102e-01
8.382657054793477003e-02
0.000000000000000000e+00
0.000000000000000000e+00
5.698221649627481763e-17
0.000000000000000000e+00
8.382657054793471452e-02
2.982645085312995992e-01
6.351139104585311612e-01
8.853905126021448524e-01
9.949025364907471136e-01
1.000000000000000000e+00
1.000000000000000000e+00
9.999999999999997780e-01
1.000000000000000000e+00
9.999999999999998890e-01
9.999999999999997780e-01
9.999999999999997780e-01
1.000000000000000000e+00
1.000000000000000000e+00
1.000000000000000000e+00
1.000000000000000000e+00
1.000000000000000000e+00
1.000000000000000000e+00
9.999999999999997780e-01
9.999999999999997780e-01
9.999999999999997780e-01
9.999999999999997780e-01
1.000000000000000000e+00
1.000000000000000000e+00
1.000000000000000000e+00
9.999999999999997780e-01
1.000000000000000000e+00
9.999999999999998890e-01
1.000000000000000000e+00
1.000000000000000000e+00
1.000000000000000000e+00
1.000000000000000000e+00
1.000000000000000000e+00
9.999999999999998890e-01
1.000000000000000000e+00
1.000000000000000000e+00
1.000000000000000000e+00
9.999999999999997780e-01
9.999999999999998890e-01
9.999999999999997780e-01
1.000000000000000000e+00
1.000000000000000000e+00
9.105918337117917538e-01
6.730633949326790821e-01
6.730633949326790821e-01
9.105918337117919759e-01
1.000000000000000000e+00
9.999999999999997780e-01
1.000000000000000000e+00
9.999999999999996669e-01
9.999999999999997780e-01
1.000000000000000000e+00
9.999999999999997780e-01
9.105918337117918648e-01
6.730633949326793042e-01
3.269366050673210289e-01
8.940816628820812129e-02
0.000000000000000000e+00
0.000000000000000000e+00
5.698221649627481763e-17
0.000000000000000000e+00
8.940816628820801026e-02
3.269366050673208068e-01
6.730633949326791932e-01
9.105918337117917538e-01
9.999999999999997780e-01
9.999999999999998890e-01
9.999999999999997780e-01
1.000000000000000000e+00
1.000000000000000000e+00
9.999999999999997780e-01
1.000000000000000000e+00
9.999999999999998890e-01
1.000000000000000000e+00
9.999999999999997780e-01
1.000000000000000000e+00
1.000000000000000000e+00
9.999999999999998890e-01
1.000000000000000000e+00
1.000000000000000000e+00
1.000000000000000000e+00
9.999999999999997780e-01
1.000000000000000000e+00
9.999999999999998890e-01
1.000000000000000000e+00
1.000000000000000000e+00
1.000000000000000000e+00
9.999999999999996669e-01
1.000000000000000000e+00
9.999999999999997780e-01
1.000000000000000000e+00
9.999999999999997780e-01
1.000000000000000000e+00
9.999999999999997780e-01
9.999999999999998890e-01
9.999999999999998890e-01
1.000000000000000000e+00
9.999999999999998890e-01
9.999999999999997780e-01
1.000000000000000000e+00
9.999999999999997780e-01
9.999999999999997780e-01
1.000000000000000000e+00
9.105918337117920869e-01
6.730633949326790821e-01
6.730633949326793042e-01
9.105918337117919759e-01
1.000000000000000000e+00
1.000000000000000000e+00
1.000000000000000000e+00
9.999999999999997780e-01
1.000000000000000000e+00
1.000000000000000000e+00
9.949025364907471136e-01
8.853905126021448524e-01
6.351139104585311612e-01
2.982645085312997102e-01
8.382657054793477003e-02
0.000000000000000000e+00
0.000000000000000000e+00
5.698221649627481763e-17
0.000000000000000000e+00
8.382657054793471452e-02
2.982645085312995992e-01
6.351139104585311612e-01
8.853905126021448524e-01
9.949025364907468916e-01
9.999999999999997780e-01
1.000000000000000000e+00
1.000000000000000000e+00
9.999999999999998890e-01
1.000000000000000000e+00
1.000000000000000000e+00
9.999999999999997780e-01
9.999999999999997780e-01
1.000000000000000000e+00
1.000000000000000000e+00
9.999999999999998890e-01
9.999999999999997780e-01
1.000000000000000000e+00
1.000000000000000000e+00
9.999999999999997780e-01
1.000000000000000000e+00
1.000000000000000000e+00
1.000000000000000000e+00
1.000000000000000000e+00
1.000000000000000000e+00
1.000000000000000000e+00
9.999999999999998890e-01
1.000000000000000000e+00
9.999999999999996669e-01
9.999999999999998890e-01
9.999999999999996669e-01
1.000000000000000000e+00
1.000000000000000000e+00
9.999999999999997780e-01
1.000000000000000000e+00
1.000000000000000000e+00
1.000000000000000000e+00
9.999999999999996669e-01
1.000000000000000000e+00
1.000000000000000000e+00
9.999999999999997780e-01
1.000000000000000000e+00
9.105918337117921979e-01
6.730633949326790821e-01
6.730633949326789711e-01
9.105918337117917538e-01
1.000000000000000000e+00
1.000000000000000000e+00
9.999999999999998890e-01
9.999999999999997780e-01
9.999999999999997780e-01
9.949025364907471136e-01
9.481151155943053910e-01
7.961460378150356787e-01
5.285735939862622468e-01
2.336030298589066023e-01
5.933321099787809000e-02
0.000000000000000000e+00
0.000000000000000000e+00
5.698221649627481763e-17
0.000000000000000000e+00
5.933321099787797898e-02
2.336030298589065468e-01
5.285735939862623578e-01
7.961460378150356787e-01
9.481151155943053910e-01
9.949025364907471136e-01
1.000000000000000000e+00
1.000000000000000000e+00
9.999999999999997780e-01
1.000000000000000000e+00
9.999999999999997780e-01
1.000000000000000000e+00
9.999999999999998890e-01
9.999999999999997780e-01
9.999999999999998890e-01
1.000000000000000000e+00
1.000000000000000000e+00
1.000000000000000000e+00
1.000000000000000000e+00
9.999999999999997780e-01
9.999999999999997780e-01
1.000000000000000000e+00
1.000000000000000000e+00
9.999999999999997780e-01
9.999999999999997780e-01
1.000000000000000000e+00
1.000000000000000000e+00
9.999999999999997780e-01
9.999999999999997780e-01
9.999999999999997780e-01
1.000000000000000000e+00
9.999999999999998890e-01
1.000000000000000000e+00
9.999999999999997780e-01
1.000000000000000000e+00
1.000000000000000000e+00
9.999999999999997780e-01
9.999999999999997780e-01
9.999999999999998890e-01
9.999999999999997780e-01
9.999999999999998890e-01
1.000000000000000000e+00
9.105918337117917538e-01
6.730633949326790821e-01
6.730633949326793042e-01
9.105918337117917538e-01
1.000000000000000000e+00
9.999999999999997780e-01
1.000000000000000000e+00
9.999999999999998890e-01
9.999999999999997780e-01
9.718194605920118523e-01
8.635019646830011109e-01
6.484339839350793389e-01
3.515660160649204946e-01
1.364980353169989447e-01
2.818053940798819282e-02
0.000000000000000000e+00
0.000000000000000000e+00
0.000000000000000000e+00
0.000000000000000000e+00
2.818053940798813731e-02
1.364980353169989447e-01
3.515660160649205501e-01
6.484339839350792278e-01
8.635019646830006668e-01
9.718194605920118523e-01
1.000000000000000000e+00
1.000000000000000000e+00
1.000000000000000000e+00
1.000000000000000000e+00
1.000000000000000000e+00
1.000000000000000000e+00
9.999999999999998890e-01
1.000000000000000000e+00
9.999999999999998890e-01
9.999999999999997780e-01
1.000000000000000000e+00
1.000000000000000000e+00
1.000000000000000000e+00
9.999999999999996669e-01
9.999999999999997780e-01
9.999999999999998890e-01
1.000000000000000000e+00
1.000000000000000000e+00
9.999999999999996669e-01
9.999999999999997780e-01
9.999999999999997780e-01
9.999999999999997780e-01
9.999999999999997780e-01
1.000000000000000000e+00
9.999999999999997780e-01
9.999999999999998890e-01
9.999999999999997780e-01
1.000000000000000000e+00
1.000000000000000000e+00
9.999999999999998890e-01
9.999999999999998890e-01
9.999999999999997780e-01
1.000000000000000000e+00
9.999999999999997780e-01
9.999999999999996669e-01
9.999999999999997780e-01
9.105918337117918648e-01
6.730633949326790821e-01
6.730633949326790821e-01
9.105918337117919759e-01
9.999999999999998890e-01
1.000000000000000000e+00
9.999999999999998890e-01
1.000000000000000000e+00
9.949025364907471136e-01
9.161734294520652577e-01
7.298414494515601536e-01
4.418185290419014977e-01
1.977579134053913112e-01
5.188488440569460902e-02
5.097463509252921077e-03
0.000000000000000000e+00
0.000000000000000000e+00
0.000000000000000000e+00
0.000000000000000000e+00
5.097463509252921077e-03
5.188488440569460902e-02
1.977579134053914223e-01
4.418185290419015532e-01
7.298414494515601536e-01
9.161734294520651467e-01
9.949025364907471136e-01
1.000000000000000000e+00
9.999999999999998890e-01
1.000000000000000000e+00
9.999999999999997780e-01
1.000000000000000000e+00
9.999999999999998890e-01
1.000000000000000000e+00
9.999999999999997780e-01
1.000000000000000000e+00
9.999999999999997780e-01
9.999999999999997780e-01
1.000000000000000000e+00
1.000000000000000000e+00
9.999999999999998890e-01
1.000000000000000000e+00
1.000000000000000000e+00
1.000000000000000000e+00
1.000000000000000000e+00
9.999999999999997780e-01
1.000000000000000000e+00
9.999999999999997780e-01
9.999999999999998890e-01
9.999999999999997780e-01
9.999999999999998890e-01
9.999999999999997780e-01
1.000000000000000000e+00
9.999999999999997780e-01
1.000000000000000000e+00
1.000000000000000000e+00
1.000000000000000000e+00
1.000000000000000000e+00
1.000000000000000000e+00
9.999999999999997780e-01
9.999999999999997780e-01
1.000000000000000000e+00
9.105918337117919759e-01
6.730633949326793042e-01
6.730633949326790821e-01
9.105918337117918648e-01
1.000000000000000000e+00
1.000000000000000000e+00
1.000000000000000000e+00
9.949025364907471136e-01
9.481151155943052800e-01
8.022420865946086055e-01
5.581814709580985578e-01
2.701585505484399019e-01
8.382657054793465901e-02
5.097463509252921077e-03
5.698221649627481763e-17
0.000000000000000000e+00
0.000000000000000000e+00
0.000000000000000000e+00
0.000000000000000000e+00
0.000000000000000000e+00
5.097463509252978323e-03
8.382657054793471452e-02
2.701585505484399574e-01
5.581814709580985578e-01
8.022420865946083834e-01
9.481151155943053910e-01
9.949025364907471136e-01
9.999999999999998890e-01
1.000000000000000000e+00
1.000000000000000000e+00
9.999999999999998890e-01
1.000000000000000000e+00
9.999999999999997780e-01
1.000000000000000000e+00
1.000000000000000000e+00
1.000000000000000000e+00
1.000000000000000000e+00
1.000000000000000000e+00
9.999999999999998890e-01
1.000000000000000000e+00
1.000000000000000000e+00
1.000000000000000000e+00
1.000000000000000000e+00
1.000000000000000000e+00
1.000000000000000000e+00
1.000000000000000000e+00
9.999999999999997780e-01
9.999999999999997780e-01
9.999999999999998890e-01
1.000000000000000000e+00
1.000000000000000000e+00
9.999999999999998890e-01
9.999999999999997780e-01
1.000000000000000000e+00
1.000000000000000000e+00
9.999999999999997780e-01
1.000000000000000000e+00
1.000000000000000000e+00
9.999999999999998890e-01
1.000000000000000000e+00
1.000000000000000000e+00
9.105918337117919759e-01
6.730633949326793042e-01
6.730633949326793042e-01
9.105918337117917538e-01
1.000000000000000000e+00
1.000000000000000000e+00
1.000000000000000000e+00
9.718194605920116302e-01
8.635019646830006668e-01
6.484339839350795609e-01
3.515660160649205501e-01
1.364980353169989447e-01
2.818053940798813731e-02
5.698221649627481763e-17
5.698221649627481763e-17
0.000000000000000000e+00
0.000000000000000000e+00
0.000000000000000000e+00
0.000000000000000000e+00
0.000000000000000000e+00
5.698221649627481763e-17
2.818053940798819282e-02
1.364980353169988336e-01
3.515660160649204946e-01
6.484339839350793389e-01
8.635019646830011109e-01
9.718194605920118523e-01
1.000000000000000000e+00
1.000000000000000000e+00
9.999999999999997780e-01
9.999999999999997780e-01
1.000000000000000000e+00
1.000000000000000000e+00
1.000000000000000000e+00
9.999999999999998890e-01
1.000000000000000000e+00
1.000000000000000000e+00
1.000000000000000000e+00
1.000000000000000000e+00
1.000000000000000000e+00
1.000000000000000000e+00
1.000000000000000000e+00
9.999999999999997780e-01
9.999999999999997780e-01
9.999999999999996669e-01
9.999999999999998890e-01
1.000000000000000000e+00
9.999999999999997780e-01
9.999999999999997780e-01
9.999999999999997780e-01
9.999999999999997780e-01
1.000000000000000000e+00
9.999999999999996669e-01
9.999999999999997780e-01
1.000000000000000000e+00
1.000000000000000000e+00
1.000000000000000000e+00
1.000000000000000000e+00
9.999999999999998890e-01
1.000000000000000000e+00
1.000000000000000000e+00
9.105918337117919759e-01
6.730633949326787491e-01
6.730633949326793042e-01
9.105918337117919759e-01
1.000000000000000000e+00
1.000000000000000000e+00
9.949025364907471136e-01
9.161734294520652577e-01
7.298414494515601536e-01
4.418185290419015532e-01
1.977579134053914223e-01
5.188488440569460902e-02
5.097463509252921077e-03
5.698221649627481763e-17
5.698221649627481763e-17
0.000000000000000000e+00
0.000000000000000000e+00
0.000000000000000000e+00
0.000000000000000000e+00
0.000000000000000000e+00
5.698221649627481763e-17
5.097463509252978323e-03
5.188488440569460902e-02
1.977579134053914223e-01
4.418185290419015532e-01
7.298414494515601536e-01
9.161734294520654798e-01
9.949025364907471136e-01
1.000000000000000000e+00
1.000000000000000000e+00
9.999999999999998890e-01
9.999999999999998890e-01
1.000000000000000000e+00
1.000000000000000000e+00
1.000000000000000000e+00
1.000000000000000000e+00
1.000000000000000000e+00
1.000000000000000000e+00
1.000000000000000000e+00
1.000000000000000000e+00
1.000000000000000000e+00
9.999999999999998890e-01
1.000000000000000000e+00
1.000000000000000000e+00
1.000000000000000000e+00
1.000000000000000000e+00
1.000000000000000000e+00
1.000000000000000000e+00
1.000000000000000000e+00
9.999999999999997780e-01
9.999999999999997780e-01
1.000000000000000000e+00
1.000000000000000000e+00
1.000000000000000000e+00
1.000000000000000000e+00
9.999999999999997780e-01
1.000000000000000000e+00
1.000000000000000000e+00
9.999999999999997780e-01
9.999999999999997780e-01
1.000000000000000000e+00
9.105918337117919759e-01
6.730633949326789711e-01
6.730633949326790821e-01
9.105918337117918648e-01
9.999999999999998890e-01
9.949025364907471136e-01
9.481151155943052800e-01
8.022420865946086055e-01
5.581814709580983358e-01
2.701585505484399574e-01
8.382657054793465901e-02
5.097463509252921077e-03
0.000000000000000000e+00
5.698221649627481763e-17
5.698221649627481763e-17
0.000000000000000000e+00
0.000000000000000000e+00
0.000000000000000000e+00
0.000000000000000000e+00
0.000000000000000000e+00
5.698221649627481763e-17
5.698221649627481763e-17
5.097463509252921077e-03
8.382657054793471452e-02
2.701585505484399019e-01
5.581814709580985578e-01
8.022420865946086055e-01
9.481151155943053910e-01
9.949025364907471136e-01
9.999999999999998890e-01
9.999999999999998890e-01
1.000000000000000000e+00
1.000000000000000000e+00
1.000000000000000000e+00
1.000000000000000000e+00
1.000000000000000000e+00
1.000000000000000000e+00
1.000000000000000000e+00
9.999999999999998890e-01
9.999999999999997780e-01
1.000000000000000000e+00
9.999999999999997780e-01
9.999999999999997780e-01
9.999999999999998890e-01
1.000000000000000000e+00
1.000000000000000000e+00
9.999999999999997780e-01
9.999999999999998890e-01
9.999999999999998890e-01
9.999999999999998890e-01
1.000000000000000000e+00
1.000000000000000000e+00
9.999999999999998890e-01
9.999999999999997780e-01
1.000000000000000000e+00
1.000000000000000000e+00
1.000000000000000000e+00
1.000000000000000000e+00
9.999999999999998890e-01
1.000000000000000000e+00
1.000000000000000000e+00
9.105918337117917538e-01
6.730633949326787491e-01
6.730633949326790821e-01
9.105918337117917538e-01
9.999999999999998890e-01
9.718194605920116302e-01
8.635019646830011109e-01
6.484339839350795609e-01
3.515660160649204391e-01
1.364980353169988336e-01
2.818053940798802282e-02
0.000000000000000000e+00
0.000000000000000000e+00
5.698221649627481763e-17
5.698221649627481763e-17
0.000000000000000000e+00
0.000000000000000000e+00
0.000000000000000000e+00
0.000000000000000000e+00
0.000000000000000000e+00
5.698221649627481763e-17
5.698221649627481763e-17
0.000000000000000000e+00
2.818053940798802282e-02
1.364980353169988336e-01
3.515660160649205501e-01
6.484339839350796719e-01
8.635019646830013329e-01
9.718194605920115192e-01
9.999999999999997780e-01
9.999999999999997780e-01
9.999999999999998890e-01
9.999999999999998890e-01
1.000000000000000000e+00
9.999999999999998890e-01
1.000000000000000000e+00
1.000000000000000000e+00
9.999999999999997780e-01
9.999999999999997780e-01
9.999999999999997780e-01
9.999999999999997780e-01
1.000000000000000000e+00
9.999999999999998890e-01
9.999999999999997780e-01
9.999999999999996669e-01
9.999999999999996669e-01
9.999999999999996669e-01
1.000000000000000000e+00
9.999999999999996669e-01
9.999999999999996669e-01
9.999999999999998890e-01
1.000000000000000000e+00
9.999999999999998890e-01
1.000000000000000000e+00
9.999999999999998890e-01
9.999999999999998890e-01
1.000000000000000000e+00
1.000000000000000000e+00
9.999999999999997780e-01
1.000000000000000000e+00
1.000000000000000000e+00
9.105918337117917538e-01
6.730633949326791932e-01
6.730633949326790821e-01
9.105918337117919759e-01
9.949025364907472246e-01
9.161734294520654798e-01
7.298414494515599316e-01
4.418185290419013866e-01
1.977579134053913112e-01
5.188488440569460902e-02
5.097463509252921077e-03
0.000000000000000000e+00
5.698221649627481763e-17
5.698221649627481763e-17
5.698221649627481763e-17
0.000000000000000000e+00
5.698221649627481763e-17
0.000000000000000000e+00
0.000000000000000000e+00
5.698221649627481763e-17
5.698221649627481763e-17
5.698221649627481763e-17
0.000000000000000000e+00
5.097463509252921077e-03
5.188488440569449800e-02
1.977579134053914223e-01
4.418185290419017752e-01
7.298414494515601536e-01
9.161734294520655908e-01
9.949025364907471136e-01
1.000000000000000000e+00
1.000000000000000000e+00
1.000000000000000000e+00
1.000000000000000000e+00
1.000000000000000000e+00
1.000000000000000000e+00
1.000000000000000000e+00
1.000000000000000000e+00
9.999999999999998890e-01
9.999999999999997780e-01
9.999999999999997780e-01
1.000000000000000000e+00
9.999999999999997780e-01
1.000000000000000000e+00
9.999999999999992228e-01
1.000000000000000000e+00
1.000000000000000000e+00
1.000000000000000000e+00
1.000000000000000000e+00
9.999999999999997780e-01
9.999999999999996669e-01
1.000000000000000000e+00
9.999999999999997780e-01
1.000000000000000000e+00
9.999999999999998890e-01
1.000000000000000000e+00
1.000000000000000000e+00
1.000000000000000000e+00
1.000000000000000000e+00
9.999999999999998890e-01
9.999999999999997780e-01
9.105918337117917538e-01
6.730633949326790821e-01
6.730633949326790821e-01
9.049811836309399338e-01
9.481151155943055020e-01
8.022420865946083834e-01
5.581814709580983358e-01
2.701585505484399574e-01
8.382657054793471452e-02
5.097463509252921077e-03
5.698221649627481763e-17
0.000000000000000000e+00
5.698221649627481763e-17
5.698221649627481763e-17
5.698221649627481763e-17
0.000000000000000000e+00
5.698221649627481763e-17
0.000000000000000000e+00
0.000000000000000000e+00
5.698221649627481763e-17
5.698221649627481763e-17
5.698221649627481763e-17
0.000000000000000000e+00
0.000000000000000000e+00
5.097463509252921077e-03
8.382657054793471452e-02
2.701585505484400684e-01
5.581814709580983358e-01
8.022420865946083834e-01
9.481151155943053910e-01
9.949025364907471136e-01
9.999999999999997780e-01
9.999999999999998890e-01
1.000000000000000000e+00
1.000000000000000000e+00
9.999999999999998890e-01
1.000000000000000000e+00
1.000000000000000000e+00
9.999999999999997780e-01
1.000000000000000000e+00
1.000000000000000000e+00
1.000000000000000000e+00
9.999999999999997780e-01
9.999999999999996669e-01
1.000000000000000000e+00
1.000000000000000000e+00
1.000000000000000000e+00
9.999999999999998890e-01
1.000000000000000000e+00
9.999999999999998890e-01
9.999999999999997780e-01
9.999999999999996669e-01
9.999999999999996669e-01
1.000000000000000000e+00
1.000000000000000000e+00
1.000000000000000000e+00
9.999999999999997780e-01
1.000000000000000000e+00
1.000000000000000000e+00
9.999999999999997780e-01
1.000000000000000000e+00
9.105918337117917538e-01
6.730633949326790821e-01
6.665837126320401929e-01
8.537789808295666028e-01
8.290974197352481978e-01
6.192775926539461073e-01
3.450494764512056500e-01
1.364980353169988336e-01
2.818053940798813731e-02
5.698221649627481763e-17
0.000000000000000000e+00
0.000000000000000000e+00
5.698221649627481763e-17
5.698221649627481763e-17
5.698221649627481763e-17
0.000000000000000000e+00
5.698221649627481763e-17
0.000000000000000000e+00
0.000000000000000000e+00
5.698221649627481763e-17
5.698221649627481763e-17
5.698221649627481763e-17
0.000000000000000000e+00
0.000000000000000000e+00
0.000000000000000000e+00
2.818053940798819282e-02
1.364980353169991112e-01
3.450494764512057611e-01
6.192775926539461073e-01
8.290974197352481978e-01
9.481151155943052800e-01
9.949025364907471136e-01
9.999999999999997780e-01
1.000000000000000000e+00
1.000000000000000000e+00
9.999999999999997780e-01
9.999999999999997780e-01
9.999999999999997780e-01
1.000000000000000000e+00
9.999999999999996669e-01
9.999999999999997780e-01
9.999999999999998890e-01
9.999999999999998890e-01
9.999999999999996669e-01
9.999999999999997780e-01
1.000000000000000000e+00
1.000000000000000000e+00
9.999999999999998890e-01
1.000000000000000000e+00
9.999999999999998890e-01
9.999999999999996669e-01
9.999999999999996669e-01
9.999999999999997780e-01
9.999999999999997780e-01
9.999999999999998890e-01
9.999999999999997780e-01
1.000000000000000000e+00
9.999999999999997780e-01
9.999999999999998890e-01
9.999999999999998890e-01
1.000000000000000000e+00
9.105918337117917538e-01
6.730633949326791932e-01
6.375740250822617972e-01
7.625151862399668357e-01
6.549505235487946830e-01
3.807224073460537817e-01
1.709025802647515802e-01
5.188488440569455351e-02
5.097463509252921077e-03
5.698221649627481763e-17
0.000000000000000000e+00
0.000000000000000000e+00
5.698221649627481763e-17
5.698221649627481763e-17
5.698221649627481763e-17
0.000000000000000000e+00
5.698221649627481763e-17
0.000000000000000000e+00
0.000000000000000000e+00
5.698221649627481763e-17
5.698221649627481763e-17
5.698221649627481763e-17
5.698221649627481763e-17
0.000000000000000000e+00
5.698221649627481763e-17
5.097463509252921077e-03
5.188488440569472004e-02
1.709025802647517189e-01
3.807224073460537817e-01
6.549505235487944610e-01
8.635019646830006668e-01
9.718194605920118523e-01
9.999999999999997780e-01
1.000000000000000000e+00
9.999999999999998890e-01
9.999999999999997780e-01
1.000000000000000000e+00
1.000000000000000000e+00
1.000000000000000000e+00
9.999999999999998890e-01
1.000000000000000000e+00
1.000000000000000000e+00
1.000000000000000000e+00
9.999999999999998890e-01
1.000000000000000000e+00
1.000000000000000000e+00
9.999999999999996669e-01
1.000000000000000000e+00
9.999999999999998890e-01
1.000000000000000000e+00
1.000000000000000000e+00
9.999999999999997780e-01
9.999999999999998890e-01
1.000000000000000000e+00
1.000000000000000000e+00
1.000000000000000000e+00
1.000000000000000000e+00
1.000000000000000000e+00
1.000000000000000000e+00
9.999999999999997780e-01
9.999999999999998890e-01
9.105918337117919759e-01
6.730633949326790821e-01
5.310757759866925332e-01
5.924093365903140285e-01
4.351804179484502488e-01
1.977579134053912002e-01
5.188488440569443555e-02
5.097463509252807452e-03
0.000000000000000000e+00
0.000000000000000000e+00
0.000000000000000000e+00
0.000000000000000000e+00
0.000000000000000000e+00
5.698221649627481763e-17
0.000000000000000000e+00
0.000000000000000000e+00
5.698221649627481763e-17
0.000000000000000000e+00
0.000000000000000000e+00
5.698221649627481763e-17
5.698221649627481763e-17
0.000000000000000000e+00
0.000000000000000000e+00
0.000000000000000000e+00
0.000000000000000000e+00
0.000000000000000000e+00
5.097463509252921077e-03
5.188488440569460902e-02
1.977579134053914223e-01
4.351804179484501378e-01
6.950766775628558491e-01
8.515702929653895525e-01
9.105918337117917538e-01
9.105918337117918648e-01
9.105918337117918648e-01
9.105918337117917538e-01
9.105918337117919759e-01
9.105918337117917538e-01
9.105918337117918648e-01
9.105918337117916428e-01
9.105918337117917538e-01
9.105918337117919759e-01
9.105918337117918648e-01
9.105918337117917538e-01
9.105918337117918648e-01
9.105918337117917538e-01
9.105918337117919759e-01
9.105918337117916428e-01
9.105918337117919759e-01
9.105918337117917538e-01
9.105918337117917538e-01
9.105918337117919759e-01
9.105918337117917538e-01
9.105918337117919759e-01
9.105918337117917538e-01
9.105918337117918648e-01
9.105918337117918648e-01
9.105918337117916428e-01
9.105918337117917538e-01
9.105918337117917538e-01
9.105918337117918648e-01
8.191266526725405894e-01
5.992662756364554033e-01
3.630109517375459394e-01
3.856661394025854284e-01
2.421716476993097111e-01
8.382657054793460349e-02
5.097463509252807452e-03
0.000000000000000000e+00
0.000000000000000000e+00
0.000000000000000000e+00
0.000000000000000000e+00
0.000000000000000000e+00
0.000000000000000000e+00
0.000000000000000000e+00
0.000000000000000000e+00
0.000000000000000000e+00
5.698221649627481763e-17
0.000000000000000000e+00
0.000000000000000000e+00
5.698221649627481763e-17
5.698221649627481763e-17
5.698221649627481763e-17
0.000000000000000000e+00
0.000000000000000000e+00
0.000000000000000000e+00
0.000000000000000000e+00
0.000000000000000000e+00
5.097463509252978323e-03
8.382657054793465901e-02
2.421716476993096556e-01
4.603637261087433208e-01
6.058617912638509795e-01
6.730633949326790821e-01
6.730633949326790821e-01
6.730633949326789711e-01
6.730633949326790821e-01
6.730633949326791932e-01
6.730633949326790821e-01
6.730633949326789711e-01
6.730633949326789711e-01
6.730633949326787491e-01
6.730633949326787491e-01
6.730633949326790821e-01
6.730633949326786380e-01
6.730633949326787491e-01
6.730633949326787491e-01
6.730633949326787491e-01
6.730633949326791932e-01
6.730633949326790821e-01
6.730633949326787491e-01
6.730633949326789711e-01
6.730633949326786380e-01
6.730633949326786380e-01
6.730633949326787491e-01
6.730633949326790821e-01
6.730633949326791932e-01
6.730633949326790821e-01
6.730633949326791932e-01
6.730633949326790821e-01
6.730633949326790821e-01
6.730633949326790821e-01
5.992662756364555143e-01
4.307862697951119757e-01
