1.064322683050904703e-16
1.064322683050904703e-16
1.064322683050904703e-16
1.064322683050904703e-16
0.000000000000000000e+00
4.940874070842119978e-03
2.737725348802730677e-02
8.185472838433871523e-02
1.948348887293579190e-01
3.495228520690097929e-01
5.290022985024591673e-01
6.370035848547261903e-01
6.753652802998532101e-01
6.753652802998532101e-01
6.753652802998534321e-01
6.753652802998533211e-01
6.753652802998534321e-01
6.753652802998532101e-01
6.370035848547261903e-01
5.290022985024591673e-01
3.495228520690097929e-01
1.948348887293579190e-01
8.185472838433881237e-02
2.737725348802741432e-02
4.940874070842333349e-03
1.064322683050904703e-16
1.064322683050904703e-16
1.064322683050904703e-16
0.000000000000000000e+00
2.930391610704706495e-02
1.164669000235729196e-01
2.850046351786706955e-01
4.690622009826417305e-01
6.098952976753554411e-01
6.688209104339558619e-01
6.753652802998533211e-01
6.753652802998532101e-01
6.753652802998532101e-01
6.753652802998528770e-01
6.370035848547259683e-01
5.290022985024595004e-01
3.429345505291290785e-01
1.680531030024090544e-01
5.051914633926792020e-02
4.940874070842119978e-03
1.064322683050904703e-16
4.940874070842119978e-03
5.051914633926792020e-02
1.680531030024092209e-01
3.429345505291290785e-01
5.290022985024591673e-01
6.370035848547259683e-01
6.753652802998532101e-01
6.753652802998532101e-01
6.753652802998534321e-01
6.753652802998534321e-01
6.688209104339558619e-01
6.098952976753554411e-01
4.690622009826416750e-01
2.850046351786706955e-01
1.164669000235727669e-01
1.064322683050904703e-16
1.064322683050904703e-16
0.000000000000000000e+00
1.064322683050904703e-16
4.940874070842013292e-03
5.051914633926787163e-02
1.338709070917365462e-01
2.674107541542979916e-01
4.409543078217229573e-01
6.504771479309900961e-01
7.990744512695123758e-01
8.877942629244475192e-01
9.126526856787060549e-01
9.126526856787060549e-01
9.126526856787062769e-01
9.126526856787060549e-01
9.126526856787060549e-01
9.126526856787062769e-01
8.877942629244475192e-01
7.990744512695123758e-01
6.504771479309899851e-01
4.409543078217229573e-01
2.674107541542981026e-01
1.338709070917366573e-01
5.051914633926792020e-02
4.940874070842333349e-03
0.000000000000000000e+00
0.000000000000000000e+00
0.000000000000000000e+00
2.227636768868087452e-02
1.028483876183219764e-01
2.698046454463878807e-01
5.152261776737769861e-01
7.286131224098351122e-01
8.564843746524157808e-01
9.071266437055458542e-01
9.126526856787058328e-01
9.126526856787058328e-01
9.126526856787060549e-01
8.877942629244471862e-01
7.990744512695121538e-01
6.209738724674502830e-01
3.723775211290241138e-01
1.680531030024092209e-01
5.051914633926792020e-02
9.917875650983154143e-03
5.051914633926792020e-02
1.680531030024091654e-01
3.723775211290241693e-01
6.209738724674502830e-01
7.990744512695119317e-01
8.877942629244472972e-01
9.126526856787060549e-01
9.126526856787060549e-01
9.126526856787058328e-01
9.071266437055459653e-01
8.564843746524157808e-01
7.286131224098351122e-01
5.152261776737769861e-01
2.698046454463878807e-01
1.028483876183219764e-01
1.064322683050904703e-16
1.064322683050904703e-16
4.940874070842119978e-03
2.737725348802725472e-02
8.185472838433871523e-02
1.948348887293577525e-01
3.495228520690097374e-01
5.590456921782765987e-01
7.325892458457017309e-01
8.661290929082634538e-01
9.494808536607318716e-01
9.950591259291577950e-01
9.999999999999995559e-01
9.999999999999997780e-01
1.000000000000000000e+00
1.000000000000000000e+00
1.000000000000000000e+00
9.999999999999997780e-01
9.950591259291577950e-01
9.494808536607318716e-01
8.661290929082631207e-01
7.325892458457019529e-01
5.590456921782770427e-01
3.495228520690098484e-01
1.948348887293579190e-01
8.185472838433881237e-02
2.737725348802714717e-02
4.940874070842013292e-03
1.064322683050904703e-16
4.940874070842333349e-03
5.051914633926803122e-02
1.680531030024092209e-01
3.790261275325496060e-01
6.570654494708708659e-01
8.661290929082633427e-01
9.726227465119727800e-01
1.000000000000000000e+00
1.000000000000000000e+00
9.999999999999997780e-01
9.950591259291575730e-01
9.494808536607320937e-01
8.319468969975907235e-01
6.209738724674502830e-01
3.429345505291291896e-01
1.338709070917365462e-01
5.581229179160855647e-02
1.338709070917365462e-01
3.429345505291291896e-01
6.209738724674506161e-01
8.319468969975907235e-01
9.494808536607320937e-01
9.950591259291575730e-01
1.000000000000000000e+00
1.000000000000000000e+00
1.000000000000000000e+00
9.726227465119727800e-01
8.661290929082634538e-01
6.570654494708708659e-01
3.790261275325494950e-01
1.680531030024088601e-01
5.051914633926787163e-02
1.064322683050904703e-16
1.064322683050904703e-16
2.737725348802725472e-02
1.007449884376727806e-01
2.392972236336646796e-01
4.342206792374367907e-01
6.504771479309898741e-01
8.051651112706420532e-01
9.181452716156613958e-01
9.726227465119725579e-01
9.950591259291580171e-01
1.000000000000000000e+00
9.999999999999997780e-01
1.000000000000000000e+00
9.999999999999997780e-01
1.000000000000000000e+00
1.000000000000000000e+00
9.999999999999997780e-01
9.999999999999997780e-01
9.950591259291577950e-01
9.726227465119725579e-01
9.181452716156612848e-01
8.051651112706421642e-01
6.504771479309900961e-01
4.342206792374369018e-01
2.392972236336648739e-01
1.007449884376727250e-01
2.737725348802725472e-02
0.000000000000000000e+00
0.000000000000000000e+00
4.940874070842119978e-03
5.051914633926771203e-02
1.948348887293579190e-01
4.409543078217232348e-01
7.325892458457016199e-01
9.181452716156616178e-01
9.950591259291577950e-01
1.000000000000000000e+00
9.999999999999997780e-01
1.000000000000000000e+00
9.950591259291580171e-01
9.441877082083914852e-01
7.716356903889524110e-01
4.895978746553264482e-01
2.032220289944848546e-01
1.086822990907814895e-01
2.032220289944848546e-01
4.895978746553264482e-01
7.716356903889524110e-01
9.441877082083913741e-01
9.950591259291577950e-01
1.000000000000000000e+00
1.000000000000000000e+00
1.000000000000000000e+00
9.950591259291577950e-01
9.181452716156616178e-01
7.325892458457017309e-01
4.409543078217231238e-01
1.948348887293579190e-01
5.051914633926787163e-02
4.940874070842119978e-03
1.064322683050904703e-16
4.940874070842333349e-03
8.185472838433871523e-02
2.392972236336647629e-01
4.898568996148928711e-01
7.040441080032648902e-01
8.661290929082631207e-01
9.494808536607320937e-01
9.950591259291577950e-01
1.000000000000000000e+00
9.999999999999997780e-01
1.000000000000000000e+00
1.000000000000000000e+00
1.000000000000000000e+00
1.000000000000000000e+00
1.000000000000000000e+00
1.000000000000000000e+00
1.000000000000000000e+00
1.000000000000000000e+00
9.999999999999997780e-01
9.999999999999997780e-01
9.950591259291575730e-01
9.494808536607320937e-01
8.661290929082634538e-01
7.040441080032652232e-01
4.898568996148932042e-01
2.392972236336648184e-01
8.185472838433871523e-02
4.940874070842119978e-03
0.000000000000000000e+00
1.064322683050904703e-16
4.940874070842226663e-03
8.185472838433849319e-02
2.674107541542981026e-01
5.590456921782765987e-01
8.051651112706420532e-01
9.494808536607320937e-01
9.950591259291575730e-01
1.000000000000000000e+00
9.999999999999997780e-01
1.000000000000000000e+00
9.674862594473687682e-01
8.074475858860937771e-01
5.197040671083704710e-01
2.093495412716273596e-01
1.086822990907814340e-01
2.093495412716273596e-01
5.197040671083704710e-01
8.074475858860937771e-01
9.674862594473689903e-01
1.000000000000000000e+00
9.999999999999997780e-01
1.000000000000000000e+00
9.950591259291575730e-01
9.494808536607322047e-01
8.051651112706419422e-01
5.590456921782769317e-01
2.674107541542981026e-01
8.185472838433865972e-02
4.940874070842119978e-03
0.000000000000000000e+00
4.940874070842333349e-03
5.051914633926776060e-02
1.948348887293580300e-01
4.342206792374367907e-01
7.040441080032652232e-01
8.856659542232824256e-01
9.726227465119727800e-01
9.950591259291577950e-01
1.000000000000000000e+00
1.000000000000000000e+00
1.000000000000000000e+00
1.000000000000000000e+00
9.999999999999997780e-01
1.000000000000000000e+00
1.000000000000000000e+00
1.000000000000000000e+00
1.000000000000000000e+00
1.000000000000000000e+00
1.000000000000000000e+00
1.000000000000000000e+00
9.999999999999997780e-01
1.000000000000000000e+00
9.950591259291577950e-01
9.726227465119727800e-01
8.856659542232826476e-01
7.040441080032653343e-01
4.342206792374366242e-01
1.948348887293580300e-01
5.051914633926792020e-02
4.940874070842119978e-03
0.000000000000000000e+00
1.064322683050904703e-16
2.737725348802714717e-02
1.338709070917364352e-01
3.429345505291293006e-01
6.209738724674506161e-01
8.319468969975906125e-01
9.494808536607320937e-01
9.950591259291577950e-01
9.999999999999997780e-01
9.950591259291580171e-01
9.181452716156612848e-01
7.262141820339083065e-01
4.110268882339639940e-01
1.598920427532550537e-01
5.581229179160845238e-02
1.598920427532550537e-01
4.110268882339639940e-01
7.262141820339086395e-01
9.181452716156612848e-01
9.950591259291577950e-01
1.000000000000000000e+00
9.950591259291580171e-01
9.494808536607320937e-01
8.319468969975907235e-01
6.209738724674506161e-01
3.429345505291293006e-01
1.338709070917367128e-01
2.737725348802725472e-02
0.000000000000000000e+00
0.000000000000000000e+00
2.737725348802725472e-02
1.338709070917366573e-01
3.495228520690097929e-01
6.504771479309900961e-01
8.661290929082634538e-01
9.726227465119727800e-01
1.000000000000000000e+00
1.000000000000000000e+00
1.000000000000000000e+00
1.000000000000000000e+00
9.999999999999997780e-01
1.000000000000000000e+00
1.000000000000000000e+00
1.000000000000000000e+00
1.000000000000000000e+00
1.000000000000000000e+00
1.000000000000000000e+00
1.000000000000000000e+00
1.000000000000000000e+00
9.999999999999997780e-01
9.999999999999997780e-01
1.000000000000000000e+00
1.000000000000000000e+00
1.000000000000000000e+00
9.726227465119727800e-01
8.661290929082636758e-01
6.504771479309900961e-01
3.495228520690097929e-01
1.338709070917365462e-01
2.737725348802741432e-02
1.064322683050904703e-16
1.064322683050904703e-16
4.940874070842013292e-03
5.051914633926803122e-02
1.680531030024090544e-01
3.790261275325497725e-01
6.570654494708708659e-01
8.661290929082631207e-01
9.726227465119725579e-01
9.950591259291580171e-01
9.494808536607320937e-01
8.051651112706421642e-01
5.590456921782764876e-01
2.674107541542979916e-01
8.185472838433871523e-02
9.917875650983154143e-03
8.185472838433871523e-02
2.674107541542979916e-01
5.590456921782767097e-01
8.051651112706419422e-01
9.494808536607318716e-01
9.950591259291580171e-01
9.726227465119727800e-01
8.661290929082631207e-01
6.570654494708708659e-01
3.790261275325497725e-01
1.680531030024091654e-01
5.051914633926787163e-02
4.940874070842119978e-03
0.000000000000000000e+00
1.064322683050904703e-16
8.185472838433881237e-02
2.674107541542979916e-01
5.590456921782770427e-01
8.051651112706421642e-01
9.494808536607317606e-01
9.950591259291577950e-01
9.999999999999997780e-01
1.000000000000000000e+00
9.999999999999997780e-01
1.000000000000000000e+00
9.999999999999995559e-01
1.000000000000000000e+00
1.000000000000000000e+00
1.000000000000000000e+00
1.000000000000000000e+00
1.000000000000000000e+00
1.000000000000000000e+00
1.000000000000000000e+00
9.999999999999997780e-01
9.999999999999997780e-01
9.999999999999997780e-01
1.000000000000000000e+00
1.000000000000000000e+00
9.999999999999997780e-01
9.950591259291580171e-01
9.494808536607320937e-01
8.051651112706420532e-01
5.590456921782769317e-01
2.674107541542979916e-01
8.185472838433839604e-02
4.940874070842333349e-03
0.000000000000000000e+00
1.064322683050904703e-16
4.940874070842119978e-03
5.051914633926787163e-02
1.948348887293576415e-01
4.409543078217231793e-01
7.325892458457017309e-01
9.126526856787060549e-01
9.441877082083914852e-01
8.319468969975909456e-01
6.209738724674506161e-01
3.429345505291290785e-01
1.338709070917365462e-01
2.737725348802725472e-02
0.000000000000000000e+00
2.737725348802725472e-02
1.338709070917365462e-01
3.429345505291289675e-01
6.209738724674506161e-01
8.319468969975909456e-01
9.441877082083913741e-01
9.126526856787060549e-01
7.325892458457020640e-01
4.409543078217231793e-01
1.948348887293577525e-01
5.051914633926792020e-02
4.940874070842013292e-03
1.064322683050904703e-16
1.064322683050904703e-16
0.000000000000000000e+00
1.948348887293579190e-01
4.409543078217235679e-01
7.325892458457019529e-01
9.181452716156613958e-01
9.950591259291577950e-01
1.000000000000000000e+00
1.000000000000000000e+00
1.000000000000000000e+00
1.000000000000000000e+00
1.000000000000000000e+00
1.000000000000000000e+00
1.000000000000000000e+00
1.000000000000000000e+00
1.000000000000000000e+00
1.000000000000000000e+00
1.000000000000000000e+00
1.000000000000000000e+00
1.000000000000000000e+00
1.000000000000000000e+00
1.000000000000000000e+00
9.999999999999997780e-01
1.000000000000000000e+00
1.000000000000000000e+00
9.999999999999997780e-01
1.000000000000000000e+00
9.950591259291577950e-01
9.181452716156612848e-01
7.325892458457017309e-01
4.409543078217228462e-01
1.948348887293573917e-01
5.051914633926803122e-02
4.940874070842119978e-03
0.000000000000000000e+00
0.000000000000000000e+00
4.940874070842013292e-03
8.185472838433877074e-02
2.737858179660912494e-01
5.889731117660358395e-01
8.074475858860937771e-01
8.341820503385176666e-01
6.570654494708708659e-01
3.790261275325493284e-01
1.680531030024090544e-01
5.051914633926792020e-02
4.940874070842119978e-03
1.064322683050904703e-16
4.940874070842119978e-03
5.051914633926787163e-02
1.680531030024091654e-01
3.790261275325494950e-01
6.570654494708708659e-01
8.341820503385174446e-01
8.074475858860941102e-01
5.889731117660359505e-01
2.737858179660913605e-01
8.185472838433877074e-02
4.940874070842013292e-03
1.064322683050904703e-16
0.000000000000000000e+00
0.000000000000000000e+00
0.000000000000000000e+00
3.495228520690099594e-01
6.504771479309903182e-01
8.661290929082634538e-01
9.726227465119727800e-01
9.999999999999997780e-01
9.999999999999997780e-01
1.000000000000000000e+00
1.000000000000000000e+00
1.000000000000000000e+00
1.000000000000000000e+00
1.000000000000000000e+00
1.000000000000000000e+00
9.999999999999995559e-01
9.999999999999997780e-01
9.999999999999997780e-01
9.999999999999997780e-01
9.999999999999995559e-01
9.999999999999997780e-01
1.000000000000000000e+00
1.000000000000000000e+00
9.999999999999997780e-01
1.000000000000000000e+00
1.000000000000000000e+00
1.000000000000000000e+00
1.000000000000000000e+00
1.000000000000000000e+00
9.726227465119727800e-01
8.661290929082633427e-01
6.504771479309899851e-01
3.495228520690098484e-01
1.338709070917367128e-01
2.737725348802709513e-02
0.000000000000000000e+00
0.000000000000000000e+00
0.000000000000000000e+00
2.737725348802725472e-02
1.658179496614824444e-01
4.409543078217231793e-01
6.910941423173282416e-01
6.975785384339091566e-01
4.709977014975409992e-01
2.009255487304878185e-01
5.051914633926787163e-02
4.940874070842226663e-03
1.064322683050904703e-16
1.064322683050904703e-16
1.064322683050904703e-16
4.940874070842119978e-03
5.051914633926787163e-02
2.009255487304878740e-01
4.709977014975408882e-01
6.975785384339089346e-01
6.910941423173282416e-01
4.409543078217231238e-01
1.658179496614823889e-01
2.737725348802741432e-02
0.000000000000000000e+00
0.000000000000000000e+00
0.000000000000000000e+00
1.064322683050904703e-16
0.000000000000000000e+00
5.290022985024591673e-01
7.990744512695119317e-01
9.494808536607320937e-01
9.950591259291580171e-01
9.999999999999995559e-01
9.999999999999997780e-01
1.000000000000000000e+00
1.000000000000000000e+00
1.000000000000000000e+00
9.999999999999997780e-01
1.000000000000000000e+00
1.000000000000000000e+00
1.000000000000000000e+00
1.000000000000000000e+00
1.000000000000000000e+00
1.000000000000000000e+00
1.000000000000000000e+00
1.000000000000000000e+00
1.000000000000000000e+00
1.000000000000000000e+00
1.000000000000000000e+00
1.000000000000000000e+00
1.000000000000000000e+00
1.000000000000000000e+00
1.000000000000000000e+00
1.000000000000000000e+00
9.950591259291577950e-01
9.494808536607320937e-01
7.990744512695121538e-01
5.290022985024591673e-01
2.307039618591923413e-01
5.781099881253952411e-02
0.000000000000000000e+00
0.000000000000000000e+00
0.000000000000000000e+00
4.940874070842013292e-03
1.122057370755525502e-01
3.629964151452738652e-01
6.007033193707628227e-01
6.007033193707628227e-01
3.629964151452741428e-01
1.122057370755523836e-01
4.940874070842119978e-03
1.064322683050904703e-16
1.064322683050904703e-16
1.064322683050904703e-16
1.064322683050904703e-16
1.064322683050904703e-16
4.940874070842226663e-03
1.122057370755525502e-01
3.629964151452740317e-01
6.007033193707624896e-01
6.007033193707629337e-01
3.629964151452739762e-01
1.122057370755525502e-01
4.940874070842226663e-03
0.000000000000000000e+00
0.000000000000000000e+00
0.000000000000000000e+00
0.000000000000000000e+00
0.000000000000000000e+00
6.370035848547261903e-01
8.877942629244475192e-01
9.950591259291577950e-01
1.000000000000000000e+00
1.000000000000000000e+00
1.000000000000000000e+00
1.000000000000000000e+00
1.000000000000000000e+00
1.000000000000000000e+00
1.000000000000000000e+00
1.000000000000000000e+00
1.000000000000000000e+00
1.000000000000000000e+00
9.999999999999997780e-01
1.000000000000000000e+00
1.000000000000000000e+00
1.000000000000000000e+00
1.000000000000000000e+00
1.000000000000000000e+00
1.000000000000000000e+00
1.000000000000000000e+00
1.000000000000000000e+00
1.000000000000000000e+00
1.000000000000000000e+00
1.000000000000000000e+00
1.000000000000000000e+00
1.000000000000000000e+00
9.950591259291577950e-01
8.877942629244477413e-01
6.370035848547261903e-01
2.957085873394015296e-01
8.185472838433849319e-02
0.000000000000000000e+00
0.000000000000000000e+00
0.000000000000000000e+00
0.000000000000000000e+00
8.734731432129387574e-02
3.246347197001466234e-01
5.641086837227212714e-01
5.641086837227211603e-01
3.246347197001466789e-01
8.734731432129387574e-02
0.000000000000000000e+00
1.064322683050904703e-16
1.064322683050904703e-16
1.064322683050904703e-16
1.064322683050904703e-16
1.064322683050904703e-16
1.064322683050904703e-16
8.734731432129404227e-02
3.246347197001466234e-01
5.641086837227209383e-01
5.641086837227214934e-01
3.246347197001467344e-01
8.734731432129398676e-02
1.064322683050904703e-16
0.000000000000000000e+00
0.000000000000000000e+00
0.000000000000000000e+00
0.000000000000000000e+00
0.000000000000000000e+00
6.753652802998532101e-01
9.126526856787060549e-01
1.000000000000000000e+00
1.000000000000000000e+00
1.000000000000000000e+00
1.000000000000000000e+00
1.000000000000000000e+00
1.000000000000000000e+00
1.000000000000000000e+00
1.000000000000000000e+00
1.000000000000000000e+00
1.000000000000000000e+00
1.000000000000000000e+00
1.000000000000000000e+00
1.000000000000000000e+00
1.000000000000000000e+00
1.000000000000000000e+00
1.000000000000000000e+00
1.000000000000000000e+00
1.000000000000000000e+00
1.000000000000000000e+00
1.000000000000000000e+00
1.000000000000000000e+00
1.000000000000000000e+00
1.000000000000000000e+00
1.000000000000000000e+00
1.000000000000000000e+00
1.000000000000000000e+00
9.126526856787060549e-01
6.753652802998532101e-01
3.246347197001467344e-01
8.734731432129387574e-02
0.000000000000000000e+00
0.000000000000000000e+00
1.064322683050904703e-16
0.000000000000000000e+00
8.734731432129398676e-02
3.246347197001466234e-01
5.641086837227211603e-01
5.641086837227211603e-01
3.246347197001469564e-01
8.734731432129382023e-02
0.000000000000000000e+00
1.064322683050904703e-16
1.064322683050904703e-16
1.064322683050904703e-16
1.064322683050904703e-16
1.064322683050904703e-16
1.064322683050904703e-16
8.734731432129398676e-02
3.246347197001466789e-01
5.641086837227209383e-01
5.641086837227211603e-01
3.246347197001466234e-01
8.734731432129387574e-02
1.064322683050904703e-16
0.000000000000000000e+00
0.000000000000000000e+00
0.000000000000000000e+00
0.000000000000000000e+00
0.000000000000000000e+00
6.753652802998530991e-01
9.126526856787060549e-01
1.000000000000000000e+00
1.000000000000000000e+00
1.000000000000000000e+00
9.999999999999995559e-01
1.000000000000000000e+00
1.000000000000000000e+00
1.000000000000000000e+00
1.000000000000000000e+00
1.000000000000000000e+00
1.000000000000000000e+00
1.000000000000000000e+00
1.000000000000000000e+00
1.000000000000000000e+00
1.000000000000000000e+00
1.000000000000000000e+00
1.000000000000000000e+00
1.000000000000000000e+00
1.000000000000000000e+00
1.000000000000000000e+00
1.000000000000000000e+00
1.000000000000000000e+00
9.999999999999997780e-01
1.000000000000000000e+00
1.000000000000000000e+00
9.999999999999995559e-01
9.999999999999995559e-01
9.126526856787056108e-01
6.753652802998528770e-01
3.246347197001466234e-01
8.734731432129382023e-02
0.000000000000000000e+00
0.000000000000000000e+00
1.064322683050904703e-16
1.064322683050904703e-16
8.734731432129398676e-02
3.246347197001465679e-01
5.641086837227210493e-01
5.641086837227212714e-01
3.246347197001467344e-01
8.734731432129387574e-02
0.000000000000000000e+00
1.064322683050904703e-16
0.000000000000000000e+00
1.064322683050904703e-16
1.064322683050904703e-16
1.064322683050904703e-16
1.064322683050904703e-16
8.734731432129404227e-02
3.246347197001466789e-01
5.641086837227209383e-01
5.641086837227211603e-01
3.246347197001466234e-01
8.734731432129398676e-02
1.064322683050904703e-16
0.000000000000000000e+00
0.000000000000000000e+00
0.000000000000000000e+00
0.000000000000000000e+00
0.000000000000000000e+00
6.753652802998532101e-01
9.126526856787062769e-01
1.000000000000000000e+00
1.000000000000000000e+00
1.000000000000000000e+00
1.000000000000000000e+00
1.000000000000000000e+00
9.999999999999997780e-01
1.000000000000000000e+00
1.000000000000000000e+00
1.000000000000000000e+00
1.000000000000000000e+00
1.000000000000000000e+00
1.000000000000000000e+00
1.000000000000000000e+00
1.000000000000000000e+00
1.000000000000000000e+00
1.000000000000000000e+00
1.000000000000000000e+00
1.000000000000000000e+00
9.999999999999997780e-01
1.000000000000000000e+00
1.000000000000000000e+00
1.000000000000000000e+00
1.000000000000000000e+00
1.000000000000000000e+00
1.000000000000000000e+00
9.999999999999997780e-01
9.126526856787058328e-01
6.753652802998532101e-01
3.246347197001466234e-01
8.734731432129398676e-02
0.000000000000000000e+00
0.000000000000000000e+00
0.000000000000000000e+00
0.000000000000000000e+00
8.734731432129398676e-02
3.246347197001466234e-01
5.641086837227211603e-01
5.641086837227209383e-01
3.246347197001468454e-01
8.734731432129382023e-02
0.000000000000000000e+00
1.064322683050904703e-16
0.000000000000000000e+00
1.064322683050904703e-16
1.064322683050904703e-16
1.064322683050904703e-16
1.064322683050904703e-16
8.734731432129398676e-02
3.246347197001466234e-01
5.641086837227209383e-01
5.641086837227211603e-01
3.246347197001466234e-01
8.734731432129398676e-02
1.064322683050904703e-16
0.000000000000000000e+00
0.000000000000000000e+00
0.000000000000000000e+00
0.000000000000000000e+00
0.000000000000000000e+00
6.753652802998532101e-01
9.126526856787058328e-01
1.000000000000000000e+00
1.000000000000000000e+00
1.000000000000000000e+00
1.000000000000000000e+00
1.000000000000000000e+00
1.000000000000000000e+00
1.000000000000000000e+00
1.000000000000000000e+00
1.000000000000000000e+00
1.000000000000000000e+00
1.000000000000000000e+00
1.000000000000000000e+00
1.000000000000000000e+00
1.000000000000000000e+00
1.000000000000000000e+00
1.000000000000000000e+00
1.000000000000000000e+00
1.000000000000000000e+00
1.000000000000000000e+00
1.000000000000000000e+00
1.000000000000000000e+00
1.000000000000000000e+00
1.000000000000000000e+00
1.000000000000000000e+00
9.999999999999995559e-01
1.000000000000000000e+00
9.126526856787058328e-01
6.753652802998530991e-01
3.246347197001465124e-01
8.734731432129398676e-02
0.000000000000000000e+00
0.000000000000000000e+00
1.064322683050904703e-16
0.000000000000000000e+00
8.734731432129398676e-02
3.246347197001466234e-01
5.641086837227212714e-01
5.641086837227211603e-01
3.246347197001469564e-01
8.734731432129382023e-02
0.000000000000000000e+00
1.064322683050904703e-16
1.064322683050904703e-16
1.064322683050904703e-16
1.064322683050904703e-16
1.064322683050904703e-16
1.064322683050904703e-16
8.734731432129398676e-02
3.246347197001467344e-01
5.641086837227209383e-01
5.641086837227211603e-01
3.246347197001467344e-01
8.734731432129382023e-02
1.064322683050904703e-16
0.000000000000000000e+00
0.000000000000000000e+00
0.000000000000000000e+00
0.000000000000000000e+00
0.000000000000000000e+00
6.753652802998532101e-01
9.126526856787060549e-01
9.999999999999997780e-01
1.000000000000000000e+00
1.000000000000000000e+00
1.000000000000000000e+00
1.000000000000000000e+00
9.999999999999997780e-01
1.000000000000000000e+00
9.999999999999995559e-01
1.000000000000000000e+00
1.000000000000000000e+00
9.999999999999997780e-01
1.000000000000000000e+00
9.999999999999997780e-01
1.000000000000000000e+00
1.000000000000000000e+00
9.999999999999997780e-01
9.999999999999995559e-01
1.000000000000000000e+00
9.999999999999995559e-01
1.000000000000000000e+00
1.000000000000000000e+00
1.000000000000000000e+00
1.000000000000000000e+00
1.000000000000000000e+00
1.000000000000000000e+00
9.999999999999997780e-01
9.126526856787058328e-01
6.753652802998532101e-01
3.246347197001466234e-01
8.734731432129387574e-02
0.000000000000000000e+00
0.000000000000000000e+00
1.064322683050904703e-16
1.064322683050904703e-16
8.734731432129398676e-02
3.246347197001467344e-01
5.641086837227209383e-01
5.641086837227210493e-01
3.246347197001468454e-01
8.734731432129387574e-02
0.000000000000000000e+00
1.064322683050904703e-16
1.064322683050904703e-16
1.064322683050904703e-16
1.064322683050904703e-16
1.064322683050904703e-16
1.064322683050904703e-16
8.734731432129404227e-02
3.246347197001466789e-01
5.641086837227209383e-01
5.641086837227211603e-01
3.246347197001468454e-01
8.734731432129387574e-02
1.064322683050904703e-16
0.000000000000000000e+00
0.000000000000000000e+00
0.000000000000000000e+00
0.000000000000000000e+00
0.000000000000000000e+00
6.753652802998532101e-01
9.126526856787060549e-01
1.000000000000000000e+00
1.000000000000000000e+00
1.000000000000000000e+00
1.000000000000000000e+00
1.000000000000000000e+00
1.000000000000000000e+00
1.000000000000000000e+00
1.000000000000000000e+00
9.999999999999997780e-01
9.999999999999997780e-01
1.000000000000000000e+00
1.000000000000000000e+00
1.000000000000000000e+00
1.000000000000000000e+00
1.000000000000000000e+00
1.000000000000000000e+00
9.999999999999997780e-01
1.000000000000000000e+00
1.000000000000000000e+00
9.999999999999997780e-01
1.000000000000000000e+00
9.999999999999997780e-01
1.000000000000000000e+00
1.000000000000000000e+00
1.000000000000000000e+00
1.000000000000000000e+00
9.126526856787058328e-01
6.753652802998533211e-01
3.246347197001466234e-01
8.734731432129398676e-02
0.000000000000000000e+00
0.000000000000000000e+00
1.064322683050904703e-16
1.064322683050904703e-16
8.734731432129398676e-02
3.246347197001466789e-01
5.641086837227211603e-01
5.641086837227209383e-01
3.246347197001467344e-01
8.734731432129387574e-02
0.000000000000000000e+00
0.000000000000000000e+00
1.064322683050904703e-16
1.064322683050904703e-16
1.064322683050904703e-16
1.064322683050904703e-16
1.064322683050904703e-16
8.734731432129409778e-02
3.246347197001466789e-01
5.641086837227208273e-01
5.641086837227210493e-01
3.246347197001468454e-01
8.734731432129387574e-02
1.064322683050904703e-16
0.000000000000000000e+00
0.000000000000000000e+00
1.064322683050904703e-16
0.000000000000000000e+00
0.000000000000000000e+00
6.370035848547257462e-01
8.877942629244477413e-01
9.950591259291577950e-01
1.000000000000000000e+00
1.000000000000000000e+00
1.000000000000000000e+00
9.999999999999997780e-01
1.000000000000000000e+00
1.000000000000000000e+00
9.999999999999997780e-01
1.000000000000000000e+00
1.000000000000000000e+00
1.000000000000000000e+00
1.000000000000000000e+00
1.000000000000000000e+00
1.000000000000000000e+00
1.000000000000000000e+00
9.999999999999997780e-01
1.000000000000000000e+00
1.000000000000000000e+00
9.999999999999997780e-01
9.999999999999997780e-01
1.000000000000000000e+00
1.000000000000000000e+00
9.999999999999997780e-01
1.000000000000000000e+00
1.000000000000000000e+00
9.950591259291577950e-01
8.877942629244469641e-01
6.370035848547259683e-01
2.957085873394015296e-01
8.185472838433871523e-02
0.000000000000000000e+00
0.000000000000000000e+00
1.064322683050904703e-16
1.064322683050904703e-16
8.734731432129404227e-02
3.246347197001466234e-01
5.641086837227212714e-01
5.641086837227209383e-01
3.246347197001467344e-01
8.734731432129387574e-02
0.000000000000000000e+00
1.064322683050904703e-16
1.064322683050904703e-16
1.064322683050904703e-16
1.064322683050904703e-16
1.064322683050904703e-16
1.064322683050904703e-16
8.734731432129398676e-02
3.246347197001467344e-01
5.641086837227209383e-01
5.641086837227211603e-01
3.246347197001467344e-01
8.734731432129398676e-02
1.064322683050904703e-16
0.000000000000000000e+00
0.000000000000000000e+00
0.000000000000000000e+00
0.000000000000000000e+00
0.000000000000000000e+00
5.290022985024589453e-01
7.990744512695122648e-01
9.494808536607318716e-01
9.950591259291577950e-01
1.000000000000000000e+00
9.999999999999995559e-01
9.999999999999997780e-01
1.000000000000000000e+00
1.000000000000000000e+00
9.999999999999997780e-01
9.999999999999997780e-01
1.000000000000000000e+00
9.999999999999997780e-01
1.000000000000000000e+00
1.000000000000000000e+00
1.000000000000000000e+00
1.000000000000000000e+00
1.000000000000000000e+00
1.000000000000000000e+00
9.999999999999997780e-01
9.999999999999997780e-01
9.999999999999997780e-01
1.000000000000000000e+00
1.000000000000000000e+00
9.999999999999995559e-01
1.000000000000000000e+00
9.950591259291577950e-01
9.494808536607320937e-01
7.990744512695121538e-01
5.290022985024590563e-01
2.307039618591925079e-01
5.781099881253978778e-02
0.000000000000000000e+00
0.000000000000000000e+00
0.000000000000000000e+00
4.940874070842119978e-03
1.122057370755525502e-01
3.629964151452740317e-01
6.007033193707628227e-01
6.007033193707629337e-01
3.629964151452741428e-01
1.122057370755525502e-01
4.940874070842119978e-03
1.064322683050904703e-16
1.064322683050904703e-16
1.064322683050904703e-16
1.064322683050904703e-16
1.064322683050904703e-16
4.940874070842119978e-03
1.122057370755527028e-01
3.629964151452740317e-01
6.007033193707627117e-01
6.007033193707629337e-01
3.629964151452740317e-01
1.122057370755524391e-01
4.940874070842333349e-03
0.000000000000000000e+00
0.000000000000000000e+00
0.000000000000000000e+00
0.000000000000000000e+00
0.000000000000000000e+00
3.495228520690097374e-01
6.504771479309898741e-01
8.661290929082631207e-01
9.726227465119727800e-01
1.000000000000000000e+00
9.999999999999995559e-01
9.999999999999997780e-01
9.999999999999997780e-01
9.999999999999997780e-01
9.999999999999997780e-01
9.999999999999997780e-01
1.000000000000000000e+00
1.000000000000000000e+00
1.000000000000000000e+00
1.000000000000000000e+00
1.000000000000000000e+00
1.000000000000000000e+00
1.000000000000000000e+00
1.000000000000000000e+00
1.000000000000000000e+00
1.000000000000000000e+00
9.999999999999997780e-01
9.999999999999997780e-01
1.000000000000000000e+00
9.999999999999997780e-01
1.000000000000000000e+00
9.726227465119727800e-01
8.661290929082631207e-01
6.504771479309897630e-01
3.495228520690097374e-01
1.338709070917363797e-01
2.737725348802725472e-02
0.000000000000000000e+00
0.000000000000000000e+00
0.000000000000000000e+00
2.737725348802725472e-02
1.658179496614823889e-01
4.409543078217229573e-01
6.910941423173282416e-01
6.975785384339090456e-01
4.709977014975409992e-01
2.009255487304878185e-01
5.051914633926787163e-02
4.940874070842119978e-03
1.064322683050904703e-16
1.064322683050904703e-16
1.064322683050904703e-16
4.940874070842119978e-03
5.051914633926787163e-02
2.009255487304878185e-01
4.709977014975408327e-01
6.975785384339092676e-01
6.910941423173284637e-01
4.409543078217230683e-01
1.658179496614822779e-01
2.737725348802741432e-02
0.000000000000000000e+00
0.000000000000000000e+00
1.064322683050904703e-16
0.000000000000000000e+00
0.000000000000000000e+00
1.948348887293579190e-01
4.409543078217231238e-01
7.325892458457016199e-01
9.181452716156616178e-01
9.950591259291577950e-01
9.999999999999997780e-01
9.999999999999997780e-01
9.999999999999995559e-01
1.000000000000000000e+00
9.999999999999995559e-01
1.000000000000000000e+00
1.000000000000000000e+00
1.000000000000000000e+00
1.000000000000000000e+00
1.000000000000000000e+00
1.000000000000000000e+00
1.000000000000000000e+00
1.000000000000000000e+00
9.999999999999997780e-01
1.000000000000000000e+00
9.999999999999995559e-01
1.000000000000000000e+00
9.999999999999997780e-01
1.000000000000000000e+00
9.999999999999995559e-01
9.950591259291577950e-01
9.181452716156613958e-01
7.325892458457016199e-01
4.409543078217226797e-01
1.948348887293579190e-01
5.051914633926787163e-02
4.940874070842119978e-03
0.000000000000000000e+00
0.000000000000000000e+00
4.940874070842226663e-03
8.185472838433865972e-02
2.737858179660912494e-01
5.889731117660359505e-01
8.074475858860937771e-01
8.341820503385174446e-01
6.570654494708705329e-01
3.790261275325493284e-01
1.680531030024089989e-01
5.051914633926787163e-02
4.940874070842119978e-03
1.064322683050904703e-16
4.940874070842226663e-03
5.051914633926787163e-02
1.680531030024090544e-01
3.790261275325494950e-01
6.570654494708706439e-01
8.341820503385174446e-01
8.074475858860938882e-01
5.889731117660359505e-01
2.737858179660913049e-01
8.185472838433871523e-02
4.940874070842013292e-03
0.000000000000000000e+00
1.064322683050904703e-16
0.000000000000000000e+00
0.000000000000000000e+00
8.185472838433871523e-02
2.674107541542979916e-01
5.590456921782764876e-01
8.051651112706422753e-01
9.494808536607318716e-01
9.950591259291577950e-01
1.000000000000000000e+00
1.000000000000000000e+00
9.999999999999997780e-01
9.999999999999995559e-01
1.000000000000000000e+00
1.000000000000000000e+00
9.999999999999997780e-01
9.999999999999997780e-01
9.999999999999997780e-01
9.999999999999997780e-01
1.000000000000000000e+00
9.999999999999997780e-01
9.999999999999997780e-01
1.000000000000000000e+00
9.999999999999997780e-01
9.999999999999997780e-01
1.000000000000000000e+00
1.000000000000000000e+00
9.950591259291577950e-01
9.494808536607320937e-01
8.051651112706420532e-01
5.590456921782764876e-01
2.674107541542978805e-01
8.185472838433865972e-02
4.940874070842013292e-03
0.000000000000000000e+00
0.000000000000000000e+00
4.940874070842013292e-03
5.051914633926776060e-02
1.948348887293576970e-01
4.409543078217231238e-01
7.325892458457017309e-01
9.126526856787060549e-01
9.441877082083913741e-01
8.319468969975909456e-01
6.209738724674502830e-01
3.429345505291288565e-01
1.338709070917365462e-01
2.737725348802725472e-02
1.064322683050904703e-16
2.737725348802730677e-02
1.338709070917365462e-01
3.429345505291290785e-01
6.209738724674502830e-01
8.319468969975907235e-01
9.441877082083912631e-01
9.126526856787060549e-01
7.325892458457017309e-01
4.409543078217231238e-01
1.948348887293577525e-01
5.051914633926771203e-02
4.940874070842013292e-03
0.000000000000000000e+00
0.000000000000000000e+00
0.000000000000000000e+00
2.737725348802746636e-02
1.338709070917367128e-01
3.495228520690099594e-01
6.504771479309903182e-01
8.661290929082633427e-01
9.726227465119727800e-01
1.000000000000000000e+00
9.999999999999995559e-01
1.000000000000000000e+00
9.999999999999997780e-01
1.000000000000000000e+00
1.000000000000000000e+00
1.000000000000000000e+00
1.000000000000000000e+00
1.000000000000000000e+00
1.000000000000000000e+00
1.000000000000000000e+00
9.999999999999997780e-01
9.999999999999997780e-01
1.000000000000000000e+00
1.000000000000000000e+00
1.000000000000000000e+00
1.000000000000000000e+00
1.000000000000000000e+00
9.726227465119730020e-01
8.661290929082636758e-01
6.504771479309900961e-01
3.495228520690096818e-01
1.338709070917363519e-01
2.737725348802725472e-02
0.000000000000000000e+00
1.064322683050904703e-16
4.940874070842333349e-03
5.051914633926787163e-02
1.680531030024089989e-01
3.790261275325494950e-01
6.570654494708705329e-01
8.661290929082631207e-01
9.726227465119727800e-01
9.950591259291577950e-01
9.494808536607320937e-01
8.051651112706421642e-01
5.590456921782764876e-01
2.674107541542979916e-01
8.185472838433865972e-02
9.917875650983261696e-03
8.185472838433871523e-02
2.674107541542979916e-01
5.590456921782769317e-01
8.051651112706421642e-01
9.494808536607318716e-01
9.950591259291577950e-01
9.726227465119725579e-01
8.661290929082631207e-01
6.570654494708705329e-01
3.790261275325494950e-01
1.680531030024089989e-01
5.051914633926787163e-02
4.940874070842333349e-03
0.000000000000000000e+00
0.000000000000000000e+00
4.940874070842333349e-03
5.051914633926787163e-02
1.948348887293576970e-01
4.342206792374372348e-01
7.040441080032652232e-01
8.856659542232824256e-01
9.726227465119727800e-01
9.950591259291577950e-01
1.000000000000000000e+00
1.000000000000000000e+00
1.000000000000000000e+00
9.999999999999995559e-01
9.999999999999997780e-01
1.000000000000000000e+00
9.999999999999997780e-01
1.000000000000000000e+00
1.000000000000000000e+00
9.999999999999997780e-01
9.999999999999995559e-01
1.000000000000000000e+00
1.000000000000000000e+00
1.000000000000000000e+00
9.950591259291577950e-01
9.726227465119727800e-01
8.856659542232826476e-01
7.040441080032654453e-01
4.342206792374373459e-01
1.948348887293576970e-01
5.051914633926776060e-02
4.940874070842119978e-03
1.064322683050904703e-16
1.064322683050904703e-16
2.737725348802714717e-02
1.338709070917364352e-01
3.429345505291290785e-01
6.209738724674502830e-01
8.319468969975905015e-01
9.494808536607320937e-01
9.950591259291577950e-01
1.000000000000000000e+00
9.950591259291580171e-01
9.181452716156612848e-01
7.262141820339085285e-01
4.110268882339639940e-01
1.598920427532550537e-01
5.581229179160855647e-02
1.598920427532551647e-01
4.110268882339639940e-01
7.262141820339087506e-01
9.181452716156612848e-01
9.950591259291577950e-01
1.000000000000000000e+00
9.950591259291577950e-01
9.494808536607320937e-01
8.319468969975906125e-01
6.209738724674506161e-01
3.429345505291289675e-01
1.338709070917365462e-01
2.737725348802741432e-02
1.064322683050904703e-16
1.064322683050904703e-16
1.064322683050904703e-16
4.940874070842226663e-03
8.185472838433881237e-02
2.392972236336648739e-01
4.898568996148930932e-01
7.040441080032652232e-01
8.661290929082634538e-01
9.494808536607318716e-01
9.950591259291577950e-01
9.999999999999997780e-01
9.999999999999997780e-01
9.999999999999997780e-01
1.000000000000000000e+00
1.000000000000000000e+00
9.999999999999997780e-01
1.000000000000000000e+00
9.999999999999997780e-01
9.999999999999997780e-01
9.999999999999997780e-01
9.999999999999997780e-01
9.999999999999997780e-01
9.950591259291577950e-01
9.494808536607320937e-01
8.661290929082634538e-01
7.040441080032652232e-01
4.898568996148933152e-01
2.392972236336647074e-01
8.185472838433886789e-02
4.940874070842013292e-03
0.000000000000000000e+00
0.000000000000000000e+00
4.940874070842013292e-03
8.185472838433860421e-02
2.674107541542978805e-01
5.590456921782765987e-01
8.051651112706421642e-01
9.494808536607318716e-01
9.950591259291577950e-01
1.000000000000000000e+00
1.000000000000000000e+00
1.000000000000000000e+00
9.674862594473689903e-01
8.074475858860937771e-01
5.197040671083704710e-01
2.093495412716273596e-01
1.086822990907814895e-01
2.093495412716274706e-01
5.197040671083704710e-01
8.074475858860937771e-01
9.674862594473692123e-01
1.000000000000000000e+00
1.000000000000000000e+00
1.000000000000000000e+00
9.950591259291577950e-01
9.494808536607320937e-01
8.051651112706421642e-01
5.590456921782765987e-01
2.674107541542979916e-01
8.185472838433860421e-02
4.940874070842333349e-03
1.064322683050904703e-16
0.000000000000000000e+00
0.000000000000000000e+00
2.737725348802725472e-02
1.007449884376726140e-01
2.392972236336646796e-01
4.342206792374368463e-01
6.504771479309904292e-01
8.051651112706416091e-01
9.181452716156613958e-01
9.726227465119727800e-01
9.950591259291577950e-01
9.999999999999997780e-01
9.999999999999997780e-01
9.999999999999997780e-01
9.999999999999997780e-01
9.999999999999997780e-01
1.000000000000000000e+00
9.999999999999995559e-01
1.000000000000000000e+00
9.950591259291575730e-01
9.726227465119727800e-01
9.181452716156613958e-01
8.051651112706419422e-01
6.504771479309900961e-01
4.342206792374370683e-01
2.392972236336650960e-01
1.007449884376727806e-01
2.737725348802741432e-02
1.064322683050904703e-16
0.000000000000000000e+00
4.940874070842119978e-03
5.051914633926776060e-02
1.948348887293580300e-01
4.409543078217235679e-01
7.325892458457016199e-01
9.181452716156612848e-01
9.950591259291577950e-01
9.999999999999997780e-01
9.999999999999997780e-01
9.999999999999997780e-01
9.950591259291580171e-01
9.441877082083915962e-01
7.716356903889524110e-01
4.895978746553264482e-01
2.032220289944848546e-01
1.086822990907814895e-01
2.032220289944849101e-01
4.895978746553264482e-01
7.716356903889526331e-01
9.441877082083917072e-01
9.950591259291577950e-01
9.999999999999997780e-01
9.999999999999997780e-01
9.999999999999997780e-01
9.950591259291577950e-01
9.181452716156612848e-01
7.325892458457016199e-01
4.409543078217232348e-01
1.948348887293582798e-01
5.051914633926792020e-02
4.940874070842013292e-03
0.000000000000000000e+00
0.000000000000000000e+00
4.940874070842119978e-03
2.737725348802725472e-02
8.185472838433871523e-02
1.948348887293577525e-01
3.495228520690098484e-01
5.590456921782765987e-01
7.325892458457016199e-01
8.661290929082633427e-01
9.494808536607320937e-01
9.950591259291577950e-01
9.999999999999997780e-01
1.000000000000000000e+00
1.000000000000000000e+00
1.000000000000000000e+00
1.000000000000000000e+00
9.999999999999997780e-01
9.950591259291575730e-01
9.494808536607320937e-01
8.661290929082631207e-01
7.325892458457017309e-01
5.590456921782767097e-01
3.495228520690099594e-01
1.948348887293578080e-01
8.185472838433897891e-02
2.737725348802714717e-02
4.940874070842119978e-03
0.000000000000000000e+00
4.940874070842013292e-03
5.051914633926803122e-02
1.680531030024092209e-01
3.790261275325494950e-01
6.570654494708708659e-01
8.661290929082631207e-01
9.726227465119725579e-01
9.999999999999995559e-01
1.000000000000000000e+00
9.999999999999997780e-01
9.950591259291577950e-01
9.494808536607322047e-01
8.319468969975907235e-01
6.209738724674502830e-01
3.429345505291291896e-01
1.338709070917365462e-01
5.581229179160855647e-02
1.338709070917366573e-01
3.429345505291291896e-01
6.209738724674506161e-01
8.319468969975907235e-01
9.494808536607318716e-01
9.950591259291577950e-01
1.000000000000000000e+00
1.000000000000000000e+00
1.000000000000000000e+00
9.726227465119727800e-01
8.661290929082631207e-01
6.570654494708708659e-01
3.790261275325494950e-01
1.680531030024092765e-01
5.051914633926792020e-02
0.000000000000000000e+00
0.000000000000000000e+00
0.000000000000000000e+00
1.064322683050904703e-16
4.940874070842119978e-03
5.051914633926771203e-02
1.338709070917365462e-01
2.674107541542981026e-01
4.409543078217231238e-01
6.504771479309900961e-01
7.990744512695122648e-01
8.877942629244475192e-01
9.126526856787058328e-01
9.126526856787060549e-01
9.126526856787060549e-01
9.126526856787060549e-01
9.126526856787062769e-01
9.126526856787060549e-01
8.877942629244472972e-01
7.990744512695122648e-01
6.504771479309897630e-01
4.409543078217232348e-01
2.674107541542979916e-01
1.338709070917365462e-01
5.051914633926803122e-02
4.940874070842333349e-03
0.000000000000000000e+00
0.000000000000000000e+00
4.940874070842119978e-03
5.051914633926787163e-02
1.680531030024089989e-01
3.723775211290238363e-01
6.276224788709752200e-01
8.319468969975909456e-01
9.494808536607315386e-01
9.950591259291577950e-01
1.000000000000000000e+00
1.000000000000000000e+00
9.950591259291577950e-01
9.494808536607318716e-01
8.319468969975909456e-01
6.276224788709759972e-01
3.723775211290241693e-01
1.680531030024091654e-01
5.051914633926792020e-02
9.917875650983261696e-03
5.051914633926803122e-02
1.680531030024092209e-01
3.723775211290244469e-01
6.276224788709759972e-01
8.319468969975909456e-01
9.494808536607320937e-01
9.950591259291580171e-01
1.000000000000000000e+00
1.000000000000000000e+00
9.950591259291577950e-01
9.494808536607318716e-01
8.319468969975907235e-01
6.276224788709753311e-01
3.723775211290242249e-01
1.680531030024089989e-01
2.930391610704706495e-02
2.227636768868092657e-02
4.940874070842226663e-03
1.064322683050904703e-16
1.064322683050904703e-16
4.940874070842119978e-03
2.737725348802730677e-02
8.185472838433871523e-02
1.948348887293578080e-01
3.495228520690098484e-01
5.290022985024593893e-01
6.370035848547261903e-01
6.753652802998533211e-01
6.753652802998532101e-01
6.753652802998534321e-01
6.753652802998534321e-01
6.753652802998534321e-01
6.753652802998534321e-01
6.370035848547261903e-01
5.290022985024595004e-01
3.495228520690099594e-01
1.948348887293578080e-01
8.185472838433871523e-02
2.737725348802741432e-02
4.940874070842119978e-03
1.064322683050904703e-16
1.064322683050904703e-16
4.940874070842333349e-03
5.051914633926803122e-02
1.680531030024089989e-01
3.723775211290240028e-01
6.276224788709757751e-01
8.319468969975905015e-01
9.494808536607318716e-01
9.950591259291575730e-01
1.000000000000000000e+00
9.999999999999997780e-01
1.000000000000000000e+00
9.726227465119727800e-01
8.661290929082631207e-01
6.570654494708710880e-01
3.790261275325494950e-01
1.680531030024089989e-01
5.051914633926776060e-02
4.940874070842119978e-03
1.064322683050904703e-16
4.940874070842226663e-03
5.051914633926792020e-02
1.680531030024092765e-01
3.790261275325497170e-01
6.570654494708708659e-01
8.661290929082634538e-01
9.726227465119727800e-01
1.000000000000000000e+00
1.000000000000000000e+00
9.999999999999997780e-01
9.950591259291575730e-01
9.494808536607318716e-01
8.319468969975906125e-01
6.209738724674506161e-01
3.429345505291289675e-01
1.164669000235728225e-01
1.028483876183220874e-01
5.051914633926803122e-02
4.940874070842226663e-03
1.064322683050904703e-16
0.000000000000000000e+00
0.000000000000000000e+00
4.940874070842013292e-03
5.051914633926776060e-02
1.338709070917365462e-01
2.307039618591925634e-01
2.957085873394015296e-01
3.246347197001467344e-01
3.246347197001470120e-01
3.246347197001467344e-01
3.246347197001469564e-01
3.246347197001467344e-01
3.246347197001468454e-01
2.957085873394017517e-01
2.307039618591925634e-01
1.338709070917363797e-01
5.051914633926803122e-02
4.940874070842333349e-03
1.064322683050904703e-16
1.064322683050904703e-16
2.128645366101809406e-16
4.940874070842333349e-03
5.051914633926803122e-02
1.680531030024092209e-01
3.723775211290240028e-01
6.276224788709757751e-01
8.319468969975906125e-01
9.494808536607318716e-01
9.950591259291577950e-01
9.999999999999997780e-01
1.000000000000000000e+00
1.000000000000000000e+00
9.950591259291577950e-01
9.181452716156611737e-01
7.325892458457019529e-01
4.409543078217232348e-01
1.948348887293576970e-01
5.051914633926787163e-02
4.940874070842013292e-03
1.064322683050904703e-16
1.064322683050904703e-16
1.064322683050904703e-16
4.940874070842119978e-03
5.051914633926803122e-02
1.948348887293578080e-01
4.409543078217231238e-01
7.325892458457017309e-01
9.181452716156612848e-01
9.950591259291577950e-01
1.000000000000000000e+00
1.000000000000000000e+00
1.000000000000000000e+00
9.950591259291575730e-01
9.494808536607318716e-01
7.990744512695121538e-01
5.290022985024590563e-01
2.850046351786706955e-01
2.698046454463881028e-01
1.680531030024092209e-01
5.051914633926787163e-02
4.940874070842119978e-03
0.000000000000000000e+00
1.064322683050904703e-16
1.064322683050904703e-16
4.940874070842013292e-03
2.737725348802730677e-02
5.781099881253989187e-02
8.185472838433865972e-02
8.734731432129387574e-02
8.734731432129382023e-02
8.734731432129387574e-02
8.734731432129404227e-02
8.734731432129404227e-02
8.734731432129398676e-02
8.185472838433881237e-02
5.781099881254000289e-02
2.737725348802725472e-02
4.940874070842013292e-03
1.064322683050904703e-16
0.000000000000000000e+00
0.000000000000000000e+00
4.940874070842439167e-03
5.051914633926792020e-02
1.680531030024092765e-01
3.723775211290241693e-01
6.276224788709757751e-01
8.319468969975907235e-01
9.494808536607315386e-01
9.950591259291577950e-01
1.000000000000000000e+00
9.999999999999995559e-01
1.000000000000000000e+00
9.950591259291575730e-01
9.494808536607318716e-01
8.051651112706419422e-01
5.590456921782765987e-01
2.674107541542981026e-01
8.185472838433865972e-02
4.940874070842226663e-03
0.000000000000000000e+00
0.000000000000000000e+00
1.064322683050904703e-16
1.064322683050904703e-16
0.000000000000000000e+00
4.940874070842333349e-03
8.185472838433881237e-02
2.674107541542978805e-01
5.590456921782767097e-01
8.051651112706420532e-01
9.494808536607320937e-01
9.950591259291575730e-01
1.000000000000000000e+00
9.999999999999995559e-01
9.999999999999995559e-01
9.950591259291575730e-01
8.877942629244477413e-01
6.370035848547261903e-01
4.690622009826415084e-01
5.152261776737769861e-01
3.790261275325494950e-01
1.948348887293579190e-01
8.185472838433871523e-02
2.737725348802725472e-02
4.940874070842119978e-03
1.064322683050904703e-16
0.000000000000000000e+00
1.064322683050904703e-16
1.064322683050904703e-16
0.000000000000000000e+00
1.064322683050904703e-16
0.000000000000000000e+00
1.064322683050904703e-16
2.128645366101809406e-16
2.128645366101809406e-16
1.064322683050904703e-16
1.064322683050904703e-16
1.064322683050904703e-16
1.064322683050904703e-16
1.064322683050904703e-16
1.064322683050904703e-16
4.940874070842333349e-03
2.737725348802725472e-02
8.185472838433886789e-02
1.948348887293579190e-01
3.790261275325497725e-01
6.276224788709755531e-01
8.319468969975907235e-01
9.494808536607318716e-01
9.950591259291577950e-01
9.999999999999995559e-01
1.000000000000000000e+00
9.999999999999997780e-01
9.950591259291577950e-01
9.494808536607318716e-01
8.319468969975907235e-01
6.209738724674505050e-01
3.429345505291293006e-01
1.338709070917367683e-01
2.737725348802725472e-02
1.064322683050904703e-16
0.000000000000000000e+00
1.064322683050904703e-16
1.064322683050904703e-16
1.064322683050904703e-16
1.064322683050904703e-16
1.064322683050904703e-16
2.737725348802725472e-02
1.338709070917365462e-01
3.429345505291290785e-01
6.209738724674506161e-01
8.319468969975907235e-01
9.494808536607318716e-01
9.950591259291577950e-01
9.999999999999997780e-01
9.999999999999997780e-01
1.000000000000000000e+00
9.126526856787060549e-01
6.753652802998533211e-01
6.098952976753554411e-01
7.286131224098351122e-01
6.570654494708706439e-01
4.409543078217232348e-01
2.674107541542981581e-01
1.338709070917364352e-01
5.051914633926787163e-02
4.940874070842013292e-03
0.000000000000000000e+00
1.064322683050904703e-16
0.000000000000000000e+00
0.000000000000000000e+00
1.064322683050904703e-16
2.128645366101809406e-16
1.064322683050904703e-16
1.064322683050904703e-16
1.064322683050904703e-16
1.064322683050904703e-16
0.000000000000000000e+00
0.000000000000000000e+00
0.000000000000000000e+00
1.064322683050904703e-16
4.940874070842333349e-03
5.051914633926803122e-02
1.338709070917365462e-01
2.674107541542983246e-01
4.409543078217234013e-01
6.570654494708710880e-01
8.319468969975909456e-01
9.494808536607318716e-01
9.950591259291577950e-01
1.000000000000000000e+00
1.000000000000000000e+00
1.000000000000000000e+00
9.950591259291577950e-01
9.494808536607318716e-01
8.319468969975910566e-01
6.276224788709759972e-01
3.723775211290240028e-01
1.680531030024092209e-01
5.051914633926803122e-02
4.940874070842119978e-03
1.064322683050904703e-16
0.000000000000000000e+00
1.064322683050904703e-16
0.000000000000000000e+00
0.000000000000000000e+00
1.064322683050904703e-16
1.064322683050904703e-16
4.940874070842119978e-03
5.051914633926787163e-02
1.680531030024090544e-01
3.723775211290241693e-01
6.276224788709757751e-01
8.319468969975909456e-01
9.494808536607320937e-01
9.950591259291580171e-01
9.999999999999997780e-01
1.000000000000000000e+00
9.126526856787060549e-01
6.753652802998532101e-01
6.688209104339560840e-01
8.564843746524160029e-01
8.661290929082634538e-01
7.325892458457016199e-01
5.590456921782764876e-01
3.429345505291289675e-01
1.680531030024092209e-01
5.051914633926803122e-02
4.940874070842119978e-03
1.064322683050904703e-16
2.128645366101809406e-16
0.000000000000000000e+00
1.064322683050904703e-16
0.000000000000000000e+00
1.064322683050904703e-16
1.064322683050904703e-16
1.064322683050904703e-16
1.064322683050904703e-16
1.064322683050904703e-16
2.128645366101809406e-16
1.064322683050904703e-16
4.940874070842013292e-03
5.051914633926803122e-02
1.680531030024089989e-01
3.429345505291288565e-01
5.590456921782769317e-01
7.325892458457019529e-01
8.661290929082634538e-01
9.494808536607318716e-01
9.950591259291580171e-01
9.999999999999997780e-01
9.999999999999995559e-01
1.000000000000000000e+00
9.950591259291577950e-01
9.494808536607318716e-01
8.319468969975909456e-01
6.276224788709754421e-01
3.723775211290243359e-01
1.680531030024091654e-01
5.051914633926803122e-02
4.940874070842333349e-03
0.000000000000000000e+00
1.064322683050904703e-16
0.000000000000000000e+00
1.064322683050904703e-16
0.000000000000000000e+00
1.064322683050904703e-16
1.064322683050904703e-16
1.064322683050904703e-16
1.064322683050904703e-16
4.940874070842119978e-03
5.051914633926792020e-02
1.680531030024090544e-01
3.723775211290243359e-01
6.276224788709754421e-01
8.319468969975910566e-01
9.494808536607318716e-01
9.950591259291573509e-01
9.999999999999997780e-01
9.126526856787060549e-01
6.753652802998532101e-01
6.753652802998530991e-01
9.071266437055459653e-01
9.726227465119727800e-01
9.181452716156612848e-01
8.051651112706419422e-01
6.209738724674502830e-01
3.790261275325497725e-01
1.948348887293576970e-01
8.185472838433865972e-02
2.737725348802725472e-02
4.940874070842226663e-03
0.000000000000000000e+00
0.000000000000000000e+00
1.064322683050904703e-16
1.064322683050904703e-16
0.000000000000000000e+00
1.064322683050904703e-16
0.000000000000000000e+00
0.000000000000000000e+00
4.940874070842119978e-03
2.737725348802725472e-02
8.185472838433865972e-02
1.948348887293578080e-01
3.790261275325496060e-01
6.209738724674502830e-01
8.051651112706422753e-01
9.181452716156613958e-01
9.726227465119730020e-01
9.950591259291577950e-01
1.000000000000000000e+00
1.000000000000000000e+00
9.999999999999997780e-01
9.950591259291577950e-01
9.494808536607320937e-01
8.319468969975907235e-01
6.276224788709755531e-01
3.723775211290240028e-01
1.680531030024092209e-01
5.051914633926787163e-02
4.940874070842013292e-03
1.064322683050904703e-16
1.064322683050904703e-16
1.064322683050904703e-16
0.000000000000000000e+00
1.064322683050904703e-16
0.000000000000000000e+00
0.000000000000000000e+00
1.064322683050904703e-16
2.128645366101809406e-16
2.128645366101809406e-16
1.064322683050904703e-16
4.940874070842013292e-03
5.051914633926787163e-02
1.680531030024092209e-01
3.723775211290241138e-01
6.276224788709759972e-01
8.319468969975906125e-01
9.494808536607318716e-01
9.950591259291580171e-01
9.126526856787058328e-01
6.753652802998532101e-01
6.753652802998533211e-01
9.126526856787060549e-01
1.000000000000000000e+00
9.950591259291577950e-01
9.494808536607320937e-01
8.319468969975907235e-01
6.570654494708706439e-01
4.409543078217231793e-01
2.737858179660912494e-01
1.658179496614824444e-01
1.122057370755526057e-01
8.734731432129387574e-02
8.734731432129377859e-02
8.734731432129398676e-02
8.734731432129387574e-02
8.734731432129382023e-02
8.734731432129387574e-02
8.734731432129382023e-02
8.734731432129382023e-02
1.122057370755525502e-01
1.658179496614823889e-01
2.737858179660912494e-01
4.409543078217231793e-01
6.570654494708706439e-01
8.319468969975907235e-01
9.494808536607322047e-01
9.950591259291577950e-01
1.000000000000000000e+00
9.999999999999997780e-01
1.000000000000000000e+00
1.000000000000000000e+00
9.950591259291580171e-01
9.494808536607318716e-01
8.319468969975907235e-01
6.276224788709754421e-01
3.723775211290240028e-01
1.680531030024090544e-01
5.051914633926776060e-02
4.940874070842119978e-03
0.000000000000000000e+00
4.257290732203618812e-16
0.000000000000000000e+00
1.064322683050904703e-16
0.000000000000000000e+00
1.064322683050904703e-16
0.000000000000000000e+00
1.064322683050904703e-16
1.064322683050904703e-16
1.064322683050904703e-16
1.064322683050904703e-16
1.064322683050904703e-16
1.064322683050904703e-16
4.940874070842119978e-03
5.051914633926776060e-02
1.680531030024091654e-01
3.723775211290244469e-01
6.276224788709754421e-01
8.319468969975907235e-01
9.494808536607318716e-01
9.071266437055459653e-01
6.753652802998532101e-01
6.753652802998532101e-01
9.126526856787058328e-01
1.000000000000000000e+00
1.000000000000000000e+00
9.950591259291577950e-01
9.494808536607320937e-01
8.661290929082631207e-01
7.325892458457017309e-01
5.889731117660360615e-01
4.409543078217231793e-01
3.629964151452740317e-01
3.246347197001469564e-01
3.246347197001466789e-01
3.246347197001466234e-01
3.246347197001465124e-01
3.246347197001466789e-01
3.246347197001469564e-01
3.246347197001466234e-01
3.246347197001466234e-01
3.629964151452742538e-01
4.409543078217227907e-01
5.889731117660359505e-01
7.325892458457016199e-01
8.661290929082633427e-01
9.494808536607320937e-01
9.950591259291580171e-01
1.000000000000000000e+00
1.000000000000000000e+00
9.999999999999997780e-01
1.000000000000000000e+00
9.950591259291577950e-01
9.494808536607318716e-01
8.319468969975902795e-01
6.276224788709755531e-01
3.723775211290241138e-01
1.680531030024090544e-01
5.051914633926803122e-02
4.940874070842333349e-03
0.000000000000000000e+00
0.000000000000000000e+00
1.064322683050904703e-16
0.000000000000000000e+00
1.064322683050904703e-16
0.000000000000000000e+00
1.064322683050904703e-16
1.064322683050904703e-16
1.064322683050904703e-16
1.064322683050904703e-16
1.064322683050904703e-16
2.128645366101809406e-16
0.000000000000000000e+00
0.000000000000000000e+00
2.128645366101809406e-16
4.940874070842226663e-03
5.051914633926803122e-02
1.680531030024089989e-01
3.723775211290240028e-01
6.276224788709754421e-01
8.319468969975903905e-01
8.564843746524162249e-01
6.688209104339557509e-01
6.753652802998534321e-01
9.126526856787060549e-01
1.000000000000000000e+00
1.000000000000000000e+00
1.000000000000000000e+00
9.950591259291577950e-01
9.726227465119727800e-01
9.126526856787060549e-01
8.074475858860938882e-01
6.910941423173282416e-01
6.007033193707633778e-01
5.641086837227211603e-01
5.641086837227211603e-01
5.641086837227210493e-01
5.641086837227209383e-01
5.641086837227211603e-01
5.641086837227214934e-01
5.641086837227211603e-01
5.641086837227209383e-01
6.007033193707629337e-01
6.910941423173284637e-01
8.074475858860938882e-01
9.126526856787060549e-01
9.726227465119727800e-01
9.950591259291577950e-01
1.000000000000000000e+00
9.999999999999997780e-01
1.000000000000000000e+00
9.950591259291575730e-01
9.726227465119727800e-01
9.181452716156609517e-01
8.051651112706421642e-01
6.209738724674502830e-01
3.723775211290240028e-01
1.680531030024090544e-01
5.051914633926787163e-02
4.940874070842226663e-03
0.000000000000000000e+00
2.128645366101809406e-16
2.128645366101809406e-16
1.064322683050904703e-16
0.000000000000000000e+00
1.064322683050904703e-16
0.000000000000000000e+00
1.064322683050904703e-16
1.064322683050904703e-16
1.064322683050904703e-16
0.000000000000000000e+00
1.064322683050904703e-16
1.064322683050904703e-16
0.000000000000000000e+00
1.064322683050904703e-16
2.128645366101809406e-16
0.000000000000000000e+00
4.940874070842119978e-03
5.051914633926803122e-02
1.680531030024089989e-01
3.723775211290241138e-01
6.209738724674502830e-01
7.000112169551745422e-01
5.708374757788112763e-01
6.370035848547257462e-01
8.877942629244475192e-01
9.950591259291575730e-01
1.000000000000000000e+00
1.000000000000000000e+00
1.000000000000000000e+00
9.950591259291577950e-01
9.441877082083914852e-01
8.341820503385176666e-01
6.975785384339092676e-01
6.007033193707629337e-01
5.641086837227209383e-01
5.641086837227209383e-01
5.641086837227211603e-01
5.641086837227211603e-01
5.641086837227209383e-01
5.641086837227212714e-01
5.641086837227209383e-01
5.641086837227209383e-01
6.007033193707629337e-01
6.975785384339092676e-01
8.341820503385175556e-01
9.441877082083914852e-01
9.950591259291577950e-01
1.000000000000000000e+00
1.000000000000000000e+00
1.000000000000000000e+00
9.950591259291575730e-01
9.494808536607318716e-01
8.661290929082634538e-01
7.325892458457015088e-01
5.590456921782765987e-01
3.429345505291290785e-01
1.680531030024089989e-01
5.051914633926803122e-02
4.940874070842333349e-03
2.128645366101809406e-16
1.064322683050904703e-16
1.064322683050904703e-16
1.064322683050904703e-16
1.064322683050904703e-16
1.064322683050904703e-16
0.000000000000000000e+00
0.000000000000000000e+00
1.064322683050904703e-16
1.064322683050904703e-16
1.064322683050904703e-16
1.064322683050904703e-16
1.064322683050904703e-16
3.192968049152714232e-16
0.000000000000000000e+00
0.000000000000000000e+00
2.128645366101809406e-16
0.000000000000000000e+00
1.064322683050904703e-16
4.940874070842119978e-03
5.051914633926787163e-02
1.680531030024089989e-01
3.429345505291291896e-01
4.527640537559509681e-01
3.907013953022850372e-01
5.290022985024591673e-01
7.990744512695121538e-01
9.494808536607322047e-01
9.950591259291577950e-01
1.000000000000000000e+00
9.950591259291577950e-01
9.494808536607320937e-01
8.319468969975909456e-01
6.570654494708708659e-01
4.709977014975408327e-01
3.629964151452738097e-01
3.246347197001466789e-01
3.246347197001470675e-01
3.246347197001470675e-01
3.246347197001466789e-01
3.246347197001470120e-01
3.246347197001466789e-01
3.246347197001466789e-01
3.246347197001465679e-01
3.629964151452738097e-01
4.709977014975408882e-01
6.570654494708706439e-01
8.319468969975907235e-01
9.494808536607318716e-01
9.950591259291577950e-01
1.000000000000000000e+00
9.950591259291575730e-01
9.494808536607322047e-01
8.319468969975909456e-01
6.570654494708706439e-01
4.409543078217231238e-01
2.674107541542981026e-01
1.338709070917364352e-01
5.051914633926776060e-02
4.940874070842333349e-03
1.064322683050904703e-16
1.064322683050904703e-16
1.064322683050904703e-16
1.064322683050904703e-16
2.128645366101809406e-16
1.064322683050904703e-16
0.000000000000000000e+00
1.064322683050904703e-16
0.000000000000000000e+00
1.064322683050904703e-16
1.064322683050904703e-16
1.064322683050904703e-16
1.064322683050904703e-16
1.064322683050904703e-16
1.064322683050904703e-16
0.000000000000000000e+00
0.000000000000000000e+00
1.064322683050904703e-16
0.000000000000000000e+00
1.064322683050904703e-16
1.064322683050904703e-16
4.940874070842013292e-03
5.051914633926787163e-02
1.338709070917363519e-01
1.971212197632247753e-01
1.762691998312706787e-01
3.429345505291290785e-01
6.209738724674502830e-01
8.319468969975906125e-01
9.441877082083915962e-01
9.674862594473689903e-01
9.181452716156608407e-01
8.051651112706421642e-01
6.209738724674502830e-01
3.790261275325493284e-01
2.009255487304878185e-01
1.122057370755523281e-01
8.734731432129404227e-02
8.734731432129377859e-02
8.734731432129413942e-02
8.734731432129398676e-02
8.734731432129398676e-02
8.734731432129398676e-02
8.734731432129387574e-02
8.734731432129398676e-02
1.122057370755523281e-01
2.009255487304877075e-01
3.790261275325493284e-01
6.209738724674502830e-01
8.051651112706417202e-01
9.181452716156612848e-01
9.674862594473689903e-01
9.441877082083915962e-01
8.319468969975906125e-01
6.276224788709755531e-01
3.790261275325494950e-01
1.948348887293577525e-01
8.185472838433871523e-02
2.737725348802725472e-02
4.940874070842119978e-03
0.000000000000000000e+00
1.064322683050904703e-16
0.000000000000000000e+00
0.000000000000000000e+00
1.064322683050904703e-16
1.064322683050904703e-16
1.064322683050904703e-16
0.000000000000000000e+00
1.064322683050904703e-16
0.000000000000000000e+00
1.064322683050904703e-16
1.064322683050904703e-16
1.064322683050904703e-16
1.064322683050904703e-16
1.064322683050904703e-16
1.064322683050904703e-16
0.000000000000000000e+00
0.000000000000000000e+00
0.000000000000000000e+00
0.000000000000000000e+00
0.000000000000000000e+00
1.064322683050904703e-16
0.000000000000000000e+00
4.940874070842013292e-03
2.737725348802725472e-02
5.250478248199311887e-02
5.250478248199316744e-02
1.680531030024091654e-01
3.723775211290241693e-01
6.209738724674502830e-01
7.716356903889529661e-01
8.074475858860937771e-01
7.262141820339086395e-01
5.590456921782764876e-01
3.429345505291289675e-01
1.680531030024090544e-01
5.051914633926771203e-02
4.940874070842119978e-03
0.000000000000000000e+00
1.064322683050904703e-16
1.064322683050904703e-16
1.064322683050904703e-16
1.064322683050904703e-16
1.064322683050904703e-16
0.000000000000000000e+00
0.000000000000000000e+00
4.940874070842119978e-03
5.051914633926771203e-02
1.680531030024092209e-01
3.429345505291288010e-01
5.590456921782764876e-01
7.262141820339081955e-01
8.074475858860937771e-01
7.716356903889526331e-01
6.209738724674502830e-01
3.723775211290238363e-01
1.680531030024090544e-01
5.051914633926776060e-02
4.940874070842013292e-03
0.000000000000000000e+00
0.000000000000000000e+00
1.064322683050904703e-16
1.064322683050904703e-16
1.064322683050904703e-16
1.064322683050904703e-16
1.064322683050904703e-16
2.128645366101809406e-16
2.128645366101809406e-16
0.000000000000000000e+00
1.064322683050904703e-16
0.000000000000000000e+00
1.064322683050904703e-16
1.064322683050904703e-16
1.064322683050904703e-16
1.064322683050904703e-16
1.064322683050904703e-16
1.064322683050904703e-16
0.000000000000000000e+00
0.000000000000000000e+00
2.128645366101809406e-16
1.064322683050904703e-16
0.000000000000000000e+00
0.000000000000000000e+00
0.000000000000000000e+00
0.000000000000000000e+00
0.000000000000000000e+00
1.064322683050904703e-16
0.000000000000000000e+00
5.051914633926787163e-02
1.680531030024091654e-01
3.429345505291289675e-01
4.895978746553267813e-01
5.197040671083704710e-01
4.110268882339637719e-01
2.674107541542981026e-01
1.338709070917365462e-01
5.051914633926787163e-02
4.940874070842119978e-03
1.064322683050904703e-16
1.064322683050904703e-16
1.064322683050904703e-16
1.064322683050904703e-16
1.064322683050904703e-16
1.064322683050904703e-16
1.064322683050904703e-16
0.000000000000000000e+00
1.064322683050904703e-16
1.064322683050904703e-16
4.940874070842226663e-03
5.051914633926792020e-02
1.338709070917367683e-01
2.674107541542981026e-01
4.110268882339638830e-01
5.197040671083703600e-01
4.895978746553264482e-01
3.429345505291288565e-01
1.680531030024089711e-01
5.051914633926787163e-02
4.940874070842119978e-03
1.064322683050904703e-16
0.000000000000000000e+00
0.000000000000000000e+00
0.000000000000000000e+00
0.000000000000000000e+00
1.064322683050904703e-16
0.000000000000000000e+00
1.064322683050904703e-16
0.000000000000000000e+00
1.064322683050904703e-16
0.000000000000000000e+00
1.064322683050904703e-16
0.000000000000000000e+00
1.064322683050904703e-16
1.064322683050904703e-16
1.064322683050904703e-16
1.064322683050904703e-16
1.064322683050904703e-16
1.064322683050904703e-16
0.000000000000000000e+00
0.000000000000000000e+00
1.064322683050904703e-16
0.000000000000000000e+00
0.000000000000000000e+00
0.000000000000000000e+00
0.000000000000000000e+00
0.000000000000000000e+00
0.000000000000000000e+00
1.064322683050904703e-16
1.064322683050904703e-16
4.940874070842333349e-03
5.051914633926803122e-02
1.338709070917366573e-01
2.032220289944850211e-01
2.093495412716276094e-01
1.598920427532551647e-01
8.185472838433860421e-02
2.737725348802741432e-02
4.940874070842119978e-03
0.000000000000000000e+00
2.128645366101809406e-16
0.000000000000000000e+00
0.000000000000000000e+00
0.000000000000000000e+00
0.000000000000000000e+00
0.000000000000000000e+00
1.064322683050904703e-16
1.064322683050904703e-16
0.000000000000000000e+00
1.064322683050904703e-16
1.064322683050904703e-16
4.940874070842013292e-03
2.737725348802757391e-02
8.185472838433822951e-02
1.598920427532551647e-01
2.093495412716276649e-01
2.032220289944849101e-01
1.338709070917364352e-01
5.051914633926776060e-02
4.940874070842119978e-03
0.000000000000000000e+00
0.000000000000000000e+00
0.000000000000000000e+00
0.000000000000000000e+00
1.064322683050904703e-16
1.064322683050904703e-16
1.064322683050904703e-16
0.000000000000000000e+00
0.000000000000000000e+00
1.064322683050904703e-16
1.064322683050904703e-16
0.000000000000000000e+00
0.000000000000000000e+00
0.000000000000000000e+00
1.064322683050904703e-16
1.064322683050904703e-16
0.000000000000000000e+00
1.064322683050904703e-16
1.064322683050904703e-16
1.064322683050904703e-16
0.000000000000000000e+00
0.000000000000000000e+00
0.000000000000000000e+00
0.000000000000000000e+00
0.000000000000000000e+00
1.064322683050904703e-16
0.000000000000000000e+00
0.000000000000000000e+00
1.064322683050904703e-16
1.064322683050904703e-16
1.064322683050904703e-16
0.000000000000000000e+00
9.917875650983261696e-03
5.581229179160829279e-02
1.086822990907815450e-01
1.086822990907814340e-01
5.581229179160861198e-02
9.917875650983154143e-03
1.064322683050904703e-16
0.000000000000000000e+00
0.000000000000000000e+00
0.000000000000000000e+00
0.000000000000000000e+00
0.000000000000000000e+00
1.064322683050904703e-16
1.064322683050904703e-16
2.128645366101809406e-16
1.064322683050904703e-16
0.000000000000000000e+00
0.000000000000000000e+00
1.064322683050904703e-16
0.000000000000000000e+00
0.000000000000000000e+00
1.064322683050904703e-16
9.917875650983154143e-03
5.581229179160855647e-02
1.086822990907816977e-01
1.086822990907814340e-01
5.581229179160818871e-02
9.917875650983154143e-03
1.064322683050904703e-16
0.000000000000000000e+00
0.000000000000000000e+00
0.000000000000000000e+00
0.000000000000000000e+00
1.064322683050904703e-16
1.064322683050904703e-16
1.064322683050904703e-16
0.000000000000000000e+00
1.064322683050904703e-16
1.064322683050904703e-16
1.064322683050904703e-16
0.000000000000000000e+00
1.064322683050904703e-16
0.000000000000000000e+00
1.064322683050904703e-16
0.000000000000000000e+00
0.000000000000000000e+00
1.064322683050904703e-16
1.064322683050904703e-16
1.064322683050904703e-16
0.000000000000000000e+00
0.000000000000000000e+00
1.064322683050904703e-16
0.000000000000000000e+00
0.000000000000000000e+00
1.064322683050904703e-16
0.000000000000000000e+00
0.000000000000000000e+00
0.000000000000000000e+00
1.064322683050904703e-16
1.064322683050904703e-16
4.940874070842013292e-03
5.051914633926803122e-02
1.338709070917365462e-01
2.032220289944850211e-01
2.093495412716273596e-01
1.598920427532547484e-01
8.185472838433871523e-02
2.737725348802746636e-02
4.940874070842333349e-03
2.128645366101809406e-16
1.064322683050904703e-16
1.064322683050904703e-16
0.000000000000000000e+00
1.064322683050904703e-16
0.000000000000000000e+00
1.064322683050904703e-16
1.064322683050904703e-16
0.000000000000000000e+00
0.000000000000000000e+00
1.064322683050904703e-16
1.064322683050904703e-16
4.940874070842119978e-03
2.737725348802741432e-02
8.185472838433881237e-02
1.598920427532547484e-01
2.093495412716276094e-01
2.032220289944848546e-01
1.338709070917364352e-01
5.051914633926792020e-02
4.940874070842013292e-03
0.000000000000000000e+00
0.000000000000000000e+00
0.000000000000000000e+00
0.000000000000000000e+00
0.000000000000000000e+00
1.064322683050904703e-16
0.000000000000000000e+00
0.000000000000000000e+00
0.000000000000000000e+00
1.064322683050904703e-16
1.064322683050904703e-16
1.064322683050904703e-16
1.064322683050904703e-16
0.000000000000000000e+00
1.064322683050904703e-16
0.000000000000000000e+00
0.000000000000000000e+00
1.064322683050904703e-16
1.064322683050904703e-16
1.064322683050904703e-16
0.000000000000000000e+00
0.000000000000000000e+00
0.000000000000000000e+00
0.000000000000000000e+00
0.000000000000000000e+00
1.064322683050904703e-16
0.000000000000000000e+00
0.000000000000000000e+00
0.000000000000000000e+00
1.064322683050904703e-16
1.064322683050904703e-16
5.051914633926787163e-02
1.680531030024092209e-01
3.429345505291289675e-01
4.895978746553265593e-01
5.197040671083705821e-01
4.110268882339641050e-01
2.674107541542983801e-01
1.338709070917365462e-01
5.051914633926787163e-02
4.940874070842013292e-03
1.064322683050904703e-16
0.000000000000000000e+00
0.000000000000000000e+00
1.064322683050904703e-16
1.064322683050904703e-16
2.128645366101809406e-16
2.128645366101809406e-16
1.064322683050904703e-16
1.064322683050904703e-16
0.000000000000000000e+00
4.940874070842119978e-03
5.051914633926803122e-02
1.338709070917363797e-01
2.674107541542981026e-01
4.110268882339642715e-01
5.197040671083704710e-01
4.895978746553265593e-01
3.429345505291289675e-01
1.680531030024089989e-01
5.051914633926771203e-02
4.940874070842013292e-03
0.000000000000000000e+00
0.000000000000000000e+00
0.000000000000000000e+00
0.000000000000000000e+00
1.064322683050904703e-16
1.064322683050904703e-16
0.000000000000000000e+00
1.064322683050904703e-16
1.064322683050904703e-16
0.000000000000000000e+00
0.000000000000000000e+00
1.064322683050904703e-16
0.000000000000000000e+00
1.064322683050904703e-16
0.000000000000000000e+00
1.064322683050904703e-16
1.064322683050904703e-16
1.064322683050904703e-16
1.064322683050904703e-16
0.000000000000000000e+00
1.064322683050904703e-16
1.064322683050904703e-16
0.000000000000000000e+00
0.000000000000000000e+00
1.064322683050904703e-16
0.000000000000000000e+00
0.000000000000000000e+00
0.000000000000000000e+00
0.000000000000000000e+00
0.000000000000000000e+00
1.680531030024090544e-01
3.723775211290241693e-01
6.209738724674506161e-01
7.716356903889524110e-01
8.074475858860941102e-01
7.262141820339087506e-01
5.590456921782769317e-01
3.429345505291296337e-01
1.680531030024092209e-01
5.051914633926776060e-02
4.940874070842013292e-03
0.000000000000000000e+00
0.000000000000000000e+00
1.064322683050904703e-16
0.000000000000000000e+00
2.128645366101809406e-16
0.000000000000000000e+00
0.000000000000000000e+00
1.064322683050904703e-16
4.940874070842119978e-03
5.051914633926771203e-02
1.680531030024090544e-01
3.429345505291293006e-01
5.590456921782767097e-01
7.262141820339085285e-01
8.074475858860943323e-01
7.716356903889523000e-01
6.209738724674502830e-01
3.723775211290241138e-01
1.680531030024089711e-01
5.051914633926776060e-02
4.940874070842013292e-03
0.000000000000000000e+00
0.000000000000000000e+00
0.000000000000000000e+00
0.000000000000000000e+00
0.000000000000000000e+00
0.000000000000000000e+00
2.128645366101809406e-16
0.000000000000000000e+00
1.064322683050904703e-16
0.000000000000000000e+00
1.064322683050904703e-16
0.000000000000000000e+00
1.064322683050904703e-16
1.064322683050904703e-16
1.064322683050904703e-16
1.064322683050904703e-16
1.064322683050904703e-16
1.064322683050904703e-16
1.064322683050904703e-16
0.000000000000000000e+00
1.064322683050904703e-16
0.000000000000000000e+00
0.000000000000000000e+00
0.000000000000000000e+00
0.000000000000000000e+00
0.000000000000000000e+00
0.000000000000000000e+00
0.000000000000000000e+00
0.000000000000000000e+00
3.429345505291289675e-01
6.209738724674505050e-01
8.319468969975907235e-01
9.441877082083914852e-01
9.674862594473692123e-01
9.181452716156612848e-01
8.051651112706421642e-01
6.209738724674506161e-01
3.790261275325494950e-01
2.009255487304877630e-01
1.122057370755525502e-01
8.734731432129387574e-02
8.734731432129377859e-02
8.734731432129404227e-02
8.734731432129382023e-02
8.734731432129398676e-02
8.734731432129398676e-02
8.734731432129382023e-02
8.734731432129366757e-02
1.122057370755526057e-01
2.009255487304877075e-01
3.790261275325499390e-01
6.209738724674502830e-01
8.051651112706421642e-01
9.181452716156613958e-01
9.674862594473694344e-01
9.441877082083913741e-01
8.319468969975907235e-01
6.276224788709755531e-01
3.790261275325494950e-01
1.948348887293576970e-01
8.185472838433849319e-02
2.737725348802709513e-02
4.940874070842013292e-03
0.000000000000000000e+00
1.064322683050904703e-16
0.000000000000000000e+00
0.000000000000000000e+00
1.064322683050904703e-16
2.128645366101809406e-16
1.064322683050904703e-16
1.064322683050904703e-16
1.064322683050904703e-16
0.000000000000000000e+00
1.064322683050904703e-16
1.064322683050904703e-16
1.064322683050904703e-16
1.064322683050904703e-16
1.064322683050904703e-16
1.064322683050904703e-16
0.000000000000000000e+00
0.000000000000000000e+00
1.064322683050904703e-16
0.000000000000000000e+00
0.000000000000000000e+00
0.000000000000000000e+00
0.000000000000000000e+00
4.940874070842013292e-03
2.737725348802709513e-02
5.250478248199316744e-02
5.250478248199300785e-02
5.290022985024591673e-01
7.990744512695122648e-01
9.494808536607320937e-01
9.950591259291580171e-01
1.000000000000000000e+00
9.950591259291580171e-01
9.494808536607322047e-01
8.319468969975909456e-01
6.570654494708705329e-01
4.709977014975406662e-01
3.629964151452739762e-01
3.246347197001466789e-01
3.246347197001466234e-01
3.246347197001465124e-01
3.246347197001465124e-01
3.246347197001467344e-01
3.246347197001466234e-01
3.246347197001466234e-01
3.246347197001467344e-01
3.629964151452738097e-01
4.709977014975406662e-01
6.570654494708706439e-01
8.319468969975910566e-01
9.494808536607320937e-01
9.950591259291577950e-01
1.000000000000000000e+00
9.950591259291577950e-01
9.494808536607318716e-01
8.319468969975909456e-01
6.570654494708710880e-01
4.409543078217231238e-01
2.674107541542979916e-01
1.338709070917364352e-01
5.051914633926776060e-02
4.940874070842119978e-03
1.064322683050904703e-16
1.064322683050904703e-16
0.000000000000000000e+00
1.064322683050904703e-16
1.064322683050904703e-16
1.064322683050904703e-16
0.000000000000000000e+00
1.064322683050904703e-16
0.000000000000000000e+00
1.064322683050904703e-16
1.064322683050904703e-16
1.064322683050904703e-16
1.064322683050904703e-16
1.064322683050904703e-16
1.064322683050904703e-16
1.064322683050904703e-16
0.000000000000000000e+00
1.064322683050904703e-16
0.000000000000000000e+00
0.000000000000000000e+00
0.000000000000000000e+00
4.940874070842013292e-03
5.051914633926792020e-02
1.338709070917364907e-01
1.971212197632246643e-01
1.762691998312706787e-01
6.370035848547257462e-01
8.877942629244472972e-01
9.950591259291577950e-01
1.000000000000000000e+00
1.000000000000000000e+00
1.000000000000000000e+00
9.950591259291580171e-01
9.441877082083917072e-01
8.341820503385175556e-01
6.975785384339090456e-01
6.007033193707628227e-01
5.641086837227212714e-01
5.641086837227209383e-01
5.641086837227209383e-01
5.641086837227209383e-01
5.641086837227209383e-01
5.641086837227209383e-01
5.641086837227209383e-01
5.641086837227212714e-01
6.007033193707629337e-01
6.975785384339090456e-01
8.341820503385176666e-01
9.441877082083914852e-01
9.950591259291577950e-01
1.000000000000000000e+00
1.000000000000000000e+00
1.000000000000000000e+00
9.950591259291577950e-01
9.494808536607318716e-01
8.661290929082634538e-01
7.325892458457017309e-01
5.590456921782764876e-01
3.429345505291289675e-01
1.680531030024089989e-01
5.051914633926787163e-02
4.940874070842119978e-03
1.064322683050904703e-16
0.000000000000000000e+00
1.064322683050904703e-16
1.064322683050904703e-16
2.128645366101809406e-16
0.000000000000000000e+00
1.064322683050904703e-16
0.000000000000000000e+00
1.064322683050904703e-16
1.064322683050904703e-16
1.064322683050904703e-16
1.064322683050904703e-16
1.064322683050904703e-16
1.064322683050904703e-16
1.064322683050904703e-16
1.064322683050904703e-16
1.064322683050904703e-16
0.000000000000000000e+00
0.000000000000000000e+00
4.940874070842119978e-03
5.051914633926787163e-02
1.680531030024090544e-01
3.429345505291289675e-01
4.527640537559508571e-01
3.907013953022849262e-01
6.753652802998530991e-01
9.126526856787060549e-01
1.000000000000000000e+00
1.000000000000000000e+00
1.000000000000000000e+00
9.950591259291577950e-01
9.726227465119727800e-01
9.126526856787062769e-01
8.074475858860937771e-01
6.910941423173284637e-01
6.007033193707627117e-01
5.641086837227211603e-01
5.641086837227212714e-01
5.641086837227212714e-01
5.641086837227211603e-01
5.641086837227211603e-01
5.641086837227210493e-01
5.641086837227210493e-01
5.641086837227211603e-01
6.007033193707628227e-01
6.910941423173282416e-01
8.074475858860937771e-01
9.126526856787060549e-01
9.726227465119725579e-01
9.950591259291577950e-01
1.000000000000000000e+00
9.999999999999995559e-01
9.999999999999997780e-01
9.950591259291575730e-01
9.726227465119723359e-01
9.181452716156612848e-01
8.051651112706419422e-01
6.209738724674502830e-01
3.723775211290241693e-01
1.680531030024089989e-01
5.051914633926792020e-02
4.940874070842119978e-03
0.000000000000000000e+00
1.064322683050904703e-16
1.064322683050904703e-16
1.064322683050904703e-16
1.064322683050904703e-16
1.064322683050904703e-16
1.064322683050904703e-16
1.064322683050904703e-16
1.064322683050904703e-16
1.064322683050904703e-16
1.064322683050904703e-16
1.064322683050904703e-16
1.064322683050904703e-16
1.064322683050904703e-16
0.000000000000000000e+00
1.064322683050904703e-16
0.000000000000000000e+00
4.940874070842119978e-03
5.051914633926787163e-02
1.680531030024090544e-01
3.723775211290243359e-01
6.209738724674500610e-01
7.000112169551742092e-01
5.708374757788112763e-01
6.753652802998532101e-01
9.126526856787063879e-01
1.000000000000000000e+00
1.000000000000000000e+00
9.950591259291577950e-01
9.494808536607320937e-01
8.661290929082633427e-01
7.325892458457021750e-01
5.889731117660358395e-01
4.409543078217232348e-01
3.629964151452742538e-01
3.246347197001465679e-01
3.246347197001468454e-01
3.246347197001466789e-01
3.246347197001469564e-01
3.246347197001469564e-01
3.246347197001466789e-01
3.246347197001465679e-01
3.246347197001466234e-01
3.629964151452742538e-01
4.409543078217231793e-01
5.889731117660360615e-01
7.325892458457019529e-01
8.661290929082634538e-01
9.494808536607320937e-01
9.950591259291577950e-01
1.000000000000000000e+00
1.000000000000000000e+00
1.000000000000000000e+00
1.000000000000000000e+00
9.950591259291577950e-01
9.494808536607318716e-01
8.319468969975909456e-01
6.276224788709755531e-01
3.723775211290240028e-01
1.680531030024092209e-01
5.051914633926792020e-02
4.940874070842013292e-03
1.064322683050904703e-16
1.064322683050904703e-16
1.064322683050904703e-16
1.064322683050904703e-16
0.000000000000000000e+00
0.000000000000000000e+00
1.064322683050904703e-16
1.064322683050904703e-16
0.000000000000000000e+00
1.064322683050904703e-16
1.064322683050904703e-16
2.128645366101809406e-16
0.000000000000000000e+00
0.000000000000000000e+00
4.257290732203618812e-16
4.940874070842013292e-03
5.051914633926803122e-02
1.680531030024092209e-01
3.723775211290240028e-01
6.276224788709757751e-01
8.319468969975909456e-01
8.564843746524162249e-01
6.688209104339558619e-01
6.753652802998533211e-01
9.126526856787060549e-01
1.000000000000000000e+00
9.950591259291577950e-01
9.494808536607318716e-01
8.319468969975907235e-01
6.570654494708706439e-01
4.409543078217234013e-01
2.737858179660913049e-01
1.658179496614826109e-01
1.122057370755526057e-01
8.734731432129413942e-02
8.734731432129387574e-02
8.734731432129382023e-02
8.734731432129377859e-02
8.734731432129382023e-02
8.734731432129366757e-02
8.734731432129372308e-02
8.734731432129413942e-02
1.122057370755528138e-01
1.658179496614824999e-01
2.737858179660915270e-01
4.409543078217231238e-01
6.570654494708708659e-01
8.319468969975906125e-01
9.494808536607320937e-01
9.950591259291577950e-01
1.000000000000000000e+00
1.000000000000000000e+00
1.000000000000000000e+00
1.000000000000000000e+00
9.950591259291577950e-01
9.494808536607318716e-01
8.319468969975907235e-01
6.276224788709757751e-01
3.723775211290241693e-01
1.680531030024092209e-01
5.051914633926792020e-02
4.940874070842333349e-03
1.064322683050904703e-16
2.128645366101809406e-16
0.000000000000000000e+00
1.064322683050904703e-16
0.000000000000000000e+00
1.064322683050904703e-16
1.064322683050904703e-16
0.000000000000000000e+00
0.000000000000000000e+00
0.000000000000000000e+00
1.064322683050904703e-16
1.064322683050904703e-16
0.000000000000000000e+00
4.940874070842333349e-03
5.051914633926792020e-02
1.680531030024090544e-01
3.723775211290242249e-01
6.276224788709757751e-01
8.319468969975907235e-01
9.494808536607318716e-01
9.071266437055459653e-01
6.753652802998532101e-01
6.753652802998532101e-01
9.071266437055458542e-01
9.726227465119725579e-01
9.181452716156613958e-01
8.051651112706417202e-01
6.209738724674502830e-01
3.790261275325496060e-01
1.948348887293581133e-01
8.185472838433886789e-02
2.737725348802741432e-02
4.940874070842439167e-03
0.000000000000000000e+00
0.000000000000000000e+00
1.064322683050904703e-16
0.000000000000000000e+00
0.000000000000000000e+00
0.000000000000000000e+00
0.000000000000000000e+00
0.000000000000000000e+00
4.940874070842333349e-03
2.737725348802725472e-02
8.185472838433871523e-02
1.948348887293576415e-01
3.790261275325496615e-01
6.209738724674502830e-01
8.051651112706420532e-01
9.181452716156612848e-01
9.726227465119727800e-01
9.950591259291577950e-01
1.000000000000000000e+00
1.000000000000000000e+00
9.999999999999995559e-01
9.950591259291580171e-01
9.494808536607318716e-01
8.319468969975905015e-01
6.276224788709757751e-01
3.723775211290242249e-01
1.680531030024090544e-01
5.051914633926792020e-02
4.940874070842226663e-03
1.064322683050904703e-16
0.000000000000000000e+00
1.064322683050904703e-16
0.000000000000000000e+00
1.064322683050904703e-16
1.064322683050904703e-16
0.000000000000000000e+00
0.000000000000000000e+00
0.000000000000000000e+00
1.064322683050904703e-16
1.064322683050904703e-16
4.940874070842119978e-03
5.051914633926803122e-02
1.680531030024090544e-01
3.723775211290241138e-01
6.276224788709757751e-01
8.319468969975909456e-01
9.494808536607320937e-01
9.950591259291580171e-01
9.126526856787060549e-01
6.753652802998533211e-01
6.688209104339560840e-01
8.564843746524157808e-01
8.661290929082634538e-01
7.325892458457016199e-01
5.590456921782769317e-01
3.429345505291290785e-01
1.680531030024092765e-01
5.051914633926819082e-02
4.940874070842119978e-03
1.064322683050904703e-16
0.000000000000000000e+00
1.064322683050904703e-16
0.000000000000000000e+00
1.064322683050904703e-16
0.000000000000000000e+00
1.064322683050904703e-16
1.064322683050904703e-16
0.000000000000000000e+00
2.128645366101809406e-16
0.000000000000000000e+00
0.000000000000000000e+00
4.940874070842333349e-03
5.051914633926787163e-02
1.680531030024093320e-01
3.429345505291291896e-01
5.590456921782770427e-01
7.325892458457016199e-01
8.661290929082636758e-01
9.494808536607320937e-01
9.950591259291577950e-01
9.999999999999997780e-01
9.999999999999997780e-01
1.000000000000000000e+00
9.950591259291580171e-01
9.494808536607320937e-01
8.319468969975909456e-01
6.276224788709755531e-01
3.723775211290243359e-01
1.680531030024092209e-01
5.051914633926787163e-02
4.940874070842333349e-03
0.000000000000000000e+00
1.064322683050904703e-16
0.000000000000000000e+00
1.064322683050904703e-16
0.000000000000000000e+00
0.000000000000000000e+00
1.064322683050904703e-16
0.000000000000000000e+00
0.000000000000000000e+00
4.940874070842333349e-03
5.051914633926803122e-02
1.680531030024092209e-01
3.723775211290244469e-01
6.276224788709757751e-01
8.319468969975909456e-01
9.494808536607320937e-01
9.950591259291580171e-01
1.000000000000000000e+00
9.126526856787062769e-01
6.753652802998532101e-01
6.098952976753553301e-01
7.286131224098351122e-01
6.570654494708705329e-01
4.409543078217231238e-01
2.674107541542981581e-01
1.338709070917363797e-01
5.051914633926776060e-02
4.940874070842333349e-03
0.000000000000000000e+00
1.064322683050904703e-16
1.064322683050904703e-16
0.000000000000000000e+00
0.000000000000000000e+00
1.064322683050904703e-16
1.064322683050904703e-16
0.000000000000000000e+00
1.064322683050904703e-16
0.000000000000000000e+00
1.064322683050904703e-16
0.000000000000000000e+00
0.000000000000000000e+00
0.000000000000000000e+00
4.940874070841907474e-03
5.051914633926787163e-02
1.338709070917363797e-01
2.674107541542983801e-01
4.409543078217230683e-01
6.570654494708706439e-01
8.319468969975907235e-01
9.494808536607320937e-01
9.950591259291577950e-01
9.999999999999997780e-01
1.000000000000000000e+00
1.000000000000000000e+00
9.950591259291577950e-01
9.494808536607320937e-01
8.319468969975909456e-01
6.276224788709754421e-01
3.723775211290240028e-01
1.680531030024094430e-01
5.051914633926819082e-02
4.940874070842119978e-03
0.000000000000000000e+00
0.000000000000000000e+00
1.064322683050904703e-16
0.000000000000000000e+00
0.000000000000000000e+00
0.000000000000000000e+00
0.000000000000000000e+00
4.940874070842119978e-03
5.051914633926787163e-02
1.680531030024092765e-01
3.723775211290241693e-01
6.276224788709757751e-01
8.319468969975909456e-01
9.494808536607320937e-01
9.950591259291577950e-01
1.000000000000000000e+00
1.000000000000000000e+00
9.126526856787060549e-01
6.753652802998532101e-01
4.690622009826416194e-01
5.152261776737769861e-01
3.790261275325496615e-01
1.948348887293579190e-01
8.185472838433854870e-02
2.737725348802714717e-02
4.940874070842119978e-03
2.128645366101809406e-16
0.000000000000000000e+00
1.064322683050904703e-16
0.000000000000000000e+00
1.064322683050904703e-16
0.000000000000000000e+00
1.064322683050904703e-16
1.064322683050904703e-16
2.128645366101809406e-16
1.064322683050904703e-16
1.064322683050904703e-16
1.064322683050904703e-16
1.064322683050904703e-16
0.000000000000000000e+00
0.000000000000000000e+00
1.064322683050904703e-16
4.940874070842119978e-03
2.737725348802741432e-02
8.185472838433881237e-02
1.948348887293578080e-01
3.790261275325497170e-01
6.276224788709755531e-01
8.319468969975907235e-01
9.494808536607320937e-01
9.950591259291577950e-01
1.000000000000000000e+00
1.000000000000000000e+00
9.999999999999997780e-01
9.950591259291577950e-01
9.494808536607320937e-01
8.319468969975906125e-01
6.209738724674506161e-01
3.429345505291291896e-01
1.338709070917366573e-01
2.737725348802741432e-02
0.000000000000000000e+00
0.000000000000000000e+00
1.064322683050904703e-16
0.000000000000000000e+00
0.000000000000000000e+00
1.064322683050904703e-16
1.064322683050904703e-16
2.737725348802741432e-02
1.338709070917365462e-01
3.429345505291288565e-01
6.209738724674506161e-01
8.319468969975910566e-01
9.494808536607320937e-01
9.950591259291577950e-01
1.000000000000000000e+00
1.000000000000000000e+00
9.999999999999997780e-01
9.126526856787058328e-01
6.753652802998532101e-01
2.850046351786705845e-01
2.698046454463880472e-01
1.680531030024092209e-01
5.051914633926787163e-02
4.940874070842119978e-03
0.000000000000000000e+00
0.000000000000000000e+00
0.000000000000000000e+00
0.000000000000000000e+00
0.000000000000000000e+00
1.064322683050904703e-16
0.000000000000000000e+00
0.000000000000000000e+00
0.000000000000000000e+00
0.000000000000000000e+00
0.000000000000000000e+00
0.000000000000000000e+00
0.000000000000000000e+00
1.064322683050904703e-16
0.000000000000000000e+00
0.000000000000000000e+00
0.000000000000000000e+00
0.000000000000000000e+00
1.064322683050904703e-16
1.064322683050904703e-16
4.940874070842226663e-03
5.051914633926787163e-02
1.680531030024090544e-01
3.723775211290241693e-01
6.209738724674502830e-01
7.990744512695119317e-01
8.877942629244474082e-01
9.126526856787060549e-01
9.126526856787060549e-01
9.126526856787060549e-01
9.126526856787060549e-01
9.071266437055462983e-01
8.564843746524162249e-01
7.000112169551742092e-01
4.527640537559508571e-01
1.971212197632246643e-01
5.250478248199316744e-02
0.000000000000000000e+00
0.000000000000000000e+00
1.064322683050904703e-16
0.000000000000000000e+00
0.000000000000000000e+00
0.000000000000000000e+00
1.064322683050904703e-16
5.250478248199316744e-02
1.971212197632246643e-01
4.527640537559507461e-01
7.000112169551742092e-01
8.564843746524160029e-01
9.071266437055459653e-01
9.126526856787060549e-01
9.126526856787060549e-01
9.126526856787060549e-01
9.126526856787060549e-01
8.220131682971338893e-01
6.007033193707628227e-01
1.164669000235727669e-01
1.028483876183219209e-01
5.051914633926787163e-02
4.940874070842119978e-03
0.000000000000000000e+00
0.000000000000000000e+00
1.064322683050904703e-16
2.128645366101809406e-16
0.000000000000000000e+00
0.000000000000000000e+00
1.064322683050904703e-16
0.000000000000000000e+00
0.000000000000000000e+00
0.000000000000000000e+00
1.064322683050904703e-16
1.064322683050904703e-16
0.000000000000000000e+00
0.000000000000000000e+00
1.064322683050904703e-16
1.064322683050904703e-16
0.000000000000000000e+00
0.000000000000000000e+00
1.064322683050904703e-16
1.064322683050904703e-16
0.000000000000000000e+00
0.000000000000000000e+00
4.940874070842119978e-03
5.051914633926787163e-02
1.680531030024089989e-01
3.429345505291289675e-01
5.290022985024591673e-01
6.370035848547255242e-01
6.753652802998533211e-01
6.753652802998532101e-01
6.753652802998530991e-01
6.753652802998534321e-01
6.753652802998530991e-01
6.688209104339557509e-01
5.708374757788112763e-01
3.907013953022850372e-01
1.762691998312709007e-01
5.250478248199311887e-02
0.000000000000000000e+00
0.000000000000000000e+00
1.064322683050904703e-16
1.064322683050904703e-16
0.000000000000000000e+00
1.064322683050904703e-16
1.064322683050904703e-16
5.250478248199327846e-02
1.762691998312708452e-01
3.907013953022850372e-01
5.708374757788112763e-01
6.688209104339560840e-01
6.753652802998532101e-01
6.753652802998536542e-01
6.753652802998530991e-01
6.753652802998532101e-01
6.753652802998533211e-01
6.007033193707628227e-01
4.297638459865285587e-01
