9.751160187570493436e-17
9.751160187570493436e-17
9.751160187570493436e-17
9.751160187570493436e-17
9.751160187570493436e-17
0.000000000000000000e+00
0.000000000000000000e+00
9.751160187570493436e-17
9.751160187570493436e-17
9.751160187570493436e-17
0.000000000000000000e+00
9.751160187570493436e-17
9.751160187570493436e-17
0.000000000000000000e+00
0.000000000000000000e+00
9.751160187570493436e-17
9.751160187570493436e-17
9.751160187570493436e-17
9.751160187570493436e-17
9.751160187570493436e-17
9.751160187570493436e-17
9.751160187570493436e-17
9.751160187570493436e-17
9.751160187570493436e-17
9.751160187570493436e-17
9.751160187570493436e-17
0.000000000000000000e+00
9.751160187570493436e-17
5.032369796859567646e-02
1.657884014347012769e-01
3.580371426883273145e-01
5.322905169110291324e-01
6.425656199935216861e-01
6.723981104879001025e-01
6.790444145700105238e-01
6.790444145700105238e-01
6.790444145700105238e-01
6.790444145700105238e-01
6.790444145700107459e-01
6.790444145700107459e-01
6.790444145700107459e-01
6.790444145700101908e-01
6.790444145700105238e-01
6.790444145700105238e-01
6.790444145700105238e-01
6.790444145700106349e-01
6.790444145700107459e-01
6.790444145700105238e-01
6.790444145700105238e-01
6.790444145700105238e-01
6.790444145700105238e-01
6.790444145700105238e-01
6.790444145700107459e-01
6.790444145700107459e-01
6.790444145700105238e-01
6.790444145700105238e-01
6.790444145700105238e-01
6.723981104879001025e-01
6.425656199935216861e-01
5.322905169110291324e-01
3.580371426883273145e-01
0.000000000000000000e+00
0.000000000000000000e+00
9.751160187570493436e-17
0.000000000000000000e+00
9.751160187570493436e-17
0.000000000000000000e+00
0.000000000000000000e+00
9.751160187570493436e-17
9.751160187570493436e-17
9.751160187570493436e-17
9.751160187570493436e-17
9.751160187570493436e-17
9.751160187570493436e-17
0.000000000000000000e+00
9.751160187570493436e-17
9.751160187570493436e-17
9.751160187570493436e-17
9.751160187570493436e-17
9.751160187570493436e-17
9.751160187570493436e-17
9.751160187570493436e-17
9.751160187570493436e-17
0.000000000000000000e+00
9.751160187570493436e-17
1.950232037514098687e-16
9.751160187570493436e-17
0.000000000000000000e+00
0.000000000000000000e+00
5.032369796859567646e-02
1.657884014347011381e-01
3.814131567479736584e-01
5.959122279251937160e-01
7.699876982097451084e-01
8.607316937702023107e-01
9.104697899695727292e-01
9.158611400687196591e-01
9.158611400687196591e-01
9.158611400687195481e-01
9.158611400687195481e-01
9.158611400687196591e-01
9.158611400687196591e-01
9.158611400687196591e-01
9.158611400687195481e-01
9.158611400687196591e-01
9.158611400687196591e-01
9.158611400687196591e-01
9.158611400687196591e-01
9.158611400687195481e-01
9.158611400687195481e-01
9.158611400687195481e-01
9.158611400687196591e-01
9.158611400687196591e-01
9.158611400687196591e-01
9.158611400687196591e-01
9.158611400687195481e-01
9.158611400687196591e-01
9.104697899695727292e-01
8.607316937702021997e-01
7.699876982097451084e-01
5.959122279251937160e-01
3.814131567479736029e-01
0.000000000000000000e+00
0.000000000000000000e+00
9.751160187570493436e-17
0.000000000000000000e+00
9.751160187570493436e-17
0.000000000000000000e+00
0.000000000000000000e+00
9.751160187570493436e-17
9.751160187570493436e-17
0.000000000000000000e+00
0.000000000000000000e+00
9.751160187570493436e-17
9.751160187570493436e-17
0.000000000000000000e+00
9.751160187570493436e-17
9.751160187570493436e-17
9.751160187570493436e-17
9.751160187570493436e-17
9.751160187570493436e-17
9.751160187570493436e-17
9.751160187570493436e-17
9.751160187570493436e-17
0.000000000000000000e+00
9.751160187570493436e-17
9.751160187570493436e-17
9.751160187570493436e-17
0.000000000000000000e+00
9.751160187570493436e-17
2.613985332431690428e-02
9.722273517391138986e-02
2.347341384359725447e-01
4.326794151686111922e-01
6.604494808293233099e-01
8.364348161120483960e-01
9.515937576641999573e-01
9.952992682735927188e-01
9.999999999999997780e-01
9.999999999999997780e-01
9.999999999999997780e-01
1.000000000000000000e+00
9.999999999999997780e-01
9.999999999999997780e-01
9.999999999999997780e-01
9.999999999999997780e-01
1.000000000000000000e+00
9.999999999999997780e-01
1.000000000000000000e+00
9.999999999999997780e-01
9.999999999999997780e-01
1.000000000000000000e+00
1.000000000000000000e+00
1.000000000000000000e+00
9.999999999999997780e-01
9.999999999999997780e-01
9.999999999999997780e-01
9.952992682735927188e-01
9.515937576641999573e-01
8.364348161120483960e-01
6.604494808293233099e-01
4.326794151686111922e-01
2.347341384359724892e-01
9.751160187570493436e-17
0.000000000000000000e+00
0.000000000000000000e+00
0.000000000000000000e+00
0.000000000000000000e+00
0.000000000000000000e+00
0.000000000000000000e+00
9.751160187570493436e-17
0.000000000000000000e+00
0.000000000000000000e+00
0.000000000000000000e+00
9.751160187570493436e-17
9.751160187570493436e-17
0.000000000000000000e+00
9.751160187570493436e-17
9.751160187570493436e-17
9.751160187570493436e-17
9.751160187570493436e-17
9.751160187570493436e-17
9.751160187570493436e-17
9.751160187570493436e-17
9.751160187570493436e-17
0.000000000000000000e+00
9.751160187570493436e-17
1.950232037514098687e-16
9.751160187570493436e-17
0.000000000000000000e+00
9.751160187570493436e-17
4.700731726406986305e-03
2.613985332431690428e-02
7.878760395579091635e-02
1.902163170615140120e-01
3.763070560803212228e-01
6.236929439196785552e-01
8.097836829384857937e-01
9.212123960442089032e-01
9.738601466756828806e-01
9.952992682735927188e-01
9.999999999999997780e-01
9.999999999999997780e-01
1.000000000000000000e+00
9.999999999999997780e-01
9.999999999999997780e-01
9.999999999999997780e-01
9.999999999999997780e-01
1.000000000000000000e+00
9.999999999999997780e-01
9.999999999999997780e-01
9.999999999999997780e-01
9.999999999999997780e-01
9.999999999999997780e-01
9.999999999999997780e-01
1.000000000000000000e+00
9.952992682735931629e-01
9.738601466756831027e-01
9.212123960442091253e-01
8.097836829384859048e-01
6.236929439196785552e-01
3.763070560803212783e-01
1.902163170615142618e-01
7.878760395579091635e-02
0.000000000000000000e+00
0.000000000000000000e+00
9.751160187570493436e-17
0.000000000000000000e+00
9.751160187570493436e-17
0.000000000000000000e+00
0.000000000000000000e+00
0.000000000000000000e+00
0.000000000000000000e+00
0.000000000000000000e+00
9.751160187570493436e-17
9.751160187570493436e-17
9.751160187570493436e-17
0.000000000000000000e+00
9.751160187570493436e-17
9.751160187570493436e-17
9.751160187570493436e-17
9.751160187570493436e-17
9.751160187570493436e-17
9.751160187570493436e-17
9.751160187570493436e-17
0.000000000000000000e+00
0.000000000000000000e+00
9.751160187570493436e-17
9.751160187570493436e-17
9.751160187570493436e-17
0.000000000000000000e+00
0.000000000000000000e+00
0.000000000000000000e+00
0.000000000000000000e+00
4.700731726406986305e-03
4.840624233579980673e-02
1.635651838879514097e-01
3.395505191706765236e-01
5.604337708654500982e-01
7.369624557500398243e-01
8.702480359024127310e-01
9.515937576641999573e-01
9.952992682735927188e-01
1.000000000000000000e+00
9.999999999999997780e-01
9.999999999999997780e-01
9.999999999999997780e-01
9.999999999999997780e-01
9.999999999999997780e-01
1.000000000000000000e+00
9.999999999999997780e-01
9.999999999999997780e-01
9.999999999999997780e-01
9.999999999999997780e-01
9.999999999999995559e-01
1.000000000000000000e+00
9.952992682735929408e-01
9.515937576641999573e-01
8.702480359024125089e-01
7.369624557500402684e-01
5.604337708654500982e-01
3.395505191706765236e-01
1.635651838879514652e-01
4.840624233580000102e-02
4.700731726406986305e-03
0.000000000000000000e+00
0.000000000000000000e+00
9.751160187570493436e-17
1.950232037514098687e-16
9.751160187570493436e-17
9.751160187570493436e-17
0.000000000000000000e+00
9.751160187570493436e-17
0.000000000000000000e+00
0.000000000000000000e+00
9.751160187570493436e-17
9.751160187570493436e-17
9.751160187570493436e-17
0.000000000000000000e+00
9.751160187570493436e-17
9.751160187570493436e-17
9.751160187570493436e-17
9.751160187570493436e-17
9.751160187570493436e-17
9.751160187570493436e-17
9.751160187570493436e-17
9.751160187570493436e-17
9.751160187570493436e-17
9.751160187570493436e-17
2.925348056271148031e-16
9.751160187570493436e-17
0.000000000000000000e+00
9.751160187570493436e-17
0.000000000000000000e+00
0.000000000000000000e+00
0.000000000000000000e+00
4.700731726406889160e-03
4.840624233579970959e-02
1.297519640975871857e-01
2.630375442499597871e-01
4.395662291345494022e-01
6.537475493651928593e-01
8.097836829384861268e-01
9.212123960442091253e-01
9.738601466756828806e-01
9.952992682735929408e-01
9.999999999999997780e-01
1.000000000000000000e+00
1.000000000000000000e+00
1.000000000000000000e+00
9.999999999999997780e-01
1.000000000000000000e+00
9.999999999999997780e-01
9.999999999999997780e-01
9.999999999999997780e-01
9.952992682735927188e-01
9.738601466756831027e-01
9.212123960442092363e-01
8.097836829384861268e-01
6.537475493651928593e-01
4.395662291345497352e-01
2.630375442499596761e-01
1.297519640975873245e-01
4.840624233579990388e-02
4.700731726407181461e-03
1.950232037514098687e-16
9.751160187570493436e-17
9.751160187570493436e-17
9.751160187570493436e-17
9.751160187570493436e-17
9.751160187570493436e-17
9.751160187570493436e-17
0.000000000000000000e+00
9.751160187570493436e-17
0.000000000000000000e+00
9.751160187570493436e-17
9.751160187570493436e-17
9.751160187570493436e-17
9.751160187570493436e-17
0.000000000000000000e+00
9.751160187570493436e-17
9.751160187570493436e-17
9.751160187570493436e-17
9.751160187570493436e-17
9.751160187570493436e-17
9.751160187570493436e-17
9.751160187570493436e-17
9.751160187570493436e-17
0.000000000000000000e+00
9.751160187570493436e-17
9.751160187570493436e-17
9.751160187570493436e-17
0.000000000000000000e+00
9.751160187570493436e-17
0.000000000000000000e+00
9.751160187570493436e-17
0.000000000000000000e+00
0.000000000000000000e+00
4.700731726407181461e-03
2.613985332431700143e-02
7.878760395579076370e-02
1.902163170615137344e-01
3.462524506348071407e-01
5.604337708654498762e-01
7.369624557500396023e-01
8.702480359024123979e-01
9.515937576642000684e-01
9.952992682735927188e-01
9.999999999999997780e-01
1.000000000000000000e+00
1.000000000000000000e+00
9.999999999999997780e-01
1.000000000000000000e+00
9.999999999999997780e-01
9.999999999999997780e-01
9.952992682735927188e-01
9.515937576641999573e-01
8.702480359024125089e-01
7.369624557500400464e-01
5.604337708654503203e-01
3.462524506348071407e-01
1.902163170615139287e-01
7.878760395579091635e-02
2.613985332431709857e-02
4.700731726407181461e-03
9.751160187570493436e-17
9.751160187570493436e-17
0.000000000000000000e+00
1.950232037514098687e-16
9.751160187570493436e-17
0.000000000000000000e+00
9.751160187570493436e-17
9.751160187570493436e-17
0.000000000000000000e+00
9.751160187570493436e-17
9.751160187570493436e-17
9.751160187570493436e-17
9.751160187570493436e-17
9.751160187570493436e-17
9.751160187570493436e-17
0.000000000000000000e+00
9.751160187570493436e-17
9.751160187570493436e-17
9.751160187570493436e-17
9.751160187570493436e-17
9.751160187570493436e-17
9.751160187570493436e-17
9.751160187570493436e-17
9.751160187570493436e-17
0.000000000000000000e+00
9.751160187570493436e-17
9.751160187570493436e-17
9.751160187570493436e-17
0.000000000000000000e+00
0.000000000000000000e+00
0.000000000000000000e+00
0.000000000000000000e+00
9.751160187570493436e-17
0.000000000000000000e+00
0.000000000000000000e+00
0.000000000000000000e+00
4.700731726407084317e-03
4.840624233579970959e-02
1.297519640975877964e-01
2.630375442499597871e-01
4.395662291345497352e-01
6.537475493651934144e-01
8.097836829384859048e-01
9.212123960442089032e-01
9.738601466756831027e-01
9.952992682735931629e-01
9.999999999999997780e-01
1.000000000000000000e+00
9.999999999999997780e-01
9.952992682735931629e-01
9.738601466756828806e-01
9.212123960442089032e-01
8.097836829384857937e-01
6.537475493651930813e-01
4.395662291345497907e-01
2.630375442499598426e-01
1.297519640975876021e-01
4.840624233580009816e-02
4.700731726406986305e-03
0.000000000000000000e+00
0.000000000000000000e+00
1.950232037514098687e-16
0.000000000000000000e+00
0.000000000000000000e+00
0.000000000000000000e+00
0.000000000000000000e+00
9.751160187570493436e-17
9.751160187570493436e-17
9.751160187570493436e-17
9.751160187570493436e-17
9.751160187570493436e-17
9.751160187570493436e-17
9.751160187570493436e-17
9.751160187570493436e-17
9.751160187570493436e-17
9.751160187570493436e-17
9.751160187570493436e-17
9.751160187570493436e-17
9.751160187570493436e-17
9.751160187570493436e-17
9.751160187570493436e-17
9.751160187570493436e-17
9.751160187570493436e-17
9.751160187570493436e-17
9.751160187570493436e-17
9.751160187570493436e-17
9.751160187570493436e-17
2.925348056271148031e-16
9.751160187570493436e-17
9.751160187570493436e-17
0.000000000000000000e+00
0.000000000000000000e+00
0.000000000000000000e+00
9.751160187570493436e-17
0.000000000000000000e+00
0.000000000000000000e+00
0.000000000000000000e+00
1.950232037514098687e-16
4.700731726406986305e-03
2.613985332431709857e-02
7.878760395579056941e-02
1.902163170615142618e-01
3.462524506348068076e-01
5.604337708654498762e-01
7.369624557500403794e-01
8.702480359024125089e-01
9.515937576642000684e-01
9.952992682735927188e-01
1.000000000000000000e+00
9.952992682735927188e-01
9.515937576642000684e-01
8.702480359024125089e-01
7.369624557500403794e-01
5.604337708654500982e-01
3.462524506348068076e-01
1.902163170615142618e-01
7.878760395579086084e-02
2.613985332431709857e-02
4.700731726407181461e-03
9.751160187570493436e-17
9.751160187570493436e-17
1.950232037514098687e-16
1.950232037514098687e-16
0.000000000000000000e+00
0.000000000000000000e+00
0.000000000000000000e+00
9.751160187570493436e-17
9.751160187570493436e-17
9.751160187570493436e-17
0.000000000000000000e+00
9.751160187570493436e-17
9.751160187570493436e-17
9.751160187570493436e-17
9.751160187570493436e-17
9.751160187570493436e-17
9.751160187570493436e-17
9.751160187570493436e-17
9.751160187570493436e-17
9.751160187570493436e-17
9.751160187570493436e-17
9.751160187570493436e-17
0.000000000000000000e+00
9.751160187570493436e-17
9.751160187570493436e-17
9.751160187570493436e-17
9.751160187570493436e-17
9.751160187570493436e-17
9.751160187570493436e-17
9.751160187570493436e-17
1.950232037514098687e-16
0.000000000000000000e+00
9.751160187570493436e-17
9.751160187570493436e-17
0.000000000000000000e+00
9.751160187570493436e-17
9.751160187570493436e-17
0.000000000000000000e+00
0.000000000000000000e+00
1.950232037514098687e-16
0.000000000000000000e+00
0.000000000000000000e+00
4.700731726406889160e-03
4.840624233579970959e-02
1.297519640975873800e-01
2.630375442499597871e-01
4.395662291345497352e-01
6.537475493651926373e-01
8.037047257937951494e-01
8.915511230237179729e-01
9.158611400687196591e-01
8.915511230237181950e-01
8.037047257937951494e-01
6.537475493651930813e-01
4.395662291345497352e-01
2.630375442499597871e-01
1.297519640975874633e-01
4.840624233580000102e-02
4.700731726406889160e-03
0.000000000000000000e+00
1.950232037514098687e-16
0.000000000000000000e+00
0.000000000000000000e+00
0.000000000000000000e+00
9.751160187570493436e-17
9.751160187570493436e-17
0.000000000000000000e+00
0.000000000000000000e+00
0.000000000000000000e+00
0.000000000000000000e+00
0.000000000000000000e+00
0.000000000000000000e+00
9.751160187570493436e-17
9.751160187570493436e-17
9.751160187570493436e-17
9.751160187570493436e-17
9.751160187570493436e-17
9.751160187570493436e-17
9.751160187570493436e-17
9.751160187570493436e-17
9.751160187570493436e-17
9.751160187570493436e-17
0.000000000000000000e+00
0.000000000000000000e+00
9.751160187570493436e-17
9.751160187570493436e-17
9.751160187570493436e-17
9.751160187570493436e-17
0.000000000000000000e+00
9.751160187570493436e-17
9.751160187570493436e-17
9.751160187570493436e-17
0.000000000000000000e+00
0.000000000000000000e+00
1.950232037514098687e-16
9.751160187570493436e-17
0.000000000000000000e+00
9.751160187570493436e-17
9.751160187570493436e-17
0.000000000000000000e+00
9.751160187570493436e-17
0.000000000000000000e+00
9.751160187570493436e-17
0.000000000000000000e+00
4.700731726406986305e-03
2.613985332431690428e-02
7.878760395579076370e-02
1.902163170615140120e-01
3.462524506348064190e-01
5.296911918191614665e-01
6.400304116336067439e-01
6.790444145700107459e-01
6.400304116336067439e-01
5.296911918191612445e-01
3.462524506348064190e-01
1.902163170615138732e-01
7.878760395579062492e-02
2.613985332431700143e-02
4.700731726406986305e-03
9.751160187570493436e-17
9.751160187570493436e-17
9.751160187570493436e-17
0.000000000000000000e+00
0.000000000000000000e+00
0.000000000000000000e+00
9.751160187570493436e-17
0.000000000000000000e+00
0.000000000000000000e+00
9.751160187570493436e-17
1.950232037514098687e-16
9.751160187570493436e-17
9.751160187570493436e-17
0.000000000000000000e+00
0.000000000000000000e+00
0.000000000000000000e+00
9.751160187570493436e-17
0.000000000000000000e+00
0.000000000000000000e+00
9.751160187570493436e-17
9.751160187570493436e-17
9.751160187570493436e-17
0.000000000000000000e+00
9.751160187570493436e-17
0.000000000000000000e+00
0.000000000000000000e+00
9.751160187570493436e-17
9.751160187570493436e-17
2.925348056271148031e-16
9.751160187570493436e-17
0.000000000000000000e+00
0.000000000000000000e+00
9.751160187570493436e-17
0.000000000000000000e+00
0.000000000000000000e+00
9.751160187570493436e-17
9.751160187570493436e-17
0.000000000000000000e+00
0.000000000000000000e+00
9.751160187570493436e-17
0.000000000000000000e+00
9.751160187570493436e-17
0.000000000000000000e+00
0.000000000000000000e+00
0.000000000000000000e+00
0.000000000000000000e+00
9.751160187570493436e-17
2.925348056271148031e-16
4.700731726407084317e-03
4.840624233580029245e-02
1.297519640975873800e-01
2.261056293919752880e-01
2.916315579358055299e-01
3.209555854299893651e-01
2.916315579358053078e-01
2.261056293919750937e-01
1.297519640975877131e-01
4.840624233579990388e-02
4.700731726407084317e-03
2.925348056271148031e-16
0.000000000000000000e+00
9.751160187570493436e-17
0.000000000000000000e+00
0.000000000000000000e+00
0.000000000000000000e+00
9.751160187570493436e-17
0.000000000000000000e+00
9.751160187570493436e-17
0.000000000000000000e+00
1.950232037514098687e-16
0.000000000000000000e+00
1.950232037514098687e-16
0.000000000000000000e+00
0.000000000000000000e+00
0.000000000000000000e+00
0.000000000000000000e+00
0.000000000000000000e+00
0.000000000000000000e+00
0.000000000000000000e+00
0.000000000000000000e+00
9.751160187570493436e-17
9.751160187570493436e-17
0.000000000000000000e+00
0.000000000000000000e+00
9.751160187570493436e-17
0.000000000000000000e+00
0.000000000000000000e+00
0.000000000000000000e+00
9.751160187570493436e-17
9.751160187570493436e-17
9.751160187570493436e-17
9.751160187570493436e-17
9.751160187570493436e-17
9.751160187570493436e-17
0.000000000000000000e+00
0.000000000000000000e+00
2.925348056271148031e-16
9.751160187570493436e-17
0.000000000000000000e+00
0.000000000000000000e+00
9.751160187570493436e-17
0.000000000000000000e+00
9.751160187570493436e-17
0.000000000000000000e+00
9.751160187570493436e-17
1.950232037514098687e-16
0.000000000000000000e+00
0.000000000000000000e+00
9.751160187570493436e-17
0.000000000000000000e+00
4.700731726406889160e-03
2.613985332431670652e-02
5.545295069269793459e-02
7.878760395579086084e-02
8.413885993128021601e-02
7.878760395579056941e-02
5.545295069269793459e-02
2.613985332431709857e-02
4.700731726406889160e-03
0.000000000000000000e+00
0.000000000000000000e+00
9.751160187570493436e-17
0.000000000000000000e+00
0.000000000000000000e+00
1.950232037514098687e-16
0.000000000000000000e+00
9.751160187570493436e-17
0.000000000000000000e+00
1.950232037514098687e-16
0.000000000000000000e+00
0.000000000000000000e+00
9.751160187570493436e-17
0.000000000000000000e+00
0.000000000000000000e+00
9.751160187570493436e-17
0.000000000000000000e+00
9.751160187570493436e-17
0.000000000000000000e+00
9.751160187570493436e-17
0.000000000000000000e+00
0.000000000000000000e+00
9.751160187570493436e-17
9.751160187570493436e-17
0.000000000000000000e+00
0.000000000000000000e+00
9.751160187570493436e-17
0.000000000000000000e+00
0.000000000000000000e+00
0.000000000000000000e+00
9.751160187570493436e-17
9.751160187570493436e-17
0.000000000000000000e+00
0.000000000000000000e+00
9.751160187570493436e-17
9.751160187570493436e-17
9.751160187570493436e-17
0.000000000000000000e+00
0.000000000000000000e+00
0.000000000000000000e+00
0.000000000000000000e+00
0.000000000000000000e+00
0.000000000000000000e+00
9.751160187570493436e-17
0.000000000000000000e+00
9.751160187570493436e-17
0.000000000000000000e+00
9.751160187570493436e-17
0.000000000000000000e+00
0.000000000000000000e+00
0.000000000000000000e+00
0.000000000000000000e+00
9.751160187570493436e-17
0.000000000000000000e+00
1.950232037514098687e-16
1.950232037514098687e-16
0.000000000000000000e+00
1.950232037514098687e-16
9.751160187570493436e-17
0.000000000000000000e+00
0.000000000000000000e+00
0.000000000000000000e+00
9.751160187570493436e-17
0.000000000000000000e+00
0.000000000000000000e+00
0.000000000000000000e+00
2.925348056271148031e-16
0.000000000000000000e+00
0.000000000000000000e+00
0.000000000000000000e+00
0.000000000000000000e+00
0.000000000000000000e+00
9.751160187570493436e-17
0.000000000000000000e+00
2.925348056271148031e-16
9.751160187570493436e-17
0.000000000000000000e+00
1.950232037514098687e-16
9.751160187570493436e-17
0.000000000000000000e+00
9.751160187570493436e-17
0.000000000000000000e+00
0.000000000000000000e+00
9.751160187570493436e-17
9.751160187570493436e-17
0.000000000000000000e+00
0.000000000000000000e+00
9.751160187570493436e-17
0.000000000000000000e+00
0.000000000000000000e+00
0.000000000000000000e+00
9.751160187570493436e-17
1.950232037514098687e-16
0.000000000000000000e+00
9.751160187570493436e-17
0.000000000000000000e+00
2.925348056271148031e-16
9.751160187570493436e-17
0.000000000000000000e+00
2.925348056271148031e-16
9.751160187570493436e-17
0.000000000000000000e+00
9.751160187570493436e-17
9.751160187570493436e-17
0.000000000000000000e+00
1.950232037514098687e-16
0.000000000000000000e+00
0.000000000000000000e+00
9.751160187570493436e-17
0.000000000000000000e+00
2.925348056271148031e-16
0.000000000000000000e+00
1.950232037514098687e-16
0.000000000000000000e+00
0.000000000000000000e+00
2.925348056271148031e-16
0.000000000000000000e+00
0.000000000000000000e+00
9.751160187570493436e-17
1.950232037514098687e-16
0.000000000000000000e+00
0.000000000000000000e+00
1.950232037514098687e-16
0.000000000000000000e+00
9.751160187570493436e-17
9.751160187570493436e-17
9.751160187570493436e-17
0.000000000000000000e+00
0.000000000000000000e+00
9.751160187570493436e-17
0.000000000000000000e+00
0.000000000000000000e+00
0.000000000000000000e+00
1.950232037514098687e-16
0.000000000000000000e+00
2.925348056271148031e-16
9.751160187570493436e-17
0.000000000000000000e+00
9.751160187570493436e-17
9.751160187570493436e-17
0.000000000000000000e+00
9.751160187570493436e-17
9.751160187570493436e-17
9.751160187570493436e-17
9.751160187570493436e-17
9.751160187570493436e-17
0.000000000000000000e+00
0.000000000000000000e+00
9.751160187570493436e-17
0.000000000000000000e+00
0.000000000000000000e+00
0.000000000000000000e+00
9.751160187570493436e-17
1.950232037514098687e-16
0.000000000000000000e+00
9.751160187570493436e-17
0.000000000000000000e+00
1.950232037514098687e-16
0.000000000000000000e+00
0.000000000000000000e+00
1.950232037514098687e-16
0.000000000000000000e+00
0.000000000000000000e+00
0.000000000000000000e+00
9.751160187570493436e-17
0.000000000000000000e+00
0.000000000000000000e+00
0.000000000000000000e+00
9.751160187570493436e-17
9.751160187570493436e-17
0.000000000000000000e+00
0.000000000000000000e+00
1.950232037514098687e-16
1.950232037514098687e-16
0.000000000000000000e+00
0.000000000000000000e+00
0.000000000000000000e+00
0.000000000000000000e+00
0.000000000000000000e+00
0.000000000000000000e+00
0.000000000000000000e+00
0.000000000000000000e+00
0.000000000000000000e+00
0.000000000000000000e+00
2.925348056271148031e-16
0.000000000000000000e+00
0.000000000000000000e+00
0.000000000000000000e+00
1.950232037514098687e-16
9.751160187570493436e-17
9.751160187570493436e-17
0.000000000000000000e+00
1.950232037514098687e-16
0.000000000000000000e+00
0.000000000000000000e+00
0.000000000000000000e+00
0.000000000000000000e+00
1.950232037514098687e-16
9.751160187570493436e-17
0.000000000000000000e+00
0.000000000000000000e+00
0.000000000000000000e+00
1.950232037514098687e-16
0.000000000000000000e+00
0.000000000000000000e+00
9.751160187570493436e-17
9.751160187570493436e-17
0.000000000000000000e+00
0.000000000000000000e+00
9.751160187570493436e-17
0.000000000000000000e+00
0.000000000000000000e+00
0.000000000000000000e+00
9.751160187570493436e-17
9.751160187570493436e-17
9.751160187570493436e-17
9.751160187570493436e-17
9.751160187570493436e-17
9.751160187570493436e-17
0.000000000000000000e+00
9.751160187570493436e-17
9.751160187570493436e-17
9.751160187570493436e-17
0.000000000000000000e+00
9.751160187570493436e-17
9.751160187570493436e-17
0.000000000000000000e+00
0.000000000000000000e+00
9.751160187570493436e-17
9.751160187570493436e-17
1.950232037514098687e-16
0.000000000000000000e+00
0.000000000000000000e+00
1.950232037514098687e-16
9.751160187570493436e-17
0.000000000000000000e+00
0.000000000000000000e+00
0.000000000000000000e+00
0.000000000000000000e+00
0.000000000000000000e+00
0.000000000000000000e+00
0.000000000000000000e+00
0.000000000000000000e+00
0.000000000000000000e+00
0.000000000000000000e+00
9.751160187570493436e-17
0.000000000000000000e+00
9.751160187570493436e-17
0.000000000000000000e+00
2.925348056271148031e-16
9.751160187570493436e-17
0.000000000000000000e+00
0.000000000000000000e+00
0.000000000000000000e+00
9.751160187570493436e-17
2.925348056271148031e-16
0.000000000000000000e+00
0.000000000000000000e+00
9.751160187570493436e-17
0.000000000000000000e+00
9.751160187570493436e-17
0.000000000000000000e+00
0.000000000000000000e+00
9.751160187570493436e-17
0.000000000000000000e+00
0.000000000000000000e+00
0.000000000000000000e+00
9.751160187570493436e-17
0.000000000000000000e+00
0.000000000000000000e+00
9.751160187570493436e-17
0.000000000000000000e+00
0.000000000000000000e+00
0.000000000000000000e+00
9.751160187570493436e-17
0.000000000000000000e+00
0.000000000000000000e+00
9.751160187570493436e-17
0.000000000000000000e+00
9.751160187570493436e-17
0.000000000000000000e+00
0.000000000000000000e+00
1.950232037514098687e-16
1.950232037514098687e-16
9.751160187570493436e-17
9.751160187570493436e-17
0.000000000000000000e+00
0.000000000000000000e+00
0.000000000000000000e+00
0.000000000000000000e+00
0.000000000000000000e+00
0.000000000000000000e+00
0.000000000000000000e+00
0.000000000000000000e+00
0.000000000000000000e+00
9.751160187570493436e-17
4.700731726407084317e-03
2.613985332431690428e-02
5.545295069269803173e-02
7.878760395579047227e-02
8.413885993128035479e-02
7.878760395579072207e-02
5.545295069269803173e-02
2.613985332431700143e-02
4.700731726406986305e-03
0.000000000000000000e+00
9.751160187570493436e-17
9.751160187570493436e-17
0.000000000000000000e+00
0.000000000000000000e+00
9.751160187570493436e-17
0.000000000000000000e+00
0.000000000000000000e+00
0.000000000000000000e+00
0.000000000000000000e+00
0.000000000000000000e+00
9.751160187570493436e-17
0.000000000000000000e+00
1.950232037514098687e-16
9.751160187570493436e-17
1.950232037514098687e-16
0.000000000000000000e+00
0.000000000000000000e+00
0.000000000000000000e+00
1.950232037514098687e-16
0.000000000000000000e+00
9.751160187570493436e-17
9.751160187570493436e-17
9.751160187570493436e-17
0.000000000000000000e+00
0.000000000000000000e+00
9.751160187570493436e-17
0.000000000000000000e+00
0.000000000000000000e+00
0.000000000000000000e+00
9.751160187570493436e-17
0.000000000000000000e+00
9.751160187570493436e-17
0.000000000000000000e+00
0.000000000000000000e+00
9.751160187570493436e-17
0.000000000000000000e+00
0.000000000000000000e+00
1.950232037514098687e-16
0.000000000000000000e+00
0.000000000000000000e+00
0.000000000000000000e+00
1.950232037514098687e-16
0.000000000000000000e+00
0.000000000000000000e+00
9.751160187570493436e-17
9.751160187570493436e-17
1.950232037514098687e-16
0.000000000000000000e+00
1.950232037514098687e-16
0.000000000000000000e+00
4.700731726407084317e-03
4.840624233580000102e-02
1.297519640975874633e-01
2.261056293919749549e-01
2.916315579358055299e-01
3.209555854299893651e-01
2.916315579358055299e-01
2.261056293919749549e-01
1.297519640975874633e-01
4.840624233579970959e-02
4.700731726406986305e-03
9.751160187570493436e-17
9.751160187570493436e-17
0.000000000000000000e+00
0.000000000000000000e+00
1.950232037514098687e-16
0.000000000000000000e+00
1.950232037514098687e-16
0.000000000000000000e+00
0.000000000000000000e+00
0.000000000000000000e+00
1.950232037514098687e-16
0.000000000000000000e+00
0.000000000000000000e+00
0.000000000000000000e+00
9.751160187570493436e-17
0.000000000000000000e+00
0.000000000000000000e+00
9.751160187570493436e-17
1.950232037514098687e-16
0.000000000000000000e+00
0.000000000000000000e+00
9.751160187570493436e-17
9.751160187570493436e-17
0.000000000000000000e+00
0.000000000000000000e+00
9.751160187570493436e-17
0.000000000000000000e+00
0.000000000000000000e+00
0.000000000000000000e+00
0.000000000000000000e+00
0.000000000000000000e+00
1.950232037514098687e-16
2.925348056271148031e-16
0.000000000000000000e+00
0.000000000000000000e+00
0.000000000000000000e+00
0.000000000000000000e+00
0.000000000000000000e+00
9.751160187570493436e-17
9.751160187570493436e-17
0.000000000000000000e+00
1.950232037514098687e-16
0.000000000000000000e+00
1.950232037514098687e-16
0.000000000000000000e+00
1.950232037514098687e-16
9.751160187570493436e-17
0.000000000000000000e+00
4.700731726406986305e-03
2.613985332431700143e-02
7.878760395579091635e-02
1.902163170615140675e-01
3.462524506348070297e-01
5.296911918191609114e-01
6.400304116336062998e-01
6.790444145700103018e-01
6.400304116336065219e-01
5.296911918191606894e-01
3.462524506348072517e-01
1.902163170615139287e-01
7.878760395579072207e-02
2.613985332431690428e-02
4.700731726407084317e-03
0.000000000000000000e+00
0.000000000000000000e+00
2.925348056271148031e-16
0.000000000000000000e+00
9.751160187570493436e-17
9.751160187570493436e-17
0.000000000000000000e+00
0.000000000000000000e+00
9.751160187570493436e-17
0.000000000000000000e+00
9.751160187570493436e-17
1.950232037514098687e-16
0.000000000000000000e+00
0.000000000000000000e+00
0.000000000000000000e+00
9.751160187570493436e-17
9.751160187570493436e-17
9.751160187570493436e-17
9.751160187570493436e-17
9.751160187570493436e-17
9.751160187570493436e-17
0.000000000000000000e+00
0.000000000000000000e+00
9.751160187570493436e-17
0.000000000000000000e+00
0.000000000000000000e+00
0.000000000000000000e+00
9.751160187570493436e-17
9.751160187570493436e-17
9.751160187570493436e-17
0.000000000000000000e+00
0.000000000000000000e+00
9.751160187570493436e-17
0.000000000000000000e+00
9.751160187570493436e-17
1.950232037514098687e-16
0.000000000000000000e+00
0.000000000000000000e+00
0.000000000000000000e+00
1.950232037514098687e-16
0.000000000000000000e+00
0.000000000000000000e+00
0.000000000000000000e+00
0.000000000000000000e+00
0.000000000000000000e+00
4.700731726406889160e-03
4.840624233580000102e-02
1.297519640975876021e-01
2.630375442499601757e-01
4.395662291345497352e-01
6.537475493651925262e-01
8.037047257937949274e-01
8.915511230237179729e-01
9.158611400687196591e-01
8.915511230237181950e-01
8.037047257937947053e-01
6.537475493651926373e-01
4.395662291345497352e-01
2.630375442499599536e-01
1.297519640975877964e-01
4.840624233580000102e-02
4.700731726406889160e-03
0.000000000000000000e+00
0.000000000000000000e+00
0.000000000000000000e+00
0.000000000000000000e+00
0.000000000000000000e+00
0.000000000000000000e+00
0.000000000000000000e+00
1.950232037514098687e-16
0.000000000000000000e+00
0.000000000000000000e+00
0.000000000000000000e+00
2.925348056271148031e-16
0.000000000000000000e+00
0.000000000000000000e+00
0.000000000000000000e+00
0.000000000000000000e+00
0.000000000000000000e+00
0.000000000000000000e+00
9.751160187570493436e-17
9.751160187570493436e-17
0.000000000000000000e+00
0.000000000000000000e+00
9.751160187570493436e-17
0.000000000000000000e+00
0.000000000000000000e+00
0.000000000000000000e+00
0.000000000000000000e+00
0.000000000000000000e+00
9.751160187570493436e-17
0.000000000000000000e+00
0.000000000000000000e+00
9.751160187570493436e-17
2.925348056271148031e-16
0.000000000000000000e+00
9.751160187570493436e-17
0.000000000000000000e+00
0.000000000000000000e+00
0.000000000000000000e+00
0.000000000000000000e+00
0.000000000000000000e+00
0.000000000000000000e+00
0.000000000000000000e+00
4.700731726406986305e-03
2.613985332431739000e-02
7.878760395579056941e-02
1.902163170615142063e-01
3.462524506348071407e-01
5.604337708654502093e-01
7.369624557500402684e-01
8.702480359024121759e-01
9.515937576641999573e-01
9.952992682735927188e-01
1.000000000000000000e+00
9.952992682735927188e-01
9.515937576641999573e-01
8.702480359024121759e-01
7.369624557500402684e-01
5.604337708654498762e-01
3.462524506348070297e-01
1.902163170615142063e-01
7.878760395579076370e-02
2.613985332431690428e-02
4.700731726406986305e-03
0.000000000000000000e+00
0.000000000000000000e+00
0.000000000000000000e+00
9.751160187570493436e-17
0.000000000000000000e+00
0.000000000000000000e+00
0.000000000000000000e+00
0.000000000000000000e+00
0.000000000000000000e+00
0.000000000000000000e+00
0.000000000000000000e+00
0.000000000000000000e+00
0.000000000000000000e+00
0.000000000000000000e+00
9.751160187570493436e-17
9.751160187570493436e-17
9.751160187570493436e-17
9.751160187570493436e-17
0.000000000000000000e+00
9.751160187570493436e-17
9.751160187570493436e-17
0.000000000000000000e+00
0.000000000000000000e+00
0.000000000000000000e+00
9.751160187570493436e-17
9.751160187570493436e-17
0.000000000000000000e+00
0.000000000000000000e+00
9.751160187570493436e-17
0.000000000000000000e+00
0.000000000000000000e+00
0.000000000000000000e+00
0.000000000000000000e+00
0.000000000000000000e+00
0.000000000000000000e+00
9.751160187570493436e-17
0.000000000000000000e+00
0.000000000000000000e+00
0.000000000000000000e+00
4.700731726407181461e-03
4.840624233579970959e-02
1.297519640975877131e-01
2.630375442499593985e-01
4.395662291345493466e-01
6.537475493651933034e-01
8.097836829384857937e-01
9.212123960442089032e-01
9.738601466756825475e-01
9.952992682735929408e-01
9.999999999999997780e-01
9.999999999999997780e-01
9.999999999999997780e-01
9.952992682735927188e-01
9.738601466756828806e-01
9.212123960442089032e-01
8.097836829384853496e-01
6.537475493651928593e-01
4.395662291345493466e-01
2.630375442499596761e-01
1.297519640975876021e-01
4.840624233580000102e-02
4.700731726406986305e-03
9.751160187570493436e-17
0.000000000000000000e+00
0.000000000000000000e+00
0.000000000000000000e+00
0.000000000000000000e+00
0.000000000000000000e+00
0.000000000000000000e+00
0.000000000000000000e+00
1.950232037514098687e-16
1.950232037514098687e-16
9.751160187570493436e-17
0.000000000000000000e+00
9.751160187570493436e-17
0.000000000000000000e+00
9.751160187570493436e-17
9.751160187570493436e-17
9.751160187570493436e-17
0.000000000000000000e+00
9.751160187570493436e-17
9.751160187570493436e-17
0.000000000000000000e+00
0.000000000000000000e+00
0.000000000000000000e+00
9.751160187570493436e-17
0.000000000000000000e+00
0.000000000000000000e+00
0.000000000000000000e+00
9.751160187570493436e-17
2.925348056271148031e-16
1.950232037514098687e-16
9.751160187570493436e-17
0.000000000000000000e+00
0.000000000000000000e+00
0.000000000000000000e+00
0.000000000000000000e+00
9.751160187570493436e-17
4.700731726406986305e-03
2.613985332431700143e-02
7.878760395579105513e-02
1.902163170615138732e-01
3.462524506348070297e-01
5.604337708654497652e-01
7.369624557500402684e-01
8.702480359024123979e-01
9.515937576642000684e-01
9.952992682735929408e-01
9.999999999999997780e-01
1.000000000000000000e+00
1.000000000000000000e+00
1.000000000000000000e+00
9.999999999999997780e-01
9.999999999999997780e-01
9.999999999999997780e-01
9.952992682735929408e-01
9.515937576641999573e-01
8.702480359024125089e-01
7.369624557500402684e-01
5.604337708654497652e-01
3.462524506348066411e-01
1.902163170615139287e-01
7.878760395579101350e-02
2.613985332431700143e-02
4.700731726406986305e-03
0.000000000000000000e+00
0.000000000000000000e+00
9.751160187570493436e-17
0.000000000000000000e+00
9.751160187570493436e-17
9.751160187570493436e-17
9.751160187570493436e-17
9.751160187570493436e-17
9.751160187570493436e-17
0.000000000000000000e+00
9.751160187570493436e-17
0.000000000000000000e+00
9.751160187570493436e-17
9.751160187570493436e-17
9.751160187570493436e-17
0.000000000000000000e+00
9.751160187570493436e-17
9.751160187570493436e-17
0.000000000000000000e+00
0.000000000000000000e+00
0.000000000000000000e+00
9.751160187570493436e-17
0.000000000000000000e+00
9.751160187570493436e-17
9.751160187570493436e-17
1.950232037514098687e-16
9.751160187570493436e-17
0.000000000000000000e+00
9.751160187570493436e-17
9.751160187570493436e-17
9.751160187570493436e-17
0.000000000000000000e+00
0.000000000000000000e+00
4.700731726406986305e-03
4.840624233580000102e-02
1.297519640975874633e-01
2.630375442499598426e-01
4.395662291345496242e-01
6.537475493651934144e-01
8.097836829384853496e-01
9.212123960442091253e-01
9.738601466756828806e-01
9.952992682735931629e-01
1.000000000000000000e+00
1.000000000000000000e+00
1.000000000000000000e+00
9.999999999999997780e-01
1.000000000000000000e+00
9.999999999999997780e-01
1.000000000000000000e+00
1.000000000000000000e+00
1.000000000000000000e+00
9.952992682735931629e-01
9.738601466756828806e-01
9.212123960442091253e-01
8.097836829384859048e-01
6.537475493651926373e-01
4.395662291345497352e-01
2.630375442499598426e-01
1.297519640975876021e-01
4.840624233579990388e-02
4.700731726406889160e-03
0.000000000000000000e+00
9.751160187570493436e-17
9.751160187570493436e-17
0.000000000000000000e+00
0.000000000000000000e+00
9.751160187570493436e-17
0.000000000000000000e+00
0.000000000000000000e+00
1.950232037514098687e-16
0.000000000000000000e+00
0.000000000000000000e+00
9.751160187570493436e-17
9.751160187570493436e-17
9.751160187570493436e-17
0.000000000000000000e+00
9.751160187570493436e-17
9.751160187570493436e-17
0.000000000000000000e+00
0.000000000000000000e+00
0.000000000000000000e+00
9.751160187570493436e-17
9.751160187570493436e-17
9.751160187570493436e-17
9.751160187570493436e-17
9.751160187570493436e-17
9.751160187570493436e-17
0.000000000000000000e+00
0.000000000000000000e+00
0.000000000000000000e+00
9.751160187570493436e-17
0.000000000000000000e+00
4.700731726407084317e-03
4.840624233580000102e-02
1.635651838879512709e-01
3.395505191706765236e-01
5.604337708654497652e-01
7.369624557500402684e-01
8.702480359024127310e-01
9.515937576641999573e-01
9.952992682735931629e-01
1.000000000000000000e+00
1.000000000000000000e+00
9.999999999999997780e-01
9.999999999999997780e-01
9.999999999999997780e-01
9.999999999999997780e-01
9.999999999999997780e-01
9.999999999999995559e-01
9.999999999999997780e-01
9.999999999999997780e-01
9.999999999999997780e-01
9.999999999999997780e-01
1.000000000000000000e+00
9.952992682735931629e-01
9.515937576641999573e-01
8.702480359024123979e-01
7.369624557500403794e-01
5.604337708654497652e-01
3.395505191706766346e-01
1.635651838879515207e-01
4.840624233579970959e-02
4.700731726406889160e-03
0.000000000000000000e+00
9.751160187570493436e-17
0.000000000000000000e+00
9.751160187570493436e-17
9.751160187570493436e-17
0.000000000000000000e+00
0.000000000000000000e+00
0.000000000000000000e+00
9.751160187570493436e-17
0.000000000000000000e+00
9.751160187570493436e-17
9.751160187570493436e-17
9.751160187570493436e-17
0.000000000000000000e+00
9.751160187570493436e-17
9.751160187570493436e-17
0.000000000000000000e+00
0.000000000000000000e+00
9.751160187570493436e-17
9.751160187570493436e-17
9.751160187570493436e-17
0.000000000000000000e+00
9.751160187570493436e-17
9.751160187570493436e-17
9.751160187570493436e-17
1.950232037514098687e-16
0.000000000000000000e+00
9.751160187570493436e-17
4.700731726406791149e-03
2.613985332431690428e-02
7.878760395579101350e-02
1.902163170615143173e-01
3.763070560803209452e-01
6.236929439196783331e-01
8.097836829384859048e-01
9.212123960442089032e-01
9.738601466756828806e-01
9.952992682735927188e-01
1.000000000000000000e+00
1.000000000000000000e+00
1.000000000000000000e+00
9.999999999999997780e-01
9.999999999999997780e-01
1.000000000000000000e+00
1.000000000000000000e+00
9.999999999999997780e-01
1.000000000000000000e+00
9.999999999999997780e-01
1.000000000000000000e+00
9.999999999999994449e-01
9.999999999999997780e-01
9.999999999999997780e-01
1.000000000000000000e+00
9.952992682735931629e-01
9.738601466756828806e-01
9.212123960442089032e-01
8.097836829384857937e-01
6.236929439196783331e-01
3.763070560803209452e-01
1.902163170615142618e-01
7.878760395579086084e-02
0.000000000000000000e+00
0.000000000000000000e+00
9.751160187570493436e-17
1.950232037514098687e-16
0.000000000000000000e+00
9.751160187570493436e-17
0.000000000000000000e+00
0.000000000000000000e+00
9.751160187570493436e-17
0.000000000000000000e+00
9.751160187570493436e-17
9.751160187570493436e-17
9.751160187570493436e-17
0.000000000000000000e+00
9.751160187570493436e-17
9.751160187570493436e-17
0.000000000000000000e+00
0.000000000000000000e+00
9.751160187570493436e-17
9.751160187570493436e-17
9.751160187570493436e-17
0.000000000000000000e+00
9.751160187570493436e-17
1.950232037514098687e-16
9.751160187570493436e-17
0.000000000000000000e+00
2.925348056271148031e-16
1.950232037514098687e-16
2.613985332431709857e-02
9.722273517391123721e-02
2.347341384359725447e-01
4.326794151686111922e-01
6.604494808293233099e-01
8.364348161120485070e-01
9.515937576642000684e-01
9.952992682735931629e-01
1.000000000000000000e+00
9.999999999999997780e-01
1.000000000000000000e+00
1.000000000000000000e+00
9.999999999999997780e-01
9.999999999999997780e-01
1.000000000000000000e+00
1.000000000000000000e+00
9.999999999999997780e-01
9.999999999999997780e-01
9.999999999999997780e-01
9.999999999999997780e-01
9.999999999999997780e-01
9.999999999999995559e-01
9.999999999999997780e-01
1.000000000000000000e+00
9.999999999999997780e-01
1.000000000000000000e+00
9.999999999999997780e-01
9.952992682735931629e-01
9.515937576641999573e-01
8.364348161120483960e-01
6.604494808293234209e-01
4.326794151686111922e-01
2.347341384359722394e-01
5.032369796859548217e-02
5.032369796859548217e-02
2.613985332431690428e-02
4.700731726406889160e-03
0.000000000000000000e+00
0.000000000000000000e+00
0.000000000000000000e+00
0.000000000000000000e+00
9.751160187570493436e-17
0.000000000000000000e+00
9.751160187570493436e-17
9.751160187570493436e-17
9.751160187570493436e-17
0.000000000000000000e+00
9.751160187570493436e-17
9.751160187570493436e-17
0.000000000000000000e+00
9.751160187570493436e-17
9.751160187570493436e-17
9.751160187570493436e-17
9.751160187570493436e-17
0.000000000000000000e+00
0.000000000000000000e+00
1.950232037514098687e-16
9.751160187570493436e-17
0.000000000000000000e+00
4.700731726406986305e-03
2.613985332431700143e-02
1.105369627711947356e-01
2.630375442499595651e-01
4.965382826252330295e-01
7.081181236063780471e-01
8.702480359024125089e-01
9.515937576641999573e-01
9.952992682735927188e-01
1.000000000000000000e+00
1.000000000000000000e+00
9.999999999999997780e-01
9.999999999999997780e-01
9.999999999999997780e-01
1.000000000000000000e+00
1.000000000000000000e+00
9.999999999999997780e-01
1.000000000000000000e+00
9.999999999999997780e-01
9.999999999999997780e-01
9.999999999999997780e-01
9.999999999999997780e-01
9.999999999999997780e-01
9.999999999999997780e-01
9.999999999999997780e-01
9.999999999999997780e-01
9.999999999999997780e-01
1.000000000000000000e+00
9.999999999999997780e-01
1.000000000000000000e+00
9.952992682735927188e-01
9.515937576641999573e-01
8.702480359024123979e-01
7.015712932312604400e-01
4.588181070158435237e-01
1.657884014347012769e-01
1.657884014347011381e-01
9.722273517391114006e-02
2.613985332431690428e-02
0.000000000000000000e+00
0.000000000000000000e+00
0.000000000000000000e+00
0.000000000000000000e+00
0.000000000000000000e+00
0.000000000000000000e+00
9.751160187570493436e-17
9.751160187570493436e-17
9.751160187570493436e-17
0.000000000000000000e+00
9.751160187570493436e-17
9.751160187570493436e-17
0.000000000000000000e+00
9.751160187570493436e-17
9.751160187570493436e-17
9.751160187570493436e-17
9.751160187570493436e-17
0.000000000000000000e+00
0.000000000000000000e+00
9.751160187570493436e-17
9.751160187570493436e-17
9.751160187570493436e-17
2.613985332431690428e-02
9.722273517391129272e-02
2.630375442499596761e-01
4.965382826252325854e-01
7.369624557500404904e-01
8.894630372288052644e-01
9.738601466756828806e-01
9.952992682735927188e-01
1.000000000000000000e+00
1.000000000000000000e+00
1.000000000000000000e+00
9.999999999999997780e-01
1.000000000000000000e+00
1.000000000000000000e+00
9.999999999999997780e-01
1.000000000000000000e+00
1.000000000000000000e+00
9.999999999999997780e-01
1.000000000000000000e+00
9.999999999999997780e-01
1.000000000000000000e+00
9.999999999999997780e-01
9.999999999999997780e-01
9.999999999999997780e-01
9.999999999999997780e-01
9.999999999999997780e-01
1.000000000000000000e+00
1.000000000000000000e+00
9.999999999999997780e-01
1.000000000000000000e+00
1.000000000000000000e+00
9.952992682735927188e-01
9.738601466756825475e-01
8.585655106738292464e-01
6.098304921194563910e-01
3.580371426883272590e-01
3.814131567479737694e-01
2.347341384359727667e-01
7.878760395579091635e-02
4.700731726407084317e-03
0.000000000000000000e+00
0.000000000000000000e+00
0.000000000000000000e+00
0.000000000000000000e+00
0.000000000000000000e+00
9.751160187570493436e-17
9.751160187570493436e-17
9.751160187570493436e-17
0.000000000000000000e+00
9.751160187570493436e-17
9.751160187570493436e-17
0.000000000000000000e+00
9.751160187570493436e-17
9.751160187570493436e-17
9.751160187570493436e-17
9.751160187570493436e-17
0.000000000000000000e+00
0.000000000000000000e+00
9.751160187570493436e-17
9.751160187570493436e-17
4.700731726407084317e-03
7.878760395579086084e-02
2.347341384359725724e-01
4.965382826252328630e-01
7.369624557500396023e-01
9.027772648260889987e-01
9.738601466756831027e-01
9.999999999999997780e-01
1.000000000000000000e+00
9.999999999999997780e-01
1.000000000000000000e+00
1.000000000000000000e+00
1.000000000000000000e+00
9.999999999999997780e-01
9.999999999999997780e-01
1.000000000000000000e+00
1.000000000000000000e+00
9.999999999999997780e-01
9.999999999999997780e-01
9.999999999999997780e-01
1.000000000000000000e+00
9.999999999999997780e-01
9.999999999999997780e-01
9.999999999999997780e-01
1.000000000000000000e+00
1.000000000000000000e+00
9.999999999999997780e-01
9.999999999999997780e-01
9.999999999999997780e-01
9.999999999999997780e-01
1.000000000000000000e+00
9.999999999999997780e-01
9.999999999999997780e-01
9.999999999999997780e-01
9.158611400687196591e-01
6.790444145700103018e-01
5.322905169110290213e-01
5.959122279251938270e-01
4.326794151686115253e-01
1.902163170615140120e-01
4.840624233580000102e-02
4.700731726406889160e-03
0.000000000000000000e+00
0.000000000000000000e+00
0.000000000000000000e+00
0.000000000000000000e+00
9.751160187570493436e-17
9.751160187570493436e-17
9.751160187570493436e-17
0.000000000000000000e+00
9.751160187570493436e-17
9.751160187570493436e-17
0.000000000000000000e+00
9.751160187570493436e-17
9.751160187570493436e-17
9.751160187570493436e-17
9.751160187570493436e-17
0.000000000000000000e+00
0.000000000000000000e+00
1.950232037514098687e-16
4.700731726406986305e-03
4.840624233580000102e-02
1.902163170615139287e-01
4.326794151686116918e-01
7.081181236063776030e-01
8.894630372288047093e-01
9.738601466756828806e-01
9.952992682735931629e-01
1.000000000000000000e+00
1.000000000000000000e+00
1.000000000000000000e+00
9.999999999999997780e-01
1.000000000000000000e+00
9.999999999999997780e-01
9.999999999999997780e-01
1.000000000000000000e+00
9.999999999999997780e-01
1.000000000000000000e+00
1.000000000000000000e+00
1.000000000000000000e+00
9.999999999999997780e-01
9.999999999999997780e-01
1.000000000000000000e+00
9.999999999999997780e-01
9.999999999999997780e-01
1.000000000000000000e+00
9.999999999999997780e-01
1.000000000000000000e+00
9.999999999999997780e-01
1.000000000000000000e+00
9.999999999999997780e-01
1.000000000000000000e+00
9.999999999999997780e-01
9.999999999999997780e-01
1.000000000000000000e+00
9.158611400687196591e-01
6.790444145700101908e-01
6.425656199935216861e-01
7.699876982097449973e-01
6.604494808293233099e-01
3.763070560803212228e-01
1.635651838879515207e-01
4.840624233579990388e-02
4.700731726406986305e-03
0.000000000000000000e+00
0.000000000000000000e+00
0.000000000000000000e+00
9.751160187570493436e-17
9.751160187570493436e-17
9.751160187570493436e-17
0.000000000000000000e+00
9.751160187570493436e-17
9.751160187570493436e-17
0.000000000000000000e+00
9.751160187570493436e-17
9.751160187570493436e-17
9.751160187570493436e-17
9.751160187570493436e-17
0.000000000000000000e+00
0.000000000000000000e+00
4.700731726407084317e-03
4.840624233580009816e-02
1.635651838879515207e-01
3.763070560803212228e-01
6.604494808293234209e-01
8.702480359024123979e-01
9.738601466756825475e-01
1.000000000000000000e+00
1.000000000000000000e+00
9.999999999999997780e-01
9.999999999999997780e-01
1.000000000000000000e+00
1.000000000000000000e+00
1.000000000000000000e+00
9.999999999999997780e-01
1.000000000000000000e+00
1.000000000000000000e+00
9.999999999999997780e-01
1.000000000000000000e+00
1.000000000000000000e+00
9.999999999999997780e-01
1.000000000000000000e+00
9.999999999999997780e-01
1.000000000000000000e+00
9.999999999999997780e-01
9.999999999999997780e-01
9.999999999999997780e-01
9.999999999999997780e-01
9.999999999999997780e-01
1.000000000000000000e+00
1.000000000000000000e+00
9.999999999999997780e-01
1.000000000000000000e+00
1.000000000000000000e+00
9.999999999999997780e-01
9.999999999999997780e-01
9.158611400687196591e-01
6.790444145700106349e-01
6.723981104878998805e-01
8.607316937702023107e-01
8.364348161120485070e-01
6.236929439196785552e-01
3.395505191706768011e-01
1.297519640975874633e-01
2.613985332431690428e-02
9.751160187570493436e-17
0.000000000000000000e+00
0.000000000000000000e+00
9.751160187570493436e-17
9.751160187570493436e-17
9.751160187570493436e-17
0.000000000000000000e+00
9.751160187570493436e-17
9.751160187570493436e-17
0.000000000000000000e+00
9.751160187570493436e-17
9.751160187570493436e-17
9.751160187570493436e-17
0.000000000000000000e+00
0.000000000000000000e+00
0.000000000000000000e+00
2.613985332431709857e-02
1.297519640975876021e-01
3.395505191706766346e-01
6.236929439196785552e-01
8.364348161120485070e-01
9.515937576641999573e-01
9.952992682735927188e-01
1.000000000000000000e+00
1.000000000000000000e+00
9.999999999999997780e-01
1.000000000000000000e+00
9.999999999999997780e-01
1.000000000000000000e+00
9.999999999999997780e-01
1.000000000000000000e+00
9.999999999999997780e-01
9.999999999999997780e-01
1.000000000000000000e+00
1.000000000000000000e+00
9.999999999999997780e-01
9.999999999999997780e-01
9.999999999999997780e-01
1.000000000000000000e+00
9.999999999999997780e-01
9.999999999999997780e-01
9.999999999999997780e-01
1.000000000000000000e+00
1.000000000000000000e+00
9.999999999999997780e-01
9.999999999999997780e-01
9.999999999999997780e-01
9.999999999999997780e-01
1.000000000000000000e+00
9.999999999999997780e-01
9.999999999999997780e-01
9.999999999999997780e-01
9.158611400687196591e-01
6.790444145700103018e-01
6.790444145700105238e-01
9.104697899695729513e-01
9.515937576642002904e-01
8.097836829384857937e-01
5.604337708654503203e-01
2.630375442499596761e-01
7.878760395579091635e-02
4.700731726406986305e-03
0.000000000000000000e+00
9.751160187570493436e-17
9.751160187570493436e-17
9.751160187570493436e-17
9.751160187570493436e-17
0.000000000000000000e+00
9.751160187570493436e-17
9.751160187570493436e-17
0.000000000000000000e+00
0.000000000000000000e+00
9.751160187570493436e-17
9.751160187570493436e-17
9.751160187570493436e-17
0.000000000000000000e+00
4.700731726406889160e-03
7.878760395579116615e-02
2.630375442499598426e-01
5.604337708654503203e-01
8.097836829384856827e-01
9.515937576642002904e-01
9.952992682735929408e-01
9.999999999999997780e-01
9.999999999999997780e-01
1.000000000000000000e+00
1.000000000000000000e+00
1.000000000000000000e+00
1.000000000000000000e+00
9.999999999999997780e-01
1.000000000000000000e+00
9.999999999999997780e-01
9.999999999999997780e-01
1.000000000000000000e+00
9.999999999999997780e-01
1.000000000000000000e+00
1.000000000000000000e+00
1.000000000000000000e+00
9.999999999999997780e-01
9.999999999999997780e-01
1.000000000000000000e+00
9.999999999999997780e-01
9.999999999999997780e-01
1.000000000000000000e+00
9.999999999999997780e-01
1.000000000000000000e+00
9.999999999999997780e-01
1.000000000000000000e+00
9.999999999999997780e-01
1.000000000000000000e+00
9.999999999999997780e-01
9.999999999999997780e-01
1.000000000000000000e+00
9.158611400687196591e-01
6.790444145700101908e-01
6.790444145700105238e-01
9.158611400687195481e-01
9.952992682735927188e-01
9.212123960442089032e-01
7.369624557500399353e-01
4.395662291345496242e-01
1.902163170615140675e-01
4.840624233580000102e-02
4.700731726406986305e-03
0.000000000000000000e+00
9.751160187570493436e-17
9.751160187570493436e-17
9.751160187570493436e-17
0.000000000000000000e+00
9.751160187570493436e-17
9.751160187570493436e-17
0.000000000000000000e+00
0.000000000000000000e+00
9.751160187570493436e-17
9.751160187570493436e-17
0.000000000000000000e+00
4.700731726406791149e-03
4.840624233579990388e-02
1.902163170615142063e-01
4.395662291345497352e-01
7.369624557500402684e-01
9.212123960442091253e-01
9.952992682735929408e-01
9.999999999999997780e-01
9.999999999999997780e-01
1.000000000000000000e+00
1.000000000000000000e+00
9.999999999999997780e-01
9.999999999999997780e-01
1.000000000000000000e+00
9.999999999999997780e-01
9.999999999999997780e-01
9.999999999999997780e-01
9.999999999999997780e-01
1.000000000000000000e+00
1.000000000000000000e+00
9.999999999999997780e-01
9.999999999999997780e-01
1.000000000000000000e+00
1.000000000000000000e+00
9.999999999999997780e-01
1.000000000000000000e+00
9.999999999999997780e-01
1.000000000000000000e+00
9.999999999999994449e-01
9.999999999999997780e-01
9.999999999999997780e-01
1.000000000000000000e+00
1.000000000000000000e+00
9.999999999999997780e-01
9.999999999999997780e-01
9.999999999999997780e-01
9.999999999999997780e-01
9.999999999999997780e-01
9.158611400687196591e-01
6.790444145700105238e-01
6.790444145700105238e-01
9.158611400687195481e-01
1.000000000000000000e+00
9.738601466756828806e-01
8.702480359024123979e-01
6.537475493651928593e-01
3.462524506348069187e-01
1.297519640975874633e-01
2.613985332431690428e-02
0.000000000000000000e+00
0.000000000000000000e+00
9.751160187570493436e-17
9.751160187570493436e-17
0.000000000000000000e+00
0.000000000000000000e+00
9.751160187570493436e-17
0.000000000000000000e+00
0.000000000000000000e+00
0.000000000000000000e+00
9.751160187570493436e-17
0.000000000000000000e+00
2.613985332431690428e-02
1.297519640975873245e-01
3.462524506348070297e-01
6.537475493651928593e-01
8.702480359024125089e-01
9.738601466756828806e-01
1.000000000000000000e+00
9.999999999999997780e-01
9.999999999999997780e-01
9.999999999999997780e-01
9.999999999999997780e-01
9.999999999999997780e-01
1.000000000000000000e+00
1.000000000000000000e+00
1.000000000000000000e+00
9.999999999999997780e-01
9.999999999999997780e-01
1.000000000000000000e+00
1.000000000000000000e+00
9.999999999999997780e-01
9.999999999999997780e-01
9.999999999999997780e-01
1.000000000000000000e+00
9.999999999999997780e-01
9.999999999999997780e-01
9.999999999999997780e-01
9.999999999999997780e-01
9.999999999999997780e-01
9.999999999999995559e-01
9.999999999999997780e-01
9.999999999999997780e-01
9.999999999999997780e-01
1.000000000000000000e+00
9.999999999999997780e-01
1.000000000000000000e+00
9.999999999999997780e-01
9.999999999999997780e-01
1.000000000000000000e+00
9.158611400687196591e-01
6.790444145700100798e-01
6.790444145700105238e-01
9.158611400687195481e-01
1.000000000000000000e+00
9.952992682735929408e-01
9.515937576641999573e-01
8.097836829384854607e-01
5.604337708654500982e-01
2.630375442499597316e-01
7.878760395579086084e-02
4.700731726406986305e-03
0.000000000000000000e+00
9.751160187570493436e-17
9.751160187570493436e-17
0.000000000000000000e+00
0.000000000000000000e+00
9.751160187570493436e-17
0.000000000000000000e+00
0.000000000000000000e+00
0.000000000000000000e+00
9.751160187570493436e-17
4.700731726406986305e-03
7.878760395579076370e-02
2.630375442499595651e-01
5.604337708654503203e-01
8.097836829384859048e-01
9.515937576641999573e-01
9.952992682735931629e-01
9.999999999999997780e-01
1.000000000000000000e+00
9.999999999999997780e-01
1.000000000000000000e+00
9.999999999999997780e-01
9.999999999999997780e-01
1.000000000000000000e+00
9.999999999999997780e-01
1.000000000000000000e+00
1.000000000000000000e+00
9.999999999999997780e-01
9.999999999999997780e-01
9.999999999999997780e-01
1.000000000000000000e+00
1.000000000000000000e+00
9.999999999999997780e-01
9.999999999999997780e-01
9.999999999999997780e-01
9.999999999999997780e-01
9.999999999999997780e-01
9.999999999999995559e-01
9.999999999999997780e-01
9.999999999999997780e-01
9.999999999999997780e-01
9.999999999999997780e-01
9.999999999999997780e-01
9.999999999999997780e-01
9.999999999999997780e-01
1.000000000000000000e+00
9.999999999999995559e-01
9.999999999999997780e-01
9.999999999999997780e-01
9.158611400687196591e-01
6.790444145700101908e-01
6.790444145700105238e-01
9.158611400687196591e-01
9.999999999999997780e-01
1.000000000000000000e+00
9.952992682735929408e-01
9.212123960442091253e-01
7.369624557500399353e-01
4.395662291345497352e-01
1.902163170615140120e-01
4.840624233580000102e-02
4.700731726406986305e-03
9.751160187570493436e-17
0.000000000000000000e+00
0.000000000000000000e+00
0.000000000000000000e+00
9.751160187570493436e-17
0.000000000000000000e+00
0.000000000000000000e+00
0.000000000000000000e+00
4.700731726407084317e-03
4.840624233580000102e-02
1.902163170615139287e-01
4.395662291345497352e-01
7.369624557500402684e-01
9.212123960442091253e-01
9.952992682735929408e-01
1.000000000000000000e+00
1.000000000000000000e+00
9.999999999999997780e-01
1.000000000000000000e+00
1.000000000000000000e+00
1.000000000000000000e+00
9.999999999999997780e-01
1.000000000000000000e+00
1.000000000000000000e+00
9.999999999999997780e-01
1.000000000000000000e+00
9.999999999999997780e-01
1.000000000000000000e+00
9.999999999999997780e-01
1.000000000000000000e+00
1.000000000000000000e+00
9.999999999999997780e-01
1.000000000000000000e+00
1.000000000000000000e+00
1.000000000000000000e+00
9.999999999999997780e-01
9.999999999999997780e-01
9.999999999999997780e-01
1.000000000000000000e+00
9.999999999999997780e-01
1.000000000000000000e+00
1.000000000000000000e+00
9.999999999999997780e-01
9.999999999999997780e-01
9.999999999999997780e-01
1.000000000000000000e+00
1.000000000000000000e+00
1.000000000000000000e+00
9.158611400687196591e-01
6.790444145700105238e-01
6.790444145700105238e-01
9.158611400687196591e-01
1.000000000000000000e+00
9.999999999999997780e-01
1.000000000000000000e+00
9.738601466756831027e-01
8.702480359024123979e-01
6.537475493651928593e-01
3.462524506348070297e-01
1.297519640975874633e-01
2.613985332431690428e-02
9.751160187570493436e-17
9.751160187570493436e-17
0.000000000000000000e+00
0.000000000000000000e+00
9.751160187570493436e-17
0.000000000000000000e+00
0.000000000000000000e+00
0.000000000000000000e+00
2.613985332431709857e-02
1.297519640975874633e-01
3.462524506348069742e-01
6.537475493651928593e-01
8.702480359024125089e-01
9.738601466756831027e-01
1.000000000000000000e+00
1.000000000000000000e+00
1.000000000000000000e+00
9.999999999999997780e-01
1.000000000000000000e+00
1.000000000000000000e+00
1.000000000000000000e+00
9.999999999999997780e-01
1.000000000000000000e+00
1.000000000000000000e+00
1.000000000000000000e+00
1.000000000000000000e+00
9.999999999999997780e-01
1.000000000000000000e+00
9.999999999999997780e-01
1.000000000000000000e+00
1.000000000000000000e+00
1.000000000000000000e+00
1.000000000000000000e+00
9.999999999999997780e-01
1.000000000000000000e+00
9.999999999999997780e-01
1.000000000000000000e+00
1.000000000000000000e+00
1.000000000000000000e+00
1.000000000000000000e+00
9.999999999999997780e-01
1.000000000000000000e+00
1.000000000000000000e+00
9.999999999999997780e-01
1.000000000000000000e+00
9.999999999999997780e-01
9.999999999999997780e-01
1.000000000000000000e+00
9.158611400687196591e-01
6.790444145700105238e-01
6.790444145700105238e-01
9.158611400687196591e-01
1.000000000000000000e+00
9.999999999999997780e-01
9.999999999999997780e-01
9.952992682735927188e-01
9.515937576641999573e-01
8.097836829384856827e-01
5.604337708654500982e-01
2.630375442499598426e-01
7.878760395579091635e-02
4.700731726406986305e-03
0.000000000000000000e+00
0.000000000000000000e+00
0.000000000000000000e+00
9.751160187570493436e-17
0.000000000000000000e+00
0.000000000000000000e+00
4.700731726406986305e-03
7.878760395579101350e-02
2.630375442499596761e-01
5.604337708654498762e-01
8.097836829384853496e-01
9.515937576642000684e-01
9.952992682735929408e-01
9.999999999999997780e-01
9.999999999999997780e-01
1.000000000000000000e+00
1.000000000000000000e+00
9.999999999999997780e-01
1.000000000000000000e+00
9.999999999999997780e-01
9.999999999999997780e-01
1.000000000000000000e+00
9.999999999999997780e-01
1.000000000000000000e+00
1.000000000000000000e+00
1.000000000000000000e+00
1.000000000000000000e+00
1.000000000000000000e+00
1.000000000000000000e+00
9.999999999999997780e-01
9.999999999999997780e-01
9.999999999999997780e-01
9.999999999999997780e-01
9.999999999999997780e-01
9.999999999999995559e-01
9.999999999999997780e-01
9.999999999999997780e-01
9.999999999999997780e-01
9.999999999999997780e-01
1.000000000000000000e+00
1.000000000000000000e+00
1.000000000000000000e+00
9.999999999999997780e-01
1.000000000000000000e+00
9.999999999999997780e-01
9.999999999999997780e-01
1.000000000000000000e+00
9.158611400687196591e-01
6.790444145700105238e-01
6.790444145700105238e-01
9.158611400687196591e-01
1.000000000000000000e+00
1.000000000000000000e+00
1.000000000000000000e+00
9.999999999999997780e-01
9.952992682735929408e-01
9.212123960442089032e-01
7.369624557500402684e-01
4.395662291345497907e-01
1.902163170615139287e-01
4.840624233580000102e-02
4.700731726406986305e-03
0.000000000000000000e+00
0.000000000000000000e+00
9.751160187570493436e-17
0.000000000000000000e+00
4.700731726406986305e-03
4.840624233580000102e-02
1.902163170615140675e-01
4.395662291345495132e-01
7.369624557500400464e-01
9.212123960442091253e-01
9.952992682735931629e-01
9.999999999999997780e-01
1.000000000000000000e+00
9.999999999999997780e-01
1.000000000000000000e+00
9.999999999999997780e-01
1.000000000000000000e+00
9.999999999999997780e-01
1.000000000000000000e+00
9.999999999999997780e-01
9.999999999999997780e-01
9.999999999999997780e-01
1.000000000000000000e+00
9.999999999999997780e-01
1.000000000000000000e+00
1.000000000000000000e+00
1.000000000000000000e+00
1.000000000000000000e+00
1.000000000000000000e+00
9.999999999999997780e-01
9.999999999999997780e-01
9.999999999999997780e-01
1.000000000000000000e+00
9.999999999999997780e-01
9.999999999999997780e-01
9.999999999999997780e-01
1.000000000000000000e+00
1.000000000000000000e+00
1.000000000000000000e+00
1.000000000000000000e+00
1.000000000000000000e+00
9.999999999999995559e-01
1.000000000000000000e+00
9.999999999999997780e-01
9.999999999999997780e-01
1.000000000000000000e+00
9.158611400687196591e-01
6.790444145700107459e-01
6.790444145700107459e-01
9.158611400687195481e-01
9.999999999999997780e-01
9.999999999999995559e-01
9.999999999999997780e-01
9.999999999999997780e-01
9.999999999999997780e-01
9.738601466756831027e-01
8.702480359024123979e-01
6.537475493651928593e-01
3.462524506348069187e-01
1.297519640975876021e-01
2.613985332431709857e-02
0.000000000000000000e+00
0.000000000000000000e+00
9.751160187570493436e-17
0.000000000000000000e+00
2.613985332431700143e-02
1.297519640975874633e-01
3.462524506348070297e-01
6.537475493651925262e-01
8.702480359024121759e-01
9.738601466756828806e-01
1.000000000000000000e+00
1.000000000000000000e+00
9.999999999999997780e-01
9.999999999999997780e-01
9.999999999999997780e-01
9.999999999999997780e-01
1.000000000000000000e+00
1.000000000000000000e+00
9.999999999999997780e-01
9.999999999999997780e-01
1.000000000000000000e+00
9.999999999999997780e-01
1.000000000000000000e+00
1.000000000000000000e+00
9.999999999999997780e-01
1.000000000000000000e+00
1.000000000000000000e+00
1.000000000000000000e+00
1.000000000000000000e+00
9.999999999999997780e-01
9.999999999999997780e-01
9.999999999999997780e-01
1.000000000000000000e+00
9.999999999999997780e-01
9.999999999999997780e-01
9.999999999999997780e-01
1.000000000000000000e+00
9.999999999999997780e-01
1.000000000000000000e+00
1.000000000000000000e+00
1.000000000000000000e+00
9.999999999999997780e-01
1.000000000000000000e+00
9.999999999999997780e-01
9.999999999999997780e-01
1.000000000000000000e+00
9.158611400687198811e-01
6.790444145700103018e-01
6.790444145700106349e-01
9.158611400687195481e-01
1.000000000000000000e+00
9.999999999999997780e-01
9.999999999999997780e-01
9.999999999999997780e-01
9.999999999999997780e-01
9.952992682735929408e-01
9.515937576641999573e-01
8.037047257937951494e-01
5.296911918191610225e-01
2.261056293919749549e-01
5.545295069269803173e-02
0.000000000000000000e+00
0.000000000000000000e+00
9.751160187570493436e-17
0.000000000000000000e+00
5.545295069269803173e-02
2.261056293919748994e-01
5.296911918191612445e-01
8.037047257937951494e-01
9.515937576641999573e-01
9.952992682735927188e-01
1.000000000000000000e+00
1.000000000000000000e+00
9.999999999999997780e-01
9.999999999999997780e-01
9.999999999999997780e-01
1.000000000000000000e+00
1.000000000000000000e+00
1.000000000000000000e+00
1.000000000000000000e+00
9.999999999999997780e-01
1.000000000000000000e+00
1.000000000000000000e+00
1.000000000000000000e+00
1.000000000000000000e+00
9.999999999999997780e-01
9.999999999999997780e-01
1.000000000000000000e+00
1.000000000000000000e+00
1.000000000000000000e+00
9.999999999999997780e-01
1.000000000000000000e+00
9.999999999999997780e-01
9.999999999999997780e-01
9.999999999999997780e-01
9.999999999999997780e-01
9.999999999999997780e-01
1.000000000000000000e+00
9.999999999999997780e-01
1.000000000000000000e+00
9.999999999999997780e-01
9.999999999999997780e-01
1.000000000000000000e+00
1.000000000000000000e+00
1.000000000000000000e+00
9.999999999999997780e-01
1.000000000000000000e+00
9.158611400687195481e-01
6.790444145700105238e-01
6.790444145700106349e-01
9.158611400687195481e-01
9.999999999999997780e-01
9.999999999999997780e-01
1.000000000000000000e+00
9.999999999999997780e-01
9.999999999999997780e-01
1.000000000000000000e+00
9.952992682735929408e-01
8.915511230237181950e-01
6.400304116336067439e-01
2.916315579358056409e-01
7.878760395579105513e-02
0.000000000000000000e+00
0.000000000000000000e+00
9.751160187570493436e-17
0.000000000000000000e+00
7.878760395579101350e-02
2.916315579358055299e-01
6.400304116336067439e-01
8.915511230237179729e-01
9.952992682735929408e-01
1.000000000000000000e+00
1.000000000000000000e+00
9.999999999999997780e-01
1.000000000000000000e+00
9.999999999999997780e-01
9.999999999999997780e-01
9.999999999999997780e-01
1.000000000000000000e+00
1.000000000000000000e+00
1.000000000000000000e+00
1.000000000000000000e+00
1.000000000000000000e+00
1.000000000000000000e+00
9.999999999999997780e-01
9.999999999999997780e-01
9.999999999999997780e-01
9.999999999999997780e-01
1.000000000000000000e+00
1.000000000000000000e+00
1.000000000000000000e+00
9.999999999999997780e-01
1.000000000000000000e+00
9.999999999999997780e-01
1.000000000000000000e+00
1.000000000000000000e+00
1.000000000000000000e+00
1.000000000000000000e+00
1.000000000000000000e+00
9.999999999999997780e-01
1.000000000000000000e+00
1.000000000000000000e+00
1.000000000000000000e+00
9.999999999999997780e-01
9.999999999999997780e-01
9.999999999999997780e-01
1.000000000000000000e+00
1.000000000000000000e+00
9.158611400687195481e-01
6.790444145700105238e-01
6.790444145700105238e-01
9.158611400687196591e-01
1.000000000000000000e+00
9.999999999999997780e-01
1.000000000000000000e+00
9.999999999999997780e-01
9.999999999999997780e-01
1.000000000000000000e+00
9.999999999999997780e-01
9.158611400687196591e-01
6.790444145700107459e-01
3.209555854299895872e-01
8.413885993128035479e-02
0.000000000000000000e+00
0.000000000000000000e+00
9.751160187570493436e-17
0.000000000000000000e+00
8.413885993128025764e-02
3.209555854299894762e-01
6.790444145700106349e-01
9.158611400687195481e-01
9.999999999999997780e-01
9.999999999999997780e-01
9.999999999999997780e-01
1.000000000000000000e+00
1.000000000000000000e+00
9.999999999999997780e-01
1.000000000000000000e+00
9.999999999999997780e-01
1.000000000000000000e+00
9.999999999999997780e-01
1.000000000000000000e+00
1.000000000000000000e+00
9.999999999999997780e-01
1.000000000000000000e+00
1.000000000000000000e+00
1.000000000000000000e+00
9.999999999999997780e-01
1.000000000000000000e+00
9.999999999999997780e-01
1.000000000000000000e+00
1.000000000000000000e+00
1.000000000000000000e+00
9.999999999999995559e-01
1.000000000000000000e+00
9.999999999999997780e-01
1.000000000000000000e+00
9.999999999999997780e-01
1.000000000000000000e+00
9.999999999999997780e-01
9.999999999999997780e-01
9.999999999999997780e-01
1.000000000000000000e+00
9.999999999999997780e-01
9.999999999999997780e-01
1.000000000000000000e+00
9.999999999999997780e-01
9.999999999999997780e-01
1.000000000000000000e+00
9.158611400687196591e-01
6.790444145700105238e-01
6.790444145700107459e-01
9.158611400687196591e-01
1.000000000000000000e+00
1.000000000000000000e+00
1.000000000000000000e+00
9.999999999999997780e-01
1.000000000000000000e+00
1.000000000000000000e+00
9.952992682735929408e-01
8.915511230237179729e-01
6.400304116336067439e-01
2.916315579358056409e-01
7.878760395579105513e-02
0.000000000000000000e+00
0.000000000000000000e+00
9.751160187570493436e-17
0.000000000000000000e+00
7.878760395579101350e-02
2.916315579358055299e-01
6.400304116336067439e-01
8.915511230237179729e-01
9.952992682735927188e-01
9.999999999999997780e-01
1.000000000000000000e+00
1.000000000000000000e+00
9.999999999999997780e-01
1.000000000000000000e+00
1.000000000000000000e+00
9.999999999999997780e-01
9.999999999999997780e-01
1.000000000000000000e+00
1.000000000000000000e+00
9.999999999999997780e-01
9.999999999999997780e-01
1.000000000000000000e+00
1.000000000000000000e+00
9.999999999999997780e-01
1.000000000000000000e+00
1.000000000000000000e+00
1.000000000000000000e+00
1.000000000000000000e+00
1.000000000000000000e+00
1.000000000000000000e+00
9.999999999999997780e-01
1.000000000000000000e+00
9.999999999999997780e-01
9.999999999999997780e-01
9.999999999999997780e-01
1.000000000000000000e+00
1.000000000000000000e+00
9.999999999999997780e-01
1.000000000000000000e+00
1.000000000000000000e+00
1.000000000000000000e+00
9.999999999999995559e-01
1.000000000000000000e+00
1.000000000000000000e+00
9.999999999999997780e-01
1.000000000000000000e+00
9.158611400687198811e-01
6.790444145700105238e-01
6.790444145700103018e-01
9.158611400687195481e-01
1.000000000000000000e+00
1.000000000000000000e+00
9.999999999999997780e-01
9.999999999999997780e-01
9.999999999999997780e-01
9.952992682735929408e-01
9.515937576641999573e-01
8.037047257937951494e-01
5.296911918191612445e-01
2.261056293919750382e-01
5.545295069269803173e-02
0.000000000000000000e+00
0.000000000000000000e+00
9.751160187570493436e-17
0.000000000000000000e+00
5.545295069269803173e-02
2.261056293919749549e-01
5.296911918191613555e-01
8.037047257937951494e-01
9.515937576641999573e-01
9.952992682735929408e-01
1.000000000000000000e+00
1.000000000000000000e+00
9.999999999999997780e-01
1.000000000000000000e+00
9.999999999999997780e-01
1.000000000000000000e+00
9.999999999999997780e-01
9.999999999999997780e-01
9.999999999999997780e-01
1.000000000000000000e+00
1.000000000000000000e+00
1.000000000000000000e+00
1.000000000000000000e+00
9.999999999999997780e-01
9.999999999999997780e-01
1.000000000000000000e+00
1.000000000000000000e+00
9.999999999999997780e-01
9.999999999999997780e-01
1.000000000000000000e+00
1.000000000000000000e+00
9.999999999999997780e-01
9.999999999999997780e-01
9.999999999999997780e-01
1.000000000000000000e+00
9.999999999999997780e-01
1.000000000000000000e+00
9.999999999999997780e-01
1.000000000000000000e+00
1.000000000000000000e+00
9.999999999999997780e-01
9.999999999999997780e-01
9.999999999999997780e-01
9.999999999999997780e-01
9.999999999999997780e-01
1.000000000000000000e+00
9.158611400687195481e-01
6.790444145700105238e-01
6.790444145700107459e-01
9.158611400687195481e-01
1.000000000000000000e+00
9.999999999999997780e-01
1.000000000000000000e+00
9.999999999999997780e-01
9.999999999999997780e-01
9.738601466756831027e-01
8.702480359024125089e-01
6.537475493651928593e-01
3.462524506348069742e-01
1.297519640975874633e-01
2.613985332431709857e-02
0.000000000000000000e+00
0.000000000000000000e+00
0.000000000000000000e+00
0.000000000000000000e+00
2.613985332431700143e-02
1.297519640975874633e-01
3.462524506348070297e-01
6.537475493651926373e-01
8.702480359024121759e-01
9.738601466756831027e-01
1.000000000000000000e+00
1.000000000000000000e+00
1.000000000000000000e+00
1.000000000000000000e+00
1.000000000000000000e+00
1.000000000000000000e+00
9.999999999999997780e-01
1.000000000000000000e+00
9.999999999999997780e-01
9.999999999999997780e-01
1.000000000000000000e+00
1.000000000000000000e+00
1.000000000000000000e+00
9.999999999999997780e-01
9.999999999999997780e-01
9.999999999999997780e-01
1.000000000000000000e+00
1.000000000000000000e+00
9.999999999999997780e-01
9.999999999999997780e-01
9.999999999999997780e-01
9.999999999999997780e-01
9.999999999999997780e-01
1.000000000000000000e+00
9.999999999999997780e-01
9.999999999999997780e-01
9.999999999999997780e-01
1.000000000000000000e+00
1.000000000000000000e+00
9.999999999999997780e-01
9.999999999999997780e-01
9.999999999999997780e-01
1.000000000000000000e+00
9.999999999999997780e-01
9.999999999999995559e-01
9.999999999999997780e-01
9.158611400687196591e-01
6.790444145700105238e-01
6.790444145700105238e-01
9.158611400687196591e-01
9.999999999999997780e-01
1.000000000000000000e+00
9.999999999999997780e-01
1.000000000000000000e+00
9.952992682735929408e-01
9.212123960442089032e-01
7.369624557500402684e-01
4.395662291345497352e-01
1.902163170615140675e-01
4.840624233580000102e-02
4.700731726406986305e-03
0.000000000000000000e+00
0.000000000000000000e+00
0.000000000000000000e+00
0.000000000000000000e+00
4.700731726406986305e-03
4.840624233580000102e-02
1.902163170615142063e-01
4.395662291345497907e-01
7.369624557500402684e-01
9.212123960442089032e-01
9.952992682735929408e-01
1.000000000000000000e+00
9.999999999999997780e-01
1.000000000000000000e+00
9.999999999999997780e-01
1.000000000000000000e+00
9.999999999999997780e-01
1.000000000000000000e+00
9.999999999999997780e-01
1.000000000000000000e+00
9.999999999999997780e-01
9.999999999999997780e-01
1.000000000000000000e+00
1.000000000000000000e+00
9.999999999999997780e-01
1.000000000000000000e+00
1.000000000000000000e+00
1.000000000000000000e+00
1.000000000000000000e+00
9.999999999999997780e-01
1.000000000000000000e+00
9.999999999999997780e-01
9.999999999999997780e-01
9.999999999999997780e-01
9.999999999999997780e-01
9.999999999999997780e-01
1.000000000000000000e+00
9.999999999999997780e-01
1.000000000000000000e+00
1.000000000000000000e+00
1.000000000000000000e+00
1.000000000000000000e+00
1.000000000000000000e+00
9.999999999999997780e-01
9.999999999999997780e-01
1.000000000000000000e+00
9.158611400687196591e-01
6.790444145700107459e-01
6.790444145700105238e-01
9.158611400687196591e-01
1.000000000000000000e+00
1.000000000000000000e+00
1.000000000000000000e+00
9.952992682735929408e-01
9.515937576641999573e-01
8.097836829384857937e-01
5.604337708654503203e-01
2.630375442499597316e-01
7.878760395579091635e-02
4.700731726406986305e-03
9.751160187570493436e-17
0.000000000000000000e+00
0.000000000000000000e+00
0.000000000000000000e+00
0.000000000000000000e+00
0.000000000000000000e+00
4.700731726407084317e-03
7.878760395579101350e-02
2.630375442499597871e-01
5.604337708654503203e-01
8.097836829384856827e-01
9.515937576641999573e-01
9.952992682735931629e-01
9.999999999999997780e-01
1.000000000000000000e+00
1.000000000000000000e+00
9.999999999999997780e-01
1.000000000000000000e+00
9.999999999999997780e-01
1.000000000000000000e+00
1.000000000000000000e+00
1.000000000000000000e+00
1.000000000000000000e+00
1.000000000000000000e+00
9.999999999999997780e-01
1.000000000000000000e+00
1.000000000000000000e+00
1.000000000000000000e+00
1.000000000000000000e+00
1.000000000000000000e+00
1.000000000000000000e+00
1.000000000000000000e+00
9.999999999999997780e-01
9.999999999999997780e-01
9.999999999999997780e-01
1.000000000000000000e+00
1.000000000000000000e+00
9.999999999999997780e-01
9.999999999999997780e-01
1.000000000000000000e+00
1.000000000000000000e+00
9.999999999999997780e-01
1.000000000000000000e+00
1.000000000000000000e+00
9.999999999999997780e-01
1.000000000000000000e+00
1.000000000000000000e+00
9.158611400687196591e-01
6.790444145700107459e-01
6.790444145700107459e-01
9.158611400687195481e-01
1.000000000000000000e+00
1.000000000000000000e+00
1.000000000000000000e+00
9.738601466756828806e-01
8.702480359024121759e-01
6.537475493651930813e-01
3.462524506348070297e-01
1.297519640975874633e-01
2.613985332431700143e-02
9.751160187570493436e-17
9.751160187570493436e-17
0.000000000000000000e+00
0.000000000000000000e+00
0.000000000000000000e+00
0.000000000000000000e+00
0.000000000000000000e+00
9.751160187570493436e-17
2.613985332431709857e-02
1.297519640975873800e-01
3.462524506348069742e-01
6.537475493651928593e-01
8.702480359024125089e-01
9.738601466756831027e-01
1.000000000000000000e+00
1.000000000000000000e+00
9.999999999999997780e-01
9.999999999999997780e-01
1.000000000000000000e+00
1.000000000000000000e+00
1.000000000000000000e+00
9.999999999999997780e-01
1.000000000000000000e+00
1.000000000000000000e+00
1.000000000000000000e+00
1.000000000000000000e+00
1.000000000000000000e+00
1.000000000000000000e+00
1.000000000000000000e+00
9.999999999999997780e-01
9.999999999999997780e-01
9.999999999999997780e-01
9.999999999999997780e-01
1.000000000000000000e+00
9.999999999999997780e-01
9.999999999999997780e-01
9.999999999999997780e-01
9.999999999999997780e-01
1.000000000000000000e+00
9.999999999999997780e-01
9.999999999999997780e-01
1.000000000000000000e+00
1.000000000000000000e+00
1.000000000000000000e+00
1.000000000000000000e+00
9.999999999999997780e-01
1.000000000000000000e+00
1.000000000000000000e+00
9.158611400687196591e-01
6.790444145700101908e-01
6.790444145700107459e-01
9.158611400687196591e-01
1.000000000000000000e+00
1.000000000000000000e+00
9.952992682735929408e-01
9.212123960442091253e-01
7.369624557500402684e-01
4.395662291345497907e-01
1.902163170615142063e-01
4.840624233580000102e-02
4.700731726406986305e-03
9.751160187570493436e-17
9.751160187570493436e-17
0.000000000000000000e+00
0.000000000000000000e+00
0.000000000000000000e+00
0.000000000000000000e+00
0.000000000000000000e+00
9.751160187570493436e-17
4.700731726407084317e-03
4.840624233580000102e-02
1.902163170615142063e-01
4.395662291345497907e-01
7.369624557500402684e-01
9.212123960442091253e-01
9.952992682735931629e-01
1.000000000000000000e+00
1.000000000000000000e+00
9.999999999999997780e-01
9.999999999999997780e-01
1.000000000000000000e+00
1.000000000000000000e+00
1.000000000000000000e+00
1.000000000000000000e+00
1.000000000000000000e+00
1.000000000000000000e+00
1.000000000000000000e+00
1.000000000000000000e+00
1.000000000000000000e+00
9.999999999999997780e-01
1.000000000000000000e+00
1.000000000000000000e+00
1.000000000000000000e+00
1.000000000000000000e+00
1.000000000000000000e+00
1.000000000000000000e+00
1.000000000000000000e+00
9.999999999999997780e-01
9.999999999999997780e-01
1.000000000000000000e+00
1.000000000000000000e+00
1.000000000000000000e+00
1.000000000000000000e+00
9.999999999999997780e-01
1.000000000000000000e+00
1.000000000000000000e+00
9.999999999999997780e-01
9.999999999999997780e-01
1.000000000000000000e+00
9.158611400687196591e-01
6.790444145700103018e-01
6.790444145700105238e-01
9.158611400687196591e-01
9.999999999999997780e-01
9.952992682735931629e-01
9.515937576641999573e-01
8.097836829384857937e-01
5.604337708654500982e-01
2.630375442499597871e-01
7.878760395579091635e-02
4.700731726406986305e-03
0.000000000000000000e+00
9.751160187570493436e-17
9.751160187570493436e-17
0.000000000000000000e+00
0.000000000000000000e+00
0.000000000000000000e+00
0.000000000000000000e+00
0.000000000000000000e+00
9.751160187570493436e-17
9.751160187570493436e-17
4.700731726406986305e-03
7.878760395579101350e-02
2.630375442499596761e-01
5.604337708654503203e-01
8.097836829384859048e-01
9.515937576641999573e-01
9.952992682735931629e-01
9.999999999999997780e-01
9.999999999999997780e-01
1.000000000000000000e+00
1.000000000000000000e+00
1.000000000000000000e+00
1.000000000000000000e+00
1.000000000000000000e+00
1.000000000000000000e+00
1.000000000000000000e+00
9.999999999999997780e-01
9.999999999999997780e-01
1.000000000000000000e+00
9.999999999999997780e-01
9.999999999999997780e-01
9.999999999999997780e-01
1.000000000000000000e+00
1.000000000000000000e+00
9.999999999999997780e-01
9.999999999999997780e-01
9.999999999999997780e-01
9.999999999999997780e-01
1.000000000000000000e+00
1.000000000000000000e+00
9.999999999999997780e-01
9.999999999999997780e-01
1.000000000000000000e+00
1.000000000000000000e+00
1.000000000000000000e+00
1.000000000000000000e+00
9.999999999999997780e-01
1.000000000000000000e+00
1.000000000000000000e+00
9.158611400687195481e-01
6.790444145700101908e-01
6.790444145700105238e-01
9.158611400687195481e-01
9.999999999999997780e-01
9.738601466756828806e-01
8.702480359024125089e-01
6.537475493651930813e-01
3.462524506348069187e-01
1.297519640975873800e-01
2.613985332431690428e-02
0.000000000000000000e+00
0.000000000000000000e+00
9.751160187570493436e-17
9.751160187570493436e-17
0.000000000000000000e+00
0.000000000000000000e+00
0.000000000000000000e+00
0.000000000000000000e+00
0.000000000000000000e+00
9.751160187570493436e-17
9.751160187570493436e-17
0.000000000000000000e+00
2.613985332431690428e-02
1.297519640975873800e-01
3.462524506348070297e-01
6.537475493651933034e-01
8.702480359024127310e-01
9.738601466756825475e-01
9.999999999999997780e-01
9.999999999999997780e-01
9.999999999999997780e-01
9.999999999999997780e-01
1.000000000000000000e+00
9.999999999999997780e-01
1.000000000000000000e+00
1.000000000000000000e+00
9.999999999999997780e-01
9.999999999999997780e-01
9.999999999999997780e-01
9.999999999999997780e-01
1.000000000000000000e+00
9.999999999999997780e-01
9.999999999999997780e-01
9.999999999999997780e-01
9.999999999999997780e-01
9.999999999999995559e-01
1.000000000000000000e+00
9.999999999999997780e-01
9.999999999999995559e-01
9.999999999999997780e-01
1.000000000000000000e+00
9.999999999999997780e-01
1.000000000000000000e+00
9.999999999999997780e-01
9.999999999999997780e-01
1.000000000000000000e+00
1.000000000000000000e+00
9.999999999999997780e-01
1.000000000000000000e+00
1.000000000000000000e+00
9.158611400687195481e-01
6.790444145700106349e-01
6.790444145700105238e-01
9.158611400687196591e-01
9.952992682735931629e-01
9.212123960442091253e-01
7.369624557500400464e-01
4.395662291345496242e-01
1.902163170615140675e-01
4.840624233580000102e-02
4.700731726406986305e-03
0.000000000000000000e+00
9.751160187570493436e-17
9.751160187570493436e-17
9.751160187570493436e-17
0.000000000000000000e+00
9.751160187570493436e-17
0.000000000000000000e+00
0.000000000000000000e+00
9.751160187570493436e-17
9.751160187570493436e-17
9.751160187570493436e-17
0.000000000000000000e+00
4.700731726406986305e-03
4.840624233579990388e-02
1.902163170615142063e-01
4.395662291345500128e-01
7.369624557500402684e-01
9.212123960442092363e-01
9.952992682735931629e-01
1.000000000000000000e+00
1.000000000000000000e+00
1.000000000000000000e+00
1.000000000000000000e+00
1.000000000000000000e+00
1.000000000000000000e+00
1.000000000000000000e+00
1.000000000000000000e+00
9.999999999999997780e-01
9.999999999999997780e-01
9.999999999999997780e-01
1.000000000000000000e+00
9.999999999999997780e-01
1.000000000000000000e+00
9.999999999999994449e-01
1.000000000000000000e+00
1.000000000000000000e+00
1.000000000000000000e+00
1.000000000000000000e+00
9.999999999999997780e-01
9.999999999999995559e-01
1.000000000000000000e+00
9.999999999999997780e-01
1.000000000000000000e+00
9.999999999999997780e-01
1.000000000000000000e+00
1.000000000000000000e+00
1.000000000000000000e+00
1.000000000000000000e+00
9.999999999999997780e-01
9.999999999999997780e-01
9.158611400687195481e-01
6.790444145700105238e-01
6.790444145700105238e-01
9.104697899695727292e-01
9.515937576642002904e-01
8.097836829384856827e-01
5.604337708654500982e-01
2.630375442499597871e-01
7.878760395579101350e-02
4.700731726406986305e-03
9.751160187570493436e-17
0.000000000000000000e+00
9.751160187570493436e-17
9.751160187570493436e-17
9.751160187570493436e-17
0.000000000000000000e+00
9.751160187570493436e-17
0.000000000000000000e+00
0.000000000000000000e+00
9.751160187570493436e-17
9.751160187570493436e-17
9.751160187570493436e-17
0.000000000000000000e+00
0.000000000000000000e+00
4.700731726406986305e-03
7.878760395579101350e-02
2.630375442499598426e-01
5.604337708654500982e-01
8.097836829384856827e-01
9.515937576641999573e-01
9.952992682735931629e-01
9.999999999999997780e-01
9.999999999999997780e-01
1.000000000000000000e+00
1.000000000000000000e+00
9.999999999999997780e-01
1.000000000000000000e+00
1.000000000000000000e+00
9.999999999999997780e-01
1.000000000000000000e+00
1.000000000000000000e+00
1.000000000000000000e+00
9.999999999999997780e-01
9.999999999999997780e-01
1.000000000000000000e+00
1.000000000000000000e+00
1.000000000000000000e+00
9.999999999999997780e-01
1.000000000000000000e+00
9.999999999999997780e-01
9.999999999999997780e-01
9.999999999999997780e-01
9.999999999999995559e-01
1.000000000000000000e+00
1.000000000000000000e+00
1.000000000000000000e+00
9.999999999999997780e-01
1.000000000000000000e+00
1.000000000000000000e+00
9.999999999999997780e-01
1.000000000000000000e+00
9.158611400687195481e-01
6.790444145700105238e-01
6.723981104878998805e-01
8.607316937702023107e-01
8.364348161120483960e-01
6.236929439196785552e-01
3.395505191706767456e-01
1.297519640975873800e-01
2.613985332431700143e-02
9.751160187570493436e-17
0.000000000000000000e+00
0.000000000000000000e+00
9.751160187570493436e-17
9.751160187570493436e-17
9.751160187570493436e-17
0.000000000000000000e+00
9.751160187570493436e-17
0.000000000000000000e+00
0.000000000000000000e+00
9.751160187570493436e-17
9.751160187570493436e-17
9.751160187570493436e-17
0.000000000000000000e+00
0.000000000000000000e+00
0.000000000000000000e+00
2.613985332431709857e-02
1.297519640975876021e-01
3.395505191706768011e-01
6.236929439196785552e-01
8.364348161120483960e-01
9.515937576641999573e-01
9.952992682735929408e-01
9.999999999999997780e-01
1.000000000000000000e+00
1.000000000000000000e+00
9.999999999999997780e-01
9.999999999999997780e-01
9.999999999999997780e-01
1.000000000000000000e+00
9.999999999999995559e-01
9.999999999999997780e-01
9.999999999999997780e-01
9.999999999999997780e-01
9.999999999999995559e-01
9.999999999999997780e-01
1.000000000000000000e+00
1.000000000000000000e+00
9.999999999999997780e-01
1.000000000000000000e+00
9.999999999999997780e-01
9.999999999999997780e-01
9.999999999999997780e-01
9.999999999999997780e-01
9.999999999999997780e-01
9.999999999999997780e-01
9.999999999999997780e-01
1.000000000000000000e+00
9.999999999999997780e-01
9.999999999999997780e-01
9.999999999999997780e-01
1.000000000000000000e+00
9.158611400687195481e-01
6.790444145700106349e-01
6.425656199935216861e-01
7.699876982097449973e-01
6.604494808293236430e-01
3.763070560803213893e-01
1.635651838879514652e-01
4.840624233580000102e-02
4.700731726406986305e-03
9.751160187570493436e-17
0.000000000000000000e+00
0.000000000000000000e+00
9.751160187570493436e-17
9.751160187570493436e-17
9.751160187570493436e-17
0.000000000000000000e+00
9.751160187570493436e-17
0.000000000000000000e+00
0.000000000000000000e+00
9.751160187570493436e-17
9.751160187570493436e-17
9.751160187570493436e-17
9.751160187570493436e-17
0.000000000000000000e+00
9.751160187570493436e-17
4.700731726406986305e-03
4.840624233580009816e-02
1.635651838879516595e-01
3.763070560803213893e-01
6.604494808293234209e-01
8.702480359024121759e-01
9.738601466756831027e-01
9.999999999999997780e-01
1.000000000000000000e+00
9.999999999999997780e-01
9.999999999999997780e-01
1.000000000000000000e+00
1.000000000000000000e+00
1.000000000000000000e+00
9.999999999999997780e-01
1.000000000000000000e+00
1.000000000000000000e+00
1.000000000000000000e+00
9.999999999999997780e-01
1.000000000000000000e+00
1.000000000000000000e+00
9.999999999999997780e-01
1.000000000000000000e+00
9.999999999999997780e-01
1.000000000000000000e+00
1.000000000000000000e+00
9.999999999999997780e-01
9.999999999999997780e-01
1.000000000000000000e+00
1.000000000000000000e+00
1.000000000000000000e+00
1.000000000000000000e+00
1.000000000000000000e+00
1.000000000000000000e+00
9.999999999999997780e-01
9.999999999999997780e-01
9.158611400687196591e-01
6.790444145700105238e-01
5.322905169110289103e-01
5.959122279251934939e-01
4.326794151686111367e-01
1.902163170615139287e-01
4.840624233579980673e-02
4.700731726406889160e-03
0.000000000000000000e+00
0.000000000000000000e+00
0.000000000000000000e+00
0.000000000000000000e+00
0.000000000000000000e+00
9.751160187570493436e-17
0.000000000000000000e+00
0.000000000000000000e+00
9.751160187570493436e-17
0.000000000000000000e+00
0.000000000000000000e+00
9.751160187570493436e-17
9.751160187570493436e-17
0.000000000000000000e+00
0.000000000000000000e+00
0.000000000000000000e+00
0.000000000000000000e+00
0.000000000000000000e+00
4.700731726406986305e-03
4.840624233580000102e-02
1.902163170615142063e-01
4.326794151686110812e-01
7.015712932312602179e-01
8.585655106738292464e-01
9.158611400687195481e-01
9.158611400687196591e-01
9.158611400687196591e-01
9.158611400687195481e-01
9.158611400687196591e-01
9.158611400687195481e-01
9.158611400687196591e-01
9.158611400687195481e-01
9.158611400687195481e-01
9.158611400687196591e-01
9.158611400687196591e-01
9.158611400687195481e-01
9.158611400687196591e-01
9.158611400687195481e-01
9.158611400687196591e-01
9.158611400687195481e-01
9.158611400687196591e-01
9.158611400687195481e-01
9.158611400687195481e-01
9.158611400687196591e-01
9.158611400687195481e-01
9.158611400687196591e-01
9.158611400687195481e-01
9.158611400687196591e-01
9.158611400687196591e-01
9.158611400687195481e-01
9.158611400687195481e-01
9.158611400687195481e-01
9.158611400687196591e-01
8.265650046603265633e-01
6.030087008074792587e-01
3.580371426883272590e-01
3.814131567479734364e-01
2.347341384359724892e-01
7.878760395579086084e-02
4.700731726406986305e-03
0.000000000000000000e+00
0.000000000000000000e+00
0.000000000000000000e+00
0.000000000000000000e+00
0.000000000000000000e+00
0.000000000000000000e+00
0.000000000000000000e+00
0.000000000000000000e+00
0.000000000000000000e+00
9.751160187570493436e-17
0.000000000000000000e+00
0.000000000000000000e+00
9.751160187570493436e-17
9.751160187570493436e-17
9.751160187570493436e-17
0.000000000000000000e+00
0.000000000000000000e+00
0.000000000000000000e+00
0.000000000000000000e+00
0.000000000000000000e+00
4.700731726407084317e-03
7.878760395579091635e-02
2.347341384359723782e-01
4.588181070158434127e-01
6.098304921194559469e-01
6.790444145700105238e-01
6.790444145700105238e-01
6.790444145700103018e-01
6.790444145700105238e-01
6.790444145700106349e-01
6.790444145700105238e-01
6.790444145700103018e-01
6.790444145700103018e-01
6.790444145700101908e-01
6.790444145700101908e-01
6.790444145700105238e-01
6.790444145700100798e-01
6.790444145700101908e-01
6.790444145700101908e-01
6.790444145700101908e-01
6.790444145700106349e-01
6.790444145700105238e-01
6.790444145700101908e-01
6.790444145700103018e-01
6.790444145700100798e-01
6.790444145700100798e-01
6.790444145700101908e-01
6.790444145700105238e-01
6.790444145700106349e-01
6.790444145700105238e-01
6.790444145700106349e-01
6.790444145700105238e-01
6.790444145700105238e-01
6.790444145700105238e-01
6.030087008074793697e-01
4.281220922500032500e-01
