1.058381324247893861e-16
1.058381324247893861e-16
1.058381324247893861e-16
1.058381324247893861e-16
1.058381324247893861e-16
0.000000000000000000e+00
0.000000000000000000e+00
2.116762648495787721e-16
1.058381324247893861e-16
1.058381324247893861e-16
0.000000000000000000e+00
1.058381324247893861e-16
1.058381324247893861e-16
0.000000000000000000e+00
0.000000000000000000e+00
1.058381324247893861e-16
1.058381324247893861e-16
1.058381324247893861e-16
2.116762648495787721e-16
1.058381324247893861e-16
1.058381324247893861e-16
1.058381324247893861e-16
1.058381324247893861e-16
1.058381324247893861e-16
2.116762648495787721e-16
2.116762648495787721e-16
0.000000000000000000e+00
1.058381324247893861e-16
5.237886817489133262e-02
1.700350060175712108e-01
3.609258427504623556e-01
5.315840483196186961e-01
6.396666262416408344e-01
6.690235620980997666e-01
6.755737560672830933e-01
6.755737560672830933e-01
6.755737560672830933e-01
6.755737560672830933e-01
6.755737560672833153e-01
6.755737560672833153e-01
6.755737560672833153e-01
6.755737560672826492e-01
6.755737560672830933e-01
6.755737560672830933e-01
6.755737560672830933e-01
6.755737560672832043e-01
6.755737560672833153e-01
6.755737560672830933e-01
6.755737560672830933e-01
6.755737560672830933e-01
6.755737560672830933e-01
6.755737560672830933e-01
6.755737560672833153e-01
6.755737560672833153e-01
6.755737560672830933e-01
6.755737560672830933e-01
6.755737560672830933e-01
6.690235620980998776e-01
6.396666262416408344e-01
5.315840483196186961e-01
3.609258427504622446e-01
0.000000000000000000e+00
0.000000000000000000e+00
1.058381324247893861e-16
0.000000000000000000e+00
1.058381324247893861e-16
0.000000000000000000e+00
0.000000000000000000e+00
1.058381324247893861e-16
1.058381324247893861e-16
1.058381324247893861e-16
1.058381324247893861e-16
1.058381324247893861e-16
1.058381324247893861e-16
0.000000000000000000e+00
1.058381324247893861e-16
1.058381324247893861e-16
1.058381324247893861e-16
1.058381324247893861e-16
2.116762648495787721e-16
1.058381324247893861e-16
1.058381324247893861e-16
1.058381324247893861e-16
0.000000000000000000e+00
2.116762648495787721e-16
2.116762648495787721e-16
2.116762648495787721e-16
0.000000000000000000e+00
0.000000000000000000e+00
5.237886817489133262e-02
1.700350060175711830e-01
3.838843006126783641e-01
5.938762040226229777e-01
7.656647816282997621e-01
8.567275591777748778e-01
9.073188869604468243e-01
9.128372780824020039e-01
9.128372780824021149e-01
9.128372780824018928e-01
9.128372780824018928e-01
9.128372780824021149e-01
9.128372780824021149e-01
9.128372780824021149e-01
9.128372780824018928e-01
9.128372780824021149e-01
9.128372780824021149e-01
9.128372780824020039e-01
9.128372780824021149e-01
9.128372780824018928e-01
9.128372780824018928e-01
9.128372780824018928e-01
9.128372780824021149e-01
9.128372780824021149e-01
9.128372780824020039e-01
9.128372780824021149e-01
9.128372780824018928e-01
9.128372780824021149e-01
9.073188869604468243e-01
8.567275591777747668e-01
7.656647816282997621e-01
5.938762040226229777e-01
3.838843006126783086e-01
0.000000000000000000e+00
0.000000000000000000e+00
1.058381324247893861e-16
0.000000000000000000e+00
1.058381324247893861e-16
0.000000000000000000e+00
0.000000000000000000e+00
1.058381324247893861e-16
1.058381324247893861e-16
0.000000000000000000e+00
0.000000000000000000e+00
1.058381324247893861e-16
1.058381324247893861e-16
0.000000000000000000e+00
1.058381324247893861e-16
1.058381324247893861e-16
1.058381324247893861e-16
1.058381324247893861e-16
1.058381324247893861e-16
1.058381324247893861e-16
1.058381324247893861e-16
1.058381324247893861e-16
0.000000000000000000e+00
2.116762648495787721e-16
2.116762648495787721e-16
1.058381324247893861e-16
0.000000000000000000e+00
2.116762648495787721e-16
2.730562661425090659e-02
1.005425905938428649e-01
2.390376348071435453e-01
4.341335858305838125e-01
6.572570807484887645e-01
8.322033803543131825e-01
9.496028569092860305e-01
9.950730620503853707e-01
9.999999999999997780e-01
9.999999999999995559e-01
9.999999999999997780e-01
1.000000000000000000e+00
9.999999999999997780e-01
9.999999999999997780e-01
9.999999999999997780e-01
9.999999999999997780e-01
1.000000000000000000e+00
9.999999999999995559e-01
1.000000000000000000e+00
9.999999999999997780e-01
9.999999999999997780e-01
1.000000000000000000e+00
1.000000000000000000e+00
1.000000000000000000e+00
9.999999999999997780e-01
9.999999999999997780e-01
9.999999999999997780e-01
9.950730620503853707e-01
9.496028569092859195e-01
8.322033803543131825e-01
6.572570807484887645e-01
4.341335858305838125e-01
2.390376348071434343e-01
1.058381324247893861e-16
0.000000000000000000e+00
0.000000000000000000e+00
0.000000000000000000e+00
0.000000000000000000e+00
0.000000000000000000e+00
0.000000000000000000e+00
2.116762648495787721e-16
0.000000000000000000e+00
0.000000000000000000e+00
0.000000000000000000e+00
1.058381324247893861e-16
1.058381324247893861e-16
0.000000000000000000e+00
1.058381324247893861e-16
1.058381324247893861e-16
1.058381324247893861e-16
1.058381324247893861e-16
1.058381324247893861e-16
1.058381324247893861e-16
1.058381324247893861e-16
1.058381324247893861e-16
0.000000000000000000e+00
1.058381324247893861e-16
2.116762648495787721e-16
1.058381324247893861e-16
0.000000000000000000e+00
1.058381324247893861e-16
4.926937949614249371e-03
2.730562661425101414e-02
8.167817592696893780e-02
1.945714291983838273e-01
3.788723135302496936e-01
6.211276864697501399e-01
8.054285708016161172e-01
9.183218240730309789e-01
9.726943733857489338e-01
9.950730620503853707e-01
9.999999999999997780e-01
9.999999999999997780e-01
1.000000000000000000e+00
9.999999999999995559e-01
9.999999999999997780e-01
9.999999999999997780e-01
9.999999999999997780e-01
1.000000000000000000e+00
9.999999999999997780e-01
9.999999999999997780e-01
9.999999999999997780e-01
9.999999999999995559e-01
9.999999999999997780e-01
9.999999999999997780e-01
1.000000000000000000e+00
9.950730620503857038e-01
9.726943733857489338e-01
9.183218240730309789e-01
8.054285708016161172e-01
6.211276864697501399e-01
3.788723135302497491e-01
1.945714291983840771e-01
8.167817592696893780e-02
0.000000000000000000e+00
0.000000000000000000e+00
1.058381324247893861e-16
0.000000000000000000e+00
1.058381324247893861e-16
0.000000000000000000e+00
0.000000000000000000e+00
0.000000000000000000e+00
0.000000000000000000e+00
0.000000000000000000e+00
1.058381324247893861e-16
1.058381324247893861e-16
1.058381324247893861e-16
0.000000000000000000e+00
1.058381324247893861e-16
1.058381324247893861e-16
1.058381324247893861e-16
1.058381324247893861e-16
1.058381324247893861e-16
1.058381324247893861e-16
1.058381324247893861e-16
0.000000000000000000e+00
0.000000000000000000e+00
1.058381324247893861e-16
1.058381324247893861e-16
1.058381324247893861e-16
0.000000000000000000e+00
0.000000000000000000e+00
0.000000000000000000e+00
0.000000000000000000e+00
4.926937949614249371e-03
5.039714309071367804e-02
1.677966196456865122e-01
3.427429192515110690e-01
5.591241225591184749e-01
7.328376644618810332e-01
8.663651091066713050e-01
9.496028569092859195e-01
9.950730620503853707e-01
1.000000000000000000e+00
9.999999999999997780e-01
9.999999999999995559e-01
9.999999999999997780e-01
9.999999999999997780e-01
9.999999999999997780e-01
1.000000000000000000e+00
9.999999999999995559e-01
9.999999999999995559e-01
9.999999999999997780e-01
9.999999999999997780e-01
9.999999999999993339e-01
1.000000000000000000e+00
9.950730620503857038e-01
9.496028569092860305e-01
8.663651091066711940e-01
7.328376644618814773e-01
5.591241225591184749e-01
3.427429192515110690e-01
1.677966196456866232e-01
5.039714309071383763e-02
4.926937949614249371e-03
0.000000000000000000e+00
0.000000000000000000e+00
1.058381324247893861e-16
2.116762648495787721e-16
1.058381324247893861e-16
2.116762648495787721e-16
0.000000000000000000e+00
1.058381324247893861e-16
0.000000000000000000e+00
0.000000000000000000e+00
1.058381324247893861e-16
1.058381324247893861e-16
1.058381324247893861e-16
0.000000000000000000e+00
1.058381324247893861e-16
1.058381324247893861e-16
1.058381324247893861e-16
1.058381324247893861e-16
1.058381324247893861e-16
1.058381324247893861e-16
1.058381324247893861e-16
1.058381324247893861e-16
1.058381324247893861e-16
2.116762648495787721e-16
3.175143972743681829e-16
2.116762648495787721e-16
0.000000000000000000e+00
1.058381324247893861e-16
0.000000000000000000e+00
0.000000000000000000e+00
0.000000000000000000e+00
4.926937949614143553e-03
5.039714309071367804e-02
1.336348908933284729e-01
2.671623355381185783e-01
4.408758774408810255e-01
6.506623051652974388e-01
8.054285708016162282e-01
9.183218240730309789e-01
9.726943733857489338e-01
9.950730620503857038e-01
9.999999999999995559e-01
1.000000000000000000e+00
1.000000000000000000e+00
1.000000000000000000e+00
9.999999999999997780e-01
1.000000000000000000e+00
9.999999999999997780e-01
9.999999999999997780e-01
9.999999999999995559e-01
9.950730620503853707e-01
9.726943733857489338e-01
9.183218240730313120e-01
8.054285708016162282e-01
6.506623051652974388e-01
4.408758774408813585e-01
2.671623355381184672e-01
1.336348908933286672e-01
5.039714309071372661e-02
4.926937949614566825e-03
2.116762648495787721e-16
1.058381324247893861e-16
1.058381324247893861e-16
1.058381324247893861e-16
1.058381324247893861e-16
1.058381324247893861e-16
1.058381324247893861e-16
0.000000000000000000e+00
1.058381324247893861e-16
0.000000000000000000e+00
1.058381324247893861e-16
1.058381324247893861e-16
2.116762648495787721e-16
1.058381324247893861e-16
0.000000000000000000e+00
1.058381324247893861e-16
1.058381324247893861e-16
1.058381324247893861e-16
1.058381324247893861e-16
1.058381324247893861e-16
1.058381324247893861e-16
1.058381324247893861e-16
1.058381324247893861e-16
0.000000000000000000e+00
1.058381324247893861e-16
1.058381324247893861e-16
2.116762648495787721e-16
0.000000000000000000e+00
1.058381324247893861e-16
0.000000000000000000e+00
1.058381324247893861e-16
0.000000000000000000e+00
0.000000000000000000e+00
4.926937949614461007e-03
2.730562661425117374e-02
8.167817592696878515e-02
1.945714291983834943e-01
3.493376948347024502e-01
5.591241225591183639e-01
7.328376644618809221e-01
8.663651091066710830e-01
9.496028569092862526e-01
9.950730620503853707e-01
9.999999999999997780e-01
1.000000000000000000e+00
1.000000000000000000e+00
9.999999999999997780e-01
1.000000000000000000e+00
9.999999999999997780e-01
9.999999999999997780e-01
9.950730620503853707e-01
9.496028569092860305e-01
8.663651091066711940e-01
7.328376644618812552e-01
5.591241225591186970e-01
3.493376948347024502e-01
1.945714291983837718e-01
8.167817592696893780e-02
2.730562661425122578e-02
4.926937949614461007e-03
1.058381324247893861e-16
1.058381324247893861e-16
0.000000000000000000e+00
2.116762648495787721e-16
1.058381324247893861e-16
0.000000000000000000e+00
2.116762648495787721e-16
1.058381324247893861e-16
0.000000000000000000e+00
1.058381324247893861e-16
1.058381324247893861e-16
1.058381324247893861e-16
1.058381324247893861e-16
2.116762648495787721e-16
1.058381324247893861e-16
0.000000000000000000e+00
1.058381324247893861e-16
1.058381324247893861e-16
1.058381324247893861e-16
1.058381324247893861e-16
1.058381324247893861e-16
1.058381324247893861e-16
2.116762648495787721e-16
1.058381324247893861e-16
0.000000000000000000e+00
2.116762648495787721e-16
1.058381324247893861e-16
1.058381324247893861e-16
0.000000000000000000e+00
0.000000000000000000e+00
0.000000000000000000e+00
0.000000000000000000e+00
1.058381324247893861e-16
0.000000000000000000e+00
0.000000000000000000e+00
0.000000000000000000e+00
4.926937949614355189e-03
5.039714309071356702e-02
1.336348908933291113e-01
2.671623355381186338e-01
4.408758774408813030e-01
6.506623051652979939e-01
8.054285708016161172e-01
9.183218240730307569e-01
9.726943733857489338e-01
9.950730620503857038e-01
9.999999999999995559e-01
1.000000000000000000e+00
9.999999999999995559e-01
9.950730620503857038e-01
9.726943733857487118e-01
9.183218240730309789e-01
8.054285708016161172e-01
6.506623051652977718e-01
4.408758774408814141e-01
2.671623355381186893e-01
1.336348908933288893e-01
5.039714309071399029e-02
4.926937949614249371e-03
0.000000000000000000e+00
0.000000000000000000e+00
2.116762648495787721e-16
0.000000000000000000e+00
0.000000000000000000e+00
0.000000000000000000e+00
0.000000000000000000e+00
1.058381324247893861e-16
1.058381324247893861e-16
1.058381324247893861e-16
1.058381324247893861e-16
1.058381324247893861e-16
1.058381324247893861e-16
1.058381324247893861e-16
1.058381324247893861e-16
2.116762648495787721e-16
1.058381324247893861e-16
1.058381324247893861e-16
1.058381324247893861e-16
1.058381324247893861e-16
1.058381324247893861e-16
1.058381324247893861e-16
1.058381324247893861e-16
1.058381324247893861e-16
2.116762648495787721e-16
1.058381324247893861e-16
1.058381324247893861e-16
2.116762648495787721e-16
3.175143972743681829e-16
1.058381324247893861e-16
1.058381324247893861e-16
0.000000000000000000e+00
0.000000000000000000e+00
0.000000000000000000e+00
1.058381324247893861e-16
0.000000000000000000e+00
0.000000000000000000e+00
0.000000000000000000e+00
3.175143972743681829e-16
4.926937949614249371e-03
2.730562661425122578e-02
8.167817592696857698e-02
1.945714291983840771e-01
3.493376948347021171e-01
5.591241225591183639e-01
7.328376644618815883e-01
8.663651091066711940e-01
9.496028569092862526e-01
9.950730620503853707e-01
1.000000000000000000e+00
9.950730620503853707e-01
9.496028569092862526e-01
8.663651091066711940e-01
7.328376644618815883e-01
5.591241225591184749e-01
3.493376948347021171e-01
1.945714291983840771e-01
8.167817592696888229e-02
2.730562661425122578e-02
4.926937949614566825e-03
1.058381324247893861e-16
1.058381324247893861e-16
2.116762648495787721e-16
2.116762648495787721e-16
0.000000000000000000e+00
0.000000000000000000e+00
0.000000000000000000e+00
1.058381324247893861e-16
1.058381324247893861e-16
1.058381324247893861e-16
0.000000000000000000e+00
1.058381324247893861e-16
1.058381324247893861e-16
1.058381324247893861e-16
1.058381324247893861e-16
1.058381324247893861e-16
2.116762648495787721e-16
1.058381324247893861e-16
1.058381324247893861e-16
1.058381324247893861e-16
1.058381324247893861e-16
1.058381324247893861e-16
0.000000000000000000e+00
1.058381324247893861e-16
1.058381324247893861e-16
2.116762648495787721e-16
1.058381324247893861e-16
1.058381324247893861e-16
1.058381324247893861e-16
1.058381324247893861e-16
2.116762648495787721e-16
0.000000000000000000e+00
1.058381324247893861e-16
1.058381324247893861e-16
0.000000000000000000e+00
1.058381324247893861e-16
1.058381324247893861e-16
0.000000000000000000e+00
0.000000000000000000e+00
2.116762648495787721e-16
0.000000000000000000e+00
0.000000000000000000e+00
4.926937949614143553e-03
5.039714309071367804e-02
1.336348908933286672e-01
2.671623355381186338e-01
4.408758774408813030e-01
6.506623051652973277e-01
7.993384729673425060e-01
8.880099236432433818e-01
9.128372780824021149e-01
8.880099236432434928e-01
7.993384729673427280e-01
6.506623051652977718e-01
4.408758774408813585e-01
2.671623355381186338e-01
1.336348908933287782e-01
5.039714309071383763e-02
4.926937949614143553e-03
0.000000000000000000e+00
3.175143972743681829e-16
0.000000000000000000e+00
0.000000000000000000e+00
0.000000000000000000e+00
1.058381324247893861e-16
1.058381324247893861e-16
0.000000000000000000e+00
0.000000000000000000e+00
0.000000000000000000e+00
0.000000000000000000e+00
0.000000000000000000e+00
0.000000000000000000e+00
1.058381324247893861e-16
1.058381324247893861e-16
1.058381324247893861e-16
1.058381324247893861e-16
1.058381324247893861e-16
1.058381324247893861e-16
1.058381324247893861e-16
1.058381324247893861e-16
1.058381324247893861e-16
1.058381324247893861e-16
0.000000000000000000e+00
0.000000000000000000e+00
1.058381324247893861e-16
1.058381324247893861e-16
2.116762648495787721e-16
1.058381324247893861e-16
0.000000000000000000e+00
2.116762648495787721e-16
1.058381324247893861e-16
1.058381324247893861e-16
0.000000000000000000e+00
0.000000000000000000e+00
2.116762648495787721e-16
1.058381324247893861e-16
0.000000000000000000e+00
1.058381324247893861e-16
1.058381324247893861e-16
0.000000000000000000e+00
1.058381324247893861e-16
0.000000000000000000e+00
1.058381324247893861e-16
0.000000000000000000e+00
4.926937949614249371e-03
2.730562661425106619e-02
8.167817592696878515e-02
1.945714291983838273e-01
3.493376948347018396e-01
5.290412122224671387e-01
6.371748822646406962e-01
6.755737560672833153e-01
6.371748822646409183e-01
5.290412122224669167e-01
3.493376948347018951e-01
1.945714291983837163e-01
8.167817592696867413e-02
2.730562661425117374e-02
4.926937949614249371e-03
1.058381324247893861e-16
1.058381324247893861e-16
1.058381324247893861e-16
0.000000000000000000e+00
0.000000000000000000e+00
0.000000000000000000e+00
1.058381324247893861e-16
0.000000000000000000e+00
0.000000000000000000e+00
1.058381324247893861e-16
2.116762648495787721e-16
1.058381324247893861e-16
1.058381324247893861e-16
0.000000000000000000e+00
0.000000000000000000e+00
0.000000000000000000e+00
1.058381324247893861e-16
0.000000000000000000e+00
0.000000000000000000e+00
1.058381324247893861e-16
1.058381324247893861e-16
1.058381324247893861e-16
0.000000000000000000e+00
1.058381324247893861e-16
0.000000000000000000e+00
0.000000000000000000e+00
1.058381324247893861e-16
1.058381324247893861e-16
3.175143972743681829e-16
1.058381324247893861e-16
0.000000000000000000e+00
0.000000000000000000e+00
1.058381324247893861e-16
0.000000000000000000e+00
0.000000000000000000e+00
1.058381324247893861e-16
1.058381324247893861e-16
0.000000000000000000e+00
0.000000000000000000e+00
1.058381324247893861e-16
0.000000000000000000e+00
1.058381324247893861e-16
0.000000000000000000e+00
0.000000000000000000e+00
0.000000000000000000e+00
0.000000000000000000e+00
1.058381324247893861e-16
3.175143972743681829e-16
4.926937949614355189e-03
5.039714309071414988e-02
1.336348908933286672e-01
2.304422399418704637e-01
2.954772969970040908e-01
3.244262439327167957e-01
2.954772969970039243e-01
2.304422399418703804e-01
1.336348908933290003e-01
5.039714309071372661e-02
4.926937949614355189e-03
3.175143972743681829e-16
0.000000000000000000e+00
1.058381324247893861e-16
0.000000000000000000e+00
0.000000000000000000e+00
0.000000000000000000e+00
1.058381324247893861e-16
0.000000000000000000e+00
1.058381324247893861e-16
0.000000000000000000e+00
2.116762648495787721e-16
0.000000000000000000e+00
2.116762648495787721e-16
0.000000000000000000e+00
0.000000000000000000e+00
0.000000000000000000e+00
0.000000000000000000e+00
0.000000000000000000e+00
0.000000000000000000e+00
0.000000000000000000e+00
0.000000000000000000e+00
1.058381324247893861e-16
1.058381324247893861e-16
0.000000000000000000e+00
0.000000000000000000e+00
1.058381324247893861e-16
0.000000000000000000e+00
0.000000000000000000e+00
0.000000000000000000e+00
1.058381324247893861e-16
2.116762648495787721e-16
1.058381324247893861e-16
1.058381324247893861e-16
1.058381324247893861e-16
1.058381324247893861e-16
0.000000000000000000e+00
0.000000000000000000e+00
3.175143972743681829e-16
1.058381324247893861e-16
0.000000000000000000e+00
0.000000000000000000e+00
1.058381324247893861e-16
0.000000000000000000e+00
1.058381324247893861e-16
0.000000000000000000e+00
1.058381324247893861e-16
2.116762648495787721e-16
0.000000000000000000e+00
0.000000000000000000e+00
1.058381324247893861e-16
0.000000000000000000e+00
4.926937949614143553e-03
2.730562661425080251e-02
5.767494219078453388e-02
8.167817592696884066e-02
8.716272191759780186e-02
8.167817592696857698e-02
5.767494219078453388e-02
2.730562661425122578e-02
4.926937949614143553e-03
0.000000000000000000e+00
0.000000000000000000e+00
1.058381324247893861e-16
0.000000000000000000e+00
0.000000000000000000e+00
3.175143972743681829e-16
0.000000000000000000e+00
1.058381324247893861e-16
0.000000000000000000e+00
3.175143972743681829e-16
0.000000000000000000e+00
0.000000000000000000e+00
1.058381324247893861e-16
0.000000000000000000e+00
0.000000000000000000e+00
1.058381324247893861e-16
0.000000000000000000e+00
1.058381324247893861e-16
0.000000000000000000e+00
1.058381324247893861e-16
0.000000000000000000e+00
0.000000000000000000e+00
1.058381324247893861e-16
1.058381324247893861e-16
0.000000000000000000e+00
0.000000000000000000e+00
1.058381324247893861e-16
0.000000000000000000e+00
0.000000000000000000e+00
0.000000000000000000e+00
1.058381324247893861e-16
1.058381324247893861e-16
0.000000000000000000e+00
0.000000000000000000e+00
1.058381324247893861e-16
1.058381324247893861e-16
1.058381324247893861e-16
0.000000000000000000e+00
0.000000000000000000e+00
0.000000000000000000e+00
0.000000000000000000e+00
0.000000000000000000e+00
0.000000000000000000e+00
1.058381324247893861e-16
0.000000000000000000e+00
1.058381324247893861e-16
0.000000000000000000e+00
1.058381324247893861e-16
0.000000000000000000e+00
0.000000000000000000e+00
0.000000000000000000e+00
0.000000000000000000e+00
1.058381324247893861e-16
0.000000000000000000e+00
2.116762648495787721e-16
2.116762648495787721e-16
0.000000000000000000e+00
3.175143972743681829e-16
1.058381324247893861e-16
0.000000000000000000e+00
0.000000000000000000e+00
0.000000000000000000e+00
1.058381324247893861e-16
0.000000000000000000e+00
0.000000000000000000e+00
0.000000000000000000e+00
3.175143972743681829e-16
0.000000000000000000e+00
0.000000000000000000e+00
0.000000000000000000e+00
0.000000000000000000e+00
0.000000000000000000e+00
1.058381324247893861e-16
0.000000000000000000e+00
4.233525296991575443e-16
1.058381324247893861e-16
0.000000000000000000e+00
2.116762648495787721e-16
1.058381324247893861e-16
0.000000000000000000e+00
1.058381324247893861e-16
0.000000000000000000e+00
0.000000000000000000e+00
1.058381324247893861e-16
1.058381324247893861e-16
0.000000000000000000e+00
0.000000000000000000e+00
1.058381324247893861e-16
0.000000000000000000e+00
0.000000000000000000e+00
0.000000000000000000e+00
2.116762648495787721e-16
3.175143972743681829e-16
0.000000000000000000e+00
1.058381324247893861e-16
0.000000000000000000e+00
3.175143972743681829e-16
1.058381324247893861e-16
0.000000000000000000e+00
3.175143972743681829e-16
1.058381324247893861e-16
0.000000000000000000e+00
1.058381324247893861e-16
1.058381324247893861e-16
0.000000000000000000e+00
2.116762648495787721e-16
0.000000000000000000e+00
0.000000000000000000e+00
1.058381324247893861e-16
0.000000000000000000e+00
3.175143972743681829e-16
0.000000000000000000e+00
2.116762648495787721e-16
0.000000000000000000e+00
0.000000000000000000e+00
3.175143972743681829e-16
0.000000000000000000e+00
0.000000000000000000e+00
1.058381324247893861e-16
3.175143972743681829e-16
0.000000000000000000e+00
0.000000000000000000e+00
2.116762648495787721e-16
0.000000000000000000e+00
1.058381324247893861e-16
1.058381324247893861e-16
1.058381324247893861e-16
0.000000000000000000e+00
0.000000000000000000e+00
1.058381324247893861e-16
0.000000000000000000e+00
0.000000000000000000e+00
0.000000000000000000e+00
2.116762648495787721e-16
0.000000000000000000e+00
3.175143972743681829e-16
1.058381324247893861e-16
0.000000000000000000e+00
1.058381324247893861e-16
1.058381324247893861e-16
0.000000000000000000e+00
1.058381324247893861e-16
1.058381324247893861e-16
1.058381324247893861e-16
1.058381324247893861e-16
1.058381324247893861e-16
0.000000000000000000e+00
0.000000000000000000e+00
1.058381324247893861e-16
0.000000000000000000e+00
0.000000000000000000e+00
0.000000000000000000e+00
1.058381324247893861e-16
3.175143972743681829e-16
0.000000000000000000e+00
1.058381324247893861e-16
0.000000000000000000e+00
3.175143972743681829e-16
0.000000000000000000e+00
0.000000000000000000e+00
3.175143972743681829e-16
0.000000000000000000e+00
0.000000000000000000e+00
0.000000000000000000e+00
1.058381324247893861e-16
0.000000000000000000e+00
0.000000000000000000e+00
0.000000000000000000e+00
1.058381324247893861e-16
1.058381324247893861e-16
0.000000000000000000e+00
0.000000000000000000e+00
2.116762648495787721e-16
3.175143972743681829e-16
0.000000000000000000e+00
0.000000000000000000e+00
0.000000000000000000e+00
0.000000000000000000e+00
0.000000000000000000e+00
0.000000000000000000e+00
0.000000000000000000e+00
0.000000000000000000e+00
0.000000000000000000e+00
0.000000000000000000e+00
3.175143972743681829e-16
0.000000000000000000e+00
0.000000000000000000e+00
0.000000000000000000e+00
3.175143972743681829e-16
1.058381324247893861e-16
1.058381324247893861e-16
0.000000000000000000e+00
3.175143972743681829e-16
0.000000000000000000e+00
0.000000000000000000e+00
0.000000000000000000e+00
0.000000000000000000e+00
2.116762648495787721e-16
1.058381324247893861e-16
0.000000000000000000e+00
0.000000000000000000e+00
0.000000000000000000e+00
2.116762648495787721e-16
0.000000000000000000e+00
0.000000000000000000e+00
1.058381324247893861e-16
1.058381324247893861e-16
0.000000000000000000e+00
0.000000000000000000e+00
1.058381324247893861e-16
0.000000000000000000e+00
0.000000000000000000e+00
0.000000000000000000e+00
1.058381324247893861e-16
1.058381324247893861e-16
1.058381324247893861e-16
1.058381324247893861e-16
1.058381324247893861e-16
1.058381324247893861e-16
0.000000000000000000e+00
1.058381324247893861e-16
1.058381324247893861e-16
1.058381324247893861e-16
0.000000000000000000e+00
1.058381324247893861e-16
1.058381324247893861e-16
0.000000000000000000e+00
0.000000000000000000e+00
1.058381324247893861e-16
1.058381324247893861e-16
2.116762648495787721e-16
0.000000000000000000e+00
0.000000000000000000e+00
2.116762648495787721e-16
1.058381324247893861e-16
0.000000000000000000e+00
0.000000000000000000e+00
0.000000000000000000e+00
0.000000000000000000e+00
0.000000000000000000e+00
0.000000000000000000e+00
0.000000000000000000e+00
0.000000000000000000e+00
0.000000000000000000e+00
0.000000000000000000e+00
1.058381324247893861e-16
0.000000000000000000e+00
1.058381324247893861e-16
0.000000000000000000e+00
3.175143972743681829e-16
1.058381324247893861e-16
0.000000000000000000e+00
0.000000000000000000e+00
0.000000000000000000e+00
1.058381324247893861e-16
3.175143972743681829e-16
0.000000000000000000e+00
0.000000000000000000e+00
1.058381324247893861e-16
0.000000000000000000e+00
1.058381324247893861e-16
0.000000000000000000e+00
0.000000000000000000e+00
1.058381324247893861e-16
0.000000000000000000e+00
0.000000000000000000e+00
0.000000000000000000e+00
1.058381324247893861e-16
0.000000000000000000e+00
0.000000000000000000e+00
1.058381324247893861e-16
0.000000000000000000e+00
0.000000000000000000e+00
0.000000000000000000e+00
1.058381324247893861e-16
0.000000000000000000e+00
0.000000000000000000e+00
1.058381324247893861e-16
0.000000000000000000e+00
1.058381324247893861e-16
0.000000000000000000e+00
0.000000000000000000e+00
2.116762648495787721e-16
3.175143972743681829e-16
1.058381324247893861e-16
1.058381324247893861e-16
0.000000000000000000e+00
0.000000000000000000e+00
0.000000000000000000e+00
0.000000000000000000e+00
0.000000000000000000e+00
0.000000000000000000e+00
0.000000000000000000e+00
0.000000000000000000e+00
0.000000000000000000e+00
1.058381324247893861e-16
4.926937949614355189e-03
2.730562661425101414e-02
5.767494219078468654e-02
8.167817592696852147e-02
8.716272191759789900e-02
8.167817592696872964e-02
5.767494219078468654e-02
2.730562661425117374e-02
4.926937949614249371e-03
0.000000000000000000e+00
1.058381324247893861e-16
1.058381324247893861e-16
0.000000000000000000e+00
0.000000000000000000e+00
1.058381324247893861e-16
0.000000000000000000e+00
0.000000000000000000e+00
0.000000000000000000e+00
0.000000000000000000e+00
0.000000000000000000e+00
1.058381324247893861e-16
0.000000000000000000e+00
2.116762648495787721e-16
1.058381324247893861e-16
2.116762648495787721e-16
0.000000000000000000e+00
0.000000000000000000e+00
0.000000000000000000e+00
3.175143972743681829e-16
0.000000000000000000e+00
1.058381324247893861e-16
1.058381324247893861e-16
1.058381324247893861e-16
0.000000000000000000e+00
0.000000000000000000e+00
1.058381324247893861e-16
0.000000000000000000e+00
0.000000000000000000e+00
0.000000000000000000e+00
1.058381324247893861e-16
0.000000000000000000e+00
1.058381324247893861e-16
0.000000000000000000e+00
0.000000000000000000e+00
1.058381324247893861e-16
0.000000000000000000e+00
0.000000000000000000e+00
2.116762648495787721e-16
0.000000000000000000e+00
0.000000000000000000e+00
0.000000000000000000e+00
3.175143972743681829e-16
0.000000000000000000e+00
0.000000000000000000e+00
1.058381324247893861e-16
1.058381324247893861e-16
2.116762648495787721e-16
0.000000000000000000e+00
2.116762648495787721e-16
0.000000000000000000e+00
4.926937949614355189e-03
5.039714309071394172e-02
1.336348908933287782e-01
2.304422399418701584e-01
2.954772969970040908e-01
3.244262439327167957e-01
2.954772969970040908e-01
2.304422399418701584e-01
1.336348908933287782e-01
5.039714309071356702e-02
4.926937949614249371e-03
1.058381324247893861e-16
1.058381324247893861e-16
0.000000000000000000e+00
0.000000000000000000e+00
3.175143972743681829e-16
0.000000000000000000e+00
2.116762648495787721e-16
0.000000000000000000e+00
0.000000000000000000e+00
0.000000000000000000e+00
2.116762648495787721e-16
0.000000000000000000e+00
0.000000000000000000e+00
0.000000000000000000e+00
1.058381324247893861e-16
0.000000000000000000e+00
0.000000000000000000e+00
1.058381324247893861e-16
2.116762648495787721e-16
0.000000000000000000e+00
0.000000000000000000e+00
1.058381324247893861e-16
1.058381324247893861e-16
0.000000000000000000e+00
0.000000000000000000e+00
1.058381324247893861e-16
0.000000000000000000e+00
0.000000000000000000e+00
0.000000000000000000e+00
0.000000000000000000e+00
0.000000000000000000e+00
3.175143972743681829e-16
4.233525296991575443e-16
0.000000000000000000e+00
0.000000000000000000e+00
0.000000000000000000e+00
0.000000000000000000e+00
0.000000000000000000e+00
1.058381324247893861e-16
1.058381324247893861e-16
0.000000000000000000e+00
2.116762648495787721e-16
0.000000000000000000e+00
2.116762648495787721e-16
0.000000000000000000e+00
2.116762648495787721e-16
1.058381324247893861e-16
0.000000000000000000e+00
4.926937949614249371e-03
2.730562661425117374e-02
8.167817592696893780e-02
1.945714291983838828e-01
3.493376948347023947e-01
5.290412122224665836e-01
6.371748822646403632e-01
6.755737560672829822e-01
6.371748822646405852e-01
5.290412122224663616e-01
3.493376948347025612e-01
1.945714291983837718e-01
8.167817592696872964e-02
2.730562661425106619e-02
4.926937949614355189e-03
0.000000000000000000e+00
0.000000000000000000e+00
4.233525296991575443e-16
0.000000000000000000e+00
1.058381324247893861e-16
1.058381324247893861e-16
0.000000000000000000e+00
0.000000000000000000e+00
1.058381324247893861e-16
0.000000000000000000e+00
1.058381324247893861e-16
2.116762648495787721e-16
0.000000000000000000e+00
0.000000000000000000e+00
0.000000000000000000e+00
1.058381324247893861e-16
1.058381324247893861e-16
2.116762648495787721e-16
1.058381324247893861e-16
1.058381324247893861e-16
1.058381324247893861e-16
0.000000000000000000e+00
0.000000000000000000e+00
1.058381324247893861e-16
0.000000000000000000e+00
0.000000000000000000e+00
0.000000000000000000e+00
1.058381324247893861e-16
1.058381324247893861e-16
1.058381324247893861e-16
0.000000000000000000e+00
0.000000000000000000e+00
1.058381324247893861e-16
0.000000000000000000e+00
1.058381324247893861e-16
2.116762648495787721e-16
0.000000000000000000e+00
0.000000000000000000e+00
0.000000000000000000e+00
2.116762648495787721e-16
0.000000000000000000e+00
0.000000000000000000e+00
0.000000000000000000e+00
0.000000000000000000e+00
0.000000000000000000e+00
4.926937949614143553e-03
5.039714309071394172e-02
1.336348908933290003e-01
2.671623355381190223e-01
4.408758774408813585e-01
6.506623051652972167e-01
7.993384729673425060e-01
8.880099236432433818e-01
9.128372780824021149e-01
8.880099236432436038e-01
7.993384729673422839e-01
6.506623051652973277e-01
4.408758774408813030e-01
2.671623355381187448e-01
1.336348908933291113e-01
5.039714309071394172e-02
4.926937949614143553e-03
0.000000000000000000e+00
0.000000000000000000e+00
0.000000000000000000e+00
0.000000000000000000e+00
0.000000000000000000e+00
0.000000000000000000e+00
0.000000000000000000e+00
3.175143972743681829e-16
0.000000000000000000e+00
0.000000000000000000e+00
0.000000000000000000e+00
3.175143972743681829e-16
0.000000000000000000e+00
0.000000000000000000e+00
0.000000000000000000e+00
0.000000000000000000e+00
0.000000000000000000e+00
0.000000000000000000e+00
2.116762648495787721e-16
1.058381324247893861e-16
0.000000000000000000e+00
0.000000000000000000e+00
1.058381324247893861e-16
0.000000000000000000e+00
0.000000000000000000e+00
0.000000000000000000e+00
0.000000000000000000e+00
0.000000000000000000e+00
1.058381324247893861e-16
0.000000000000000000e+00
0.000000000000000000e+00
1.058381324247893861e-16
3.175143972743681829e-16
0.000000000000000000e+00
1.058381324247893861e-16
0.000000000000000000e+00
0.000000000000000000e+00
0.000000000000000000e+00
0.000000000000000000e+00
0.000000000000000000e+00
0.000000000000000000e+00
0.000000000000000000e+00
4.926937949614249371e-03
2.730562661425148946e-02
8.167817592696857698e-02
1.945714291983839939e-01
3.493376948347024502e-01
5.591241225591185859e-01
7.328376644618814773e-01
8.663651091066708609e-01
9.496028569092859195e-01
9.950730620503853707e-01
1.000000000000000000e+00
9.950730620503853707e-01
9.496028569092859195e-01
8.663651091066708609e-01
7.328376644618814773e-01
5.591241225591183639e-01
3.493376948347023947e-01
1.945714291983839939e-01
8.167817592696878515e-02
2.730562661425101414e-02
4.926937949614249371e-03
0.000000000000000000e+00
0.000000000000000000e+00
0.000000000000000000e+00
1.058381324247893861e-16
0.000000000000000000e+00
0.000000000000000000e+00
0.000000000000000000e+00
0.000000000000000000e+00
0.000000000000000000e+00
0.000000000000000000e+00
0.000000000000000000e+00
0.000000000000000000e+00
0.000000000000000000e+00
0.000000000000000000e+00
1.058381324247893861e-16
1.058381324247893861e-16
1.058381324247893861e-16
1.058381324247893861e-16
0.000000000000000000e+00
1.058381324247893861e-16
1.058381324247893861e-16
0.000000000000000000e+00
0.000000000000000000e+00
0.000000000000000000e+00
1.058381324247893861e-16
1.058381324247893861e-16
0.000000000000000000e+00
0.000000000000000000e+00
1.058381324247893861e-16
0.000000000000000000e+00
0.000000000000000000e+00
0.000000000000000000e+00
0.000000000000000000e+00
0.000000000000000000e+00
0.000000000000000000e+00
1.058381324247893861e-16
0.000000000000000000e+00
0.000000000000000000e+00
0.000000000000000000e+00
4.926937949614461007e-03
5.039714309071351844e-02
1.336348908933290003e-01
2.671623355381181897e-01
4.408758774408809700e-01
6.506623051652978829e-01
8.054285708016161172e-01
9.183218240730309789e-01
9.726943733857484897e-01
9.950730620503857038e-01
9.999999999999995559e-01
9.999999999999997780e-01
9.999999999999997780e-01
9.950730620503853707e-01
9.726943733857487118e-01
9.183218240730309789e-01
8.054285708016155620e-01
6.506623051652974388e-01
4.408758774408809700e-01
2.671623355381184672e-01
1.336348908933288893e-01
5.039714309071394172e-02
4.926937949614249371e-03
1.058381324247893861e-16
0.000000000000000000e+00
0.000000000000000000e+00
0.000000000000000000e+00
0.000000000000000000e+00
0.000000000000000000e+00
0.000000000000000000e+00
0.000000000000000000e+00
2.116762648495787721e-16
2.116762648495787721e-16
1.058381324247893861e-16
0.000000000000000000e+00
1.058381324247893861e-16
0.000000000000000000e+00
1.058381324247893861e-16
2.116762648495787721e-16
1.058381324247893861e-16
0.000000000000000000e+00
1.058381324247893861e-16
1.058381324247893861e-16
0.000000000000000000e+00
0.000000000000000000e+00
0.000000000000000000e+00
1.058381324247893861e-16
0.000000000000000000e+00
0.000000000000000000e+00
0.000000000000000000e+00
1.058381324247893861e-16
3.175143972743681829e-16
2.116762648495787721e-16
1.058381324247893861e-16
0.000000000000000000e+00
0.000000000000000000e+00
0.000000000000000000e+00
0.000000000000000000e+00
1.058381324247893861e-16
4.926937949614249371e-03
2.730562661425117374e-02
8.167817592696910434e-02
1.945714291983837163e-01
3.493376948347023947e-01
5.591241225591182529e-01
7.328376644618814773e-01
8.663651091066710830e-01
9.496028569092862526e-01
9.950730620503857038e-01
9.999999999999997780e-01
1.000000000000000000e+00
1.000000000000000000e+00
1.000000000000000000e+00
9.999999999999997780e-01
9.999999999999997780e-01
9.999999999999997780e-01
9.950730620503857038e-01
9.496028569092859195e-01
8.663651091066711940e-01
7.328376644618814773e-01
5.591241225591182529e-01
3.493376948347020616e-01
1.945714291983837718e-01
8.167817592696899331e-02
2.730562661425117374e-02
4.926937949614249371e-03
0.000000000000000000e+00
0.000000000000000000e+00
1.058381324247893861e-16
0.000000000000000000e+00
1.058381324247893861e-16
1.058381324247893861e-16
1.058381324247893861e-16
1.058381324247893861e-16
1.058381324247893861e-16
0.000000000000000000e+00
2.116762648495787721e-16
0.000000000000000000e+00
1.058381324247893861e-16
2.116762648495787721e-16
1.058381324247893861e-16
0.000000000000000000e+00
1.058381324247893861e-16
1.058381324247893861e-16
0.000000000000000000e+00
0.000000000000000000e+00
0.000000000000000000e+00
1.058381324247893861e-16
0.000000000000000000e+00
1.058381324247893861e-16
1.058381324247893861e-16
3.175143972743681829e-16
1.058381324247893861e-16
0.000000000000000000e+00
1.058381324247893861e-16
1.058381324247893861e-16
1.058381324247893861e-16
0.000000000000000000e+00
0.000000000000000000e+00
4.926937949614249371e-03
5.039714309071383763e-02
1.336348908933287782e-01
2.671623355381186893e-01
4.408758774408812475e-01
6.506623051652979939e-01
8.054285708016155620e-01
9.183218240730309789e-01
9.726943733857489338e-01
9.950730620503857038e-01
1.000000000000000000e+00
1.000000000000000000e+00
1.000000000000000000e+00
9.999999999999997780e-01
1.000000000000000000e+00
9.999999999999997780e-01
1.000000000000000000e+00
1.000000000000000000e+00
1.000000000000000000e+00
9.950730620503857038e-01
9.726943733857489338e-01
9.183218240730312010e-01
8.054285708016161172e-01
6.506623051652973277e-01
4.408758774408813585e-01
2.671623355381186893e-01
1.336348908933288893e-01
5.039714309071372661e-02
4.926937949614143553e-03
0.000000000000000000e+00
1.058381324247893861e-16
1.058381324247893861e-16
0.000000000000000000e+00
0.000000000000000000e+00
1.058381324247893861e-16
0.000000000000000000e+00
0.000000000000000000e+00
2.116762648495787721e-16
0.000000000000000000e+00
0.000000000000000000e+00
1.058381324247893861e-16
2.116762648495787721e-16
1.058381324247893861e-16
0.000000000000000000e+00
1.058381324247893861e-16
1.058381324247893861e-16
0.000000000000000000e+00
0.000000000000000000e+00
0.000000000000000000e+00
1.058381324247893861e-16
1.058381324247893861e-16
1.058381324247893861e-16
1.058381324247893861e-16
1.058381324247893861e-16
1.058381324247893861e-16
0.000000000000000000e+00
0.000000000000000000e+00
0.000000000000000000e+00
1.058381324247893861e-16
0.000000000000000000e+00
4.926937949614355189e-03
5.039714309071383763e-02
1.677966196456864290e-01
3.427429192515110690e-01
5.591241225591182529e-01
7.328376644618814773e-01
8.663651091066713050e-01
9.496028569092859195e-01
9.950730620503857038e-01
1.000000000000000000e+00
1.000000000000000000e+00
9.999999999999997780e-01
9.999999999999995559e-01
9.999999999999997780e-01
9.999999999999995559e-01
9.999999999999995559e-01
9.999999999999993339e-01
9.999999999999997780e-01
9.999999999999995559e-01
9.999999999999997780e-01
9.999999999999995559e-01
1.000000000000000000e+00
9.950730620503861479e-01
9.496028569092860305e-01
8.663651091066710830e-01
7.328376644618815883e-01
5.591241225591182529e-01
3.427429192515111800e-01
1.677966196456866788e-01
5.039714309071367804e-02
4.926937949614143553e-03
0.000000000000000000e+00
1.058381324247893861e-16
0.000000000000000000e+00
1.058381324247893861e-16
1.058381324247893861e-16
0.000000000000000000e+00
0.000000000000000000e+00
0.000000000000000000e+00
1.058381324247893861e-16
0.000000000000000000e+00
1.058381324247893861e-16
2.116762648495787721e-16
1.058381324247893861e-16
0.000000000000000000e+00
1.058381324247893861e-16
1.058381324247893861e-16
0.000000000000000000e+00
0.000000000000000000e+00
1.058381324247893861e-16
1.058381324247893861e-16
1.058381324247893861e-16
0.000000000000000000e+00
1.058381324247893861e-16
2.116762648495787721e-16
1.058381324247893861e-16
2.116762648495787721e-16
0.000000000000000000e+00
1.058381324247893861e-16
4.926937949614037734e-03
2.730562661425106619e-02
8.167817592696899331e-02
1.945714291983841326e-01
3.788723135302493605e-01
6.211276864697500288e-01
8.054285708016161172e-01
9.183218240730309789e-01
9.726943733857489338e-01
9.950730620503853707e-01
1.000000000000000000e+00
1.000000000000000000e+00
1.000000000000000000e+00
9.999999999999997780e-01
9.999999999999997780e-01
1.000000000000000000e+00
1.000000000000000000e+00
9.999999999999997780e-01
1.000000000000000000e+00
9.999999999999997780e-01
1.000000000000000000e+00
9.999999999999993339e-01
9.999999999999997780e-01
9.999999999999997780e-01
1.000000000000000000e+00
9.950730620503857038e-01
9.726943733857487118e-01
9.183218240730309789e-01
8.054285708016161172e-01
6.211276864697500288e-01
3.788723135302493605e-01
1.945714291983840771e-01
8.167817592696888229e-02
0.000000000000000000e+00
0.000000000000000000e+00
1.058381324247893861e-16
2.116762648495787721e-16
0.000000000000000000e+00
1.058381324247893861e-16
0.000000000000000000e+00
0.000000000000000000e+00
1.058381324247893861e-16
0.000000000000000000e+00
1.058381324247893861e-16
2.116762648495787721e-16
2.116762648495787721e-16
0.000000000000000000e+00
1.058381324247893861e-16
1.058381324247893861e-16
0.000000000000000000e+00
0.000000000000000000e+00
1.058381324247893861e-16
1.058381324247893861e-16
1.058381324247893861e-16
0.000000000000000000e+00
1.058381324247893861e-16
2.116762648495787721e-16
1.058381324247893861e-16
0.000000000000000000e+00
3.175143972743681829e-16
2.116762648495787721e-16
2.730562661425122578e-02
1.005425905938426567e-01
2.390376348071435453e-01
4.341335858305838125e-01
6.572570807484887645e-01
8.322033803543135155e-01
9.496028569092862526e-01
9.950730620503857038e-01
1.000000000000000000e+00
9.999999999999997780e-01
1.000000000000000000e+00
1.000000000000000000e+00
9.999999999999997780e-01
9.999999999999995559e-01
1.000000000000000000e+00
1.000000000000000000e+00
9.999999999999997780e-01
9.999999999999995559e-01
9.999999999999997780e-01
9.999999999999997780e-01
9.999999999999997780e-01
9.999999999999993339e-01
9.999999999999997780e-01
1.000000000000000000e+00
9.999999999999997780e-01
1.000000000000000000e+00
9.999999999999997780e-01
9.950730620503859258e-01
9.496028569092860305e-01
8.322033803543131825e-01
6.572570807484888755e-01
4.341335858305838125e-01
2.390376348071432400e-01
5.237886817489112445e-02
5.237886817489112445e-02
2.730562661425106619e-02
4.926937949614143553e-03
0.000000000000000000e+00
0.000000000000000000e+00
0.000000000000000000e+00
0.000000000000000000e+00
1.058381324247893861e-16
0.000000000000000000e+00
1.058381324247893861e-16
2.116762648495787721e-16
2.116762648495787721e-16
0.000000000000000000e+00
1.058381324247893861e-16
1.058381324247893861e-16
0.000000000000000000e+00
1.058381324247893861e-16
1.058381324247893861e-16
1.058381324247893861e-16
1.058381324247893861e-16
0.000000000000000000e+00
0.000000000000000000e+00
2.116762648495787721e-16
1.058381324247893861e-16
0.000000000000000000e+00
4.926937949614249371e-03
2.730562661425117374e-02
1.141161161960607823e-01
2.671623355381184117e-01
4.966143034951384094e-01
7.042752249012479426e-01
8.663651091066711940e-01
9.496028569092860305e-01
9.950730620503853707e-01
1.000000000000000000e+00
1.000000000000000000e+00
9.999999999999997780e-01
9.999999999999995559e-01
9.999999999999997780e-01
1.000000000000000000e+00
1.000000000000000000e+00
9.999999999999997780e-01
1.000000000000000000e+00
9.999999999999997780e-01
9.999999999999997780e-01
9.999999999999997780e-01
9.999999999999997780e-01
9.999999999999997780e-01
9.999999999999997780e-01
9.999999999999997780e-01
9.999999999999997780e-01
9.999999999999997780e-01
1.000000000000000000e+00
9.999999999999997780e-01
1.000000000000000000e+00
9.950730620503853707e-01
9.496028569092860305e-01
8.663651091066710830e-01
6.978049832175760026e-01
4.597169658240037315e-01
1.700350060175712108e-01
1.700350060175711830e-01
1.005425905938426012e-01
2.730562661425101414e-02
0.000000000000000000e+00
0.000000000000000000e+00
0.000000000000000000e+00
0.000000000000000000e+00
0.000000000000000000e+00
0.000000000000000000e+00
1.058381324247893861e-16
2.116762648495787721e-16
2.116762648495787721e-16
0.000000000000000000e+00
1.058381324247893861e-16
1.058381324247893861e-16
0.000000000000000000e+00
1.058381324247893861e-16
1.058381324247893861e-16
2.116762648495787721e-16
1.058381324247893861e-16
0.000000000000000000e+00
0.000000000000000000e+00
1.058381324247893861e-16
2.116762648495787721e-16
1.058381324247893861e-16
2.730562661425101414e-02
1.005425905938427539e-01
2.671623355381184672e-01
4.966143034951379653e-01
7.328376644618816993e-01
8.858838838039393426e-01
9.726943733857487118e-01
9.950730620503853707e-01
1.000000000000000000e+00
1.000000000000000000e+00
1.000000000000000000e+00
9.999999999999997780e-01
1.000000000000000000e+00
1.000000000000000000e+00
9.999999999999997780e-01
1.000000000000000000e+00
1.000000000000000000e+00
9.999999999999997780e-01
1.000000000000000000e+00
9.999999999999997780e-01
1.000000000000000000e+00
9.999999999999997780e-01
9.999999999999997780e-01
9.999999999999997780e-01
9.999999999999997780e-01
9.999999999999997780e-01
1.000000000000000000e+00
1.000000000000000000e+00
9.999999999999995559e-01
1.000000000000000000e+00
1.000000000000000000e+00
9.950730620503853707e-01
9.726943733857484897e-01
8.545363882412029266e-01
6.075241948299265893e-01
3.609258427504621891e-01
3.838843006126784196e-01
2.390376348071438228e-01
8.167817592696893780e-02
4.926937949614355189e-03
0.000000000000000000e+00
0.000000000000000000e+00
0.000000000000000000e+00
0.000000000000000000e+00
0.000000000000000000e+00
1.058381324247893861e-16
1.058381324247893861e-16
1.058381324247893861e-16
0.000000000000000000e+00
1.058381324247893861e-16
1.058381324247893861e-16
0.000000000000000000e+00
1.058381324247893861e-16
1.058381324247893861e-16
1.058381324247893861e-16
1.058381324247893861e-16
0.000000000000000000e+00
0.000000000000000000e+00
1.058381324247893861e-16
2.116762648495787721e-16
4.926937949614355189e-03
8.167817592696888229e-02
2.390376348071436008e-01
4.966143034951382984e-01
7.328376644618809221e-01
8.994574094061574820e-01
9.726943733857489338e-01
9.999999999999997780e-01
1.000000000000000000e+00
9.999999999999997780e-01
1.000000000000000000e+00
1.000000000000000000e+00
1.000000000000000000e+00
9.999999999999997780e-01
9.999999999999997780e-01
1.000000000000000000e+00
1.000000000000000000e+00
9.999999999999997780e-01
9.999999999999997780e-01
9.999999999999997780e-01
1.000000000000000000e+00
9.999999999999997780e-01
9.999999999999995559e-01
9.999999999999997780e-01
1.000000000000000000e+00
1.000000000000000000e+00
9.999999999999997780e-01
9.999999999999997780e-01
9.999999999999997780e-01
9.999999999999995559e-01
1.000000000000000000e+00
9.999999999999997780e-01
9.999999999999997780e-01
9.999999999999997780e-01
9.128372780824020039e-01
6.755737560672829822e-01
5.315840483196185851e-01
5.938762040226230887e-01
4.341335858305841455e-01
1.945714291983838273e-01
5.039714309071394172e-02
4.926937949614143553e-03
0.000000000000000000e+00
0.000000000000000000e+00
0.000000000000000000e+00
0.000000000000000000e+00
1.058381324247893861e-16
1.058381324247893861e-16
1.058381324247893861e-16
0.000000000000000000e+00
1.058381324247893861e-16
1.058381324247893861e-16
0.000000000000000000e+00
1.058381324247893861e-16
1.058381324247893861e-16
1.058381324247893861e-16
1.058381324247893861e-16
0.000000000000000000e+00
0.000000000000000000e+00
2.116762648495787721e-16
4.926937949614249371e-03
5.039714309071394172e-02
1.945714291983837718e-01
4.341335858305842565e-01
7.042752249012474985e-01
8.858838838039387875e-01
9.726943733857489338e-01
9.950730620503861479e-01
1.000000000000000000e+00
1.000000000000000000e+00
1.000000000000000000e+00
9.999999999999997780e-01
1.000000000000000000e+00
9.999999999999997780e-01
9.999999999999997780e-01
1.000000000000000000e+00
9.999999999999997780e-01
1.000000000000000000e+00
1.000000000000000000e+00
1.000000000000000000e+00
9.999999999999997780e-01
9.999999999999997780e-01
1.000000000000000000e+00
9.999999999999997780e-01
9.999999999999997780e-01
1.000000000000000000e+00
9.999999999999997780e-01
1.000000000000000000e+00
9.999999999999997780e-01
1.000000000000000000e+00
9.999999999999997780e-01
1.000000000000000000e+00
9.999999999999997780e-01
9.999999999999997780e-01
1.000000000000000000e+00
9.128372780824022259e-01
6.755737560672826492e-01
6.396666262416408344e-01
7.656647816282995400e-01
6.572570807484887645e-01
3.788723135302496936e-01
1.677966196456866788e-01
5.039714309071372661e-02
4.926937949614249371e-03
0.000000000000000000e+00
0.000000000000000000e+00
0.000000000000000000e+00
1.058381324247893861e-16
1.058381324247893861e-16
1.058381324247893861e-16
0.000000000000000000e+00
1.058381324247893861e-16
1.058381324247893861e-16
0.000000000000000000e+00
1.058381324247893861e-16
1.058381324247893861e-16
2.116762648495787721e-16
1.058381324247893861e-16
0.000000000000000000e+00
0.000000000000000000e+00
4.926937949614355189e-03
5.039714309071399029e-02
1.677966196456866788e-01
3.788723135302496936e-01
6.572570807484888755e-01
8.663651091066710830e-01
9.726943733857484897e-01
1.000000000000000000e+00
1.000000000000000000e+00
9.999999999999997780e-01
9.999999999999997780e-01
1.000000000000000000e+00
1.000000000000000000e+00
1.000000000000000000e+00
9.999999999999997780e-01
1.000000000000000000e+00
1.000000000000000000e+00
9.999999999999997780e-01
1.000000000000000000e+00
1.000000000000000000e+00
9.999999999999997780e-01
1.000000000000000000e+00
9.999999999999997780e-01
1.000000000000000000e+00
9.999999999999997780e-01
9.999999999999997780e-01
9.999999999999997780e-01
9.999999999999997780e-01
9.999999999999997780e-01
1.000000000000000000e+00
1.000000000000000000e+00
9.999999999999995559e-01
1.000000000000000000e+00
1.000000000000000000e+00
9.999999999999997780e-01
9.999999999999997780e-01
9.128372780824020039e-01
6.755737560672832043e-01
6.690235620980996556e-01
8.567275591777748778e-01
8.322033803543135155e-01
6.211276864697501399e-01
3.427429192515113465e-01
1.336348908933287782e-01
2.730562661425106619e-02
1.058381324247893861e-16
0.000000000000000000e+00
0.000000000000000000e+00
1.058381324247893861e-16
2.116762648495787721e-16
1.058381324247893861e-16
0.000000000000000000e+00
1.058381324247893861e-16
1.058381324247893861e-16
0.000000000000000000e+00
1.058381324247893861e-16
1.058381324247893861e-16
2.116762648495787721e-16
0.000000000000000000e+00
0.000000000000000000e+00
0.000000000000000000e+00
2.730562661425117374e-02
1.336348908933288893e-01
3.427429192515111800e-01
6.211276864697501399e-01
8.322033803543134045e-01
9.496028569092859195e-01
9.950730620503853707e-01
1.000000000000000000e+00
1.000000000000000000e+00
9.999999999999997780e-01
1.000000000000000000e+00
9.999999999999997780e-01
1.000000000000000000e+00
9.999999999999997780e-01
1.000000000000000000e+00
9.999999999999997780e-01
9.999999999999997780e-01
1.000000000000000000e+00
1.000000000000000000e+00
9.999999999999997780e-01
9.999999999999997780e-01
9.999999999999997780e-01
1.000000000000000000e+00
9.999999999999997780e-01
9.999999999999995559e-01
9.999999999999997780e-01
1.000000000000000000e+00
1.000000000000000000e+00
9.999999999999997780e-01
9.999999999999997780e-01
9.999999999999997780e-01
9.999999999999995559e-01
1.000000000000000000e+00
9.999999999999997780e-01
9.999999999999997780e-01
9.999999999999997780e-01
9.128372780824020039e-01
6.755737560672829822e-01
6.755737560672830933e-01
9.073188869604469353e-01
9.496028569092864746e-01
8.054285708016161172e-01
5.591241225591186970e-01
2.671623355381184672e-01
8.167817592696893780e-02
4.926937949614249371e-03
0.000000000000000000e+00
1.058381324247893861e-16
1.058381324247893861e-16
1.058381324247893861e-16
1.058381324247893861e-16
0.000000000000000000e+00
1.058381324247893861e-16
1.058381324247893861e-16
0.000000000000000000e+00
0.000000000000000000e+00
1.058381324247893861e-16
1.058381324247893861e-16
1.058381324247893861e-16
0.000000000000000000e+00
4.926937949614143553e-03
8.167817592696915985e-02
2.671623355381186893e-01
5.591241225591186970e-01
8.054285708016158951e-01
9.496028569092863636e-01
9.950730620503857038e-01
9.999999999999997780e-01
9.999999999999997780e-01
1.000000000000000000e+00
1.000000000000000000e+00
1.000000000000000000e+00
1.000000000000000000e+00
9.999999999999997780e-01
1.000000000000000000e+00
9.999999999999997780e-01
9.999999999999997780e-01
1.000000000000000000e+00
9.999999999999997780e-01
1.000000000000000000e+00
1.000000000000000000e+00
1.000000000000000000e+00
9.999999999999997780e-01
9.999999999999997780e-01
1.000000000000000000e+00
9.999999999999997780e-01
9.999999999999997780e-01
1.000000000000000000e+00
9.999999999999997780e-01
1.000000000000000000e+00
9.999999999999997780e-01
1.000000000000000000e+00
9.999999999999997780e-01
1.000000000000000000e+00
9.999999999999997780e-01
9.999999999999997780e-01
1.000000000000000000e+00
9.128372780824022259e-01
6.755737560672826492e-01
6.755737560672830933e-01
9.128372780824018928e-01
9.950730620503853707e-01
9.183218240730309789e-01
7.328376644618810332e-01
4.408758774408812475e-01
1.945714291983838828e-01
5.039714309071394172e-02
4.926937949614249371e-03
0.000000000000000000e+00
1.058381324247893861e-16
1.058381324247893861e-16
1.058381324247893861e-16
0.000000000000000000e+00
1.058381324247893861e-16
1.058381324247893861e-16
0.000000000000000000e+00
0.000000000000000000e+00
1.058381324247893861e-16
1.058381324247893861e-16
0.000000000000000000e+00
4.926937949614037734e-03
5.039714309071372661e-02
1.945714291983839939e-01
4.408758774408813030e-01
7.328376644618814773e-01
9.183218240730312010e-01
9.950730620503857038e-01
9.999999999999997780e-01
9.999999999999997780e-01
1.000000000000000000e+00
1.000000000000000000e+00
9.999999999999995559e-01
9.999999999999997780e-01
1.000000000000000000e+00
9.999999999999997780e-01
9.999999999999997780e-01
9.999999999999997780e-01
9.999999999999997780e-01
1.000000000000000000e+00
1.000000000000000000e+00
9.999999999999997780e-01
9.999999999999997780e-01
1.000000000000000000e+00
1.000000000000000000e+00
9.999999999999997780e-01
1.000000000000000000e+00
9.999999999999997780e-01
1.000000000000000000e+00
9.999999999999993339e-01
9.999999999999997780e-01
9.999999999999997780e-01
1.000000000000000000e+00
1.000000000000000000e+00
9.999999999999997780e-01
9.999999999999997780e-01
9.999999999999995559e-01
9.999999999999995559e-01
9.999999999999995559e-01
9.128372780824021149e-01
6.755737560672830933e-01
6.755737560672830933e-01
9.128372780824018928e-01
1.000000000000000000e+00
9.726943733857487118e-01
8.663651091066710830e-01
6.506623051652974388e-01
3.493376948347022282e-01
1.336348908933287782e-01
2.730562661425101414e-02
0.000000000000000000e+00
0.000000000000000000e+00
1.058381324247893861e-16
1.058381324247893861e-16
0.000000000000000000e+00
0.000000000000000000e+00
1.058381324247893861e-16
0.000000000000000000e+00
0.000000000000000000e+00
0.000000000000000000e+00
1.058381324247893861e-16
0.000000000000000000e+00
2.730562661425101414e-02
1.336348908933286672e-01
3.493376948347023947e-01
6.506623051652974388e-01
8.663651091066711940e-01
9.726943733857487118e-01
1.000000000000000000e+00
9.999999999999997780e-01
9.999999999999997780e-01
9.999999999999997780e-01
9.999999999999997780e-01
9.999999999999997780e-01
1.000000000000000000e+00
1.000000000000000000e+00
1.000000000000000000e+00
9.999999999999997780e-01
9.999999999999997780e-01
1.000000000000000000e+00
1.000000000000000000e+00
9.999999999999997780e-01
9.999999999999995559e-01
9.999999999999997780e-01
1.000000000000000000e+00
9.999999999999997780e-01
9.999999999999995559e-01
9.999999999999997780e-01
9.999999999999997780e-01
9.999999999999995559e-01
9.999999999999993339e-01
9.999999999999997780e-01
9.999999999999997780e-01
9.999999999999997780e-01
1.000000000000000000e+00
9.999999999999997780e-01
1.000000000000000000e+00
9.999999999999997780e-01
9.999999999999997780e-01
1.000000000000000000e+00
9.128372780824020039e-01
6.755737560672826492e-01
6.755737560672830933e-01
9.128372780824018928e-01
1.000000000000000000e+00
9.950730620503857038e-01
9.496028569092860305e-01
8.054285708016156731e-01
5.591241225591184749e-01
2.671623355381185227e-01
8.167817592696888229e-02
4.926937949614249371e-03
0.000000000000000000e+00
1.058381324247893861e-16
1.058381324247893861e-16
0.000000000000000000e+00
0.000000000000000000e+00
1.058381324247893861e-16
0.000000000000000000e+00
0.000000000000000000e+00
0.000000000000000000e+00
1.058381324247893861e-16
4.926937949614249371e-03
8.167817592696878515e-02
2.671623355381184117e-01
5.591241225591186970e-01
8.054285708016161172e-01
9.496028569092860305e-01
9.950730620503857038e-01
9.999999999999997780e-01
1.000000000000000000e+00
9.999999999999995559e-01
1.000000000000000000e+00
9.999999999999997780e-01
9.999999999999997780e-01
1.000000000000000000e+00
9.999999999999997780e-01
1.000000000000000000e+00
1.000000000000000000e+00
9.999999999999997780e-01
9.999999999999995559e-01
9.999999999999997780e-01
1.000000000000000000e+00
1.000000000000000000e+00
9.999999999999997780e-01
9.999999999999997780e-01
9.999999999999997780e-01
9.999999999999997780e-01
9.999999999999997780e-01
9.999999999999993339e-01
9.999999999999995559e-01
9.999999999999997780e-01
9.999999999999997780e-01
9.999999999999997780e-01
9.999999999999997780e-01
9.999999999999997780e-01
9.999999999999997780e-01
1.000000000000000000e+00
9.999999999999993339e-01
9.999999999999997780e-01
9.999999999999997780e-01
9.128372780824021149e-01
6.755737560672826492e-01
6.755737560672830933e-01
9.128372780824020039e-01
9.999999999999997780e-01
1.000000000000000000e+00
9.950730620503857038e-01
9.183218240730312010e-01
7.328376644618810332e-01
4.408758774408813585e-01
1.945714291983838273e-01
5.039714309071394172e-02
4.926937949614249371e-03
1.058381324247893861e-16
0.000000000000000000e+00
0.000000000000000000e+00
0.000000000000000000e+00
1.058381324247893861e-16
0.000000000000000000e+00
0.000000000000000000e+00
0.000000000000000000e+00
4.926937949614355189e-03
5.039714309071383763e-02
1.945714291983837718e-01
4.408758774408813030e-01
7.328376644618814773e-01
9.183218240730312010e-01
9.950730620503857038e-01
1.000000000000000000e+00
1.000000000000000000e+00
9.999999999999997780e-01
1.000000000000000000e+00
1.000000000000000000e+00
1.000000000000000000e+00
9.999999999999997780e-01
1.000000000000000000e+00
1.000000000000000000e+00
9.999999999999997780e-01
1.000000000000000000e+00
9.999999999999995559e-01
1.000000000000000000e+00
9.999999999999997780e-01
1.000000000000000000e+00
1.000000000000000000e+00
9.999999999999997780e-01
1.000000000000000000e+00
1.000000000000000000e+00
1.000000000000000000e+00
9.999999999999997780e-01
9.999999999999997780e-01
9.999999999999997780e-01
1.000000000000000000e+00
9.999999999999997780e-01
1.000000000000000000e+00
1.000000000000000000e+00
9.999999999999995559e-01
9.999999999999997780e-01
9.999999999999997780e-01
1.000000000000000000e+00
1.000000000000000000e+00
1.000000000000000000e+00
9.128372780824020039e-01
6.755737560672830933e-01
6.755737560672830933e-01
9.128372780824021149e-01
1.000000000000000000e+00
9.999999999999997780e-01
1.000000000000000000e+00
9.726943733857489338e-01
8.663651091066710830e-01
6.506623051652974388e-01
3.493376948347023947e-01
1.336348908933287782e-01
2.730562661425101414e-02
1.058381324247893861e-16
1.058381324247893861e-16
0.000000000000000000e+00
0.000000000000000000e+00
1.058381324247893861e-16
0.000000000000000000e+00
0.000000000000000000e+00
0.000000000000000000e+00
2.730562661425117374e-02
1.336348908933287782e-01
3.493376948347023392e-01
6.506623051652974388e-01
8.663651091066711940e-01
9.726943733857489338e-01
1.000000000000000000e+00
1.000000000000000000e+00
1.000000000000000000e+00
9.999999999999997780e-01
1.000000000000000000e+00
1.000000000000000000e+00
1.000000000000000000e+00
9.999999999999997780e-01
1.000000000000000000e+00
1.000000000000000000e+00
1.000000000000000000e+00
1.000000000000000000e+00
9.999999999999997780e-01
1.000000000000000000e+00
9.999999999999997780e-01
1.000000000000000000e+00
1.000000000000000000e+00
1.000000000000000000e+00
1.000000000000000000e+00
9.999999999999997780e-01
1.000000000000000000e+00
9.999999999999997780e-01
1.000000000000000000e+00
1.000000000000000000e+00
1.000000000000000000e+00
1.000000000000000000e+00
9.999999999999997780e-01
1.000000000000000000e+00
1.000000000000000000e+00
9.999999999999997780e-01
1.000000000000000000e+00
9.999999999999997780e-01
9.999999999999997780e-01
1.000000000000000000e+00
9.128372780824021149e-01
6.755737560672830933e-01
6.755737560672830933e-01
9.128372780824020039e-01
1.000000000000000000e+00
9.999999999999997780e-01
9.999999999999997780e-01
9.950730620503853707e-01
9.496028569092860305e-01
8.054285708016158951e-01
5.591241225591184749e-01
2.671623355381186893e-01
8.167817592696893780e-02
4.926937949614249371e-03
0.000000000000000000e+00
0.000000000000000000e+00
0.000000000000000000e+00
1.058381324247893861e-16
0.000000000000000000e+00
0.000000000000000000e+00
4.926937949614249371e-03
8.167817592696899331e-02
2.671623355381184672e-01
5.591241225591183639e-01
8.054285708016155620e-01
9.496028569092862526e-01
9.950730620503857038e-01
9.999999999999997780e-01
9.999999999999997780e-01
1.000000000000000000e+00
1.000000000000000000e+00
9.999999999999995559e-01
1.000000000000000000e+00
9.999999999999997780e-01
9.999999999999997780e-01
1.000000000000000000e+00
9.999999999999995559e-01
1.000000000000000000e+00
1.000000000000000000e+00
1.000000000000000000e+00
1.000000000000000000e+00
1.000000000000000000e+00
1.000000000000000000e+00
9.999999999999997780e-01
9.999999999999995559e-01
9.999999999999997780e-01
9.999999999999995559e-01
9.999999999999995559e-01
9.999999999999993339e-01
9.999999999999997780e-01
9.999999999999995559e-01
9.999999999999997780e-01
9.999999999999995559e-01
1.000000000000000000e+00
1.000000000000000000e+00
1.000000000000000000e+00
9.999999999999997780e-01
1.000000000000000000e+00
9.999999999999995559e-01
9.999999999999997780e-01
1.000000000000000000e+00
9.128372780824021149e-01
6.755737560672830933e-01
6.755737560672830933e-01
9.128372780824021149e-01
1.000000000000000000e+00
1.000000000000000000e+00
1.000000000000000000e+00
9.999999999999997780e-01
9.950730620503857038e-01
9.183218240730309789e-01
7.328376644618814773e-01
4.408758774408814141e-01
1.945714291983837718e-01
5.039714309071394172e-02
4.926937949614249371e-03
0.000000000000000000e+00
0.000000000000000000e+00
1.058381324247893861e-16
0.000000000000000000e+00
4.926937949614249371e-03
5.039714309071383763e-02
1.945714291983838828e-01
4.408758774408811920e-01
7.328376644618812552e-01
9.183218240730309789e-01
9.950730620503857038e-01
9.999999999999997780e-01
1.000000000000000000e+00
9.999999999999997780e-01
1.000000000000000000e+00
9.999999999999997780e-01
1.000000000000000000e+00
9.999999999999997780e-01
1.000000000000000000e+00
9.999999999999997780e-01
9.999999999999997780e-01
9.999999999999997780e-01
1.000000000000000000e+00
9.999999999999995559e-01
1.000000000000000000e+00
1.000000000000000000e+00
1.000000000000000000e+00
1.000000000000000000e+00
1.000000000000000000e+00
9.999999999999997780e-01
9.999999999999997780e-01
9.999999999999997780e-01
1.000000000000000000e+00
9.999999999999997780e-01
9.999999999999995559e-01
9.999999999999995559e-01
1.000000000000000000e+00
1.000000000000000000e+00
1.000000000000000000e+00
1.000000000000000000e+00
1.000000000000000000e+00
9.999999999999993339e-01
1.000000000000000000e+00
9.999999999999997780e-01
9.999999999999997780e-01
1.000000000000000000e+00
9.128372780824021149e-01
6.755737560672833153e-01
6.755737560672833153e-01
9.128372780824018928e-01
9.999999999999997780e-01
9.999999999999993339e-01
9.999999999999997780e-01
9.999999999999997780e-01
9.999999999999997780e-01
9.726943733857489338e-01
8.663651091066710830e-01
6.506623051652974388e-01
3.493376948347022282e-01
1.336348908933288893e-01
2.730562661425117374e-02
0.000000000000000000e+00
0.000000000000000000e+00
1.058381324247893861e-16
0.000000000000000000e+00
2.730562661425117374e-02
1.336348908933287782e-01
3.493376948347023947e-01
6.506623051652972167e-01
8.663651091066708609e-01
9.726943733857487118e-01
1.000000000000000000e+00
1.000000000000000000e+00
9.999999999999997780e-01
9.999999999999997780e-01
9.999999999999997780e-01
9.999999999999997780e-01
1.000000000000000000e+00
1.000000000000000000e+00
9.999999999999997780e-01
9.999999999999997780e-01
1.000000000000000000e+00
9.999999999999997780e-01
1.000000000000000000e+00
1.000000000000000000e+00
9.999999999999997780e-01
1.000000000000000000e+00
1.000000000000000000e+00
1.000000000000000000e+00
1.000000000000000000e+00
9.999999999999997780e-01
9.999999999999997780e-01
9.999999999999997780e-01
1.000000000000000000e+00
9.999999999999995559e-01
9.999999999999995559e-01
9.999999999999997780e-01
1.000000000000000000e+00
9.999999999999997780e-01
1.000000000000000000e+00
1.000000000000000000e+00
1.000000000000000000e+00
9.999999999999997780e-01
1.000000000000000000e+00
9.999999999999995559e-01
9.999999999999997780e-01
1.000000000000000000e+00
9.128372780824023369e-01
6.755737560672829822e-01
6.755737560672832043e-01
9.128372780824018928e-01
1.000000000000000000e+00
9.999999999999997780e-01
9.999999999999997780e-01
9.999999999999997780e-01
9.999999999999997780e-01
9.950730620503857038e-01
9.496028569092859195e-01
7.993384729673427280e-01
5.290412122224668057e-01
2.304422399418701584e-01
5.767494219078463796e-02
0.000000000000000000e+00
0.000000000000000000e+00
1.058381324247893861e-16
0.000000000000000000e+00
5.767494219078463796e-02
2.304422399418701028e-01
5.290412122224669167e-01
7.993384729673425060e-01
9.496028569092859195e-01
9.950730620503853707e-01
1.000000000000000000e+00
1.000000000000000000e+00
9.999999999999997780e-01
9.999999999999997780e-01
9.999999999999997780e-01
1.000000000000000000e+00
1.000000000000000000e+00
1.000000000000000000e+00
1.000000000000000000e+00
9.999999999999997780e-01
1.000000000000000000e+00
1.000000000000000000e+00
1.000000000000000000e+00
1.000000000000000000e+00
9.999999999999997780e-01
9.999999999999997780e-01
1.000000000000000000e+00
1.000000000000000000e+00
1.000000000000000000e+00
9.999999999999997780e-01
1.000000000000000000e+00
9.999999999999995559e-01
9.999999999999997780e-01
9.999999999999997780e-01
9.999999999999997780e-01
9.999999999999997780e-01
1.000000000000000000e+00
9.999999999999997780e-01
1.000000000000000000e+00
9.999999999999997780e-01
9.999999999999997780e-01
1.000000000000000000e+00
1.000000000000000000e+00
1.000000000000000000e+00
9.999999999999997780e-01
1.000000000000000000e+00
9.128372780824018928e-01
6.755737560672830933e-01
6.755737560672832043e-01
9.128372780824018928e-01
9.999999999999997780e-01
9.999999999999997780e-01
1.000000000000000000e+00
9.999999999999997780e-01
9.999999999999997780e-01
1.000000000000000000e+00
9.950730620503857038e-01
8.880099236432434928e-01
6.371748822646406962e-01
2.954772969970042573e-01
8.167817592696910434e-02
0.000000000000000000e+00
0.000000000000000000e+00
1.058381324247893861e-16
0.000000000000000000e+00
8.167817592696899331e-02
2.954772969970040908e-01
6.371748822646406962e-01
8.880099236432433818e-01
9.950730620503857038e-01
1.000000000000000000e+00
1.000000000000000000e+00
9.999999999999997780e-01
1.000000000000000000e+00
9.999999999999997780e-01
9.999999999999997780e-01
9.999999999999997780e-01
1.000000000000000000e+00
1.000000000000000000e+00
1.000000000000000000e+00
1.000000000000000000e+00
1.000000000000000000e+00
1.000000000000000000e+00
9.999999999999997780e-01
9.999999999999997780e-01
9.999999999999997780e-01
9.999999999999997780e-01
1.000000000000000000e+00
1.000000000000000000e+00
1.000000000000000000e+00
9.999999999999997780e-01
1.000000000000000000e+00
9.999999999999997780e-01
1.000000000000000000e+00
1.000000000000000000e+00
1.000000000000000000e+00
1.000000000000000000e+00
1.000000000000000000e+00
9.999999999999997780e-01
1.000000000000000000e+00
1.000000000000000000e+00
1.000000000000000000e+00
9.999999999999997780e-01
9.999999999999997780e-01
9.999999999999997780e-01
1.000000000000000000e+00
1.000000000000000000e+00
9.128372780824018928e-01
6.755737560672830933e-01
6.755737560672830933e-01
9.128372780824021149e-01
1.000000000000000000e+00
9.999999999999997780e-01
1.000000000000000000e+00
9.999999999999995559e-01
9.999999999999997780e-01
1.000000000000000000e+00
9.999999999999997780e-01
9.128372780824020039e-01
6.755737560672833153e-01
3.244262439327170178e-01
8.716272191759795451e-02
0.000000000000000000e+00
0.000000000000000000e+00
1.058381324247893861e-16
0.000000000000000000e+00
8.716272191759789900e-02
3.244262439327168512e-01
6.755737560672832043e-01
9.128372780824018928e-01
9.999999999999997780e-01
9.999999999999997780e-01
9.999999999999997780e-01
1.000000000000000000e+00
1.000000000000000000e+00
9.999999999999997780e-01
1.000000000000000000e+00
9.999999999999997780e-01
1.000000000000000000e+00
9.999999999999997780e-01
1.000000000000000000e+00
1.000000000000000000e+00
9.999999999999997780e-01
1.000000000000000000e+00
1.000000000000000000e+00
1.000000000000000000e+00
9.999999999999997780e-01
1.000000000000000000e+00
9.999999999999997780e-01
1.000000000000000000e+00
1.000000000000000000e+00
1.000000000000000000e+00
9.999999999999993339e-01
1.000000000000000000e+00
9.999999999999997780e-01
1.000000000000000000e+00
9.999999999999997780e-01
1.000000000000000000e+00
9.999999999999997780e-01
9.999999999999997780e-01
9.999999999999997780e-01
1.000000000000000000e+00
9.999999999999997780e-01
9.999999999999997780e-01
1.000000000000000000e+00
9.999999999999997780e-01
9.999999999999997780e-01
1.000000000000000000e+00
9.128372780824022259e-01
6.755737560672830933e-01
6.755737560672833153e-01
9.128372780824021149e-01
1.000000000000000000e+00
1.000000000000000000e+00
1.000000000000000000e+00
9.999999999999997780e-01
1.000000000000000000e+00
1.000000000000000000e+00
9.950730620503857038e-01
8.880099236432433818e-01
6.371748822646406962e-01
2.954772969970042573e-01
8.167817592696910434e-02
0.000000000000000000e+00
0.000000000000000000e+00
1.058381324247893861e-16
0.000000000000000000e+00
8.167817592696899331e-02
2.954772969970040908e-01
6.371748822646406962e-01
8.880099236432433818e-01
9.950730620503853707e-01
9.999999999999997780e-01
1.000000000000000000e+00
1.000000000000000000e+00
9.999999999999997780e-01
1.000000000000000000e+00
1.000000000000000000e+00
9.999999999999997780e-01
9.999999999999997780e-01
1.000000000000000000e+00
1.000000000000000000e+00
9.999999999999997780e-01
9.999999999999997780e-01
1.000000000000000000e+00
1.000000000000000000e+00
9.999999999999997780e-01
1.000000000000000000e+00
1.000000000000000000e+00
1.000000000000000000e+00
1.000000000000000000e+00
1.000000000000000000e+00
1.000000000000000000e+00
9.999999999999997780e-01
1.000000000000000000e+00
9.999999999999995559e-01
9.999999999999997780e-01
9.999999999999995559e-01
1.000000000000000000e+00
1.000000000000000000e+00
9.999999999999997780e-01
1.000000000000000000e+00
1.000000000000000000e+00
1.000000000000000000e+00
9.999999999999993339e-01
1.000000000000000000e+00
1.000000000000000000e+00
9.999999999999997780e-01
1.000000000000000000e+00
9.128372780824023369e-01
6.755737560672830933e-01
6.755737560672829822e-01
9.128372780824018928e-01
1.000000000000000000e+00
1.000000000000000000e+00
9.999999999999997780e-01
9.999999999999997780e-01
9.999999999999997780e-01
9.950730620503857038e-01
9.496028569092860305e-01
7.993384729673427280e-01
5.290412122224669167e-01
2.304422399418702139e-01
5.767494219078468654e-02
0.000000000000000000e+00
0.000000000000000000e+00
1.058381324247893861e-16
0.000000000000000000e+00
5.767494219078463796e-02
2.304422399418701584e-01
5.290412122224670277e-01
7.993384729673427280e-01
9.496028569092860305e-01
9.950730620503857038e-01
1.000000000000000000e+00
1.000000000000000000e+00
9.999999999999997780e-01
1.000000000000000000e+00
9.999999999999997780e-01
1.000000000000000000e+00
9.999999999999997780e-01
9.999999999999997780e-01
9.999999999999997780e-01
1.000000000000000000e+00
1.000000000000000000e+00
1.000000000000000000e+00
1.000000000000000000e+00
9.999999999999997780e-01
9.999999999999997780e-01
1.000000000000000000e+00
1.000000000000000000e+00
9.999999999999997780e-01
9.999999999999997780e-01
1.000000000000000000e+00
1.000000000000000000e+00
9.999999999999997780e-01
9.999999999999997780e-01
9.999999999999997780e-01
1.000000000000000000e+00
9.999999999999997780e-01
1.000000000000000000e+00
9.999999999999997780e-01
1.000000000000000000e+00
1.000000000000000000e+00
9.999999999999997780e-01
9.999999999999997780e-01
9.999999999999997780e-01
9.999999999999997780e-01
9.999999999999997780e-01
1.000000000000000000e+00
9.128372780824018928e-01
6.755737560672830933e-01
6.755737560672833153e-01
9.128372780824018928e-01
1.000000000000000000e+00
9.999999999999997780e-01
1.000000000000000000e+00
9.999999999999997780e-01
9.999999999999997780e-01
9.726943733857489338e-01
8.663651091066711940e-01
6.506623051652974388e-01
3.493376948347023392e-01
1.336348908933287782e-01
2.730562661425117374e-02
0.000000000000000000e+00
0.000000000000000000e+00
0.000000000000000000e+00
0.000000000000000000e+00
2.730562661425117374e-02
1.336348908933287782e-01
3.493376948347023947e-01
6.506623051652973277e-01
8.663651091066708609e-01
9.726943733857489338e-01
1.000000000000000000e+00
1.000000000000000000e+00
1.000000000000000000e+00
1.000000000000000000e+00
1.000000000000000000e+00
1.000000000000000000e+00
9.999999999999997780e-01
1.000000000000000000e+00
9.999999999999997780e-01
9.999999999999997780e-01
1.000000000000000000e+00
1.000000000000000000e+00
1.000000000000000000e+00
9.999999999999995559e-01
9.999999999999997780e-01
9.999999999999997780e-01
1.000000000000000000e+00
1.000000000000000000e+00
9.999999999999995559e-01
9.999999999999997780e-01
9.999999999999997780e-01
9.999999999999997780e-01
9.999999999999997780e-01
1.000000000000000000e+00
9.999999999999997780e-01
9.999999999999997780e-01
9.999999999999997780e-01
1.000000000000000000e+00
1.000000000000000000e+00
9.999999999999997780e-01
9.999999999999997780e-01
9.999999999999997780e-01
1.000000000000000000e+00
9.999999999999997780e-01
9.999999999999993339e-01
9.999999999999997780e-01
9.128372780824020039e-01
6.755737560672830933e-01
6.755737560672830933e-01
9.128372780824021149e-01
9.999999999999997780e-01
1.000000000000000000e+00
9.999999999999997780e-01
1.000000000000000000e+00
9.950730620503857038e-01
9.183218240730309789e-01
7.328376644618814773e-01
4.408758774408813585e-01
1.945714291983838828e-01
5.039714309071394172e-02
4.926937949614249371e-03
0.000000000000000000e+00
0.000000000000000000e+00
0.000000000000000000e+00
0.000000000000000000e+00
4.926937949614249371e-03
5.039714309071394172e-02
1.945714291983839939e-01
4.408758774408814141e-01
7.328376644618814773e-01
9.183218240730307569e-01
9.950730620503857038e-01
1.000000000000000000e+00
9.999999999999997780e-01
1.000000000000000000e+00
9.999999999999997780e-01
1.000000000000000000e+00
9.999999999999997780e-01
1.000000000000000000e+00
9.999999999999997780e-01
1.000000000000000000e+00
9.999999999999997780e-01
9.999999999999997780e-01
1.000000000000000000e+00
1.000000000000000000e+00
9.999999999999997780e-01
1.000000000000000000e+00
1.000000000000000000e+00
1.000000000000000000e+00
1.000000000000000000e+00
9.999999999999997780e-01
1.000000000000000000e+00
9.999999999999997780e-01
9.999999999999997780e-01
9.999999999999997780e-01
9.999999999999997780e-01
9.999999999999997780e-01
1.000000000000000000e+00
9.999999999999997780e-01
1.000000000000000000e+00
1.000000000000000000e+00
1.000000000000000000e+00
1.000000000000000000e+00
1.000000000000000000e+00
9.999999999999997780e-01
9.999999999999997780e-01
1.000000000000000000e+00
9.128372780824021149e-01
6.755737560672833153e-01
6.755737560672830933e-01
9.128372780824020039e-01
1.000000000000000000e+00
1.000000000000000000e+00
1.000000000000000000e+00
9.950730620503857038e-01
9.496028569092859195e-01
8.054285708016161172e-01
5.591241225591186970e-01
2.671623355381185227e-01
8.167817592696893780e-02
4.926937949614249371e-03
1.058381324247893861e-16
0.000000000000000000e+00
0.000000000000000000e+00
0.000000000000000000e+00
0.000000000000000000e+00
0.000000000000000000e+00
4.926937949614355189e-03
8.167817592696904883e-02
2.671623355381185783e-01
5.591241225591186970e-01
8.054285708016158951e-01
9.496028569092860305e-01
9.950730620503857038e-01
9.999999999999997780e-01
1.000000000000000000e+00
1.000000000000000000e+00
9.999999999999997780e-01
1.000000000000000000e+00
9.999999999999997780e-01
1.000000000000000000e+00
1.000000000000000000e+00
1.000000000000000000e+00
1.000000000000000000e+00
1.000000000000000000e+00
9.999999999999997780e-01
1.000000000000000000e+00
1.000000000000000000e+00
1.000000000000000000e+00
1.000000000000000000e+00
1.000000000000000000e+00
1.000000000000000000e+00
1.000000000000000000e+00
9.999999999999997780e-01
9.999999999999997780e-01
9.999999999999997780e-01
1.000000000000000000e+00
1.000000000000000000e+00
9.999999999999997780e-01
9.999999999999997780e-01
1.000000000000000000e+00
1.000000000000000000e+00
9.999999999999997780e-01
1.000000000000000000e+00
1.000000000000000000e+00
9.999999999999997780e-01
1.000000000000000000e+00
1.000000000000000000e+00
9.128372780824021149e-01
6.755737560672833153e-01
6.755737560672833153e-01
9.128372780824018928e-01
1.000000000000000000e+00
1.000000000000000000e+00
1.000000000000000000e+00
9.726943733857487118e-01
8.663651091066708609e-01
6.506623051652977718e-01
3.493376948347023947e-01
1.336348908933287782e-01
2.730562661425117374e-02
1.058381324247893861e-16
1.058381324247893861e-16
0.000000000000000000e+00
0.000000000000000000e+00
0.000000000000000000e+00
0.000000000000000000e+00
0.000000000000000000e+00
1.058381324247893861e-16
2.730562661425117374e-02
1.336348908933286672e-01
3.493376948347023392e-01
6.506623051652974388e-01
8.663651091066711940e-01
9.726943733857489338e-01
1.000000000000000000e+00
1.000000000000000000e+00
9.999999999999997780e-01
9.999999999999997780e-01
1.000000000000000000e+00
1.000000000000000000e+00
1.000000000000000000e+00
9.999999999999997780e-01
1.000000000000000000e+00
1.000000000000000000e+00
1.000000000000000000e+00
1.000000000000000000e+00
1.000000000000000000e+00
1.000000000000000000e+00
1.000000000000000000e+00
9.999999999999997780e-01
9.999999999999997780e-01
9.999999999999995559e-01
9.999999999999997780e-01
1.000000000000000000e+00
9.999999999999997780e-01
9.999999999999997780e-01
9.999999999999997780e-01
9.999999999999997780e-01
1.000000000000000000e+00
9.999999999999995559e-01
9.999999999999997780e-01
1.000000000000000000e+00
1.000000000000000000e+00
1.000000000000000000e+00
1.000000000000000000e+00
9.999999999999997780e-01
1.000000000000000000e+00
1.000000000000000000e+00
9.128372780824021149e-01
6.755737560672826492e-01
6.755737560672833153e-01
9.128372780824021149e-01
1.000000000000000000e+00
1.000000000000000000e+00
9.950730620503857038e-01
9.183218240730309789e-01
7.328376644618814773e-01
4.408758774408814141e-01
1.945714291983839939e-01
5.039714309071394172e-02
4.926937949614249371e-03
1.058381324247893861e-16
1.058381324247893861e-16
0.000000000000000000e+00
0.000000000000000000e+00
0.000000000000000000e+00
0.000000000000000000e+00
0.000000000000000000e+00
1.058381324247893861e-16
4.926937949614355189e-03
5.039714309071394172e-02
1.945714291983839939e-01
4.408758774408814141e-01
7.328376644618814773e-01
9.183218240730312010e-01
9.950730620503857038e-01
1.000000000000000000e+00
1.000000000000000000e+00
9.999999999999997780e-01
9.999999999999997780e-01
1.000000000000000000e+00
1.000000000000000000e+00
1.000000000000000000e+00
1.000000000000000000e+00
1.000000000000000000e+00
1.000000000000000000e+00
1.000000000000000000e+00
1.000000000000000000e+00
1.000000000000000000e+00
9.999999999999997780e-01
1.000000000000000000e+00
1.000000000000000000e+00
1.000000000000000000e+00
1.000000000000000000e+00
1.000000000000000000e+00
1.000000000000000000e+00
1.000000000000000000e+00
9.999999999999997780e-01
9.999999999999997780e-01
1.000000000000000000e+00
1.000000000000000000e+00
1.000000000000000000e+00
1.000000000000000000e+00
9.999999999999997780e-01
1.000000000000000000e+00
1.000000000000000000e+00
9.999999999999997780e-01
9.999999999999997780e-01
1.000000000000000000e+00
9.128372780824021149e-01
6.755737560672829822e-01
6.755737560672830933e-01
9.128372780824020039e-01
9.999999999999997780e-01
9.950730620503857038e-01
9.496028569092859195e-01
8.054285708016161172e-01
5.591241225591184749e-01
2.671623355381185783e-01
8.167817592696893780e-02
4.926937949614249371e-03
0.000000000000000000e+00
1.058381324247893861e-16
1.058381324247893861e-16
0.000000000000000000e+00
0.000000000000000000e+00
0.000000000000000000e+00
0.000000000000000000e+00
0.000000000000000000e+00
1.058381324247893861e-16
1.058381324247893861e-16
4.926937949614249371e-03
8.167817592696899331e-02
2.671623355381184672e-01
5.591241225591186970e-01
8.054285708016161172e-01
9.496028569092860305e-01
9.950730620503857038e-01
9.999999999999997780e-01
9.999999999999997780e-01
1.000000000000000000e+00
1.000000000000000000e+00
1.000000000000000000e+00
1.000000000000000000e+00
1.000000000000000000e+00
1.000000000000000000e+00
1.000000000000000000e+00
9.999999999999997780e-01
9.999999999999997780e-01
1.000000000000000000e+00
9.999999999999997780e-01
9.999999999999997780e-01
9.999999999999997780e-01
1.000000000000000000e+00
1.000000000000000000e+00
9.999999999999997780e-01
9.999999999999997780e-01
9.999999999999997780e-01
9.999999999999997780e-01
1.000000000000000000e+00
1.000000000000000000e+00
9.999999999999997780e-01
9.999999999999997780e-01
1.000000000000000000e+00
1.000000000000000000e+00
1.000000000000000000e+00
1.000000000000000000e+00
9.999999999999997780e-01
1.000000000000000000e+00
1.000000000000000000e+00
9.128372780824018928e-01
6.755737560672826492e-01
6.755737560672830933e-01
9.128372780824018928e-01
9.999999999999997780e-01
9.726943733857487118e-01
8.663651091066711940e-01
6.506623051652977718e-01
3.493376948347022282e-01
1.336348908933286672e-01
2.730562661425101414e-02
0.000000000000000000e+00
0.000000000000000000e+00
1.058381324247893861e-16
1.058381324247893861e-16
0.000000000000000000e+00
0.000000000000000000e+00
0.000000000000000000e+00
0.000000000000000000e+00
0.000000000000000000e+00
1.058381324247893861e-16
1.058381324247893861e-16
0.000000000000000000e+00
2.730562661425101414e-02
1.336348908933286672e-01
3.493376948347023947e-01
6.506623051652978829e-01
8.663651091066714161e-01
9.726943733857484897e-01
9.999999999999997780e-01
9.999999999999997780e-01
9.999999999999997780e-01
9.999999999999997780e-01
1.000000000000000000e+00
9.999999999999997780e-01
1.000000000000000000e+00
1.000000000000000000e+00
9.999999999999997780e-01
9.999999999999997780e-01
9.999999999999997780e-01
9.999999999999997780e-01
1.000000000000000000e+00
9.999999999999997780e-01
9.999999999999997780e-01
9.999999999999995559e-01
9.999999999999995559e-01
9.999999999999993339e-01
1.000000000000000000e+00
9.999999999999995559e-01
9.999999999999993339e-01
9.999999999999997780e-01
1.000000000000000000e+00
9.999999999999997780e-01
1.000000000000000000e+00
9.999999999999997780e-01
9.999999999999997780e-01
1.000000000000000000e+00
1.000000000000000000e+00
9.999999999999997780e-01
1.000000000000000000e+00
1.000000000000000000e+00
9.128372780824018928e-01
6.755737560672832043e-01
6.755737560672830933e-01
9.128372780824021149e-01
9.950730620503857038e-01
9.183218240730312010e-01
7.328376644618812552e-01
4.408758774408812475e-01
1.945714291983838828e-01
5.039714309071394172e-02
4.926937949614249371e-03
0.000000000000000000e+00
1.058381324247893861e-16
1.058381324247893861e-16
1.058381324247893861e-16
0.000000000000000000e+00
1.058381324247893861e-16
0.000000000000000000e+00
0.000000000000000000e+00
1.058381324247893861e-16
1.058381324247893861e-16
1.058381324247893861e-16
0.000000000000000000e+00
4.926937949614249371e-03
5.039714309071372661e-02
1.945714291983839939e-01
4.408758774408815806e-01
7.328376644618814773e-01
9.183218240730312010e-01
9.950730620503857038e-01
1.000000000000000000e+00
1.000000000000000000e+00
1.000000000000000000e+00
1.000000000000000000e+00
1.000000000000000000e+00
1.000000000000000000e+00
1.000000000000000000e+00
1.000000000000000000e+00
9.999999999999997780e-01
9.999999999999997780e-01
9.999999999999997780e-01
1.000000000000000000e+00
9.999999999999997780e-01
1.000000000000000000e+00
9.999999999999993339e-01
1.000000000000000000e+00
1.000000000000000000e+00
1.000000000000000000e+00
1.000000000000000000e+00
9.999999999999997780e-01
9.999999999999993339e-01
1.000000000000000000e+00
9.999999999999997780e-01
1.000000000000000000e+00
9.999999999999997780e-01
1.000000000000000000e+00
1.000000000000000000e+00
1.000000000000000000e+00
1.000000000000000000e+00
9.999999999999997780e-01
9.999999999999997780e-01
9.128372780824018928e-01
6.755737560672830933e-01
6.755737560672830933e-01
9.073188869604468243e-01
9.496028569092863636e-01
8.054285708016158951e-01
5.591241225591184749e-01
2.671623355381185783e-01
8.167817592696899331e-02
4.926937949614249371e-03
1.058381324247893861e-16
0.000000000000000000e+00
1.058381324247893861e-16
1.058381324247893861e-16
1.058381324247893861e-16
0.000000000000000000e+00
1.058381324247893861e-16
0.000000000000000000e+00
0.000000000000000000e+00
1.058381324247893861e-16
1.058381324247893861e-16
1.058381324247893861e-16
0.000000000000000000e+00
0.000000000000000000e+00
4.926937949614249371e-03
8.167817592696904883e-02
2.671623355381186893e-01
5.591241225591184749e-01
8.054285708016158951e-01
9.496028569092860305e-01
9.950730620503857038e-01
9.999999999999997780e-01
9.999999999999997780e-01
1.000000000000000000e+00
1.000000000000000000e+00
9.999999999999997780e-01
1.000000000000000000e+00
1.000000000000000000e+00
9.999999999999997780e-01
1.000000000000000000e+00
1.000000000000000000e+00
1.000000000000000000e+00
9.999999999999997780e-01
9.999999999999995559e-01
1.000000000000000000e+00
1.000000000000000000e+00
1.000000000000000000e+00
9.999999999999997780e-01
1.000000000000000000e+00
9.999999999999997780e-01
9.999999999999997780e-01
9.999999999999995559e-01
9.999999999999993339e-01
1.000000000000000000e+00
1.000000000000000000e+00
1.000000000000000000e+00
9.999999999999997780e-01
1.000000000000000000e+00
1.000000000000000000e+00
9.999999999999997780e-01
1.000000000000000000e+00
9.128372780824018928e-01
6.755737560672830933e-01
6.690235620980996556e-01
8.567275591777748778e-01
8.322033803543131825e-01
6.211276864697501399e-01
3.427429192515112355e-01
1.336348908933286672e-01
2.730562661425117374e-02
1.058381324247893861e-16
0.000000000000000000e+00
0.000000000000000000e+00
1.058381324247893861e-16
1.058381324247893861e-16
1.058381324247893861e-16
0.000000000000000000e+00
1.058381324247893861e-16
0.000000000000000000e+00
0.000000000000000000e+00
1.058381324247893861e-16
1.058381324247893861e-16
1.058381324247893861e-16
0.000000000000000000e+00
0.000000000000000000e+00
0.000000000000000000e+00
2.730562661425117374e-02
1.336348908933290003e-01
3.427429192515113465e-01
6.211276864697501399e-01
8.322033803543131825e-01
9.496028569092859195e-01
9.950730620503857038e-01
9.999999999999997780e-01
1.000000000000000000e+00
1.000000000000000000e+00
9.999999999999997780e-01
9.999999999999997780e-01
9.999999999999997780e-01
1.000000000000000000e+00
9.999999999999993339e-01
9.999999999999997780e-01
9.999999999999997780e-01
9.999999999999997780e-01
9.999999999999993339e-01
9.999999999999997780e-01
1.000000000000000000e+00
1.000000000000000000e+00
9.999999999999997780e-01
1.000000000000000000e+00
9.999999999999997780e-01
9.999999999999995559e-01
9.999999999999995559e-01
9.999999999999997780e-01
9.999999999999997780e-01
9.999999999999997780e-01
9.999999999999997780e-01
1.000000000000000000e+00
9.999999999999997780e-01
9.999999999999997780e-01
9.999999999999997780e-01
1.000000000000000000e+00
9.128372780824018928e-01
6.755737560672832043e-01
6.396666262416407234e-01
7.656647816282995400e-01
6.572570807484890976e-01
3.788723135302498046e-01
1.677966196456866232e-01
5.039714309071383763e-02
4.926937949614249371e-03
1.058381324247893861e-16
0.000000000000000000e+00
0.000000000000000000e+00
1.058381324247893861e-16
1.058381324247893861e-16
1.058381324247893861e-16
0.000000000000000000e+00
1.058381324247893861e-16
0.000000000000000000e+00
0.000000000000000000e+00
1.058381324247893861e-16
1.058381324247893861e-16
1.058381324247893861e-16
1.058381324247893861e-16
0.000000000000000000e+00
1.058381324247893861e-16
4.926937949614249371e-03
5.039714309071399029e-02
1.677966196456867898e-01
3.788723135302498046e-01
6.572570807484888755e-01
8.663651091066708609e-01
9.726943733857489338e-01
9.999999999999997780e-01
1.000000000000000000e+00
9.999999999999997780e-01
9.999999999999997780e-01
1.000000000000000000e+00
1.000000000000000000e+00
1.000000000000000000e+00
9.999999999999997780e-01
1.000000000000000000e+00
1.000000000000000000e+00
1.000000000000000000e+00
9.999999999999997780e-01
1.000000000000000000e+00
1.000000000000000000e+00
9.999999999999995559e-01
1.000000000000000000e+00
9.999999999999997780e-01
1.000000000000000000e+00
1.000000000000000000e+00
9.999999999999997780e-01
9.999999999999997780e-01
1.000000000000000000e+00
1.000000000000000000e+00
1.000000000000000000e+00
1.000000000000000000e+00
1.000000000000000000e+00
1.000000000000000000e+00
9.999999999999997780e-01
9.999999999999997780e-01
9.128372780824021149e-01
6.755737560672830933e-01
5.315840483196184740e-01
5.938762040226227557e-01
4.341335858305838125e-01
1.945714291983837718e-01
5.039714309071367804e-02
4.926937949614143553e-03
0.000000000000000000e+00
0.000000000000000000e+00
0.000000000000000000e+00
0.000000000000000000e+00
0.000000000000000000e+00
1.058381324247893861e-16
0.000000000000000000e+00
0.000000000000000000e+00
1.058381324247893861e-16
0.000000000000000000e+00
0.000000000000000000e+00
1.058381324247893861e-16
1.058381324247893861e-16
0.000000000000000000e+00
0.000000000000000000e+00
0.000000000000000000e+00
0.000000000000000000e+00
0.000000000000000000e+00
4.926937949614249371e-03
5.039714309071394172e-02
1.945714291983839939e-01
4.341335858305837569e-01
6.978049832175756695e-01
8.545363882412029266e-01
9.128372780824018928e-01
9.128372780824020039e-01
9.128372780824020039e-01
9.128372780824018928e-01
9.128372780824021149e-01
9.128372780824018928e-01
9.128372780824020039e-01
9.128372780824017818e-01
9.128372780824018928e-01
9.128372780824021149e-01
9.128372780824020039e-01
9.128372780824018928e-01
9.128372780824020039e-01
9.128372780824018928e-01
9.128372780824021149e-01
9.128372780824017818e-01
9.128372780824021149e-01
9.128372780824018928e-01
9.128372780824018928e-01
9.128372780824021149e-01
9.128372780824018928e-01
9.128372780824021149e-01
9.128372780824018928e-01
9.128372780824020039e-01
9.128372780824020039e-01
9.128372780824017818e-01
9.128372780824018928e-01
9.128372780824018928e-01
9.128372780824020039e-01
8.222731198288654175e-01
6.008336703157814984e-01
3.609258427504621891e-01
3.838843006126781421e-01
2.390376348071434343e-01
8.167817592696888229e-02
4.926937949614249371e-03
0.000000000000000000e+00
0.000000000000000000e+00
0.000000000000000000e+00
0.000000000000000000e+00
0.000000000000000000e+00
0.000000000000000000e+00
0.000000000000000000e+00
0.000000000000000000e+00
0.000000000000000000e+00
1.058381324247893861e-16
0.000000000000000000e+00
0.000000000000000000e+00
1.058381324247893861e-16
1.058381324247893861e-16
1.058381324247893861e-16
0.000000000000000000e+00
0.000000000000000000e+00
0.000000000000000000e+00
0.000000000000000000e+00
0.000000000000000000e+00
4.926937949614355189e-03
8.167817592696893780e-02
2.390376348071433787e-01
4.597169658240036760e-01
6.075241948299262562e-01
6.755737560672830933e-01
6.755737560672830933e-01
6.755737560672829822e-01
6.755737560672830933e-01
6.755737560672832043e-01
6.755737560672830933e-01
6.755737560672829822e-01
6.755737560672829822e-01
6.755737560672826492e-01
6.755737560672826492e-01
6.755737560672830933e-01
6.755737560672826492e-01
6.755737560672826492e-01
6.755737560672826492e-01
6.755737560672826492e-01
6.755737560672832043e-01
6.755737560672830933e-01
6.755737560672826492e-01
6.755737560672829822e-01
6.755737560672826492e-01
6.755737560672826492e-01
6.755737560672826492e-01
6.755737560672830933e-01
6.755737560672832043e-01
6.755737560672830933e-01
6.755737560672832043e-01
6.755737560672830933e-01
6.755737560672830933e-01
6.755737560672830933e-01
6.008336703157816094e-01
4.296710682773866030e-01
