4.294817911463323923e-01
6.010995749549592482e-01
6.759988616744488921e-01
6.759988616744486700e-01
6.759988616744486700e-01
6.759988616744486700e-01
6.759988616744486700e-01
6.759988616744486700e-01
6.759988616744487810e-01
6.759988616744487810e-01
6.759988616744484480e-01
6.759988616744488921e-01
6.759988616744486700e-01
6.759988616744486700e-01
6.759988616744487810e-01
6.759988616744486700e-01
6.759988616744486700e-01
6.759988616744486700e-01
6.759988616744487810e-01
6.759988616744486700e-01
6.759988616744487810e-01
6.759988616744486700e-01
6.759988616744486700e-01
6.759988616744486700e-01
6.759988616744484480e-01
6.759988616744487810e-01
6.759988616744486700e-01
6.759988616744486700e-01
6.759988616744486700e-01
6.759988616744488921e-01
6.759988616744488921e-01
6.375242569189253361e-01
5.592841338699001685e-01
4.407158661300998870e-01
3.330343309010425079e-01
2.361544389642736830e-01
1.591245414648882195e-01
8.131920148521280811e-02
2.716014188862700407e-02
4.898645036471855133e-03
0.000000000000000000e+00
0.000000000000000000e+00
0.000000000000000000e+00
0.000000000000000000e+00
0.000000000000000000e+00
0.000000000000000000e+00
0.000000000000000000e+00
0.000000000000000000e+00
0.000000000000000000e+00
0.000000000000000000e+00
0.000000000000000000e+00
4.898645036471855133e-03
2.716014188862700407e-02
8.131920148521259994e-02
1.591245414648881640e-01
2.361544389642735720e-01
3.330343309010425079e-01
4.407158661300998870e-01
5.592841338699000575e-01
5.618259936125457044e-01
4.294817911463320592e-01
6.010995749549591372e-01
8.228024345024789188e-01
9.132126354867458051e-01
9.132126354867458051e-01
9.132126354867455831e-01
9.132126354867458051e-01
9.132126354867456941e-01
9.132126354867455831e-01
9.132126354867458051e-01
9.132126354867455831e-01
9.132126354867454721e-01
9.132126354867458051e-01
9.132126354867455831e-01
9.132126354867456941e-01
9.132126354867455831e-01
9.132126354867455831e-01
9.132126354867456941e-01
9.132126354867458051e-01
9.132126354867456941e-01
9.132126354867455831e-01
9.132126354867454721e-01
9.132126354867458051e-01
9.132126354867455831e-01
9.132126354867456941e-01
9.132126354867455831e-01
9.132126354867455831e-01
9.132126354867456941e-01
9.132126354867456941e-01
9.132126354867458051e-01
9.132126354867458051e-01
9.132126354867458051e-01
8.884486374266571396e-01
8.349578839283412490e-01
7.638455610357263170e-01
6.669656690989576031e-01
5.592841338699001685e-01
4.039493844471615525e-01
2.385086850864508723e-01
1.001309338574326996e-01
2.716014188862689999e-02
0.000000000000000000e+00
0.000000000000000000e+00
0.000000000000000000e+00
0.000000000000000000e+00
0.000000000000000000e+00
0.000000000000000000e+00
0.000000000000000000e+00
0.000000000000000000e+00
0.000000000000000000e+00
0.000000000000000000e+00
0.000000000000000000e+00
2.716014188862700407e-02
1.001309338574325469e-01
2.385086850864508168e-01
4.039493844471615525e-01
5.592841338699000575e-01
6.669656690989577141e-01
7.638455610357263170e-01
8.349578839283412490e-01
7.958274859951784963e-01
6.010995749549590261e-01
6.759988616744486700e-01
9.132126354867455831e-01
1.000000000000000000e+00
1.000000000000000000e+00
9.999999999999995559e-01
1.000000000000000000e+00
1.000000000000000000e+00
9.999999999999995559e-01
9.999999999999995559e-01
1.000000000000000000e+00
9.999999999999995559e-01
1.000000000000000000e+00
1.000000000000000000e+00
1.000000000000000000e+00
1.000000000000000000e+00
1.000000000000000000e+00
1.000000000000000000e+00
9.999999999999995559e-01
1.000000000000000000e+00
1.000000000000000000e+00
9.999999999999995559e-01
9.999999999999995559e-01
9.999999999999995559e-01
1.000000000000000000e+00
1.000000000000000000e+00
9.999999999999995559e-01
1.000000000000000000e+00
1.000000000000000000e+00
1.000000000000000000e+00
1.000000000000000000e+00
1.000000000000000000e+00
9.951013549635281397e-01
9.728398581113731902e-01
9.426015737443930176e-01
8.940690504605560696e-01
8.290099454583800265e-01
6.626053823576043555e-01
4.201988643622371900e-01
1.754815355473810512e-01
5.212299074160903906e-02
0.000000000000000000e+00
0.000000000000000000e+00
0.000000000000000000e+00
0.000000000000000000e+00
0.000000000000000000e+00
0.000000000000000000e+00
0.000000000000000000e+00
0.000000000000000000e+00
0.000000000000000000e+00
0.000000000000000000e+00
0.000000000000000000e+00
5.212299074160914314e-02
1.754815355473809402e-01
4.201988643622371900e-01
6.626053823576043555e-01
8.290099454583799155e-01
8.940690504605559585e-01
9.426015737443930176e-01
9.728398581113729682e-01
9.077098387887959641e-01
6.759988616744486700e-01
6.759988616744488921e-01
9.132126354867458051e-01
1.000000000000000000e+00
1.000000000000000000e+00
9.999999999999995559e-01
1.000000000000000000e+00
9.999999999999995559e-01
9.999999999999995559e-01
1.000000000000000000e+00
1.000000000000000000e+00
1.000000000000000000e+00
9.999999999999995559e-01
1.000000000000000000e+00
9.999999999999995559e-01
1.000000000000000000e+00
1.000000000000000000e+00
1.000000000000000000e+00
1.000000000000000000e+00
9.999999999999995559e-01
1.000000000000000000e+00
1.000000000000000000e+00
1.000000000000000000e+00
9.999999999999995559e-01
1.000000000000000000e+00
1.000000000000000000e+00
9.999999999999995559e-01
1.000000000000000000e+00
9.999999999999995559e-01
1.000000000000000000e+00
1.000000000000000000e+00
1.000000000000000000e+00
1.000000000000000000e+00
1.000000000000000000e+00
1.000000000000000000e+00
9.901655113611378400e-01
9.207273032623599640e-01
7.357383998484594567e-01
4.593475287994283618e-01
1.963204036530439012e-01
5.212299074160903906e-02
0.000000000000000000e+00
0.000000000000000000e+00
0.000000000000000000e+00
0.000000000000000000e+00
0.000000000000000000e+00
0.000000000000000000e+00
0.000000000000000000e+00
0.000000000000000000e+00
0.000000000000000000e+00
0.000000000000000000e+00
0.000000000000000000e+00
5.212299074160914314e-02
1.963204036530436236e-01
4.593475287994281397e-01
7.357383998484594567e-01
9.207273032623598530e-01
9.901655113611378400e-01
1.000000000000000000e+00
1.000000000000000000e+00
9.132126354867458051e-01
6.759988616744486700e-01
6.759988616744488921e-01
9.132126354867458051e-01
9.999999999999995559e-01
9.999999999999995559e-01
9.999999999999995559e-01
1.000000000000000000e+00
9.999999999999995559e-01
9.999999999999995559e-01
9.999999999999995559e-01
1.000000000000000000e+00
9.999999999999995559e-01
1.000000000000000000e+00
1.000000000000000000e+00
1.000000000000000000e+00
9.999999999999995559e-01
1.000000000000000000e+00
1.000000000000000000e+00
1.000000000000000000e+00
1.000000000000000000e+00
1.000000000000000000e+00
9.999999999999995559e-01
1.000000000000000000e+00
1.000000000000000000e+00
1.000000000000000000e+00
9.999999999999995559e-01
9.999999999999995559e-01
9.999999999999995559e-01
9.999999999999995559e-01
9.999999999999995559e-01
1.000000000000000000e+00
1.000000000000000000e+00
9.999999999999995559e-01
1.000000000000000000e+00
9.951013549635281397e-01
9.498507770578380471e-01
8.327255651609649645e-01
6.214414269834620530e-01
3.423521160023821341e-01
1.331546077835592257e-01
2.716014188862679590e-02
0.000000000000000000e+00
0.000000000000000000e+00
0.000000000000000000e+00
0.000000000000000000e+00
0.000000000000000000e+00
0.000000000000000000e+00
0.000000000000000000e+00
0.000000000000000000e+00
0.000000000000000000e+00
0.000000000000000000e+00
0.000000000000000000e+00
2.716014188862700407e-02
1.331546077835591424e-01
3.423521160023819676e-01
6.214414269834618310e-01
8.327255651609649645e-01
9.498507770578382692e-01
9.951013549635281397e-01
1.000000000000000000e+00
9.132126354867458051e-01
6.759988616744484480e-01
6.759988616744487810e-01
9.132126354867456941e-01
1.000000000000000000e+00
9.999999999999995559e-01
9.999999999999995559e-01
1.000000000000000000e+00
1.000000000000000000e+00
1.000000000000000000e+00
1.000000000000000000e+00
9.999999999999995559e-01
9.999999999999995559e-01
1.000000000000000000e+00
1.000000000000000000e+00
1.000000000000000000e+00
1.000000000000000000e+00
1.000000000000000000e+00
1.000000000000000000e+00
1.000000000000000000e+00
1.000000000000000000e+00
1.000000000000000000e+00
1.000000000000000000e+00
1.000000000000000000e+00
1.000000000000000000e+00
1.000000000000000000e+00
1.000000000000000000e+00
9.999999999999995559e-01
9.999999999999995559e-01
9.999999999999995559e-01
9.999999999999995559e-01
1.000000000000000000e+00
1.000000000000000000e+00
1.000000000000000000e+00
1.000000000000000000e+00
9.779033611393942449e-01
8.921753777279125552e-01
6.958257726748394711e-01
4.084025420150423358e-01
1.732336875730357550e-01
5.014922294216166837e-02
4.898645036471751049e-03
0.000000000000000000e+00
0.000000000000000000e+00
0.000000000000000000e+00
0.000000000000000000e+00
0.000000000000000000e+00
0.000000000000000000e+00
0.000000000000000000e+00
0.000000000000000000e+00
0.000000000000000000e+00
0.000000000000000000e+00
0.000000000000000000e+00
4.898645036471855133e-03
5.014922294216156429e-02
1.732336875730355330e-01
4.084025420150423358e-01
6.958257726748392491e-01
8.921753777279128883e-01
9.779033611393942449e-01
9.999999999999995559e-01
9.132126354867455831e-01
6.759988616744486700e-01
6.759988616744486700e-01
9.132126354867456941e-01
1.000000000000000000e+00
9.999999999999995559e-01
9.999999999999995559e-01
1.000000000000000000e+00
1.000000000000000000e+00
9.999999999999995559e-01
1.000000000000000000e+00
1.000000000000000000e+00
1.000000000000000000e+00
1.000000000000000000e+00
1.000000000000000000e+00
1.000000000000000000e+00
9.999999999999995559e-01
9.999999999999995559e-01
1.000000000000000000e+00
1.000000000000000000e+00
1.000000000000000000e+00
1.000000000000000000e+00
9.999999999999995559e-01
9.999999999999995559e-01
9.999999999999995559e-01
1.000000000000000000e+00
9.999999999999995559e-01
9.999999999999995559e-01
1.000000000000000000e+00
9.999999999999995559e-01
9.999999999999995559e-01
1.000000000000000000e+00
1.000000000000000000e+00
1.000000000000000000e+00
1.000000000000000000e+00
9.709269602289033463e-01
8.586647660465147602e-01
6.258617568633563222e-01
3.533456640881145749e-01
1.369783466187703136e-01
3.226036022061113534e-02
4.898645036471646098e-03
0.000000000000000000e+00
0.000000000000000000e+00
0.000000000000000000e+00
0.000000000000000000e+00
0.000000000000000000e+00
0.000000000000000000e+00
0.000000000000000000e+00
0.000000000000000000e+00
0.000000000000000000e+00
0.000000000000000000e+00
0.000000000000000000e+00
4.898645036471855133e-03
3.226036022061107983e-02
1.369783466187700915e-01
3.533456640881144084e-01
6.258617568633563222e-01
8.586647660465149823e-01
9.709269602289033463e-01
9.999999999999995559e-01
9.132126354867458051e-01
6.759988616744486700e-01
6.759988616744487810e-01
9.132126354867458051e-01
1.000000000000000000e+00
1.000000000000000000e+00
1.000000000000000000e+00
1.000000000000000000e+00
1.000000000000000000e+00
1.000000000000000000e+00
1.000000000000000000e+00
1.000000000000000000e+00
9.999999999999995559e-01
1.000000000000000000e+00
9.999999999999995559e-01
9.999999999999995559e-01
9.999999999999995559e-01
9.999999999999995559e-01
9.999999999999995559e-01
1.000000000000000000e+00
1.000000000000000000e+00
1.000000000000000000e+00
9.999999999999995559e-01
1.000000000000000000e+00
1.000000000000000000e+00
1.000000000000000000e+00
9.999999999999995559e-01
1.000000000000000000e+00
1.000000000000000000e+00
9.999999999999995559e-01
9.999999999999995559e-01
1.000000000000000000e+00
1.000000000000000000e+00
1.000000000000000000e+00
1.000000000000000000e+00
9.779033611393940228e-01
8.921753777279128883e-01
7.245526893320278772e-01
4.776642994267514819e-01
2.730412872093592735e-01
1.331546077835591424e-01
5.014922294216146020e-02
4.898645036471646098e-03
0.000000000000000000e+00
0.000000000000000000e+00
0.000000000000000000e+00
0.000000000000000000e+00
0.000000000000000000e+00
0.000000000000000000e+00
0.000000000000000000e+00
0.000000000000000000e+00
0.000000000000000000e+00
4.898645036471646098e-03
5.014922294216156429e-02
1.331546077835591424e-01
2.730412872093591625e-01
4.776642994267514819e-01
7.245526893320276551e-01
8.921753777279128883e-01
9.779033611393940228e-01
1.000000000000000000e+00
9.132126354867455831e-01
6.759988616744486700e-01
6.759988616744487810e-01
9.132126354867460272e-01
1.000000000000000000e+00
1.000000000000000000e+00
9.999999999999995559e-01
1.000000000000000000e+00
1.000000000000000000e+00
9.999999999999995559e-01
9.999999999999995559e-01
9.999999999999995559e-01
9.999999999999995559e-01
9.999999999999995559e-01
1.000000000000000000e+00
1.000000000000000000e+00
9.999999999999995559e-01
9.999999999999995559e-01
1.000000000000000000e+00
1.000000000000000000e+00
9.999999999999995559e-01
9.999999999999995559e-01
9.999999999999995559e-01
9.999999999999995559e-01
9.999999999999995559e-01
1.000000000000000000e+00
1.000000000000000000e+00
9.999999999999995559e-01
1.000000000000000000e+00
9.999999999999995559e-01
1.000000000000000000e+00
1.000000000000000000e+00
1.000000000000000000e+00
1.000000000000000000e+00
1.000000000000000000e+00
9.951013549635285838e-01
9.498507770578382692e-01
8.668453922164407466e-01
7.333439900891989272e-01
5.592841338698998355e-01
3.423521160023822452e-01
1.672744348390350910e-01
5.014922294216156429e-02
4.898645036471541148e-03
0.000000000000000000e+00
0.000000000000000000e+00
0.000000000000000000e+00
0.000000000000000000e+00
0.000000000000000000e+00
0.000000000000000000e+00
0.000000000000000000e+00
4.898645036471751049e-03
5.014922294216146020e-02
1.672744348390350910e-01
3.423521160023820231e-01
5.592841338698997244e-01
7.333439900891991492e-01
8.668453922164407466e-01
9.498507770578382692e-01
9.951013549635285838e-01
9.999999999999995559e-01
9.132126354867455831e-01
6.759988616744488921e-01
6.759988616744487810e-01
9.132126354867460272e-01
1.000000000000000000e+00
1.000000000000000000e+00
9.999999999999995559e-01
1.000000000000000000e+00
9.999999999999995559e-01
1.000000000000000000e+00
1.000000000000000000e+00
1.000000000000000000e+00
1.000000000000000000e+00
1.000000000000000000e+00
9.999999999999995559e-01
1.000000000000000000e+00
1.000000000000000000e+00
1.000000000000000000e+00
1.000000000000000000e+00
1.000000000000000000e+00
1.000000000000000000e+00
9.999999999999995559e-01
9.999999999999995559e-01
1.000000000000000000e+00
1.000000000000000000e+00
9.999999999999995559e-01
1.000000000000000000e+00
9.999999999999995559e-01
1.000000000000000000e+00
1.000000000000000000e+00
9.999999999999995559e-01
1.000000000000000000e+00
1.000000000000000000e+00
9.999999999999995559e-01
1.000000000000000000e+00
1.000000000000000000e+00
9.951013549635281397e-01
9.728398581113731902e-01
9.186807985147870115e-01
8.059651414450504925e-01
6.214414269834622750e-01
3.718875584247134936e-01
1.672744348390349800e-01
5.014922294216146020e-02
4.898645036471646098e-03
0.000000000000000000e+00
0.000000000000000000e+00
0.000000000000000000e+00
0.000000000000000000e+00
0.000000000000000000e+00
4.898645036471541148e-03
5.014922294216166837e-02
1.672744348390349800e-01
3.718875584247136601e-01
6.214414269834622750e-01
8.059651414450501594e-01
9.186807985147872335e-01
9.728398581113731902e-01
9.951013549635281397e-01
1.000000000000000000e+00
1.000000000000000000e+00
9.132126354867459161e-01
6.759988616744482259e-01
6.759988616744487810e-01
9.132126354867459161e-01
1.000000000000000000e+00
1.000000000000000000e+00
1.000000000000000000e+00
1.000000000000000000e+00
1.000000000000000000e+00
1.000000000000000000e+00
1.000000000000000000e+00
9.999999999999995559e-01
9.999999999999995559e-01
9.999999999999995559e-01
1.000000000000000000e+00
1.000000000000000000e+00
1.000000000000000000e+00
1.000000000000000000e+00
1.000000000000000000e+00
1.000000000000000000e+00
9.999999999999995559e-01
1.000000000000000000e+00
9.999999999999995559e-01
1.000000000000000000e+00
1.000000000000000000e+00
1.000000000000000000e+00
9.999999999999995559e-01
1.000000000000000000e+00
1.000000000000000000e+00
9.999999999999995559e-01
1.000000000000000000e+00
1.000000000000000000e+00
1.000000000000000000e+00
1.000000000000000000e+00
1.000000000000000000e+00
9.999999999999995559e-01
1.000000000000000000e+00
1.000000000000000000e+00
9.951013549635281397e-01
9.498507770578382692e-01
8.327255651609649645e-01
6.281124415752862289e-01
3.718875584247136601e-01
1.672744348390348690e-01
5.014922294216146020e-02
4.898645036471646098e-03
0.000000000000000000e+00
0.000000000000000000e+00
0.000000000000000000e+00
4.898645036471646098e-03
5.014922294216130061e-02
1.672744348390349800e-01
3.718875584247134936e-01
6.281124415752862289e-01
8.327255651609648535e-01
9.498507770578382692e-01
9.951013549635281397e-01
1.000000000000000000e+00
1.000000000000000000e+00
9.999999999999995559e-01
1.000000000000000000e+00
9.132126354867458051e-01
6.759988616744486700e-01
6.759988616744488921e-01
9.132126354867458051e-01
1.000000000000000000e+00
1.000000000000000000e+00
9.999999999999995559e-01
1.000000000000000000e+00
1.000000000000000000e+00
1.000000000000000000e+00
1.000000000000000000e+00
1.000000000000000000e+00
9.999999999999995559e-01
1.000000000000000000e+00
1.000000000000000000e+00
1.000000000000000000e+00
1.000000000000000000e+00
1.000000000000000000e+00
1.000000000000000000e+00
1.000000000000000000e+00
1.000000000000000000e+00
9.999999999999995559e-01
9.999999999999995559e-01
1.000000000000000000e+00
1.000000000000000000e+00
1.000000000000000000e+00
1.000000000000000000e+00
9.999999999999995559e-01
1.000000000000000000e+00
9.999999999999995559e-01
9.999999999999995559e-01
1.000000000000000000e+00
1.000000000000000000e+00
1.000000000000000000e+00
1.000000000000000000e+00
1.000000000000000000e+00
1.000000000000000000e+00
1.000000000000000000e+00
9.999999999999995559e-01
9.951013549635285838e-01
9.498507770578382692e-01
8.327255651609650755e-01
6.214414269834621640e-01
3.423521160023821341e-01
1.331546077835592257e-01
2.716014188862679590e-02
0.000000000000000000e+00
0.000000000000000000e+00
0.000000000000000000e+00
2.716014188862679590e-02
1.331546077835590314e-01
3.423521160023821341e-01
6.214414269834622750e-01
8.327255651609650755e-01
9.498507770578382692e-01
9.951013549635285838e-01
9.999999999999995559e-01
1.000000000000000000e+00
1.000000000000000000e+00
1.000000000000000000e+00
1.000000000000000000e+00
9.132126354867458051e-01
6.759988616744482259e-01
6.759988616744487810e-01
9.132126354867455831e-01
1.000000000000000000e+00
1.000000000000000000e+00
1.000000000000000000e+00
1.000000000000000000e+00
9.999999999999995559e-01
1.000000000000000000e+00
9.999999999999995559e-01
1.000000000000000000e+00
1.000000000000000000e+00
1.000000000000000000e+00
1.000000000000000000e+00
1.000000000000000000e+00
9.999999999999995559e-01
9.999999999999995559e-01
1.000000000000000000e+00
1.000000000000000000e+00
1.000000000000000000e+00
1.000000000000000000e+00
1.000000000000000000e+00
1.000000000000000000e+00
1.000000000000000000e+00
1.000000000000000000e+00
1.000000000000000000e+00
1.000000000000000000e+00
1.000000000000000000e+00
9.999999999999995559e-01
1.000000000000000000e+00
1.000000000000000000e+00
1.000000000000000000e+00
1.000000000000000000e+00
1.000000000000000000e+00
1.000000000000000000e+00
1.000000000000000000e+00
1.000000000000000000e+00
1.000000000000000000e+00
1.000000000000000000e+00
9.951013549635283617e-01
9.498507770578382692e-01
8.059651414450501594e-01
5.592841338698998355e-01
2.666560099108007953e-01
8.131920148521271097e-02
4.898645036471646098e-03
0.000000000000000000e+00
4.898645036471541148e-03
8.131920148521271097e-02
2.666560099108006288e-01
5.592841338698998355e-01
8.059651414450503815e-01
9.498507770578382692e-01
9.951013549635281397e-01
1.000000000000000000e+00
9.999999999999995559e-01
9.999999999999995559e-01
1.000000000000000000e+00
1.000000000000000000e+00
9.999999999999995559e-01
9.132126354867456941e-01
6.759988616744488921e-01
6.759988616744486700e-01
9.132126354867458051e-01
1.000000000000000000e+00
1.000000000000000000e+00
1.000000000000000000e+00
9.999999999999995559e-01
1.000000000000000000e+00
1.000000000000000000e+00
1.000000000000000000e+00
1.000000000000000000e+00
9.999999999999995559e-01
1.000000000000000000e+00
1.000000000000000000e+00
1.000000000000000000e+00
1.000000000000000000e+00
1.000000000000000000e+00
9.999999999999995559e-01
1.000000000000000000e+00
1.000000000000000000e+00
1.000000000000000000e+00
1.000000000000000000e+00
1.000000000000000000e+00
9.999999999999995559e-01
1.000000000000000000e+00
1.000000000000000000e+00
1.000000000000000000e+00
1.000000000000000000e+00
1.000000000000000000e+00
1.000000000000000000e+00
1.000000000000000000e+00
1.000000000000000000e+00
9.999999999999995559e-01
1.000000000000000000e+00
1.000000000000000000e+00
1.000000000000000000e+00
1.000000000000000000e+00
1.000000000000000000e+00
1.000000000000000000e+00
1.000000000000000000e+00
9.951013549635281397e-01
9.186807985147870115e-01
7.269587127906405044e-01
4.106737117452474717e-01
1.591245414648883028e-01
2.716014188862679590e-02
0.000000000000000000e+00
2.716014188862669182e-02
1.591245414648883028e-01
4.106737117452473051e-01
7.269587127906403934e-01
9.186807985147872335e-01
9.951013549635281397e-01
1.000000000000000000e+00
9.999999999999995559e-01
9.999999999999995559e-01
9.999999999999995559e-01
1.000000000000000000e+00
9.999999999999995559e-01
1.000000000000000000e+00
9.132126354867458051e-01
6.759988616744482259e-01
6.759988616744488921e-01
9.132126354867458051e-01
9.999999999999995559e-01
1.000000000000000000e+00
9.999999999999995559e-01
9.999999999999995559e-01
9.999999999999995559e-01
9.999999999999995559e-01
9.999999999999995559e-01
1.000000000000000000e+00
9.999999999999995559e-01
1.000000000000000000e+00
9.999999999999995559e-01
9.999999999999995559e-01
9.999999999999995559e-01
9.999999999999995559e-01
9.999999999999995559e-01
9.999999999999995559e-01
1.000000000000000000e+00
1.000000000000000000e+00
9.999999999999995559e-01
9.999999999999995559e-01
9.999999999999995559e-01
1.000000000000000000e+00
1.000000000000000000e+00
9.999999999999995559e-01
1.000000000000000000e+00
9.999999999999995559e-01
9.999999999999995559e-01
1.000000000000000000e+00
1.000000000000000000e+00
1.000000000000000000e+00
1.000000000000000000e+00
1.000000000000000000e+00
1.000000000000000000e+00
1.000000000000000000e+00
1.000000000000000000e+00
1.000000000000000000e+00
1.000000000000000000e+00
1.000000000000000000e+00
9.677396397793888161e-01
8.082466734877785663e-01
5.197845836490995186e-01
2.085471542074112949e-01
5.212299074160899048e-02
0.000000000000000000e+00
5.212299074160887946e-02
2.085471542074112949e-01
5.197845836490995186e-01
8.082466734877785663e-01
9.677396397793888161e-01
9.999999999999995559e-01
1.000000000000000000e+00
9.999999999999995559e-01
1.000000000000000000e+00
9.999999999999995559e-01
1.000000000000000000e+00
1.000000000000000000e+00
1.000000000000000000e+00
9.132126354867458051e-01
6.759988616744486700e-01
6.759988616744482259e-01
9.132126354867456941e-01
9.999999999999995559e-01
1.000000000000000000e+00
9.999999999999995559e-01
9.999999999999995559e-01
9.999999999999995559e-01
1.000000000000000000e+00
9.999999999999995559e-01
1.000000000000000000e+00
9.999999999999995559e-01
1.000000000000000000e+00
1.000000000000000000e+00
1.000000000000000000e+00
1.000000000000000000e+00
1.000000000000000000e+00
9.999999999999995559e-01
1.000000000000000000e+00
9.999999999999995559e-01
1.000000000000000000e+00
1.000000000000000000e+00
9.999999999999995559e-01
1.000000000000000000e+00
1.000000000000000000e+00
1.000000000000000000e+00
1.000000000000000000e+00
1.000000000000000000e+00
9.999999999999995559e-01
1.000000000000000000e+00
1.000000000000000000e+00
1.000000000000000000e+00
1.000000000000000000e+00
1.000000000000000000e+00
1.000000000000000000e+00
1.000000000000000000e+00
1.000000000000000000e+00
1.000000000000000000e+00
1.000000000000000000e+00
1.000000000000000000e+00
1.000000000000000000e+00
9.677396397793888161e-01
8.082466734877785663e-01
5.197845836490996296e-01
2.085471542074112949e-01
5.212299074160899048e-02
0.000000000000000000e+00
5.212299074160887946e-02
2.085471542074112949e-01
5.197845836490995186e-01
8.082466734877785663e-01
9.677396397793888161e-01
9.999999999999995559e-01
1.000000000000000000e+00
9.999999999999995559e-01
1.000000000000000000e+00
9.999999999999995559e-01
1.000000000000000000e+00
1.000000000000000000e+00
1.000000000000000000e+00
9.132126354867458051e-01
6.759988616744486700e-01
6.759988616744482259e-01
9.132126354867455831e-01
1.000000000000000000e+00
1.000000000000000000e+00
9.999999999999995559e-01
1.000000000000000000e+00
9.999999999999995559e-01
1.000000000000000000e+00
9.999999999999995559e-01
1.000000000000000000e+00
9.999999999999993339e-01
9.999999999999995559e-01
1.000000000000000000e+00
1.000000000000000000e+00
9.999999999999995559e-01
1.000000000000000000e+00
1.000000000000000000e+00
1.000000000000000000e+00
1.000000000000000000e+00
1.000000000000000000e+00
9.999999999999995559e-01
9.999999999999995559e-01
1.000000000000000000e+00
1.000000000000000000e+00
1.000000000000000000e+00
9.999999999999995559e-01
9.999999999999995559e-01
9.999999999999995559e-01
9.999999999999995559e-01
1.000000000000000000e+00
1.000000000000000000e+00
9.999999999999995559e-01
1.000000000000000000e+00
1.000000000000000000e+00
9.999999999999995559e-01
1.000000000000000000e+00
1.000000000000000000e+00
9.999999999999995559e-01
1.000000000000000000e+00
9.951013549635281397e-01
9.186807985147872335e-01
7.269587127906403934e-01
4.106737117452475827e-01
1.591245414648883028e-01
2.716014188862679590e-02
0.000000000000000000e+00
2.716014188862669182e-02
1.591245414648883028e-01
4.106737117452473607e-01
7.269587127906402824e-01
9.186807985147872335e-01
9.951013549635281397e-01
1.000000000000000000e+00
9.999999999999995559e-01
9.999999999999995559e-01
9.999999999999995559e-01
1.000000000000000000e+00
1.000000000000000000e+00
9.999999999999995559e-01
9.132126354867455831e-01
6.759988616744482259e-01
6.759988616744488921e-01
9.132126354867458051e-01
9.999999999999995559e-01
1.000000000000000000e+00
9.999999999999995559e-01
1.000000000000000000e+00
9.999999999999995559e-01
1.000000000000000000e+00
1.000000000000000000e+00
9.999999999999995559e-01
9.999999999999995559e-01
1.000000000000000000e+00
1.000000000000000000e+00
1.000000000000000000e+00
9.999999999999995559e-01
1.000000000000000000e+00
1.000000000000000000e+00
1.000000000000000000e+00
1.000000000000000000e+00
1.000000000000000000e+00
9.999999999999995559e-01
1.000000000000000000e+00
1.000000000000000000e+00
1.000000000000000000e+00
1.000000000000000000e+00
1.000000000000000000e+00
1.000000000000000000e+00
9.999999999999995559e-01
1.000000000000000000e+00
1.000000000000000000e+00
1.000000000000000000e+00
9.999999999999995559e-01
1.000000000000000000e+00
1.000000000000000000e+00
1.000000000000000000e+00
1.000000000000000000e+00
1.000000000000000000e+00
1.000000000000000000e+00
9.951013549635281397e-01
9.498507770578382692e-01
8.059651414450501594e-01
5.592841338698998355e-01
2.666560099108007398e-01
8.131920148521275260e-02
4.898645036471646098e-03
0.000000000000000000e+00
4.898645036471541148e-03
8.131920148521271097e-02
2.666560099108007398e-01
5.592841338698998355e-01
8.059651414450501594e-01
9.498507770578382692e-01
9.951013549635281397e-01
9.999999999999995559e-01
1.000000000000000000e+00
1.000000000000000000e+00
1.000000000000000000e+00
9.999999999999995559e-01
9.999999999999995559e-01
9.132126354867459161e-01
6.759988616744484480e-01
6.759988616744488921e-01
9.132126354867455831e-01
1.000000000000000000e+00
1.000000000000000000e+00
1.000000000000000000e+00
1.000000000000000000e+00
9.999999999999995559e-01
1.000000000000000000e+00
9.999999999999995559e-01
1.000000000000000000e+00
1.000000000000000000e+00
1.000000000000000000e+00
9.999999999999995559e-01
1.000000000000000000e+00
9.999999999999995559e-01
9.999999999999995559e-01
1.000000000000000000e+00
1.000000000000000000e+00
1.000000000000000000e+00
1.000000000000000000e+00
1.000000000000000000e+00
1.000000000000000000e+00
1.000000000000000000e+00
9.999999999999995559e-01
1.000000000000000000e+00
9.999999999999995559e-01
1.000000000000000000e+00
9.999999999999995559e-01
1.000000000000000000e+00
1.000000000000000000e+00
1.000000000000000000e+00
1.000000000000000000e+00
1.000000000000000000e+00
1.000000000000000000e+00
1.000000000000000000e+00
1.000000000000000000e+00
9.999999999999995559e-01
9.951013549635281397e-01
9.498507770578384912e-01
8.327255651609650755e-01
6.214414269834620530e-01
3.423521160023820231e-01
1.331546077835591424e-01
2.716014188862689999e-02
0.000000000000000000e+00
0.000000000000000000e+00
0.000000000000000000e+00
2.716014188862689999e-02
1.331546077835590314e-01
3.423521160023821341e-01
6.214414269834620530e-01
8.327255651609648535e-01
9.498507770578382692e-01
9.951013549635279176e-01
9.999999999999995559e-01
9.999999999999995559e-01
1.000000000000000000e+00
9.999999999999995559e-01
9.999999999999995559e-01
9.132126354867456941e-01
6.759988616744482259e-01
6.759988616744487810e-01
9.132126354867456941e-01
1.000000000000000000e+00
1.000000000000000000e+00
9.999999999999995559e-01
1.000000000000000000e+00
1.000000000000000000e+00
9.999999999999995559e-01
1.000000000000000000e+00
9.999999999999995559e-01
9.999999999999995559e-01
1.000000000000000000e+00
1.000000000000000000e+00
1.000000000000000000e+00
9.999999999999995559e-01
9.999999999999995559e-01
1.000000000000000000e+00
1.000000000000000000e+00
9.999999999999995559e-01
9.999999999999995559e-01
9.999999999999995559e-01
1.000000000000000000e+00
9.999999999999995559e-01
1.000000000000000000e+00
1.000000000000000000e+00
1.000000000000000000e+00
1.000000000000000000e+00
1.000000000000000000e+00
9.999999999999995559e-01
1.000000000000000000e+00
1.000000000000000000e+00
1.000000000000000000e+00
1.000000000000000000e+00
1.000000000000000000e+00
9.999999999999995559e-01
1.000000000000000000e+00
9.951013549635279176e-01
9.498507770578382692e-01
8.327255651609648535e-01
6.281124415752862289e-01
3.718875584247134936e-01
1.672744348390349800e-01
5.014922294216146020e-02
4.898645036471751049e-03
0.000000000000000000e+00
0.000000000000000000e+00
0.000000000000000000e+00
4.898645036471646098e-03
5.014922294216140469e-02
1.672744348390348690e-01
3.718875584247136601e-01
6.281124415752862289e-01
8.327255651609648535e-01
9.498507770578380471e-01
9.951013549635279176e-01
1.000000000000000000e+00
1.000000000000000000e+00
9.999999999999995559e-01
9.999999999999995559e-01
9.132126354867458051e-01
6.759988616744486700e-01
6.759988616744487810e-01
9.132126354867455831e-01
1.000000000000000000e+00
9.999999999999995559e-01
1.000000000000000000e+00
1.000000000000000000e+00
1.000000000000000000e+00
1.000000000000000000e+00
9.999999999999995559e-01
9.999999999999995559e-01
9.999999999999995559e-01
1.000000000000000000e+00
9.999999999999995559e-01
1.000000000000000000e+00
9.999999999999995559e-01
9.999999999999995559e-01
1.000000000000000000e+00
1.000000000000000000e+00
9.999999999999995559e-01
1.000000000000000000e+00
9.999999999999995559e-01
9.999999999999995559e-01
1.000000000000000000e+00
9.999999999999995559e-01
1.000000000000000000e+00
1.000000000000000000e+00
9.999999999999995559e-01
9.999999999999995559e-01
1.000000000000000000e+00
1.000000000000000000e+00
1.000000000000000000e+00
1.000000000000000000e+00
1.000000000000000000e+00
1.000000000000000000e+00
9.951013549635281397e-01
9.728398581113731902e-01
9.186807985147872335e-01
8.059651414450504925e-01
6.214414269834620530e-01
3.718875584247138266e-01
1.672744348390349800e-01
5.014922294216146020e-02
4.898645036471646098e-03
0.000000000000000000e+00
0.000000000000000000e+00
0.000000000000000000e+00
0.000000000000000000e+00
0.000000000000000000e+00
4.898645036471541148e-03
5.014922294216156429e-02
1.672744348390349800e-01
3.718875584247136601e-01
6.214414269834620530e-01
8.059651414450501594e-01
9.186807985147872335e-01
9.728398581113729682e-01
9.951013549635285838e-01
9.999999999999995559e-01
1.000000000000000000e+00
9.132126354867458051e-01
6.759988616744486700e-01
6.759988616744487810e-01
9.132126354867459161e-01
1.000000000000000000e+00
1.000000000000000000e+00
9.999999999999995559e-01
1.000000000000000000e+00
9.999999999999995559e-01
1.000000000000000000e+00
9.999999999999995559e-01
9.999999999999995559e-01
1.000000000000000000e+00
1.000000000000000000e+00
9.999999999999995559e-01
9.999999999999995559e-01
9.999999999999995559e-01
9.999999999999995559e-01
1.000000000000000000e+00
1.000000000000000000e+00
9.999999999999995559e-01
9.999999999999995559e-01
9.999999999999995559e-01
9.999999999999995559e-01
1.000000000000000000e+00
9.999999999999995559e-01
1.000000000000000000e+00
1.000000000000000000e+00
9.999999999999995559e-01
9.999999999999995559e-01
1.000000000000000000e+00
9.999999999999995559e-01
1.000000000000000000e+00
1.000000000000000000e+00
1.000000000000000000e+00
9.951013549635281397e-01
9.498507770578380471e-01
8.668453922164407466e-01
7.333439900891989272e-01
5.592841338698998355e-01
3.423521160023820231e-01
1.672744348390350910e-01
5.014922294216166837e-02
4.898645036471646098e-03
0.000000000000000000e+00
0.000000000000000000e+00
0.000000000000000000e+00
0.000000000000000000e+00
0.000000000000000000e+00
0.000000000000000000e+00
0.000000000000000000e+00
4.898645036471646098e-03
5.014922294216166837e-02
1.672744348390349800e-01
3.423521160023822452e-01
5.592841338698997244e-01
7.333439900891989272e-01
8.668453922164409686e-01
9.498507770578382692e-01
9.951013549635281397e-01
9.999999999999995559e-01
9.132126354867459161e-01
6.759988616744486700e-01
6.759988616744488921e-01
9.132126354867455831e-01
1.000000000000000000e+00
9.999999999999995559e-01
9.999999999999995559e-01
1.000000000000000000e+00
1.000000000000000000e+00
1.000000000000000000e+00
1.000000000000000000e+00
1.000000000000000000e+00
1.000000000000000000e+00
1.000000000000000000e+00
1.000000000000000000e+00
1.000000000000000000e+00
9.999999999999995559e-01
9.999999999999995559e-01
1.000000000000000000e+00
1.000000000000000000e+00
1.000000000000000000e+00
1.000000000000000000e+00
1.000000000000000000e+00
9.999999999999995559e-01
1.000000000000000000e+00
1.000000000000000000e+00
9.999999999999995559e-01
1.000000000000000000e+00
1.000000000000000000e+00
9.999999999999995559e-01
9.999999999999995559e-01
1.000000000000000000e+00
1.000000000000000000e+00
1.000000000000000000e+00
1.000000000000000000e+00
9.779033611393943559e-01
8.921753777279125552e-01
7.245526893320278772e-01
4.776642994267515929e-01
2.730412872093594401e-01
1.331546077835592257e-01
5.014922294216171694e-02
4.898645036471751049e-03
0.000000000000000000e+00
0.000000000000000000e+00
0.000000000000000000e+00
0.000000000000000000e+00
0.000000000000000000e+00
0.000000000000000000e+00
0.000000000000000000e+00
0.000000000000000000e+00
0.000000000000000000e+00
4.898645036471751049e-03
5.014922294216166837e-02
1.331546077835591424e-01
2.730412872093593291e-01
4.776642994267517039e-01
7.245526893320278772e-01
8.921753777279128883e-01
9.779033611393942449e-01
1.000000000000000000e+00
9.132126354867458051e-01
6.759988616744484480e-01
6.759988616744488921e-01
9.132126354867455831e-01
1.000000000000000000e+00
1.000000000000000000e+00
1.000000000000000000e+00
1.000000000000000000e+00
1.000000000000000000e+00
1.000000000000000000e+00
9.999999999999995559e-01
1.000000000000000000e+00
1.000000000000000000e+00
1.000000000000000000e+00
1.000000000000000000e+00
1.000000000000000000e+00
1.000000000000000000e+00
1.000000000000000000e+00
1.000000000000000000e+00
1.000000000000000000e+00
1.000000000000000000e+00
1.000000000000000000e+00
9.999999999999995559e-01
9.999999999999995559e-01
1.000000000000000000e+00
1.000000000000000000e+00
1.000000000000000000e+00
1.000000000000000000e+00
1.000000000000000000e+00
1.000000000000000000e+00
1.000000000000000000e+00
9.999999999999995559e-01
1.000000000000000000e+00
1.000000000000000000e+00
9.999999999999995559e-01
9.709269602289033463e-01
8.586647660465144272e-01
6.258617568633565442e-01
3.533456640881146305e-01
1.369783466187702026e-01
3.226036022061113534e-02
4.898645036471751049e-03
0.000000000000000000e+00
0.000000000000000000e+00
0.000000000000000000e+00
0.000000000000000000e+00
0.000000000000000000e+00
0.000000000000000000e+00
0.000000000000000000e+00
0.000000000000000000e+00
0.000000000000000000e+00
0.000000000000000000e+00
0.000000000000000000e+00
4.898645036471646098e-03
3.226036022061107983e-02
1.369783466187701471e-01
3.533456640881146860e-01
6.258617568633565442e-01
8.586647660465144272e-01
9.709269602289033463e-01
1.000000000000000000e+00
9.132126354867458051e-01
6.759988616744482259e-01
6.759988616744488921e-01
9.132126354867458051e-01
1.000000000000000000e+00
1.000000000000000000e+00
9.999999999999995559e-01
1.000000000000000000e+00
1.000000000000000000e+00
1.000000000000000000e+00
1.000000000000000000e+00
9.999999999999995559e-01
1.000000000000000000e+00
1.000000000000000000e+00
9.999999999999995559e-01
1.000000000000000000e+00
1.000000000000000000e+00
1.000000000000000000e+00
9.999999999999995559e-01
9.999999999999995559e-01
1.000000000000000000e+00
1.000000000000000000e+00
9.999999999999995559e-01
1.000000000000000000e+00
1.000000000000000000e+00
1.000000000000000000e+00
1.000000000000000000e+00
9.999999999999995559e-01
1.000000000000000000e+00
9.999999999999995559e-01
9.999999999999995559e-01
9.999999999999995559e-01
1.000000000000000000e+00
1.000000000000000000e+00
1.000000000000000000e+00
9.779033611393942449e-01
8.921753777279125552e-01
6.958257726748394711e-01
4.084025420150422248e-01
1.732336875730355885e-01
5.014922294216156429e-02
4.898645036471751049e-03
0.000000000000000000e+00
0.000000000000000000e+00
0.000000000000000000e+00
0.000000000000000000e+00
0.000000000000000000e+00
0.000000000000000000e+00
0.000000000000000000e+00
0.000000000000000000e+00
0.000000000000000000e+00
0.000000000000000000e+00
0.000000000000000000e+00
4.898645036471646098e-03
5.014922294216166837e-02
1.732336875730355330e-01
4.084025420150422803e-01
6.958257726748394711e-01
8.921753777279128883e-01
9.779033611393940228e-01
1.000000000000000000e+00
9.132126354867458051e-01
6.759988616744486700e-01
6.759988616744488921e-01
9.132126354867458051e-01
1.000000000000000000e+00
1.000000000000000000e+00
9.999999999999995559e-01
1.000000000000000000e+00
1.000000000000000000e+00
1.000000000000000000e+00
1.000000000000000000e+00
9.999999999999995559e-01
1.000000000000000000e+00
1.000000000000000000e+00
1.000000000000000000e+00
9.999999999999995559e-01
9.999999999999995559e-01
9.999999999999995559e-01
1.000000000000000000e+00
1.000000000000000000e+00
1.000000000000000000e+00
1.000000000000000000e+00
1.000000000000000000e+00
1.000000000000000000e+00
9.999999999999995559e-01
1.000000000000000000e+00
9.999999999999995559e-01
1.000000000000000000e+00
1.000000000000000000e+00
1.000000000000000000e+00
9.999999999999995559e-01
1.000000000000000000e+00
1.000000000000000000e+00
1.000000000000000000e+00
1.000000000000000000e+00
9.951013549635285838e-01
9.498507770578382692e-01
8.327255651609648535e-01
6.214414269834620530e-01
3.423521160023820231e-01
1.331546077835592257e-01
2.716014188862689999e-02
0.000000000000000000e+00
0.000000000000000000e+00
0.000000000000000000e+00
0.000000000000000000e+00
0.000000000000000000e+00
0.000000000000000000e+00
0.000000000000000000e+00
0.000000000000000000e+00
0.000000000000000000e+00
0.000000000000000000e+00
0.000000000000000000e+00
2.716014188862700407e-02
1.331546077835592257e-01
3.423521160023819121e-01
6.214414269834621640e-01
8.327255651609649645e-01
9.498507770578382692e-01
9.951013549635281397e-01
1.000000000000000000e+00
9.132126354867459161e-01
6.759988616744486700e-01
6.759988616744487810e-01
9.132126354867456941e-01
1.000000000000000000e+00
1.000000000000000000e+00
1.000000000000000000e+00
1.000000000000000000e+00
9.999999999999995559e-01
1.000000000000000000e+00
1.000000000000000000e+00
9.999999999999995559e-01
1.000000000000000000e+00
1.000000000000000000e+00
1.000000000000000000e+00
1.000000000000000000e+00
1.000000000000000000e+00
1.000000000000000000e+00
1.000000000000000000e+00
1.000000000000000000e+00
9.999999999999995559e-01
9.999999999999995559e-01
9.999999999999995559e-01
1.000000000000000000e+00
1.000000000000000000e+00
9.999999999999993339e-01
1.000000000000000000e+00
1.000000000000000000e+00
1.000000000000000000e+00
9.999999999999995559e-01
1.000000000000000000e+00
1.000000000000000000e+00
1.000000000000000000e+00
1.000000000000000000e+00
1.000000000000000000e+00
1.000000000000000000e+00
9.901655113611378400e-01
9.207273032623599640e-01
7.357383998484591237e-01
4.593475287994283063e-01
1.963204036530436236e-01
5.212299074160899048e-02
0.000000000000000000e+00
0.000000000000000000e+00
0.000000000000000000e+00
0.000000000000000000e+00
0.000000000000000000e+00
0.000000000000000000e+00
0.000000000000000000e+00
0.000000000000000000e+00
0.000000000000000000e+00
0.000000000000000000e+00
0.000000000000000000e+00
5.212299074160899048e-02
1.963204036530437346e-01
4.593475287994281397e-01
7.357383998484593457e-01
9.207273032623598530e-01
9.901655113611378400e-01
1.000000000000000000e+00
1.000000000000000000e+00
9.132126354867456941e-01
6.759988616744486700e-01
6.759988616744488921e-01
9.132126354867455831e-01
9.999999999999995559e-01
1.000000000000000000e+00
1.000000000000000000e+00
1.000000000000000000e+00
1.000000000000000000e+00
1.000000000000000000e+00
9.999999999999995559e-01
1.000000000000000000e+00
9.999999999999995559e-01
1.000000000000000000e+00
9.999999999999995559e-01
9.999999999999995559e-01
1.000000000000000000e+00
1.000000000000000000e+00
9.999999999999995559e-01
1.000000000000000000e+00
9.999999999999995559e-01
9.999999999999995559e-01
1.000000000000000000e+00
9.999999999999995559e-01
1.000000000000000000e+00
9.999999999999995559e-01
1.000000000000000000e+00
1.000000000000000000e+00
1.000000000000000000e+00
9.999999999999995559e-01
1.000000000000000000e+00
9.999999999999995559e-01
1.000000000000000000e+00
9.951013549635281397e-01
9.728398581113729682e-01
9.426015737443930176e-01
8.940690504605560696e-01
8.290099454583800265e-01
6.626053823576043555e-01
4.201988643622371344e-01
1.754815355473809402e-01
5.212299074160899048e-02
0.000000000000000000e+00
0.000000000000000000e+00
0.000000000000000000e+00
0.000000000000000000e+00
0.000000000000000000e+00
0.000000000000000000e+00
0.000000000000000000e+00
0.000000000000000000e+00
0.000000000000000000e+00
0.000000000000000000e+00
0.000000000000000000e+00
5.212299074160899048e-02
1.754815355473808292e-01
4.201988643622370789e-01
6.626053823576043555e-01
8.290099454583800265e-01
8.940690504605560696e-01
9.426015737443930176e-01
9.728398581113729682e-01
9.077098387887958530e-01
6.759988616744486700e-01
6.759988616744486700e-01
9.132126354867458051e-01
1.000000000000000000e+00
1.000000000000000000e+00
1.000000000000000000e+00
1.000000000000000000e+00
1.000000000000000000e+00
1.000000000000000000e+00
1.000000000000000000e+00
1.000000000000000000e+00
1.000000000000000000e+00
1.000000000000000000e+00
1.000000000000000000e+00
1.000000000000000000e+00
1.000000000000000000e+00
1.000000000000000000e+00
1.000000000000000000e+00
1.000000000000000000e+00
1.000000000000000000e+00
1.000000000000000000e+00
9.999999999999995559e-01
1.000000000000000000e+00
1.000000000000000000e+00
1.000000000000000000e+00
1.000000000000000000e+00
1.000000000000000000e+00
1.000000000000000000e+00
1.000000000000000000e+00
1.000000000000000000e+00
9.951013549635281397e-01
9.728398581113731902e-01
9.186807985147872335e-01
8.408754585351116972e-01
7.638455610357265391e-01
6.669656690989577141e-01
5.592841338699001685e-01
4.039493844471613859e-01
2.385086850864508168e-01
1.001309338574325886e-01
2.716014188862689999e-02
0.000000000000000000e+00
0.000000000000000000e+00
0.000000000000000000e+00
0.000000000000000000e+00
0.000000000000000000e+00
0.000000000000000000e+00
0.000000000000000000e+00
0.000000000000000000e+00
0.000000000000000000e+00
1.046648801804008338e-16
0.000000000000000000e+00
2.716014188862679590e-02
1.001309338574325469e-01
2.385086850864506502e-01
4.039493844471614969e-01
5.592841338699000575e-01
6.669656690989577141e-01
7.638455610357265391e-01
8.408754585351115862e-01
8.228024345024786967e-01
6.400213412410693525e-01
6.759988616744486700e-01
9.132126354867459161e-01
1.000000000000000000e+00
1.000000000000000000e+00
1.000000000000000000e+00
1.000000000000000000e+00
1.000000000000000000e+00
1.000000000000000000e+00
1.000000000000000000e+00
1.000000000000000000e+00
1.000000000000000000e+00
1.000000000000000000e+00
9.999999999999995559e-01
1.000000000000000000e+00
9.999999999999995559e-01
9.999999999999995559e-01
1.000000000000000000e+00
1.000000000000000000e+00
1.000000000000000000e+00
1.000000000000000000e+00
1.000000000000000000e+00
1.000000000000000000e+00
1.000000000000000000e+00
1.000000000000000000e+00
9.999999999999995559e-01
1.000000000000000000e+00
1.000000000000000000e+00
1.000000000000000000e+00
9.951013549635283617e-01
9.498507770578382692e-01
8.668453922164409686e-01
7.333439900891991492e-01
5.893262882547523063e-01
4.407158661301000535e-01
3.330343309010425079e-01
2.361544389642736275e-01
1.591245414648883583e-01
8.131920148521275260e-02
2.716014188862689999e-02
4.898645036471646098e-03
0.000000000000000000e+00
0.000000000000000000e+00
0.000000000000000000e+00
0.000000000000000000e+00
0.000000000000000000e+00
0.000000000000000000e+00
0.000000000000000000e+00
0.000000000000000000e+00
0.000000000000000000e+00
1.046648801804008338e-16
0.000000000000000000e+00
4.898645036471751049e-03
2.716014188862689999e-02
8.131920148521259994e-02
1.591245414648882195e-01
2.361544389642735164e-01
3.330343309010424524e-01
4.407158661300999980e-01
5.893262882547523063e-01
6.239505834866202472e-01
5.084995505634889446e-01
6.759988616744488921e-01
9.132126354867455831e-01
1.000000000000000000e+00
9.999999999999995559e-01
1.000000000000000000e+00
1.000000000000000000e+00
9.999999999999995559e-01
1.000000000000000000e+00
1.000000000000000000e+00
1.000000000000000000e+00
9.999999999999995559e-01
1.000000000000000000e+00
1.000000000000000000e+00
1.000000000000000000e+00
1.000000000000000000e+00
1.000000000000000000e+00
1.000000000000000000e+00
1.000000000000000000e+00
1.000000000000000000e+00
9.999999999999995559e-01
1.000000000000000000e+00
1.000000000000000000e+00
1.000000000000000000e+00
9.999999999999995559e-01
1.000000000000000000e+00
1.000000000000000000e+00
9.999999999999995559e-01
9.999999999999995559e-01
9.728398581113729682e-01
8.668453922164405245e-01
6.868683451661873329e-01
4.474819551488213865e-01
2.730412872093593291e-01
1.650421160716586955e-01
1.059309495394439443e-01
5.739842625560701017e-02
2.716014188862679590e-02
4.898645036471751049e-03
0.000000000000000000e+00
0.000000000000000000e+00
0.000000000000000000e+00
0.000000000000000000e+00
0.000000000000000000e+00
0.000000000000000000e+00
0.000000000000000000e+00
0.000000000000000000e+00
0.000000000000000000e+00
0.000000000000000000e+00
0.000000000000000000e+00
1.046648801804008338e-16
0.000000000000000000e+00
0.000000000000000000e+00
0.000000000000000000e+00
4.898645036471646098e-03
2.716014188862689999e-02
5.739842625560685752e-02
1.059309495394439443e-01
1.650421160716585289e-01
2.730412872093592735e-01
3.355078423004413390e-01
3.131316548338127226e-01
6.375242569189254471e-01
8.884486374266571396e-01
9.951013549635283617e-01
1.000000000000000000e+00
9.999999999999995559e-01
1.000000000000000000e+00
1.000000000000000000e+00
1.000000000000000000e+00
1.000000000000000000e+00
1.000000000000000000e+00
9.999999999999995559e-01
1.000000000000000000e+00
1.000000000000000000e+00
1.000000000000000000e+00
1.000000000000000000e+00
1.000000000000000000e+00
1.000000000000000000e+00
1.000000000000000000e+00
1.000000000000000000e+00
1.000000000000000000e+00
1.000000000000000000e+00
1.000000000000000000e+00
1.000000000000000000e+00
1.000000000000000000e+00
9.999999999999995559e-01
1.000000000000000000e+00
1.000000000000000000e+00
9.951013549635283617e-01
9.186807985147874556e-01
7.333439900891991492e-01
4.474819551488217195e-01
2.213579891537620081e-01
8.131920148521280811e-02
2.716014188862679590e-02
4.898645036471646098e-03
1.046648801804008338e-16
0.000000000000000000e+00
0.000000000000000000e+00
0.000000000000000000e+00
0.000000000000000000e+00
0.000000000000000000e+00
0.000000000000000000e+00
0.000000000000000000e+00
0.000000000000000000e+00
0.000000000000000000e+00
0.000000000000000000e+00
0.000000000000000000e+00
0.000000000000000000e+00
0.000000000000000000e+00
1.046648801804008338e-16
0.000000000000000000e+00
0.000000000000000000e+00
0.000000000000000000e+00
0.000000000000000000e+00
0.000000000000000000e+00
0.000000000000000000e+00
4.898645036471855133e-03
2.716014188862700407e-02
8.131920148521271097e-02
1.274089614958989203e-01
1.214777274559133147e-01
5.592841338698998355e-01
8.349578839283414711e-01
9.728398581113731902e-01
1.000000000000000000e+00
1.000000000000000000e+00
1.000000000000000000e+00
1.000000000000000000e+00
1.000000000000000000e+00
1.000000000000000000e+00
1.000000000000000000e+00
1.000000000000000000e+00
1.000000000000000000e+00
9.999999999999995559e-01
1.000000000000000000e+00
9.999999999999995559e-01
9.999999999999995559e-01
1.000000000000000000e+00
1.000000000000000000e+00
1.000000000000000000e+00
1.000000000000000000e+00
1.000000000000000000e+00
1.000000000000000000e+00
1.000000000000000000e+00
1.000000000000000000e+00
9.999999999999995559e-01
1.000000000000000000e+00
1.000000000000000000e+00
9.728398581113731902e-01
8.408754585351116972e-01
5.893262882547523063e-01
2.730412872093594401e-01
8.131920148521275260e-02
4.898645036471751049e-03
0.000000000000000000e+00
0.000000000000000000e+00
0.000000000000000000e+00
0.000000000000000000e+00
0.000000000000000000e+00
0.000000000000000000e+00
0.000000000000000000e+00
0.000000000000000000e+00
0.000000000000000000e+00
0.000000000000000000e+00
0.000000000000000000e+00
0.000000000000000000e+00
0.000000000000000000e+00
0.000000000000000000e+00
0.000000000000000000e+00
0.000000000000000000e+00
1.046648801804008338e-16
0.000000000000000000e+00
0.000000000000000000e+00
0.000000000000000000e+00
0.000000000000000000e+00
0.000000000000000000e+00
0.000000000000000000e+00
0.000000000000000000e+00
0.000000000000000000e+00
4.898645036471541148e-03
2.209663886060581062e-02
2.907303977109640739e-02
4.407158661301002200e-01
7.638455610357263170e-01
9.426015737443930176e-01
9.999999999999995559e-01
9.951013549635285838e-01
9.779033611393943559e-01
9.709269602289033463e-01
9.779033611393942449e-01
9.951013549635283617e-01
1.000000000000000000e+00
9.999999999999995559e-01
1.000000000000000000e+00
1.000000000000000000e+00
1.000000000000000000e+00
1.000000000000000000e+00
1.000000000000000000e+00
1.000000000000000000e+00
1.000000000000000000e+00
1.000000000000000000e+00
9.999999999999995559e-01
1.000000000000000000e+00
9.951013549635281397e-01
9.779033611393943559e-01
9.709269602289033463e-01
9.779033611393943559e-01
9.951013549635281397e-01
9.999999999999995559e-01
9.426015737443926845e-01
7.638455610357263170e-01
4.407158661300996094e-01
1.650421160716588065e-01
2.716014188862669182e-02
0.000000000000000000e+00
0.000000000000000000e+00
0.000000000000000000e+00
0.000000000000000000e+00
0.000000000000000000e+00
0.000000000000000000e+00
0.000000000000000000e+00
0.000000000000000000e+00
0.000000000000000000e+00
0.000000000000000000e+00
0.000000000000000000e+00
0.000000000000000000e+00
0.000000000000000000e+00
0.000000000000000000e+00
0.000000000000000000e+00
0.000000000000000000e+00
0.000000000000000000e+00
1.046648801804008338e-16
0.000000000000000000e+00
0.000000000000000000e+00
0.000000000000000000e+00
0.000000000000000000e+00
0.000000000000000000e+00
0.000000000000000000e+00
0.000000000000000000e+00
0.000000000000000000e+00
0.000000000000000000e+00
0.000000000000000000e+00
0.000000000000000000e+00
3.330343309010425079e-01
6.669656690989579362e-01
8.940690504605561806e-01
9.901655113611378400e-01
9.498507770578380471e-01
8.921753777279127773e-01
8.586647660465149823e-01
8.921753777279127773e-01
9.498507770578384912e-01
9.951013549635283617e-01
9.999999999999995559e-01
1.000000000000000000e+00
1.000000000000000000e+00
1.000000000000000000e+00
1.000000000000000000e+00
1.000000000000000000e+00
1.000000000000000000e+00
1.000000000000000000e+00
1.000000000000000000e+00
1.000000000000000000e+00
9.951013549635281397e-01
9.498507770578387133e-01
8.921753777279128883e-01
8.586647660465147602e-01
8.921753777279124442e-01
9.498507770578382692e-01
9.901655113611378400e-01
8.940690504605561806e-01
6.669656690989579362e-01
3.330343309010423969e-01
1.059309495394441525e-01
4.898645036471855133e-03
0.000000000000000000e+00
0.000000000000000000e+00
0.000000000000000000e+00
1.046648801804008338e-16
0.000000000000000000e+00
0.000000000000000000e+00
0.000000000000000000e+00
0.000000000000000000e+00
0.000000000000000000e+00
0.000000000000000000e+00
0.000000000000000000e+00
0.000000000000000000e+00
0.000000000000000000e+00
0.000000000000000000e+00
0.000000000000000000e+00
0.000000000000000000e+00
0.000000000000000000e+00
1.046648801804008338e-16
0.000000000000000000e+00
0.000000000000000000e+00
0.000000000000000000e+00
0.000000000000000000e+00
0.000000000000000000e+00
0.000000000000000000e+00
0.000000000000000000e+00
1.046648801804008338e-16
0.000000000000000000e+00
0.000000000000000000e+00
0.000000000000000000e+00
2.361544389642736275e-01
5.592841338698998355e-01
8.290099454583800265e-01
9.207273032623599640e-01
8.327255651609647424e-01
6.958257726748398042e-01
6.258617568633563222e-01
7.245526893320280992e-01
8.668453922164407466e-01
9.728398581113727461e-01
1.000000000000000000e+00
1.000000000000000000e+00
1.000000000000000000e+00
1.000000000000000000e+00
1.000000000000000000e+00
1.000000000000000000e+00
1.000000000000000000e+00
1.000000000000000000e+00
9.999999999999995559e-01
9.999999999999995559e-01
9.728398581113727461e-01
8.668453922164407466e-01
7.245526893320280992e-01
6.258617568633559891e-01
6.958257726748392491e-01
8.327255651609649645e-01
9.207273032623599640e-01
8.290099454583798044e-01
5.592841338699001685e-01
2.361544389642733222e-01
5.739842625560696160e-02
2.093297603608016675e-16
0.000000000000000000e+00
2.093297603608016675e-16
0.000000000000000000e+00
1.046648801804008338e-16
0.000000000000000000e+00
0.000000000000000000e+00
0.000000000000000000e+00
0.000000000000000000e+00
0.000000000000000000e+00
0.000000000000000000e+00
0.000000000000000000e+00
0.000000000000000000e+00
0.000000000000000000e+00
0.000000000000000000e+00
0.000000000000000000e+00
0.000000000000000000e+00
0.000000000000000000e+00
1.046648801804008338e-16
0.000000000000000000e+00
0.000000000000000000e+00
0.000000000000000000e+00
0.000000000000000000e+00
0.000000000000000000e+00
0.000000000000000000e+00
0.000000000000000000e+00
2.093297603608016675e-16
0.000000000000000000e+00
0.000000000000000000e+00
0.000000000000000000e+00
1.591245414648884693e-01
4.039493844471614969e-01
6.626053823576043555e-01
7.357383998484596788e-01
6.214414269834624971e-01
4.084025420150423358e-01
3.533456640881146860e-01
4.776642994267515929e-01
7.333439900891988161e-01
9.186807985147872335e-01
9.951013549635281397e-01
1.000000000000000000e+00
9.999999999999995559e-01
9.999999999999995559e-01
1.000000000000000000e+00
1.000000000000000000e+00
9.999999999999995559e-01
1.000000000000000000e+00
9.999999999999995559e-01
9.951013549635279176e-01
9.186807985147872335e-01
7.333439900891987051e-01
4.776642994267517595e-01
3.533456640881145749e-01
4.084025420150426688e-01
6.214414269834622750e-01
7.357383998484595677e-01
6.626053823576041335e-01
4.039493844471615525e-01
1.591245414648880530e-01
2.716014188862700407e-02
0.000000000000000000e+00
0.000000000000000000e+00
0.000000000000000000e+00
1.046648801804008338e-16
0.000000000000000000e+00
0.000000000000000000e+00
0.000000000000000000e+00
0.000000000000000000e+00
0.000000000000000000e+00
0.000000000000000000e+00
0.000000000000000000e+00
0.000000000000000000e+00
0.000000000000000000e+00
0.000000000000000000e+00
0.000000000000000000e+00
0.000000000000000000e+00
0.000000000000000000e+00
0.000000000000000000e+00
1.046648801804008338e-16
0.000000000000000000e+00
0.000000000000000000e+00
0.000000000000000000e+00
0.000000000000000000e+00
0.000000000000000000e+00
0.000000000000000000e+00
0.000000000000000000e+00
0.000000000000000000e+00
0.000000000000000000e+00
0.000000000000000000e+00
0.000000000000000000e+00
8.131920148521280811e-02
2.385086850864512886e-01
4.201988643622375230e-01
4.593475287994286393e-01
3.423521160023821341e-01
1.732336875730355330e-01
1.369783466187702026e-01
2.730412872093594401e-01
5.592841338698998355e-01
8.059651414450504925e-01
9.498507770578382692e-01
9.951013549635285838e-01
1.000000000000000000e+00
1.000000000000000000e+00
1.000000000000000000e+00
1.000000000000000000e+00
1.000000000000000000e+00
1.000000000000000000e+00
9.951013549635285838e-01
9.498507770578382692e-01
8.059651414450499374e-01
5.592841338698998355e-01
2.730412872093595511e-01
1.369783466187702026e-01
1.732336875730358938e-01
3.423521160023824117e-01
4.593475287994283063e-01
4.201988643622373565e-01
2.385086850864510111e-01
8.131920148521259994e-02
4.898645036471855133e-03
2.093297603608016675e-16
0.000000000000000000e+00
0.000000000000000000e+00
0.000000000000000000e+00
1.046648801804008338e-16
0.000000000000000000e+00
0.000000000000000000e+00
0.000000000000000000e+00
0.000000000000000000e+00
0.000000000000000000e+00
0.000000000000000000e+00
0.000000000000000000e+00
0.000000000000000000e+00
0.000000000000000000e+00
0.000000000000000000e+00
0.000000000000000000e+00
0.000000000000000000e+00
0.000000000000000000e+00
0.000000000000000000e+00
0.000000000000000000e+00
1.046648801804008338e-16
1.046648801804008338e-16
0.000000000000000000e+00
0.000000000000000000e+00
0.000000000000000000e+00
0.000000000000000000e+00
0.000000000000000000e+00
0.000000000000000000e+00
0.000000000000000000e+00
0.000000000000000000e+00
2.716014188862700407e-02
1.001309338574326441e-01
1.754815355473810512e-01
1.963204036530437901e-01
1.331546077835592257e-01
5.014922294216166837e-02
3.226036022061107983e-02
1.331546077835593367e-01
3.423521160023818566e-01
6.214414269834620530e-01
8.327255651609648535e-01
9.498507770578384912e-01
9.951013549635281397e-01
1.000000000000000000e+00
1.000000000000000000e+00
1.000000000000000000e+00
1.000000000000000000e+00
9.951013549635285838e-01
9.498507770578382692e-01
8.327255651609650755e-01
6.214414269834618310e-01
3.423521160023819121e-01
1.331546077835593922e-01
3.226036022061107983e-02
5.014922294216171694e-02
1.331546077835592257e-01
1.963204036530436236e-01
1.754815355473809402e-01
1.001309338574326996e-01
2.716014188862679590e-02
0.000000000000000000e+00
0.000000000000000000e+00
0.000000000000000000e+00
0.000000000000000000e+00
0.000000000000000000e+00
1.046648801804008338e-16
0.000000000000000000e+00
0.000000000000000000e+00
0.000000000000000000e+00
0.000000000000000000e+00
0.000000000000000000e+00
0.000000000000000000e+00
0.000000000000000000e+00
0.000000000000000000e+00
0.000000000000000000e+00
0.000000000000000000e+00
0.000000000000000000e+00
0.000000000000000000e+00
0.000000000000000000e+00
0.000000000000000000e+00
0.000000000000000000e+00
0.000000000000000000e+00
0.000000000000000000e+00
0.000000000000000000e+00
1.046648801804008338e-16
0.000000000000000000e+00
0.000000000000000000e+00
0.000000000000000000e+00
0.000000000000000000e+00
0.000000000000000000e+00
0.000000000000000000e+00
4.898645036471855133e-03
2.716014188862669182e-02
5.212299074160919865e-02
5.212299074160914314e-02
2.716014188862669182e-02
4.898645036471541148e-03
4.898645036471751049e-03
5.014922294216156429e-02
1.672744348390347302e-01
3.718875584247136601e-01
6.281124415752861179e-01
8.327255651609647424e-01
9.498507770578380471e-01
9.951013549635281397e-01
1.000000000000000000e+00
1.000000000000000000e+00
9.951013549635281397e-01
9.498507770578380471e-01
8.327255651609649645e-01
6.281124415752864509e-01
3.718875584247135491e-01
1.672744348390348690e-01
5.014922294216182103e-02
4.898645036471437064e-03
4.898645036471855133e-03
2.716014188862679590e-02
5.212299074160919865e-02
5.212299074160887946e-02
2.716014188862679590e-02
4.898645036471437064e-03
1.046648801804008338e-16
0.000000000000000000e+00
0.000000000000000000e+00
1.046648801804008338e-16
0.000000000000000000e+00
0.000000000000000000e+00
1.046648801804008338e-16
0.000000000000000000e+00
0.000000000000000000e+00
0.000000000000000000e+00
0.000000000000000000e+00
0.000000000000000000e+00
0.000000000000000000e+00
0.000000000000000000e+00
0.000000000000000000e+00
0.000000000000000000e+00
0.000000000000000000e+00
0.000000000000000000e+00
0.000000000000000000e+00
0.000000000000000000e+00
0.000000000000000000e+00
0.000000000000000000e+00
0.000000000000000000e+00
0.000000000000000000e+00
0.000000000000000000e+00
0.000000000000000000e+00
0.000000000000000000e+00
0.000000000000000000e+00
0.000000000000000000e+00
0.000000000000000000e+00
0.000000000000000000e+00
1.046648801804008338e-16
0.000000000000000000e+00
2.093297603608016675e-16
0.000000000000000000e+00
0.000000000000000000e+00
0.000000000000000000e+00
3.139946405412025136e-16
4.898645036471646098e-03
5.014922294216156429e-02
1.672744348390350910e-01
3.718875584247138266e-01
6.214414269834620530e-01
8.059651414450506035e-01
9.186807985147872335e-01
9.677396397793882610e-01
9.677396397793887051e-01
9.186807985147874556e-01
8.059651414450507145e-01
6.214414269834621640e-01
3.718875584247139376e-01
1.672744348390348690e-01
5.014922294216166837e-02
4.898645036471751049e-03
3.139946405412025136e-16
0.000000000000000000e+00
0.000000000000000000e+00
0.000000000000000000e+00
0.000000000000000000e+00
0.000000000000000000e+00
0.000000000000000000e+00
0.000000000000000000e+00
0.000000000000000000e+00
0.000000000000000000e+00
0.000000000000000000e+00
0.000000000000000000e+00
0.000000000000000000e+00
0.000000000000000000e+00
0.000000000000000000e+00
0.000000000000000000e+00
0.000000000000000000e+00
0.000000000000000000e+00
0.000000000000000000e+00
0.000000000000000000e+00
0.000000000000000000e+00
0.000000000000000000e+00
0.000000000000000000e+00
0.000000000000000000e+00
0.000000000000000000e+00
0.000000000000000000e+00
0.000000000000000000e+00
0.000000000000000000e+00
0.000000000000000000e+00
1.046648801804008338e-16
0.000000000000000000e+00
0.000000000000000000e+00
0.000000000000000000e+00
0.000000000000000000e+00
0.000000000000000000e+00
0.000000000000000000e+00
0.000000000000000000e+00
0.000000000000000000e+00
2.093297603608016675e-16
0.000000000000000000e+00
0.000000000000000000e+00
0.000000000000000000e+00
0.000000000000000000e+00
0.000000000000000000e+00
0.000000000000000000e+00
1.046648801804008338e-16
4.898645036471541148e-03
5.014922294216171694e-02
1.672744348390345637e-01
3.423521160023822452e-01
5.592841338698997244e-01
7.269587127906406154e-01
8.082466734877783443e-01
8.082466734877784553e-01
7.269587127906406154e-01
5.592841338698998355e-01
3.423521160023819676e-01
1.672744348390347302e-01
5.014922294216146020e-02
4.898645036471855133e-03
0.000000000000000000e+00
0.000000000000000000e+00
0.000000000000000000e+00
0.000000000000000000e+00
0.000000000000000000e+00
0.000000000000000000e+00
0.000000000000000000e+00
0.000000000000000000e+00
0.000000000000000000e+00
0.000000000000000000e+00
0.000000000000000000e+00
0.000000000000000000e+00
0.000000000000000000e+00
0.000000000000000000e+00
0.000000000000000000e+00
1.046648801804008338e-16
0.000000000000000000e+00
0.000000000000000000e+00
0.000000000000000000e+00
0.000000000000000000e+00
0.000000000000000000e+00
0.000000000000000000e+00
0.000000000000000000e+00
0.000000000000000000e+00
0.000000000000000000e+00
0.000000000000000000e+00
0.000000000000000000e+00
0.000000000000000000e+00
0.000000000000000000e+00
0.000000000000000000e+00
0.000000000000000000e+00
0.000000000000000000e+00
0.000000000000000000e+00
0.000000000000000000e+00
0.000000000000000000e+00
0.000000000000000000e+00
0.000000000000000000e+00
0.000000000000000000e+00
0.000000000000000000e+00
0.000000000000000000e+00
0.000000000000000000e+00
0.000000000000000000e+00
0.000000000000000000e+00
0.000000000000000000e+00
0.000000000000000000e+00
0.000000000000000000e+00
0.000000000000000000e+00
0.000000000000000000e+00
4.898645036471541148e-03
5.014922294216146020e-02
1.331546077835592257e-01
2.666560099108007953e-01
4.106737117452471386e-01
5.197845836490991855e-01
5.197845836490992966e-01
4.106737117452473607e-01
2.666560099108009063e-01
1.331546077835590314e-01
5.014922294216146020e-02
4.898645036471437064e-03
0.000000000000000000e+00
2.093297603608016675e-16
0.000000000000000000e+00
0.000000000000000000e+00
0.000000000000000000e+00
0.000000000000000000e+00
0.000000000000000000e+00
1.046648801804008338e-16
0.000000000000000000e+00
0.000000000000000000e+00
0.000000000000000000e+00
0.000000000000000000e+00
0.000000000000000000e+00
0.000000000000000000e+00
0.000000000000000000e+00
0.000000000000000000e+00
0.000000000000000000e+00
0.000000000000000000e+00
1.046648801804008338e-16
0.000000000000000000e+00
0.000000000000000000e+00
0.000000000000000000e+00
0.000000000000000000e+00
0.000000000000000000e+00
0.000000000000000000e+00
0.000000000000000000e+00
0.000000000000000000e+00
0.000000000000000000e+00
0.000000000000000000e+00
0.000000000000000000e+00
0.000000000000000000e+00
0.000000000000000000e+00
0.000000000000000000e+00
0.000000000000000000e+00
0.000000000000000000e+00
0.000000000000000000e+00
0.000000000000000000e+00
0.000000000000000000e+00
0.000000000000000000e+00
0.000000000000000000e+00
2.093297603608016675e-16
0.000000000000000000e+00
0.000000000000000000e+00
0.000000000000000000e+00
0.000000000000000000e+00
0.000000000000000000e+00
3.139946405412025136e-16
0.000000000000000000e+00
0.000000000000000000e+00
0.000000000000000000e+00
4.898645036471541148e-03
2.716014188862689999e-02
8.131920148521280811e-02
1.591245414648884693e-01
2.085471542074110729e-01
2.085471542074111284e-01
1.591245414648884693e-01
8.131920148521275260e-02
2.716014188862689999e-02
4.898645036471646098e-03
0.000000000000000000e+00
1.046648801804008338e-16
0.000000000000000000e+00
0.000000000000000000e+00
0.000000000000000000e+00
0.000000000000000000e+00
0.000000000000000000e+00
0.000000000000000000e+00
0.000000000000000000e+00
0.000000000000000000e+00
0.000000000000000000e+00
0.000000000000000000e+00
0.000000000000000000e+00
0.000000000000000000e+00
0.000000000000000000e+00
0.000000000000000000e+00
0.000000000000000000e+00
0.000000000000000000e+00
0.000000000000000000e+00
0.000000000000000000e+00
0.000000000000000000e+00
0.000000000000000000e+00
0.000000000000000000e+00
0.000000000000000000e+00
0.000000000000000000e+00
0.000000000000000000e+00
0.000000000000000000e+00
0.000000000000000000e+00
0.000000000000000000e+00
0.000000000000000000e+00
0.000000000000000000e+00
0.000000000000000000e+00
1.046648801804008338e-16
0.000000000000000000e+00
0.000000000000000000e+00
0.000000000000000000e+00
0.000000000000000000e+00
0.000000000000000000e+00
0.000000000000000000e+00
0.000000000000000000e+00
0.000000000000000000e+00
0.000000000000000000e+00
0.000000000000000000e+00
3.139946405412025136e-16
3.139946405412025136e-16
0.000000000000000000e+00
0.000000000000000000e+00
0.000000000000000000e+00
3.139946405412025136e-16
0.000000000000000000e+00
3.139946405412025136e-16
0.000000000000000000e+00
0.000000000000000000e+00
4.898645036471855133e-03
2.716014188862700407e-02
5.212299074160899048e-02
5.212299074160919865e-02
2.716014188862710815e-02
4.898645036471960083e-03
0.000000000000000000e+00
0.000000000000000000e+00
0.000000000000000000e+00
0.000000000000000000e+00
3.139946405412025136e-16
0.000000000000000000e+00
2.093297603608016675e-16
0.000000000000000000e+00
1.046648801804008338e-16
0.000000000000000000e+00
1.046648801804008338e-16
0.000000000000000000e+00
0.000000000000000000e+00
0.000000000000000000e+00
0.000000000000000000e+00
0.000000000000000000e+00
0.000000000000000000e+00
0.000000000000000000e+00
0.000000000000000000e+00
0.000000000000000000e+00
0.000000000000000000e+00
0.000000000000000000e+00
0.000000000000000000e+00
0.000000000000000000e+00
0.000000000000000000e+00
0.000000000000000000e+00
0.000000000000000000e+00
0.000000000000000000e+00
0.000000000000000000e+00
0.000000000000000000e+00
0.000000000000000000e+00
0.000000000000000000e+00
0.000000000000000000e+00
0.000000000000000000e+00
3.139946405412025136e-16
0.000000000000000000e+00
0.000000000000000000e+00
0.000000000000000000e+00
0.000000000000000000e+00
0.000000000000000000e+00
0.000000000000000000e+00
3.139946405412025136e-16
0.000000000000000000e+00
2.093297603608016675e-16
0.000000000000000000e+00
3.139946405412025136e-16
1.046648801804008338e-16
0.000000000000000000e+00
0.000000000000000000e+00
0.000000000000000000e+00
1.046648801804008338e-16
0.000000000000000000e+00
1.046648801804008338e-16
0.000000000000000000e+00
0.000000000000000000e+00
0.000000000000000000e+00
2.093297603608016675e-16
0.000000000000000000e+00
1.046648801804008338e-16
2.093297603608016675e-16
3.139946405412025136e-16
0.000000000000000000e+00
0.000000000000000000e+00
0.000000000000000000e+00
3.139946405412025136e-16
0.000000000000000000e+00
0.000000000000000000e+00
0.000000000000000000e+00
0.000000000000000000e+00
0.000000000000000000e+00
0.000000000000000000e+00
0.000000000000000000e+00
0.000000000000000000e+00
2.093297603608016675e-16
0.000000000000000000e+00
0.000000000000000000e+00
0.000000000000000000e+00
0.000000000000000000e+00
0.000000000000000000e+00
0.000000000000000000e+00
0.000000000000000000e+00
0.000000000000000000e+00
1.046648801804008338e-16
0.000000000000000000e+00
0.000000000000000000e+00
0.000000000000000000e+00
0.000000000000000000e+00
0.000000000000000000e+00
0.000000000000000000e+00
0.000000000000000000e+00
0.000000000000000000e+00
0.000000000000000000e+00
0.000000000000000000e+00
0.000000000000000000e+00
0.000000000000000000e+00
0.000000000000000000e+00
0.000000000000000000e+00
0.000000000000000000e+00
0.000000000000000000e+00
0.000000000000000000e+00
0.000000000000000000e+00
0.000000000000000000e+00
0.000000000000000000e+00
0.000000000000000000e+00
0.000000000000000000e+00
0.000000000000000000e+00
2.093297603608016675e-16
0.000000000000000000e+00
0.000000000000000000e+00
0.000000000000000000e+00
2.093297603608016675e-16
0.000000000000000000e+00
0.000000000000000000e+00
1.046648801804008338e-16
0.000000000000000000e+00
2.093297603608016675e-16
4.898645036471855133e-03
2.716014188862731979e-02
5.212299074160899048e-02
5.212299074160887946e-02
2.716014188862731979e-02
4.898645036471855133e-03
0.000000000000000000e+00
0.000000000000000000e+00
1.046648801804008338e-16
1.046648801804008338e-16
0.000000000000000000e+00
0.000000000000000000e+00
1.046648801804008338e-16
0.000000000000000000e+00
0.000000000000000000e+00
3.139946405412025136e-16
1.046648801804008338e-16
0.000000000000000000e+00
0.000000000000000000e+00
0.000000000000000000e+00
0.000000000000000000e+00
2.093297603608016675e-16
0.000000000000000000e+00
0.000000000000000000e+00
0.000000000000000000e+00
0.000000000000000000e+00
0.000000000000000000e+00
0.000000000000000000e+00
0.000000000000000000e+00
0.000000000000000000e+00
0.000000000000000000e+00
0.000000000000000000e+00
0.000000000000000000e+00
0.000000000000000000e+00
0.000000000000000000e+00
0.000000000000000000e+00
0.000000000000000000e+00
0.000000000000000000e+00
0.000000000000000000e+00
0.000000000000000000e+00
0.000000000000000000e+00
0.000000000000000000e+00
0.000000000000000000e+00
0.000000000000000000e+00
0.000000000000000000e+00
0.000000000000000000e+00
0.000000000000000000e+00
0.000000000000000000e+00
0.000000000000000000e+00
0.000000000000000000e+00
0.000000000000000000e+00
0.000000000000000000e+00
0.000000000000000000e+00
0.000000000000000000e+00
0.000000000000000000e+00
0.000000000000000000e+00
0.000000000000000000e+00
0.000000000000000000e+00
1.046648801804008338e-16
4.898645036471541148e-03
2.716014188862679590e-02
8.131920148521259994e-02
1.591245414648882195e-01
2.085471542074111284e-01
2.085471542074112949e-01
1.591245414648880530e-01
8.131920148521259994e-02
2.716014188862679590e-02
4.898645036471855133e-03
0.000000000000000000e+00
0.000000000000000000e+00
0.000000000000000000e+00
0.000000000000000000e+00
1.046648801804008338e-16
0.000000000000000000e+00
0.000000000000000000e+00
0.000000000000000000e+00
0.000000000000000000e+00
0.000000000000000000e+00
0.000000000000000000e+00
0.000000000000000000e+00
0.000000000000000000e+00
0.000000000000000000e+00
0.000000000000000000e+00
0.000000000000000000e+00
0.000000000000000000e+00
0.000000000000000000e+00
0.000000000000000000e+00
0.000000000000000000e+00
0.000000000000000000e+00
0.000000000000000000e+00
1.046648801804008338e-16
0.000000000000000000e+00
0.000000000000000000e+00
0.000000000000000000e+00
0.000000000000000000e+00
0.000000000000000000e+00
0.000000000000000000e+00
1.046648801804008338e-16
0.000000000000000000e+00
0.000000000000000000e+00
0.000000000000000000e+00
0.000000000000000000e+00
0.000000000000000000e+00
0.000000000000000000e+00
0.000000000000000000e+00
0.000000000000000000e+00
1.046648801804008338e-16
0.000000000000000000e+00
0.000000000000000000e+00
3.139946405412025136e-16
0.000000000000000000e+00
3.139946405412025136e-16
3.139946405412025136e-16
0.000000000000000000e+00
0.000000000000000000e+00
3.139946405412025136e-16
2.093297603608016675e-16
0.000000000000000000e+00
4.898645036471855133e-03
5.014922294216140469e-02
1.331546077835593922e-01
2.666560099108008508e-01
4.106737117452478603e-01
5.197845836490999627e-01
5.197845836490999627e-01
4.106737117452474717e-01
2.666560099108009063e-01
1.331546077835590314e-01
5.014922294216166837e-02
4.898645036471646098e-03
3.139946405412025136e-16
2.093297603608016675e-16
0.000000000000000000e+00
0.000000000000000000e+00
0.000000000000000000e+00
0.000000000000000000e+00
0.000000000000000000e+00
1.046648801804008338e-16
0.000000000000000000e+00
3.139946405412025136e-16
0.000000000000000000e+00
0.000000000000000000e+00
0.000000000000000000e+00
3.139946405412025136e-16
0.000000000000000000e+00
0.000000000000000000e+00
0.000000000000000000e+00
0.000000000000000000e+00
0.000000000000000000e+00
0.000000000000000000e+00
0.000000000000000000e+00
1.046648801804008338e-16
0.000000000000000000e+00
0.000000000000000000e+00
0.000000000000000000e+00
0.000000000000000000e+00
0.000000000000000000e+00
0.000000000000000000e+00
0.000000000000000000e+00
0.000000000000000000e+00
0.000000000000000000e+00
0.000000000000000000e+00
0.000000000000000000e+00
0.000000000000000000e+00
0.000000000000000000e+00
3.139946405412025136e-16
0.000000000000000000e+00
0.000000000000000000e+00
0.000000000000000000e+00
0.000000000000000000e+00
0.000000000000000000e+00
0.000000000000000000e+00
0.000000000000000000e+00
0.000000000000000000e+00
0.000000000000000000e+00
0.000000000000000000e+00
0.000000000000000000e+00
0.000000000000000000e+00
4.898645036471646098e-03
5.014922294216187654e-02
1.672744348390347857e-01
3.423521160023819676e-01
5.592841338699001685e-01
7.269587127906407265e-01
8.082466734877785663e-01
8.082466734877790104e-01
7.269587127906407265e-01
5.592841338699002796e-01
3.423521160023819121e-01
1.672744348390352020e-01
5.014922294216156429e-02
4.898645036471855133e-03
0.000000000000000000e+00
0.000000000000000000e+00
0.000000000000000000e+00
0.000000000000000000e+00
0.000000000000000000e+00
0.000000000000000000e+00
1.046648801804008338e-16
0.000000000000000000e+00
0.000000000000000000e+00
0.000000000000000000e+00
0.000000000000000000e+00
0.000000000000000000e+00
0.000000000000000000e+00
0.000000000000000000e+00
0.000000000000000000e+00
0.000000000000000000e+00
0.000000000000000000e+00
0.000000000000000000e+00
0.000000000000000000e+00
0.000000000000000000e+00
0.000000000000000000e+00
0.000000000000000000e+00
0.000000000000000000e+00
0.000000000000000000e+00
0.000000000000000000e+00
0.000000000000000000e+00
0.000000000000000000e+00
0.000000000000000000e+00
0.000000000000000000e+00
0.000000000000000000e+00
3.139946405412025136e-16
0.000000000000000000e+00
2.093297603608016675e-16
0.000000000000000000e+00
0.000000000000000000e+00
0.000000000000000000e+00
0.000000000000000000e+00
0.000000000000000000e+00
0.000000000000000000e+00
1.046648801804008338e-16
0.000000000000000000e+00
2.093297603608016675e-16
1.046648801804008338e-16
0.000000000000000000e+00
0.000000000000000000e+00
0.000000000000000000e+00
4.898645036471855133e-03
5.014922294216166837e-02
1.672744348390350910e-01
3.718875584247132160e-01
6.214414269834622750e-01
8.059651414450504925e-01
9.186807985147872335e-01
9.677396397793888161e-01
9.677396397793890381e-01
9.186807985147874556e-01
8.059651414450504925e-01
6.214414269834620530e-01
3.718875584247133270e-01
1.672744348390348690e-01
5.014922294216182103e-02
4.898645036471855133e-03
0.000000000000000000e+00
0.000000000000000000e+00
0.000000000000000000e+00
0.000000000000000000e+00
0.000000000000000000e+00
0.000000000000000000e+00
0.000000000000000000e+00
0.000000000000000000e+00
0.000000000000000000e+00
0.000000000000000000e+00
0.000000000000000000e+00
0.000000000000000000e+00
0.000000000000000000e+00
0.000000000000000000e+00
0.000000000000000000e+00
0.000000000000000000e+00
0.000000000000000000e+00
0.000000000000000000e+00
0.000000000000000000e+00
1.046648801804008338e-16
0.000000000000000000e+00
0.000000000000000000e+00
0.000000000000000000e+00
0.000000000000000000e+00
0.000000000000000000e+00
0.000000000000000000e+00
0.000000000000000000e+00
0.000000000000000000e+00
0.000000000000000000e+00
1.046648801804008338e-16
0.000000000000000000e+00
0.000000000000000000e+00
0.000000000000000000e+00
0.000000000000000000e+00
0.000000000000000000e+00
0.000000000000000000e+00
0.000000000000000000e+00
0.000000000000000000e+00
4.898645036471855133e-03
2.716014188862700407e-02
5.212299074160940682e-02
5.212299074160914314e-02
2.716014188862679590e-02
4.898645036471541148e-03
4.898645036471855133e-03
5.014922294216166837e-02
1.672744348390348690e-01
3.718875584247139376e-01
6.281124415752860068e-01
8.327255651609648535e-01
9.498507770578382692e-01
9.951013549635283617e-01
9.999999999999995559e-01
9.999999999999995559e-01
9.951013549635283617e-01
9.498507770578382692e-01
8.327255651609649645e-01
6.281124415752861179e-01
3.718875584247136601e-01
1.672744348390348690e-01
5.014922294216166837e-02
4.898645036471541148e-03
4.898645036471541148e-03
2.716014188862700407e-02
5.212299074160914314e-02
5.212299074160887946e-02
2.716014188862700407e-02
4.898645036471437064e-03
0.000000000000000000e+00
0.000000000000000000e+00
0.000000000000000000e+00
0.000000000000000000e+00
1.046648801804008338e-16
0.000000000000000000e+00
0.000000000000000000e+00
0.000000000000000000e+00
0.000000000000000000e+00
0.000000000000000000e+00
0.000000000000000000e+00
0.000000000000000000e+00
0.000000000000000000e+00
0.000000000000000000e+00
0.000000000000000000e+00
0.000000000000000000e+00
0.000000000000000000e+00
0.000000000000000000e+00
0.000000000000000000e+00
0.000000000000000000e+00
0.000000000000000000e+00
2.093297603608016675e-16
0.000000000000000000e+00
0.000000000000000000e+00
1.046648801804008338e-16
0.000000000000000000e+00
0.000000000000000000e+00
1.046648801804008338e-16
0.000000000000000000e+00
0.000000000000000000e+00
0.000000000000000000e+00
2.716014188862700407e-02
1.001309338574326441e-01
1.754815355473813565e-01
1.963204036530437901e-01
1.331546077835593922e-01
5.014922294216140469e-02
3.226036022061113534e-02
1.331546077835592257e-01
3.423521160023824117e-01
6.214414269834626081e-01
8.327255651609648535e-01
9.498507770578382692e-01
9.951013549635283617e-01
1.000000000000000000e+00
1.000000000000000000e+00
1.000000000000000000e+00
1.000000000000000000e+00
9.951013549635283617e-01
9.498507770578384912e-01
8.327255651609648535e-01
6.214414269834621640e-01
3.423521160023824672e-01
1.331546077835593922e-01
3.226036022061113534e-02
5.014922294216166837e-02
1.331546077835593367e-01
1.963204036530437901e-01
1.754815355473810512e-01
1.001309338574324914e-01
2.716014188862669182e-02
0.000000000000000000e+00
1.046648801804008338e-16
0.000000000000000000e+00
0.000000000000000000e+00
0.000000000000000000e+00
0.000000000000000000e+00
0.000000000000000000e+00
0.000000000000000000e+00
0.000000000000000000e+00
0.000000000000000000e+00
0.000000000000000000e+00
0.000000000000000000e+00
1.046648801804008338e-16
0.000000000000000000e+00
0.000000000000000000e+00
0.000000000000000000e+00
0.000000000000000000e+00
0.000000000000000000e+00
0.000000000000000000e+00
0.000000000000000000e+00
0.000000000000000000e+00
0.000000000000000000e+00
0.000000000000000000e+00
0.000000000000000000e+00
0.000000000000000000e+00
0.000000000000000000e+00
0.000000000000000000e+00
0.000000000000000000e+00
0.000000000000000000e+00
0.000000000000000000e+00
0.000000000000000000e+00
8.131920148521271097e-02
2.385086850864511221e-01
4.201988643622376340e-01
4.593475287994287504e-01
3.423521160023819121e-01
1.732336875730354220e-01
1.369783466187704801e-01
2.730412872093591625e-01
5.592841338698996134e-01
8.059651414450504925e-01
9.498507770578382692e-01
9.951013549635281397e-01
1.000000000000000000e+00
1.000000000000000000e+00
9.999999999999995559e-01
1.000000000000000000e+00
1.000000000000000000e+00
1.000000000000000000e+00
9.951013549635276956e-01
9.498507770578382692e-01
8.059651414450501594e-01
5.592841338698996134e-01
2.730412872093594401e-01
1.369783466187704801e-01
1.732336875730355330e-01
3.423521160023819121e-01
4.593475287994286393e-01
4.201988643622371900e-01
2.385086850864508168e-01
8.131920148521259994e-02
4.898645036471960083e-03
0.000000000000000000e+00
0.000000000000000000e+00
1.046648801804008338e-16
0.000000000000000000e+00
0.000000000000000000e+00
0.000000000000000000e+00
0.000000000000000000e+00
0.000000000000000000e+00
0.000000000000000000e+00
0.000000000000000000e+00
0.000000000000000000e+00
0.000000000000000000e+00
0.000000000000000000e+00
0.000000000000000000e+00
0.000000000000000000e+00
0.000000000000000000e+00
0.000000000000000000e+00
0.000000000000000000e+00
1.046648801804008338e-16
0.000000000000000000e+00
1.046648801804008338e-16
0.000000000000000000e+00
0.000000000000000000e+00
1.046648801804008338e-16
2.093297603608016675e-16
0.000000000000000000e+00
0.000000000000000000e+00
0.000000000000000000e+00
2.093297603608016675e-16
0.000000000000000000e+00
1.591245414648883583e-01
4.039493844471618300e-01
6.626053823576050217e-01
7.357383998484593457e-01
6.214414269834622750e-01
4.084025420150427244e-01
3.533456640881147970e-01
4.776642994267514819e-01
7.333439900891991492e-01
9.186807985147872335e-01
9.951013549635281397e-01
1.000000000000000000e+00
9.999999999999995559e-01
1.000000000000000000e+00
1.000000000000000000e+00
1.000000000000000000e+00
1.000000000000000000e+00
1.000000000000000000e+00
1.000000000000000000e+00
9.951013549635281397e-01
9.186807985147872335e-01
7.333439900891991492e-01
4.776642994267518705e-01
3.533456640881144639e-01
4.084025420150426688e-01
6.214414269834622750e-01
7.357383998484593457e-01
6.626053823576045776e-01
4.039493844471612194e-01
1.591245414648882195e-01
2.716014188862689999e-02
1.046648801804008338e-16
0.000000000000000000e+00
0.000000000000000000e+00
1.046648801804008338e-16
0.000000000000000000e+00
0.000000000000000000e+00
0.000000000000000000e+00
0.000000000000000000e+00
1.046648801804008338e-16
1.046648801804008338e-16
0.000000000000000000e+00
1.046648801804008338e-16
0.000000000000000000e+00
0.000000000000000000e+00
0.000000000000000000e+00
0.000000000000000000e+00
0.000000000000000000e+00
0.000000000000000000e+00
0.000000000000000000e+00
0.000000000000000000e+00
1.046648801804008338e-16
0.000000000000000000e+00
0.000000000000000000e+00
0.000000000000000000e+00
0.000000000000000000e+00
0.000000000000000000e+00
0.000000000000000000e+00
0.000000000000000000e+00
2.093297603608016675e-16
0.000000000000000000e+00
2.361544389642735720e-01
5.592841338699001685e-01
8.290099454583800265e-01
9.207273032623598530e-01
8.327255651609649645e-01
6.958257726748392491e-01
6.258617568633565442e-01
7.245526893320277662e-01
8.668453922164409686e-01
9.728398581113729682e-01
1.000000000000000000e+00
9.999999999999995559e-01
1.000000000000000000e+00
1.000000000000000000e+00
1.000000000000000000e+00
1.000000000000000000e+00
1.000000000000000000e+00
1.000000000000000000e+00
9.999999999999995559e-01
1.000000000000000000e+00
9.728398581113727461e-01
8.668453922164409686e-01
7.245526893320278772e-01
6.258617568633565442e-01
6.958257726748394711e-01
8.327255651609649645e-01
9.207273032623598530e-01
8.290099454583798044e-01
5.592841338699000575e-01
2.361544389642734887e-01
5.739842625560685752e-02
0.000000000000000000e+00
0.000000000000000000e+00
1.046648801804008338e-16
0.000000000000000000e+00
0.000000000000000000e+00
1.046648801804008338e-16
0.000000000000000000e+00
2.093297603608016675e-16
0.000000000000000000e+00
1.046648801804008338e-16
0.000000000000000000e+00
1.046648801804008338e-16
0.000000000000000000e+00
0.000000000000000000e+00
0.000000000000000000e+00
0.000000000000000000e+00
0.000000000000000000e+00
0.000000000000000000e+00
1.046648801804008338e-16
0.000000000000000000e+00
0.000000000000000000e+00
1.046648801804008338e-16
0.000000000000000000e+00
0.000000000000000000e+00
0.000000000000000000e+00
0.000000000000000000e+00
0.000000000000000000e+00
0.000000000000000000e+00
0.000000000000000000e+00
0.000000000000000000e+00
3.330343309010423969e-01
6.669656690989576031e-01
8.940690504605561806e-01
9.901655113611378400e-01
9.498507770578380471e-01
8.921753777279127773e-01
8.586647660465147602e-01
8.921753777279128883e-01
9.498507770578382692e-01
9.951013549635281397e-01
9.999999999999995559e-01
1.000000000000000000e+00
1.000000000000000000e+00
1.000000000000000000e+00
1.000000000000000000e+00
1.000000000000000000e+00
1.000000000000000000e+00
1.000000000000000000e+00
1.000000000000000000e+00
1.000000000000000000e+00
9.951013549635281397e-01
9.498507770578382692e-01
8.921753777279127773e-01
8.586647660465147602e-01
8.921753777279127773e-01
9.498507770578380471e-01
9.901655113611378400e-01
8.940690504605558475e-01
6.669656690989573811e-01
3.330343309010422859e-01
1.059309495394440415e-01
4.898645036471751049e-03
0.000000000000000000e+00
0.000000000000000000e+00
1.046648801804008338e-16
0.000000000000000000e+00
0.000000000000000000e+00
0.000000000000000000e+00
0.000000000000000000e+00
0.000000000000000000e+00
1.046648801804008338e-16
0.000000000000000000e+00
1.046648801804008338e-16
0.000000000000000000e+00
0.000000000000000000e+00
0.000000000000000000e+00
0.000000000000000000e+00
0.000000000000000000e+00
0.000000000000000000e+00
0.000000000000000000e+00
0.000000000000000000e+00
0.000000000000000000e+00
0.000000000000000000e+00
0.000000000000000000e+00
0.000000000000000000e+00
0.000000000000000000e+00
0.000000000000000000e+00
0.000000000000000000e+00
0.000000000000000000e+00
0.000000000000000000e+00
0.000000000000000000e+00
4.407158661301000535e-01
7.638455610357263170e-01
9.426015737443930176e-01
9.999999999999995559e-01
9.951013549635279176e-01
9.779033611393942449e-01
9.709269602289037904e-01
9.779033611393940228e-01
9.951013549635281397e-01
1.000000000000000000e+00
1.000000000000000000e+00
1.000000000000000000e+00
1.000000000000000000e+00
1.000000000000000000e+00
9.999999999999995559e-01
9.999999999999995559e-01
1.000000000000000000e+00
1.000000000000000000e+00
1.000000000000000000e+00
1.000000000000000000e+00
9.999999999999995559e-01
9.951013549635281397e-01
9.779033611393942449e-01
9.709269602289035683e-01
9.779033611393940228e-01
9.951013549635281397e-01
9.999999999999995559e-01
9.426015737443925735e-01
7.638455610357263170e-01
4.407158661301000535e-01
1.650421160716588620e-01
2.716014188862679590e-02
0.000000000000000000e+00
0.000000000000000000e+00
0.000000000000000000e+00
0.000000000000000000e+00
0.000000000000000000e+00
0.000000000000000000e+00
1.046648801804008338e-16
0.000000000000000000e+00
1.046648801804008338e-16
0.000000000000000000e+00
1.046648801804008338e-16
0.000000000000000000e+00
0.000000000000000000e+00
0.000000000000000000e+00
0.000000000000000000e+00
0.000000000000000000e+00
0.000000000000000000e+00
0.000000000000000000e+00
0.000000000000000000e+00
1.046648801804008338e-16
0.000000000000000000e+00
0.000000000000000000e+00
0.000000000000000000e+00
1.046648801804008338e-16
0.000000000000000000e+00
0.000000000000000000e+00
0.000000000000000000e+00
0.000000000000000000e+00
0.000000000000000000e+00
5.592841338699001685e-01
8.349578839283414711e-01
9.728398581113731902e-01
1.000000000000000000e+00
1.000000000000000000e+00
1.000000000000000000e+00
1.000000000000000000e+00
1.000000000000000000e+00
1.000000000000000000e+00
1.000000000000000000e+00
1.000000000000000000e+00
1.000000000000000000e+00
9.999999999999995559e-01
9.999999999999995559e-01
1.000000000000000000e+00
1.000000000000000000e+00
1.000000000000000000e+00
1.000000000000000000e+00
1.000000000000000000e+00
1.000000000000000000e+00
9.999999999999995559e-01
1.000000000000000000e+00
1.000000000000000000e+00
1.000000000000000000e+00
1.000000000000000000e+00
1.000000000000000000e+00
1.000000000000000000e+00
9.728398581113727461e-01
8.408754585351114752e-01
5.893262882547524173e-01
2.730412872093592735e-01
8.131920148521275260e-02
4.898645036471751049e-03
1.046648801804008338e-16
0.000000000000000000e+00
0.000000000000000000e+00
0.000000000000000000e+00
0.000000000000000000e+00
0.000000000000000000e+00
0.000000000000000000e+00
0.000000000000000000e+00
0.000000000000000000e+00
0.000000000000000000e+00
0.000000000000000000e+00
0.000000000000000000e+00
0.000000000000000000e+00
0.000000000000000000e+00
0.000000000000000000e+00
0.000000000000000000e+00
0.000000000000000000e+00
0.000000000000000000e+00
0.000000000000000000e+00
0.000000000000000000e+00
0.000000000000000000e+00
0.000000000000000000e+00
0.000000000000000000e+00
0.000000000000000000e+00
0.000000000000000000e+00
4.898645036471646098e-03
2.209663886060591470e-02
2.907303977109656351e-02
5.618259936125458154e-01
7.958274859951781632e-01
9.077098387887959641e-01
9.132126354867459161e-01
9.132126354867455831e-01
9.132126354867459161e-01
9.132126354867458051e-01
9.132126354867454721e-01
9.132126354867458051e-01
9.132126354867458051e-01
9.132126354867455831e-01
9.132126354867458051e-01
9.132126354867456941e-01
9.132126354867456941e-01
9.132126354867458051e-01
9.132126354867458051e-01
9.132126354867456941e-01
9.132126354867455831e-01
9.132126354867455831e-01
9.132126354867458051e-01
9.132126354867455831e-01
9.132126354867458051e-01
9.132126354867455831e-01
9.132126354867458051e-01
9.132126354867458051e-01
9.132126354867455831e-01
9.132126354867458051e-01
9.077098387887959641e-01
8.228024345024785857e-01
6.239505834866202472e-01
3.355078423004415056e-01
1.274089614958985872e-01
2.209663886060591470e-02
1.046648801804008338e-16
3.139946405412025136e-16
0.000000000000000000e+00
0.000000000000000000e+00
0.000000000000000000e+00
0.000000000000000000e+00
0.000000000000000000e+00
0.000000000000000000e+00
0.000000000000000000e+00
0.000000000000000000e+00
0.000000000000000000e+00
0.000000000000000000e+00
0.000000000000000000e+00
0.000000000000000000e+00
0.000000000000000000e+00
0.000000000000000000e+00
0.000000000000000000e+00
0.000000000000000000e+00
0.000000000000000000e+00
0.000000000000000000e+00
0.000000000000000000e+00
0.000000000000000000e+00
0.000000000000000000e+00
0.000000000000000000e+00
0.000000000000000000e+00
2.209663886060581062e-02
4.668353564160653002e-02
5.939075632112249259e-02
4.294817911463323923e-01
6.010995749549592482e-01
6.759988616744488921e-01
6.759988616744487810e-01
6.759988616744482259e-01
6.759988616744486700e-01
6.759988616744486700e-01
6.759988616744486700e-01
6.759988616744487810e-01
6.759988616744488921e-01
6.759988616744484480e-01
6.759988616744482259e-01
6.759988616744486700e-01
6.759988616744486700e-01
6.759988616744486700e-01
6.759988616744486700e-01
6.759988616744486700e-01
6.759988616744488921e-01
6.759988616744481149e-01
6.759988616744484480e-01
6.759988616744486700e-01
6.759988616744486700e-01
6.759988616744486700e-01
6.759988616744484480e-01
6.759988616744487810e-01
6.759988616744481149e-01
6.759988616744487810e-01
6.759988616744481149e-01
6.400213412410693525e-01
5.084995505634892776e-01
3.131316548338128336e-01
1.214777274559132592e-01
2.907303977109640739e-02
0.000000000000000000e+00
3.139946405412025136e-16
0.000000000000000000e+00
0.000000000000000000e+00
0.000000000000000000e+00
0.000000000000000000e+00
0.000000000000000000e+00
0.000000000000000000e+00
0.000000000000000000e+00
0.000000000000000000e+00
0.000000000000000000e+00
0.000000000000000000e+00
0.000000000000000000e+00
0.000000000000000000e+00
0.000000000000000000e+00
0.000000000000000000e+00
0.000000000000000000e+00
0.000000000000000000e+00
0.000000000000000000e+00
0.000000000000000000e+00
0.000000000000000000e+00
0.000000000000000000e+00
0.000000000000000000e+00
0.000000000000000000e+00
0.000000000000000000e+00
2.907303977109640739e-02
5.939075632112259667e-02
9.092120419771757001e-02
