9.398482713321122784e-17
9.398482713321122784e-17
9.398482713321122784e-17
9.398482713321122784e-17
0.000000000000000000e+00
4.583827262376610409e-03
2.553502251905815160e-02
7.727502781947470645e-02
1.879053822724055522e-01
3.445962046998022332e-01
5.300413519799557216e-01
6.415643044365073600e-01
6.809051044876567316e-01
6.809051044876567316e-01
6.809051044876570646e-01
6.809051044876569536e-01
6.809051044876570646e-01
6.809051044876567316e-01
6.415643044365073600e-01
5.300413519799557216e-01
3.445962046998022332e-01
1.879053822724055522e-01
7.727502781947476196e-02
2.553502251905824527e-02
4.583827262376610409e-03
9.398482713321122784e-17
9.398482713321122784e-17
9.398482713321122784e-17
0.000000000000000000e+00
2.734430831197984246e-02
1.107291582955804293e-01
2.786851767949827252e-01
4.679543126205948922e-01
6.136577750979985701e-01
6.742079379252550186e-01
6.809051044876569536e-01
6.809051044876567316e-01
6.809051044876567316e-01
6.809051044876563985e-01
6.415643044365072489e-01
5.300413519799559436e-01
3.378373132515576360e-01
1.613263034133362583e-01
4.736939658274545717e-02
4.583827262376610409e-03
9.398482713321122784e-17
4.583827262376610409e-03
4.736939658274545717e-02
1.613263034133363416e-01
3.378373132515576360e-01
5.300413519799557216e-01
6.415643044365072489e-01
6.809051044876567316e-01
6.809051044876567316e-01
6.809051044876570646e-01
6.809051044876570646e-01
6.742079379252550186e-01
6.136577750979985701e-01
4.679543126205947812e-01
2.786851767949827252e-01
1.107291582955802489e-01
9.398482713321122784e-17
9.398482713321122784e-17
0.000000000000000000e+00
9.398482713321122784e-17
4.583827262376422192e-03
4.736939658274536002e-02
1.277057804584879608e-01
2.608346000483455773e-01
4.388609897589651476e-01
6.554037953001976557e-01
8.060229986512174039e-01
8.934120147481218188e-01
9.174447195436813418e-01
9.174447195436813418e-01
9.174447195436813418e-01
9.174447195436813418e-01
9.174447195436813418e-01
9.174447195436815639e-01
8.934120147481218188e-01
8.060229986512174039e-01
6.554037953001974337e-01
4.388609897589651476e-01
2.608346000483456328e-01
1.277057804584880440e-01
4.736939658274545717e-02
4.583827262376610409e-03
0.000000000000000000e+00
0.000000000000000000e+00
0.000000000000000000e+00
2.075254319689890867e-02
9.751594593873130767e-02
2.632598963249307422e-01
5.157729914221937939e-01
7.351364930964593425e-01
8.628442558942333029e-01
9.121211968837380502e-01
9.174447195436810087e-01
9.174447195436811198e-01
9.174447195436813418e-01
8.934120147481214858e-01
8.060229986512170708e-01
6.250718364965989204e-01
3.680842103495948203e-01
1.613263034133363416e-01
4.736939658274545717e-02
9.212267827422005589e-03
4.736939658274545717e-02
1.613263034133362861e-01
3.680842103495948758e-01
6.250718364965989204e-01
8.060229986512170708e-01
8.934120147481217078e-01
9.174447195436813418e-01
9.174447195436813418e-01
9.174447195436811198e-01
9.121211968837380502e-01
8.628442558942333029e-01
7.351364930964593425e-01
5.157729914221937939e-01
2.632598963249307422e-01
9.751594593873130767e-02
9.398482713321122784e-17
9.398482713321122784e-17
4.583827262376610409e-03
2.553502251905815160e-02
7.727502781947470645e-02
1.879053822724054135e-01
3.445962046998021222e-01
5.611390102410345193e-01
7.391653999516543116e-01
8.722942195415120947e-01
9.526306034172543624e-01
9.954161727376233948e-01
9.999999999999996669e-01
9.999999999999996669e-01
1.000000000000000000e+00
9.999999999999997780e-01
9.999999999999997780e-01
9.999999999999996669e-01
9.954161727376233948e-01
9.526306034172543624e-01
8.722942195415117617e-01
7.391653999516544227e-01
5.611390102410348524e-01
3.445962046998022887e-01
1.879053822724055522e-01
7.727502781947476196e-02
2.553502251905805792e-02
4.583827262376515867e-03
9.398482713321122784e-17
4.583827262376610409e-03
4.736939658274545717e-02
1.613263034133363416e-01
3.749281635034008575e-01
6.621626867484422529e-01
8.722942195415119837e-01
9.744649774809419629e-01
1.000000000000000000e+00
1.000000000000000000e+00
9.999999999999996669e-01
9.954161727376230617e-01
9.526306034172545845e-01
8.386736965866635751e-01
6.250718364965989204e-01
3.378373132515578026e-01
1.277057804584879608e-01
5.239416546118794843e-02
1.277057804584879608e-01
3.378373132515578026e-01
6.250718364965993645e-01
8.386736965866635751e-01
9.526306034172545845e-01
9.954161727376230617e-01
1.000000000000000000e+00
9.999999999999997780e-01
1.000000000000000000e+00
9.744649774809419629e-01
8.722942195415120947e-01
6.621626867484422529e-01
3.749281635034008020e-01
1.613263034133359808e-01
4.736939658274536002e-02
9.398482713321122784e-17
9.398482713321122784e-17
2.553502251905815160e-02
9.548086823257719014e-02
2.324410080410927448e-01
4.318964573300867471e-01
6.554037953001974337e-01
8.120946177275943922e-01
9.227249721805252936e-01
9.744649774809417409e-01
9.954161727376236168e-01
1.000000000000000000e+00
9.999999999999996669e-01
1.000000000000000000e+00
9.999999999999996669e-01
1.000000000000000000e+00
1.000000000000000000e+00
9.999999999999996669e-01
9.999999999999996669e-01
9.954161727376233948e-01
9.744649774809417409e-01
9.227249721805252936e-01
8.120946177275946143e-01
6.554037953001976557e-01
4.318964573300869136e-01
2.324410080410930224e-01
9.548086823257709299e-02
2.553502251905815160e-02
0.000000000000000000e+00
0.000000000000000000e+00
4.583827262376610409e-03
4.736939658274526982e-02
1.879053822724055522e-01
4.388609897589654252e-01
7.391653999516539786e-01
9.227249721805255156e-01
9.954161727376231728e-01
9.999999999999997780e-01
9.999999999999996669e-01
1.000000000000000000e+00
9.954161727376236168e-01
9.476058345388120863e-01
7.785540392953076427e-01
4.892241240143448411e-01
1.962688029335044881e-01
1.031684338751153868e-01
1.962688029335044881e-01
4.892241240143448411e-01
7.785540392953076427e-01
9.476058345388120863e-01
9.954161727376233948e-01
1.000000000000000000e+00
1.000000000000000000e+00
9.999999999999997780e-01
9.954161727376233948e-01
9.227249721805255156e-01
7.391653999516543116e-01
4.388609897589652586e-01
1.879053822724055522e-01
4.736939658274536002e-02
4.583827262376515867e-03
9.398482713321122784e-17
4.583827262376610409e-03
7.727502781947470645e-02
2.324410080410928836e-01
4.894924481657022541e-01
7.101747198788525006e-01
8.722942195415117617e-01
9.526306034172545845e-01
9.954161727376233948e-01
1.000000000000000000e+00
9.999999999999996669e-01
1.000000000000000000e+00
1.000000000000000000e+00
1.000000000000000000e+00
1.000000000000000000e+00
1.000000000000000000e+00
1.000000000000000000e+00
1.000000000000000000e+00
9.999999999999997780e-01
9.999999999999996669e-01
9.999999999999996669e-01
9.954161727376230617e-01
9.526306034172546955e-01
8.722942195415120947e-01
7.101747198788528337e-01
4.894924481657025317e-01
2.324410080410929114e-01
7.727502781947470645e-02
4.583827262376515867e-03
0.000000000000000000e+00
1.879696542664224557e-16
4.583827262376610409e-03
7.727502781947447053e-02
2.608346000483456328e-01
5.611390102410345193e-01
8.120946177275943922e-01
9.526306034172545845e-01
9.954161727376230617e-01
1.000000000000000000e+00
9.999999999999996669e-01
1.000000000000000000e+00
9.696379290608008183e-01
8.143674447598107102e-01
5.204112583804629821e-01
2.023904205975155524e-01
1.031684338751153451e-01
2.023904205975155524e-01
5.204112583804629821e-01
8.143674447598107102e-01
9.696379290608012624e-01
1.000000000000000000e+00
9.999999999999996669e-01
1.000000000000000000e+00
9.954161727376230617e-01
9.526306034172546955e-01
8.120946177275942812e-01
5.611390102410347414e-01
2.608346000483456328e-01
7.727502781947460930e-02
4.583827262376610409e-03
0.000000000000000000e+00
4.583827262376704084e-03
4.736939658274526982e-02
1.879053822724057188e-01
4.318964573300867471e-01
7.101747198788528337e-01
8.913444058291162264e-01
9.744649774809419629e-01
9.954161727376233948e-01
1.000000000000000000e+00
9.999999999999997780e-01
1.000000000000000000e+00
1.000000000000000000e+00
9.999999999999996669e-01
1.000000000000000000e+00
1.000000000000000000e+00
1.000000000000000000e+00
1.000000000000000000e+00
1.000000000000000000e+00
1.000000000000000000e+00
1.000000000000000000e+00
9.999999999999996669e-01
1.000000000000000000e+00
9.954161727376233948e-01
9.744649774809419629e-01
8.913444058291164485e-01
7.101747198788529447e-01
4.318964573300866361e-01
1.879053822724057188e-01
4.736939658274545717e-02
4.583827262376515867e-03
0.000000000000000000e+00
1.879696542664224557e-16
2.553502251905805792e-02
1.277057804584878498e-01
3.378373132515578026e-01
6.250718364965993645e-01
8.386736965866634641e-01
9.526306034172546955e-01
9.954161727376233948e-01
9.999999999999996669e-01
9.954161727376236168e-01
9.227249721805252936e-01
7.327042047568531613e-01
4.079283260491442520e-01
1.532673312821841438e-01
5.239416546118794843e-02
1.532673312821841438e-01
4.079283260491442520e-01
7.327042047568536054e-01
9.227249721805252936e-01
9.954161727376233948e-01
9.999999999999997780e-01
9.954161727376236168e-01
9.526306034172545845e-01
8.386736965866635751e-01
6.250718364965993645e-01
3.378373132515578026e-01
1.277057804584880996e-01
2.553502251905815160e-02
0.000000000000000000e+00
0.000000000000000000e+00
2.553502251905815160e-02
1.277057804584880440e-01
3.445962046998022332e-01
6.554037953001976557e-01
8.722942195415120947e-01
9.744649774809419629e-01
9.999999999999997780e-01
1.000000000000000000e+00
1.000000000000000000e+00
1.000000000000000000e+00
9.999999999999996669e-01
1.000000000000000000e+00
1.000000000000000000e+00
1.000000000000000000e+00
1.000000000000000000e+00
1.000000000000000000e+00
1.000000000000000000e+00
9.999999999999997780e-01
1.000000000000000000e+00
9.999999999999996669e-01
9.999999999999996669e-01
1.000000000000000000e+00
9.999999999999997780e-01
1.000000000000000000e+00
9.744649774809419629e-01
8.722942195415123168e-01
6.554037953001976557e-01
3.445962046998022332e-01
1.277057804584879608e-01
2.553502251905824527e-02
1.879696542664224557e-16
9.398482713321122784e-17
4.583827262376422192e-03
4.736939658274545717e-02
1.613263034133362583e-01
3.749281635034010240e-01
6.621626867484422529e-01
8.722942195415117617e-01
9.744649774809415188e-01
9.954161727376236168e-01
9.526306034172545845e-01
8.120946177275946143e-01
5.611390102410344083e-01
2.608346000483455773e-01
7.727502781947470645e-02
9.212267827422005589e-03
7.727502781947470645e-02
2.608346000483455773e-01
5.611390102410346303e-01
8.120946177275942812e-01
9.526306034172545845e-01
9.954161727376236168e-01
9.744649774809419629e-01
8.722942195415117617e-01
6.621626867484422529e-01
3.749281635034010240e-01
1.613263034133362861e-01
4.736939658274536002e-02
4.583827262376515867e-03
0.000000000000000000e+00
9.398482713321122784e-17
7.727502781947476196e-02
2.608346000483455773e-01
5.611390102410348524e-01
8.120946177275946143e-01
9.526306034172543624e-01
9.954161727376233948e-01
9.999999999999996669e-01
1.000000000000000000e+00
9.999999999999996669e-01
1.000000000000000000e+00
9.999999999999996669e-01
1.000000000000000000e+00
9.999999999999997780e-01
1.000000000000000000e+00
1.000000000000000000e+00
1.000000000000000000e+00
9.999999999999997780e-01
1.000000000000000000e+00
9.999999999999996669e-01
9.999999999999996669e-01
9.999999999999996669e-01
1.000000000000000000e+00
1.000000000000000000e+00
9.999999999999996669e-01
9.954161727376236168e-01
9.526306034172546955e-01
8.120946177275943922e-01
5.611390102410347414e-01
2.608346000483455773e-01
7.727502781947433175e-02
4.583827262376610409e-03
0.000000000000000000e+00
9.398482713321122784e-17
4.583827262376515867e-03
4.736939658274536002e-02
1.879053822724052747e-01
4.388609897589653142e-01
7.391653999516543116e-01
9.174447195436813418e-01
9.476058345388120863e-01
8.386736965866639082e-01
6.250718364965993645e-01
3.378373132515576360e-01
1.277057804584879608e-01
2.553502251905815160e-02
0.000000000000000000e+00
2.553502251905815160e-02
1.277057804584879608e-01
3.378373132515576360e-01
6.250718364965993645e-01
8.386736965866639082e-01
9.476058345388118642e-01
9.174447195436813418e-01
7.391653999516545337e-01
4.388609897589653142e-01
1.879053822724054135e-01
4.736939658274545717e-02
4.583827262376422192e-03
1.879696542664224557e-16
1.879696542664224557e-16
0.000000000000000000e+00
1.879053822724055245e-01
4.388609897589657027e-01
7.391653999516544227e-01
9.227249721805252936e-01
9.954161727376233948e-01
1.000000000000000000e+00
9.999999999999997780e-01
1.000000000000000000e+00
1.000000000000000000e+00
9.999999999999997780e-01
1.000000000000000000e+00
1.000000000000000000e+00
1.000000000000000000e+00
1.000000000000000000e+00
1.000000000000000000e+00
1.000000000000000000e+00
1.000000000000000000e+00
1.000000000000000000e+00
9.999999999999997780e-01
1.000000000000000000e+00
9.999999999999996669e-01
1.000000000000000000e+00
1.000000000000000000e+00
9.999999999999996669e-01
1.000000000000000000e+00
9.954161727376233948e-01
9.227249721805252936e-01
7.391653999516543116e-01
4.388609897589650366e-01
1.879053822724049971e-01
4.736939658274545717e-02
4.583827262376610409e-03
0.000000000000000000e+00
0.000000000000000000e+00
4.583827262376515867e-03
7.727502781947470645e-02
2.672957952431463391e-01
5.920716739508555815e-01
8.143674447598109323e-01
8.408828213968009280e-01
6.621626867484422529e-01
3.749281635034006910e-01
1.613263034133362583e-01
4.736939658274545717e-02
4.583827262376610409e-03
9.398482713321122784e-17
4.583827262376610409e-03
4.736939658274536002e-02
1.613263034133362861e-01
3.749281635034008020e-01
6.621626867484422529e-01
8.408828213968007059e-01
8.143674447598112653e-01
5.920716739508555815e-01
2.672957952431465056e-01
7.727502781947470645e-02
4.583827262376515867e-03
9.398482713321122784e-17
0.000000000000000000e+00
0.000000000000000000e+00
0.000000000000000000e+00
3.445962046998024553e-01
6.554037953001978778e-01
8.722942195415120947e-01
9.744649774809419629e-01
9.999999999999996669e-01
9.999999999999996669e-01
1.000000000000000000e+00
1.000000000000000000e+00
1.000000000000000000e+00
1.000000000000000000e+00
1.000000000000000000e+00
1.000000000000000000e+00
9.999999999999996669e-01
9.999999999999996669e-01
9.999999999999996669e-01
9.999999999999996669e-01
9.999999999999996669e-01
9.999999999999996669e-01
1.000000000000000000e+00
1.000000000000000000e+00
9.999999999999996669e-01
1.000000000000000000e+00
1.000000000000000000e+00
1.000000000000000000e+00
9.999999999999997780e-01
1.000000000000000000e+00
9.744649774809419629e-01
8.722942195415119837e-01
6.554037953001974337e-01
3.445962046998022887e-01
1.277057804584880996e-01
2.553502251905796425e-02
0.000000000000000000e+00
0.000000000000000000e+00
0.000000000000000000e+00
2.553502251905815160e-02
1.591171786031990998e-01
4.388609897589653142e-01
6.969745269469850291e-01
7.035877583979714966e-01
4.699586480200444449e-01
1.939770013487827349e-01
4.736939658274536002e-02
4.583827262376610409e-03
9.398482713321122784e-17
9.398482713321122784e-17
9.398482713321122784e-17
4.583827262376610409e-03
4.736939658274536002e-02
1.939770013487828459e-01
4.699586480200443894e-01
7.035877583979711636e-01
6.969745269469850291e-01
4.388609897589652586e-01
1.591171786031990443e-01
2.553502251905824527e-02
0.000000000000000000e+00
0.000000000000000000e+00
0.000000000000000000e+00
9.398482713321122784e-17
0.000000000000000000e+00
5.300413519799557216e-01
8.060229986512170708e-01
9.526306034172545845e-01
9.954161727376236168e-01
9.999999999999996669e-01
9.999999999999996669e-01
1.000000000000000000e+00
1.000000000000000000e+00
1.000000000000000000e+00
9.999999999999996669e-01
1.000000000000000000e+00
1.000000000000000000e+00
1.000000000000000000e+00
1.000000000000000000e+00
1.000000000000000000e+00
1.000000000000000000e+00
1.000000000000000000e+00
1.000000000000000000e+00
1.000000000000000000e+00
1.000000000000000000e+00
9.999999999999997780e-01
1.000000000000000000e+00
9.999999999999997780e-01
1.000000000000000000e+00
1.000000000000000000e+00
9.999999999999997780e-01
9.954161727376233948e-01
9.526306034172545845e-01
8.060229986512170708e-01
5.300413519799557216e-01
2.237965974588443097e-01
5.429442845794889977e-02
0.000000000000000000e+00
0.000000000000000000e+00
0.000000000000000000e+00
4.583827262376422192e-03
1.065879852518781951e-01
3.584356955634925290e-01
6.041786866242364606e-01
6.041786866242364606e-01
3.584356955634928066e-01
1.065879852518781534e-01
4.583827262376515867e-03
9.398482713321122784e-17
9.398482713321122784e-17
1.879696542664224557e-16
9.398482713321122784e-17
9.398482713321122784e-17
4.583827262376610409e-03
1.065879852518782922e-01
3.584356955634926956e-01
6.041786866242360166e-01
6.041786866242365717e-01
3.584356955634926400e-01
1.065879852518781951e-01
4.583827262376610409e-03
0.000000000000000000e+00
0.000000000000000000e+00
0.000000000000000000e+00
0.000000000000000000e+00
0.000000000000000000e+00
6.415643044365073600e-01
8.934120147481218188e-01
9.954161727376233948e-01
1.000000000000000000e+00
1.000000000000000000e+00
1.000000000000000000e+00
1.000000000000000000e+00
9.999999999999997780e-01
1.000000000000000000e+00
9.999999999999997780e-01
1.000000000000000000e+00
1.000000000000000000e+00
9.999999999999997780e-01
9.999999999999996669e-01
1.000000000000000000e+00
1.000000000000000000e+00
9.999999999999997780e-01
9.999999999999997780e-01
1.000000000000000000e+00
1.000000000000000000e+00
9.999999999999997780e-01
9.999999999999997780e-01
1.000000000000000000e+00
1.000000000000000000e+00
1.000000000000000000e+00
1.000000000000000000e+00
9.999999999999997780e-01
9.954161727376231728e-01
8.934120147481220409e-01
6.415643044365075820e-01
2.895734756261542642e-01
7.727502781947447053e-02
0.000000000000000000e+00
0.000000000000000000e+00
0.000000000000000000e+00
0.000000000000000000e+00
8.255528045631861656e-02
3.190948955123431019e-01
5.663758436725833123e-01
5.663758436725832013e-01
3.190948955123431019e-01
8.255528045631861656e-02
0.000000000000000000e+00
9.398482713321122784e-17
9.398482713321122784e-17
1.879696542664224557e-16
9.398482713321122784e-17
9.398482713321122784e-17
9.398482713321122784e-17
8.255528045631876921e-02
3.190948955123431019e-01
5.663758436725829792e-01
5.663758436725834233e-01
3.190948955123431574e-01
8.255528045631871370e-02
9.398482713321122784e-17
0.000000000000000000e+00
0.000000000000000000e+00
0.000000000000000000e+00
0.000000000000000000e+00
0.000000000000000000e+00
6.809051044876567316e-01
9.174447195436813418e-01
1.000000000000000000e+00
1.000000000000000000e+00
1.000000000000000000e+00
1.000000000000000000e+00
1.000000000000000000e+00
1.000000000000000000e+00
1.000000000000000000e+00
1.000000000000000000e+00
9.999999999999997780e-01
1.000000000000000000e+00
1.000000000000000000e+00
1.000000000000000000e+00
1.000000000000000000e+00
1.000000000000000000e+00
1.000000000000000000e+00
1.000000000000000000e+00
1.000000000000000000e+00
1.000000000000000000e+00
1.000000000000000000e+00
1.000000000000000000e+00
1.000000000000000000e+00
9.999999999999997780e-01
1.000000000000000000e+00
1.000000000000000000e+00
1.000000000000000000e+00
1.000000000000000000e+00
9.174447195436813418e-01
6.809051044876567316e-01
3.190948955123431574e-01
8.255528045631861656e-02
0.000000000000000000e+00
0.000000000000000000e+00
9.398482713321122784e-17
0.000000000000000000e+00
8.255528045631871370e-02
3.190948955123431019e-01
5.663758436725832013e-01
5.663758436725832013e-01
3.190948955123433795e-01
8.255528045631861656e-02
0.000000000000000000e+00
9.398482713321122784e-17
9.398482713321122784e-17
9.398482713321122784e-17
9.398482713321122784e-17
9.398482713321122784e-17
1.879696542664224557e-16
8.255528045631876921e-02
3.190948955123431019e-01
5.663758436725829792e-01
5.663758436725832013e-01
3.190948955123431019e-01
8.255528045631861656e-02
9.398482713321122784e-17
0.000000000000000000e+00
0.000000000000000000e+00
0.000000000000000000e+00
0.000000000000000000e+00
0.000000000000000000e+00
6.809051044876566205e-01
9.174447195436813418e-01
9.999999999999997780e-01
9.999999999999997780e-01
1.000000000000000000e+00
9.999999999999996669e-01
1.000000000000000000e+00
1.000000000000000000e+00
1.000000000000000000e+00
1.000000000000000000e+00
1.000000000000000000e+00
1.000000000000000000e+00
1.000000000000000000e+00
1.000000000000000000e+00
1.000000000000000000e+00
1.000000000000000000e+00
1.000000000000000000e+00
1.000000000000000000e+00
9.999999999999997780e-01
1.000000000000000000e+00
1.000000000000000000e+00
9.999999999999997780e-01
9.999999999999997780e-01
9.999999999999996669e-01
9.999999999999997780e-01
1.000000000000000000e+00
9.999999999999996669e-01
9.999999999999996669e-01
9.174447195436807867e-01
6.809051044876563985e-01
3.190948955123431019e-01
8.255528045631861656e-02
0.000000000000000000e+00
0.000000000000000000e+00
9.398482713321122784e-17
9.398482713321122784e-17
8.255528045631871370e-02
3.190948955123429909e-01
5.663758436725830903e-01
5.663758436725833123e-01
3.190948955123431574e-01
8.255528045631861656e-02
0.000000000000000000e+00
9.398482713321122784e-17
0.000000000000000000e+00
9.398482713321122784e-17
9.398482713321122784e-17
9.398482713321122784e-17
9.398482713321122784e-17
8.255528045631876921e-02
3.190948955123431019e-01
5.663758436725829792e-01
5.663758436725832013e-01
3.190948955123431019e-01
8.255528045631871370e-02
1.879696542664224557e-16
0.000000000000000000e+00
0.000000000000000000e+00
0.000000000000000000e+00
0.000000000000000000e+00
0.000000000000000000e+00
6.809051044876567316e-01
9.174447195436813418e-01
1.000000000000000000e+00
1.000000000000000000e+00
1.000000000000000000e+00
1.000000000000000000e+00
1.000000000000000000e+00
9.999999999999996669e-01
1.000000000000000000e+00
9.999999999999997780e-01
1.000000000000000000e+00
1.000000000000000000e+00
1.000000000000000000e+00
9.999999999999997780e-01
9.999999999999997780e-01
1.000000000000000000e+00
1.000000000000000000e+00
9.999999999999997780e-01
1.000000000000000000e+00
1.000000000000000000e+00
9.999999999999996669e-01
1.000000000000000000e+00
9.999999999999997780e-01
9.999999999999997780e-01
1.000000000000000000e+00
1.000000000000000000e+00
1.000000000000000000e+00
9.999999999999996669e-01
9.174447195436811198e-01
6.809051044876567316e-01
3.190948955123431019e-01
8.255528045631876921e-02
0.000000000000000000e+00
0.000000000000000000e+00
0.000000000000000000e+00
0.000000000000000000e+00
8.255528045631871370e-02
3.190948955123431019e-01
5.663758436725832013e-01
5.663758436725829792e-01
3.190948955123432684e-01
8.255528045631861656e-02
0.000000000000000000e+00
9.398482713321122784e-17
0.000000000000000000e+00
9.398482713321122784e-17
9.398482713321122784e-17
9.398482713321122784e-17
9.398482713321122784e-17
8.255528045631871370e-02
3.190948955123431019e-01
5.663758436725829792e-01
5.663758436725832013e-01
3.190948955123431019e-01
8.255528045631871370e-02
1.879696542664224557e-16
0.000000000000000000e+00
0.000000000000000000e+00
0.000000000000000000e+00
0.000000000000000000e+00
0.000000000000000000e+00
6.809051044876567316e-01
9.174447195436811198e-01
1.000000000000000000e+00
1.000000000000000000e+00
1.000000000000000000e+00
9.999999999999997780e-01
1.000000000000000000e+00
1.000000000000000000e+00
1.000000000000000000e+00
9.999999999999997780e-01
1.000000000000000000e+00
1.000000000000000000e+00
1.000000000000000000e+00
1.000000000000000000e+00
1.000000000000000000e+00
1.000000000000000000e+00
1.000000000000000000e+00
1.000000000000000000e+00
1.000000000000000000e+00
1.000000000000000000e+00
1.000000000000000000e+00
9.999999999999997780e-01
1.000000000000000000e+00
1.000000000000000000e+00
9.999999999999997780e-01
1.000000000000000000e+00
9.999999999999996669e-01
1.000000000000000000e+00
9.174447195436811198e-01
6.809051044876566205e-01
3.190948955123429354e-01
8.255528045631871370e-02
0.000000000000000000e+00
0.000000000000000000e+00
9.398482713321122784e-17
0.000000000000000000e+00
8.255528045631871370e-02
3.190948955123431019e-01
5.663758436725833123e-01
5.663758436725832013e-01
3.190948955123433795e-01
8.255528045631861656e-02
0.000000000000000000e+00
9.398482713321122784e-17
9.398482713321122784e-17
9.398482713321122784e-17
9.398482713321122784e-17
9.398482713321122784e-17
9.398482713321122784e-17
8.255528045631876921e-02
3.190948955123431574e-01
5.663758436725829792e-01
5.663758436725832013e-01
3.190948955123431574e-01
8.255528045631861656e-02
9.398482713321122784e-17
0.000000000000000000e+00
0.000000000000000000e+00
0.000000000000000000e+00
0.000000000000000000e+00
0.000000000000000000e+00
6.809051044876567316e-01
9.174447195436813418e-01
9.999999999999996669e-01
9.999999999999997780e-01
1.000000000000000000e+00
9.999999999999997780e-01
1.000000000000000000e+00
9.999999999999996669e-01
9.999999999999997780e-01
9.999999999999996669e-01
1.000000000000000000e+00
9.999999999999997780e-01
9.999999999999996669e-01
1.000000000000000000e+00
9.999999999999996669e-01
1.000000000000000000e+00
1.000000000000000000e+00
9.999999999999996669e-01
9.999999999999996669e-01
1.000000000000000000e+00
9.999999999999996669e-01
1.000000000000000000e+00
1.000000000000000000e+00
1.000000000000000000e+00
1.000000000000000000e+00
1.000000000000000000e+00
1.000000000000000000e+00
9.999999999999996669e-01
9.174447195436810087e-01
6.809051044876567316e-01
3.190948955123431019e-01
8.255528045631861656e-02
0.000000000000000000e+00
0.000000000000000000e+00
9.398482713321122784e-17
9.398482713321122784e-17
8.255528045631871370e-02
3.190948955123431574e-01
5.663758436725829792e-01
5.663758436725830903e-01
3.190948955123432684e-01
8.255528045631861656e-02
0.000000000000000000e+00
9.398482713321122784e-17
9.398482713321122784e-17
9.398482713321122784e-17
9.398482713321122784e-17
9.398482713321122784e-17
9.398482713321122784e-17
8.255528045631876921e-02
3.190948955123431019e-01
5.663758436725828682e-01
5.663758436725832013e-01
3.190948955123432684e-01
8.255528045631861656e-02
1.879696542664224557e-16
0.000000000000000000e+00
0.000000000000000000e+00
0.000000000000000000e+00
0.000000000000000000e+00
0.000000000000000000e+00
6.809051044876567316e-01
9.174447195436813418e-01
1.000000000000000000e+00
1.000000000000000000e+00
1.000000000000000000e+00
1.000000000000000000e+00
1.000000000000000000e+00
9.999999999999997780e-01
1.000000000000000000e+00
1.000000000000000000e+00
9.999999999999996669e-01
9.999999999999996669e-01
1.000000000000000000e+00
1.000000000000000000e+00
1.000000000000000000e+00
1.000000000000000000e+00
1.000000000000000000e+00
1.000000000000000000e+00
9.999999999999996669e-01
1.000000000000000000e+00
1.000000000000000000e+00
9.999999999999996669e-01
1.000000000000000000e+00
9.999999999999996669e-01
1.000000000000000000e+00
1.000000000000000000e+00
9.999999999999997780e-01
1.000000000000000000e+00
9.174447195436810087e-01
6.809051044876569536e-01
3.190948955123431019e-01
8.255528045631871370e-02
0.000000000000000000e+00
0.000000000000000000e+00
1.879696542664224557e-16
9.398482713321122784e-17
8.255528045631871370e-02
3.190948955123431019e-01
5.663758436725832013e-01
5.663758436725829792e-01
3.190948955123431574e-01
8.255528045631861656e-02
0.000000000000000000e+00
0.000000000000000000e+00
9.398482713321122784e-17
9.398482713321122784e-17
9.398482713321122784e-17
9.398482713321122784e-17
9.398482713321122784e-17
8.255528045631885248e-02
3.190948955123431019e-01
5.663758436725826462e-01
5.663758436725830903e-01
3.190948955123432684e-01
8.255528045631861656e-02
1.879696542664224557e-16
0.000000000000000000e+00
0.000000000000000000e+00
9.398482713321122784e-17
0.000000000000000000e+00
0.000000000000000000e+00
6.415643044365070269e-01
8.934120147481220409e-01
9.954161727376233948e-01
1.000000000000000000e+00
1.000000000000000000e+00
1.000000000000000000e+00
9.999999999999996669e-01
1.000000000000000000e+00
1.000000000000000000e+00
9.999999999999996669e-01
1.000000000000000000e+00
1.000000000000000000e+00
9.999999999999997780e-01
9.999999999999997780e-01
9.999999999999997780e-01
1.000000000000000000e+00
9.999999999999997780e-01
9.999999999999996669e-01
1.000000000000000000e+00
1.000000000000000000e+00
9.999999999999996669e-01
9.999999999999996669e-01
9.999999999999997780e-01
9.999999999999997780e-01
9.999999999999996669e-01
1.000000000000000000e+00
1.000000000000000000e+00
9.954161727376231728e-01
8.934120147481212637e-01
6.415643044365072489e-01
2.895734756261542642e-01
7.727502781947470645e-02
0.000000000000000000e+00
0.000000000000000000e+00
1.879696542664224557e-16
1.879696542664224557e-16
8.255528045631876921e-02
3.190948955123431019e-01
5.663758436725833123e-01
5.663758436725829792e-01
3.190948955123431574e-01
8.255528045631861656e-02
0.000000000000000000e+00
9.398482713321122784e-17
9.398482713321122784e-17
9.398482713321122784e-17
9.398482713321122784e-17
9.398482713321122784e-17
9.398482713321122784e-17
8.255528045631876921e-02
3.190948955123431574e-01
5.663758436725828682e-01
5.663758436725832013e-01
3.190948955123431574e-01
8.255528045631876921e-02
1.879696542664224557e-16
0.000000000000000000e+00
0.000000000000000000e+00
0.000000000000000000e+00
0.000000000000000000e+00
0.000000000000000000e+00
5.300413519799553885e-01
8.060229986512172928e-01
9.526306034172543624e-01
9.954161727376233948e-01
9.999999999999997780e-01
9.999999999999996669e-01
9.999999999999996669e-01
9.999999999999997780e-01
1.000000000000000000e+00
9.999999999999996669e-01
9.999999999999996669e-01
1.000000000000000000e+00
9.999999999999996669e-01
9.999999999999997780e-01
1.000000000000000000e+00
1.000000000000000000e+00
1.000000000000000000e+00
1.000000000000000000e+00
1.000000000000000000e+00
9.999999999999996669e-01
9.999999999999996669e-01
9.999999999999996669e-01
1.000000000000000000e+00
1.000000000000000000e+00
9.999999999999996669e-01
1.000000000000000000e+00
9.954161727376233948e-01
9.526306034172545845e-01
8.060229986512170708e-01
5.300413519799554996e-01
2.237965974588443929e-01
5.429442845794927447e-02
0.000000000000000000e+00
0.000000000000000000e+00
0.000000000000000000e+00
4.583827262376610409e-03
1.065879852518781951e-01
3.584356955634926956e-01
6.041786866242364606e-01
6.041786866242365717e-01
3.584356955634928066e-01
1.065879852518781951e-01
4.583827262376515867e-03
9.398482713321122784e-17
9.398482713321122784e-17
1.879696542664224557e-16
9.398482713321122784e-17
9.398482713321122784e-17
4.583827262376610409e-03
1.065879852518784310e-01
3.584356955634928066e-01
6.041786866242363496e-01
6.041786866242365717e-01
3.584356955634928066e-01
1.065879852518781534e-01
4.583827262376704084e-03
0.000000000000000000e+00
0.000000000000000000e+00
0.000000000000000000e+00
0.000000000000000000e+00
0.000000000000000000e+00
3.445962046998021222e-01
6.554037953001974337e-01
8.722942195415117617e-01
9.744649774809419629e-01
1.000000000000000000e+00
9.999999999999996669e-01
9.999999999999996669e-01
9.999999999999996669e-01
9.999999999999996669e-01
9.999999999999996669e-01
9.999999999999996669e-01
1.000000000000000000e+00
1.000000000000000000e+00
1.000000000000000000e+00
1.000000000000000000e+00
1.000000000000000000e+00
1.000000000000000000e+00
1.000000000000000000e+00
1.000000000000000000e+00
1.000000000000000000e+00
9.999999999999997780e-01
9.999999999999996669e-01
9.999999999999996669e-01
9.999999999999997780e-01
9.999999999999996669e-01
1.000000000000000000e+00
9.744649774809419629e-01
8.722942195415117617e-01
6.554037953001973227e-01
3.445962046998021222e-01
1.277057804584878220e-01
2.553502251905815160e-02
0.000000000000000000e+00
0.000000000000000000e+00
0.000000000000000000e+00
2.553502251905815160e-02
1.591171786031990443e-01
4.388609897589651476e-01
6.969745269469850291e-01
7.035877583979712746e-01
4.699586480200444449e-01
1.939770013487827349e-01
4.736939658274536002e-02
4.583827262376610409e-03
9.398482713321122784e-17
9.398482713321122784e-17
9.398482713321122784e-17
4.583827262376610409e-03
4.736939658274536002e-02
1.939770013487827349e-01
4.699586480200442784e-01
7.035877583979714966e-01
6.969745269469853621e-01
4.388609897589652586e-01
1.591171786031989610e-01
2.553502251905824527e-02
0.000000000000000000e+00
0.000000000000000000e+00
9.398482713321122784e-17
0.000000000000000000e+00
0.000000000000000000e+00
1.879053822724055522e-01
4.388609897589652586e-01
7.391653999516540896e-01
9.227249721805255156e-01
9.954161727376233948e-01
9.999999999999996669e-01
9.999999999999996669e-01
9.999999999999996669e-01
1.000000000000000000e+00
9.999999999999996669e-01
1.000000000000000000e+00
1.000000000000000000e+00
1.000000000000000000e+00
1.000000000000000000e+00
1.000000000000000000e+00
1.000000000000000000e+00
9.999999999999997780e-01
1.000000000000000000e+00
9.999999999999996669e-01
1.000000000000000000e+00
9.999999999999996669e-01
1.000000000000000000e+00
9.999999999999996669e-01
1.000000000000000000e+00
9.999999999999996669e-01
9.954161727376233948e-01
9.227249721805252936e-01
7.391653999516540896e-01
4.388609897589648701e-01
1.879053822724055245e-01
4.736939658274536002e-02
4.583827262376515867e-03
0.000000000000000000e+00
0.000000000000000000e+00
4.583827262376610409e-03
7.727502781947460930e-02
2.672957952431463946e-01
5.920716739508555815e-01
8.143674447598109323e-01
8.408828213968007059e-01
6.621626867484421419e-01
3.749281635034006910e-01
1.613263034133361196e-01
4.736939658274536002e-02
4.583827262376610409e-03
9.398482713321122784e-17
4.583827262376610409e-03
4.736939658274536002e-02
1.613263034133362583e-01
3.749281635034008020e-01
6.621626867484421419e-01
8.408828213968007059e-01
8.143674447598110433e-01
5.920716739508555815e-01
2.672957952431464501e-01
7.727502781947470645e-02
4.583827262376422192e-03
0.000000000000000000e+00
9.398482713321122784e-17
0.000000000000000000e+00
0.000000000000000000e+00
7.727502781947470645e-02
2.608346000483455773e-01
5.611390102410344083e-01
8.120946177275946143e-01
9.526306034172545845e-01
9.954161727376231728e-01
9.999999999999997780e-01
9.999999999999997780e-01
9.999999999999996669e-01
9.999999999999996669e-01
1.000000000000000000e+00
1.000000000000000000e+00
9.999999999999996669e-01
9.999999999999996669e-01
9.999999999999996669e-01
9.999999999999996669e-01
1.000000000000000000e+00
9.999999999999996669e-01
9.999999999999996669e-01
1.000000000000000000e+00
9.999999999999996669e-01
9.999999999999996669e-01
1.000000000000000000e+00
9.999999999999997780e-01
9.954161727376233948e-01
9.526306034172545845e-01
8.120946177275943922e-01
5.611390102410344083e-01
2.608346000483454663e-01
7.727502781947460930e-02
4.583827262376422192e-03
0.000000000000000000e+00
0.000000000000000000e+00
4.583827262376422192e-03
4.736939658274526982e-02
1.879053822724053302e-01
4.388609897589652586e-01
7.391653999516543116e-01
9.174447195436813418e-01
9.476058345388120863e-01
8.386736965866639082e-01
6.250718364965989204e-01
3.378373132515574140e-01
1.277057804584879608e-01
2.553502251905815160e-02
9.398482713321122784e-17
2.553502251905815160e-02
1.277057804584879608e-01
3.378373132515576360e-01
6.250718364965989204e-01
8.386736965866635751e-01
9.476058345388116422e-01
9.174447195436813418e-01
7.391653999516543116e-01
4.388609897589652586e-01
1.879053822724054135e-01
4.736939658274526982e-02
4.583827262376515867e-03
0.000000000000000000e+00
0.000000000000000000e+00
0.000000000000000000e+00
2.553502251905833895e-02
1.277057804584880996e-01
3.445962046998024553e-01
6.554037953001978778e-01
8.722942195415119837e-01
9.744649774809419629e-01
1.000000000000000000e+00
9.999999999999996669e-01
1.000000000000000000e+00
9.999999999999996669e-01
1.000000000000000000e+00
9.999999999999997780e-01
9.999999999999997780e-01
1.000000000000000000e+00
1.000000000000000000e+00
9.999999999999997780e-01
1.000000000000000000e+00
9.999999999999996669e-01
9.999999999999996669e-01
1.000000000000000000e+00
1.000000000000000000e+00
1.000000000000000000e+00
9.999999999999997780e-01
1.000000000000000000e+00
9.744649774809419629e-01
8.722942195415123168e-01
6.554037953001976557e-01
3.445962046998021222e-01
1.277057804584877110e-01
2.553502251905815160e-02
0.000000000000000000e+00
9.398482713321122784e-17
4.583827262376610409e-03
4.736939658274536002e-02
1.613263034133361196e-01
3.749281635034008020e-01
6.621626867484421419e-01
8.722942195415117617e-01
9.744649774809419629e-01
9.954161727376233948e-01
9.526306034172545845e-01
8.120946177275946143e-01
5.611390102410344083e-01
2.608346000483455773e-01
7.727502781947460930e-02
9.212267827422005589e-03
7.727502781947470645e-02
2.608346000483455773e-01
5.611390102410347414e-01
8.120946177275946143e-01
9.526306034172545845e-01
9.954161727376233948e-01
9.744649774809417409e-01
8.722942195415117617e-01
6.621626867484421419e-01
3.749281635034008020e-01
1.613263034133361196e-01
4.736939658274536002e-02
4.583827262376610409e-03
0.000000000000000000e+00
0.000000000000000000e+00
4.583827262376610409e-03
4.736939658274536002e-02
1.879053822724053302e-01
4.318964573300871912e-01
7.101747198788528337e-01
8.913444058291161154e-01
9.744649774809419629e-01
9.954161727376233948e-01
1.000000000000000000e+00
1.000000000000000000e+00
1.000000000000000000e+00
9.999999999999996669e-01
9.999999999999996669e-01
9.999999999999997780e-01
9.999999999999996669e-01
1.000000000000000000e+00
1.000000000000000000e+00
9.999999999999996669e-01
9.999999999999996669e-01
1.000000000000000000e+00
1.000000000000000000e+00
9.999999999999997780e-01
9.954161727376233948e-01
9.744649774809419629e-01
8.913444058291164485e-01
7.101747198788531668e-01
4.318964573300873022e-01
1.879053822724053302e-01
4.736939658274526982e-02
4.583827262376515867e-03
9.398482713321122784e-17
9.398482713321122784e-17
2.553502251905805792e-02
1.277057804584878498e-01
3.378373132515576360e-01
6.250718364965989204e-01
8.386736965866633531e-01
9.526306034172545845e-01
9.954161727376233948e-01
9.999999999999997780e-01
9.954161727376236168e-01
9.227249721805252936e-01
7.327042047568533834e-01
4.079283260491442520e-01
1.532673312821841438e-01
5.239416546118794843e-02
1.532673312821842826e-01
4.079283260491442520e-01
7.327042047568537164e-01
9.227249721805252936e-01
9.954161727376233948e-01
1.000000000000000000e+00
9.954161727376233948e-01
9.526306034172545845e-01
8.386736965866634641e-01
6.250718364965993645e-01
3.378373132515575250e-01
1.277057804584879608e-01
2.553502251905824527e-02
9.398482713321122784e-17
9.398482713321122784e-17
9.398482713321122784e-17
4.583827262376610409e-03
7.727502781947484523e-02
2.324410080410930224e-01
4.894924481657024207e-01
7.101747198788528337e-01
8.722942195415120947e-01
9.526306034172545845e-01
9.954161727376233948e-01
9.999999999999996669e-01
9.999999999999996669e-01
9.999999999999996669e-01
1.000000000000000000e+00
1.000000000000000000e+00
9.999999999999996669e-01
1.000000000000000000e+00
9.999999999999996669e-01
9.999999999999996669e-01
9.999999999999996669e-01
9.999999999999996669e-01
9.999999999999996669e-01
9.954161727376231728e-01
9.526306034172545845e-01
8.722942195415120947e-01
7.101747198788528337e-01
4.894924481657026427e-01
2.324410080410928281e-01
7.727502781947484523e-02
4.583827262376422192e-03
0.000000000000000000e+00
0.000000000000000000e+00
4.583827262376422192e-03
7.727502781947456767e-02
2.608346000483455218e-01
5.611390102410345193e-01
8.120946177275946143e-01
9.526306034172545845e-01
9.954161727376233948e-01
1.000000000000000000e+00
1.000000000000000000e+00
1.000000000000000000e+00
9.696379290608012624e-01
8.143674447598109323e-01
5.204112583804629821e-01
2.023904205975155524e-01
1.031684338751153868e-01
2.023904205975156634e-01
5.204112583804629821e-01
8.143674447598109323e-01
9.696379290608012624e-01
1.000000000000000000e+00
9.999999999999997780e-01
1.000000000000000000e+00
9.954161727376231728e-01
9.526306034172545845e-01
8.120946177275946143e-01
5.611390102410345193e-01
2.608346000483455773e-01
7.727502781947456767e-02
4.583827262376610409e-03
9.398482713321122784e-17
0.000000000000000000e+00
0.000000000000000000e+00
2.553502251905815160e-02
9.548086823257699585e-02
2.324410080410927448e-01
4.318964573300868581e-01
6.554037953001979888e-01
8.120946177275939482e-01
9.227249721805252936e-01
9.744649774809419629e-01
9.954161727376231728e-01
9.999999999999996669e-01
9.999999999999996669e-01
9.999999999999996669e-01
9.999999999999996669e-01
9.999999999999996669e-01
9.999999999999997780e-01
9.999999999999996669e-01
9.999999999999997780e-01
9.954161727376230617e-01
9.744649774809419629e-01
9.227249721805252936e-01
8.120946177275942812e-01
6.554037953001976557e-01
4.318964573300871357e-01
2.324410080410932167e-01
9.548086823257719014e-02
2.553502251905824527e-02
9.398482713321122784e-17
0.000000000000000000e+00
4.583827262376610409e-03
4.736939658274526982e-02
1.879053822724057188e-01
4.388609897589657027e-01
7.391653999516540896e-01
9.227249721805252936e-01
9.954161727376231728e-01
9.999999999999996669e-01
9.999999999999996669e-01
9.999999999999996669e-01
9.954161727376236168e-01
9.476058345388120863e-01
7.785540392953076427e-01
4.892241240143448411e-01
1.962688029335044881e-01
1.031684338751153868e-01
1.962688029335045437e-01
4.892241240143448411e-01
7.785540392953079758e-01
9.476058345388124193e-01
9.954161727376233948e-01
9.999999999999996669e-01
9.999999999999996669e-01
9.999999999999996669e-01
9.954161727376233948e-01
9.227249721805252936e-01
7.391653999516539786e-01
4.388609897589654252e-01
1.879053822724058853e-01
4.736939658274545717e-02
4.583827262376422192e-03
0.000000000000000000e+00
0.000000000000000000e+00
4.583827262376515867e-03
2.553502251905815160e-02
7.727502781947470645e-02
1.879053822724054135e-01
3.445962046998022887e-01
5.611390102410345193e-01
7.391653999516540896e-01
8.722942195415119837e-01
9.526306034172545845e-01
9.954161727376231728e-01
9.999999999999996669e-01
1.000000000000000000e+00
9.999999999999997780e-01
1.000000000000000000e+00
1.000000000000000000e+00
9.999999999999996669e-01
9.954161727376230617e-01
9.526306034172545845e-01
8.722942195415117617e-01
7.391653999516543116e-01
5.611390102410346303e-01
3.445962046998024553e-01
1.879053822724054135e-01
7.727502781947490074e-02
2.553502251905805792e-02
4.583827262376515867e-03
0.000000000000000000e+00
4.583827262376422192e-03
4.736939658274545717e-02
1.613263034133363416e-01
3.749281635034008020e-01
6.621626867484422529e-01
8.722942195415117617e-01
9.744649774809415188e-01
9.999999999999996669e-01
1.000000000000000000e+00
9.999999999999996669e-01
9.954161727376231728e-01
9.526306034172546955e-01
8.386736965866635751e-01
6.250718364965989204e-01
3.378373132515578026e-01
1.277057804584879608e-01
5.239416546118794843e-02
1.277057804584880440e-01
3.378373132515578026e-01
6.250718364965993645e-01
8.386736965866635751e-01
9.526306034172543624e-01
9.954161727376233948e-01
9.999999999999997780e-01
1.000000000000000000e+00
1.000000000000000000e+00
9.744649774809419629e-01
8.722942195415117617e-01
6.621626867484422529e-01
3.749281635034008020e-01
1.613263034133363971e-01
4.736939658274545717e-02
0.000000000000000000e+00
0.000000000000000000e+00
0.000000000000000000e+00
9.398482713321122784e-17
4.583827262376610409e-03
4.736939658274526982e-02
1.277057804584879608e-01
2.608346000483456328e-01
4.388609897589652586e-01
6.554037953001976557e-01
8.060229986512172928e-01
8.934120147481218188e-01
9.174447195436811198e-01
9.174447195436813418e-01
9.174447195436813418e-01
9.174447195436813418e-01
9.174447195436813418e-01
9.174447195436813418e-01
8.934120147481217078e-01
8.060229986512172928e-01
6.554037953001973227e-01
4.388609897589654252e-01
2.608346000483455773e-01
1.277057804584879608e-01
4.736939658274545717e-02
4.583827262376797759e-03
0.000000000000000000e+00
0.000000000000000000e+00
4.583827262376515867e-03
4.736939658274536002e-02
1.613263034133361196e-01
3.680842103495945983e-01
6.319157896504045135e-01
8.386736965866637972e-01
9.526306034172540294e-01
9.954161727376231728e-01
1.000000000000000000e+00
9.999999999999997780e-01
9.954161727376233948e-01
9.526306034172545845e-01
8.386736965866639082e-01
6.319157896504051797e-01
3.680842103495948758e-01
1.613263034133362861e-01
4.736939658274545717e-02
9.212267827422005589e-03
4.736939658274545717e-02
1.613263034133363416e-01
3.680842103495951534e-01
6.319157896504051797e-01
8.386736965866637972e-01
9.526306034172545845e-01
9.954161727376236168e-01
1.000000000000000000e+00
1.000000000000000000e+00
9.954161727376233948e-01
9.526306034172543624e-01
8.386736965866635751e-01
6.319157896504046246e-01
3.680842103495949869e-01
1.613263034133361196e-01
2.734430831197984246e-02
2.075254319689900234e-02
4.583827262376610409e-03
1.879696542664224557e-16
9.398482713321122784e-17
4.583827262376515867e-03
2.553502251905815160e-02
7.727502781947470645e-02
1.879053822724054135e-01
3.445962046998022887e-01
5.300413519799558326e-01
6.415643044365075820e-01
6.809051044876569536e-01
6.809051044876567316e-01
6.809051044876570646e-01
6.809051044876570646e-01
6.809051044876570646e-01
6.809051044876570646e-01
6.415643044365073600e-01
5.300413519799559436e-01
3.445962046998024553e-01
1.879053822724054135e-01
7.727502781947470645e-02
2.553502251905824527e-02
4.583827262376515867e-03
1.879696542664224557e-16
9.398482713321122784e-17
4.583827262376797759e-03
4.736939658274545717e-02
1.613263034133361196e-01
3.680842103495947648e-01
6.319157896504050687e-01
8.386736965866633531e-01
9.526306034172545845e-01
9.954161727376230617e-01
1.000000000000000000e+00
9.999999999999996669e-01
1.000000000000000000e+00
9.744649774809419629e-01
8.722942195415117617e-01
6.621626867484425860e-01
3.749281635034008020e-01
1.613263034133361196e-01
4.736939658274526982e-02
4.583827262376610409e-03
9.398482713321122784e-17
4.583827262376610409e-03
4.736939658274545717e-02
1.613263034133363971e-01
3.749281635034010240e-01
6.621626867484422529e-01
8.722942195415120947e-01
9.744649774809419629e-01
1.000000000000000000e+00
9.999999999999997780e-01
9.999999999999996669e-01
9.954161727376230617e-01
9.526306034172543624e-01
8.386736965866634641e-01
6.250718364965993645e-01
3.378373132515576360e-01
1.107291582955802905e-01
9.751594593873144645e-02
4.736939658274545717e-02
4.583827262376610409e-03
1.879696542664224557e-16
0.000000000000000000e+00
0.000000000000000000e+00
4.583827262376422192e-03
4.736939658274526982e-02
1.277057804584879608e-01
2.237965974588444484e-01
2.895734756261542642e-01
3.190948955123431574e-01
3.190948955123434350e-01
3.190948955123431574e-01
3.190948955123433795e-01
3.190948955123431574e-01
3.190948955123432684e-01
2.895734756261544307e-01
2.237965974588444484e-01
1.277057804584878220e-01
4.736939658274545717e-02
4.583827262376610409e-03
1.879696542664224557e-16
9.398482713321122784e-17
2.819544813996336589e-16
4.583827262376797759e-03
4.736939658274545717e-02
1.613263034133363416e-01
3.680842103495947648e-01
6.319157896504050687e-01
8.386736965866634641e-01
9.526306034172545845e-01
9.954161727376233948e-01
9.999999999999996669e-01
9.999999999999997780e-01
1.000000000000000000e+00
9.954161727376233948e-01
9.227249721805251825e-01
7.391653999516544227e-01
4.388609897589654252e-01
1.879053822724053302e-01
4.736939658274536002e-02
4.583827262376515867e-03
9.398482713321122784e-17
9.398482713321122784e-17
9.398482713321122784e-17
4.583827262376515867e-03
4.736939658274545717e-02
1.879053822724054135e-01
4.388609897589652586e-01
7.391653999516543116e-01
9.227249721805252936e-01
9.954161727376233948e-01
1.000000000000000000e+00
1.000000000000000000e+00
1.000000000000000000e+00
9.954161727376230617e-01
9.526306034172545845e-01
8.060229986512170708e-01
5.300413519799554996e-01
2.786851767949827252e-01
2.632598963249309643e-01
1.613263034133363416e-01
4.736939658274536002e-02
4.583827262376610409e-03
0.000000000000000000e+00
1.879696542664224557e-16
9.398482713321122784e-17
4.583827262376515867e-03
2.553502251905815160e-02
5.429442845794927447e-02
7.727502781947460930e-02
8.255528045631861656e-02
8.255528045631861656e-02
8.255528045631861656e-02
8.255528045631876921e-02
8.255528045631876921e-02
8.255528045631871370e-02
7.727502781947476196e-02
5.429442845794937161e-02
2.553502251905815160e-02
4.583827262376515867e-03
1.879696542664224557e-16
0.000000000000000000e+00
0.000000000000000000e+00
4.583827262376797759e-03
4.736939658274545717e-02
1.613263034133363971e-01
3.680842103495948758e-01
6.319157896504050687e-01
8.386736965866635751e-01
9.526306034172540294e-01
9.954161727376233948e-01
1.000000000000000000e+00
9.999999999999996669e-01
1.000000000000000000e+00
9.954161727376230617e-01
9.526306034172545845e-01
8.120946177275942812e-01
5.611390102410345193e-01
2.608346000483456328e-01
7.727502781947460930e-02
4.583827262376610409e-03
0.000000000000000000e+00
0.000000000000000000e+00
9.398482713321122784e-17
9.398482713321122784e-17
0.000000000000000000e+00
4.583827262376610409e-03
7.727502781947476196e-02
2.608346000483455218e-01
5.611390102410346303e-01
8.120946177275943922e-01
9.526306034172546955e-01
9.954161727376230617e-01
1.000000000000000000e+00
9.999999999999996669e-01
9.999999999999996669e-01
9.954161727376230617e-01
8.934120147481220409e-01
6.415643044365073600e-01
4.679543126205946146e-01
5.157729914221937939e-01
3.749281635034008020e-01
1.879053822724055522e-01
7.727502781947470645e-02
2.553502251905815160e-02
4.583827262376515867e-03
9.398482713321122784e-17
0.000000000000000000e+00
9.398482713321122784e-17
9.398482713321122784e-17
0.000000000000000000e+00
9.398482713321122784e-17
0.000000000000000000e+00
1.879696542664224557e-16
2.819544813996336589e-16
2.819544813996336589e-16
1.879696542664224557e-16
9.398482713321122784e-17
1.879696542664224557e-16
9.398482713321122784e-17
9.398482713321122784e-17
9.398482713321122784e-17
4.583827262376610409e-03
2.553502251905815160e-02
7.727502781947484523e-02
1.879053822724055522e-01
3.749281635034010240e-01
6.319157896504048466e-01
8.386736965866635751e-01
9.526306034172545845e-01
9.954161727376233948e-01
9.999999999999996669e-01
9.999999999999997780e-01
9.999999999999996669e-01
9.954161727376233948e-01
9.526306034172543624e-01
8.386736965866635751e-01
6.250718364965991425e-01
3.378373132515578026e-01
1.277057804584881551e-01
2.553502251905815160e-02
9.398482713321122784e-17
0.000000000000000000e+00
9.398482713321122784e-17
9.398482713321122784e-17
9.398482713321122784e-17
9.398482713321122784e-17
1.879696542664224557e-16
2.553502251905815160e-02
1.277057804584879608e-01
3.378373132515576360e-01
6.250718364965993645e-01
8.386736965866635751e-01
9.526306034172545845e-01
9.954161727376233948e-01
9.999999999999996669e-01
9.999999999999996669e-01
9.999999999999997780e-01
9.174447195436813418e-01
6.809051044876569536e-01
6.136577750979985701e-01
7.351364930964593425e-01
6.621626867484421419e-01
4.388609897589654252e-01
2.608346000483457439e-01
1.277057804584878498e-01
4.736939658274536002e-02
4.583827262376422192e-03
0.000000000000000000e+00
9.398482713321122784e-17
0.000000000000000000e+00
0.000000000000000000e+00
9.398482713321122784e-17
2.819544813996336589e-16
1.879696542664224557e-16
9.398482713321122784e-17
1.879696542664224557e-16
9.398482713321122784e-17
0.000000000000000000e+00
0.000000000000000000e+00
0.000000000000000000e+00
1.879696542664224557e-16
4.583827262376610409e-03
4.736939658274545717e-02
1.277057804584879608e-01
2.608346000483459104e-01
4.388609897589655917e-01
6.621626867484425860e-01
8.386736965866637972e-01
9.526306034172545845e-01
9.954161727376233948e-01
9.999999999999997780e-01
9.999999999999997780e-01
1.000000000000000000e+00
9.954161727376233948e-01
9.526306034172545845e-01
8.386736965866640192e-01
6.319157896504051797e-01
3.680842103495947648e-01
1.613263034133363416e-01
4.736939658274545717e-02
4.583827262376610409e-03
9.398482713321122784e-17
0.000000000000000000e+00
9.398482713321122784e-17
0.000000000000000000e+00
0.000000000000000000e+00
9.398482713321122784e-17
9.398482713321122784e-17
4.583827262376610409e-03
4.736939658274536002e-02
1.613263034133362583e-01
3.680842103495948758e-01
6.319157896504050687e-01
8.386736965866639082e-01
9.526306034172545845e-01
9.954161727376236168e-01
9.999999999999996669e-01
9.999999999999997780e-01
9.174447195436813418e-01
6.809051044876567316e-01
6.742079379252551297e-01
8.628442558942334140e-01
8.722942195415120947e-01
7.391653999516540896e-01
5.611390102410344083e-01
3.378373132515576360e-01
1.613263034133363416e-01
4.736939658274545717e-02
4.583827262376515867e-03
9.398482713321122784e-17
1.879696542664224557e-16
0.000000000000000000e+00
9.398482713321122784e-17
0.000000000000000000e+00
9.398482713321122784e-17
1.879696542664224557e-16
1.879696542664224557e-16
9.398482713321122784e-17
1.879696542664224557e-16
1.879696542664224557e-16
9.398482713321122784e-17
4.583827262376515867e-03
4.736939658274545717e-02
1.613263034133361196e-01
3.378373132515574140e-01
5.611390102410347414e-01
7.391653999516544227e-01
8.722942195415120947e-01
9.526306034172543624e-01
9.954161727376236168e-01
9.999999999999996669e-01
9.999999999999996669e-01
1.000000000000000000e+00
9.954161727376233948e-01
9.526306034172543624e-01
8.386736965866637972e-01
6.319157896504047356e-01
3.680842103495950979e-01
1.613263034133362861e-01
4.736939658274545717e-02
4.583827262376610409e-03
0.000000000000000000e+00
1.879696542664224557e-16
0.000000000000000000e+00
9.398482713321122784e-17
0.000000000000000000e+00
9.398482713321122784e-17
9.398482713321122784e-17
1.879696542664224557e-16
1.879696542664224557e-16
4.583827262376610409e-03
4.736939658274545717e-02
1.613263034133362583e-01
3.680842103495950979e-01
6.319157896504047356e-01
8.386736965866640192e-01
9.526306034172545845e-01
9.954161727376230617e-01
9.999999999999996669e-01
9.174447195436813418e-01
6.809051044876567316e-01
6.809051044876566205e-01
9.121211968837380502e-01
9.744649774809419629e-01
9.227249721805252936e-01
8.120946177275942812e-01
6.250718364965989204e-01
3.749281635034010240e-01
1.879053822724053302e-01
7.727502781947460930e-02
2.553502251905815160e-02
4.583827262376610409e-03
0.000000000000000000e+00
0.000000000000000000e+00
9.398482713321122784e-17
9.398482713321122784e-17
0.000000000000000000e+00
9.398482713321122784e-17
0.000000000000000000e+00
0.000000000000000000e+00
4.583827262376610409e-03
2.553502251905815160e-02
7.727502781947460930e-02
1.879053822724054135e-01
3.749281635034008575e-01
6.250718364965989204e-01
8.120946177275946143e-01
9.227249721805252936e-01
9.744649774809419629e-01
9.954161727376233948e-01
1.000000000000000000e+00
1.000000000000000000e+00
9.999999999999996669e-01
9.954161727376233948e-01
9.526306034172546955e-01
8.386736965866635751e-01
6.319157896504048466e-01
3.680842103495947648e-01
1.613263034133363416e-01
4.736939658274536002e-02
4.583827262376422192e-03
1.879696542664224557e-16
1.879696542664224557e-16
1.879696542664224557e-16
0.000000000000000000e+00
9.398482713321122784e-17
0.000000000000000000e+00
0.000000000000000000e+00
9.398482713321122784e-17
1.879696542664224557e-16
1.879696542664224557e-16
9.398482713321122784e-17
4.583827262376422192e-03
4.736939658274536002e-02
1.613263034133363416e-01
3.680842103495948203e-01
6.319157896504051797e-01
8.386736965866634641e-01
9.526306034172545845e-01
9.954161727376236168e-01
9.174447195436811198e-01
6.809051044876567316e-01
6.809051044876569536e-01
9.174447195436813418e-01
9.999999999999997780e-01
9.954161727376233948e-01
9.526306034172545845e-01
8.386736965866635751e-01
6.621626867484421419e-01
4.388609897589653142e-01
2.672957952431463391e-01
1.591171786031990998e-01
1.065879852518783338e-01
8.255528045631861656e-02
8.255528045631847778e-02
8.255528045631876921e-02
8.255528045631861656e-02
8.255528045631861656e-02
8.255528045631861656e-02
8.255528045631861656e-02
8.255528045631861656e-02
1.065879852518781951e-01
1.591171786031990443e-01
2.672957952431463391e-01
4.388609897589653142e-01
6.621626867484421419e-01
8.386736965866635751e-01
9.526306034172546955e-01
9.954161727376233948e-01
9.999999999999997780e-01
9.999999999999996669e-01
1.000000000000000000e+00
1.000000000000000000e+00
9.954161727376236168e-01
9.526306034172545845e-01
8.386736965866635751e-01
6.319157896504047356e-01
3.680842103495947648e-01
1.613263034133362583e-01
4.736939658274526982e-02
4.583827262376610409e-03
0.000000000000000000e+00
3.759393085328449114e-16
0.000000000000000000e+00
9.398482713321122784e-17
0.000000000000000000e+00
9.398482713321122784e-17
0.000000000000000000e+00
9.398482713321122784e-17
9.398482713321122784e-17
9.398482713321122784e-17
9.398482713321122784e-17
1.879696542664224557e-16
1.879696542664224557e-16
4.583827262376515867e-03
4.736939658274526982e-02
1.613263034133362861e-01
3.680842103495950979e-01
6.319157896504047356e-01
8.386736965866635751e-01
9.526306034172545845e-01
9.121211968837380502e-01
6.809051044876567316e-01
6.809051044876567316e-01
9.174447195436811198e-01
1.000000000000000000e+00
1.000000000000000000e+00
9.954161727376233948e-01
9.526306034172545845e-01
8.722942195415117617e-01
7.391653999516543116e-01
5.920716739508558035e-01
4.388609897589653142e-01
3.584356955634926956e-01
3.190948955123433795e-01
3.190948955123431019e-01
3.190948955123431019e-01
3.190948955123429354e-01
3.190948955123431019e-01
3.190948955123433795e-01
3.190948955123431019e-01
3.190948955123431019e-01
3.584356955634929731e-01
4.388609897589649256e-01
5.920716739508555815e-01
7.391653999516540896e-01
8.722942195415119837e-01
9.526306034172545845e-01
9.954161727376236168e-01
1.000000000000000000e+00
1.000000000000000000e+00
9.999999999999996669e-01
1.000000000000000000e+00
9.954161727376233948e-01
9.526306034172543624e-01
8.386736965866631310e-01
6.319157896504048466e-01
3.680842103495948203e-01
1.613263034133362583e-01
4.736939658274545717e-02
4.583827262376704084e-03
0.000000000000000000e+00
0.000000000000000000e+00
9.398482713321122784e-17
0.000000000000000000e+00
9.398482713321122784e-17
0.000000000000000000e+00
9.398482713321122784e-17
9.398482713321122784e-17
9.398482713321122784e-17
9.398482713321122784e-17
9.398482713321122784e-17
1.879696542664224557e-16
0.000000000000000000e+00
0.000000000000000000e+00
1.879696542664224557e-16
4.583827262376610409e-03
4.736939658274545717e-02
1.613263034133361196e-01
3.680842103495947093e-01
6.319157896504047356e-01
8.386736965866632421e-01
8.628442558942336360e-01
6.742079379252549076e-01
6.809051044876570646e-01
9.174447195436813418e-01
1.000000000000000000e+00
9.999999999999997780e-01
9.999999999999997780e-01
9.954161727376233948e-01
9.744649774809419629e-01
9.174447195436813418e-01
8.143674447598110433e-01
6.969745269469850291e-01
6.041786866242370158e-01
5.663758436725832013e-01
5.663758436725832013e-01
5.663758436725830903e-01
5.663758436725829792e-01
5.663758436725832013e-01
5.663758436725834233e-01
5.663758436725832013e-01
5.663758436725829792e-01
6.041786866242365717e-01
6.969745269469853621e-01
8.143674447598110433e-01
9.174447195436813418e-01
9.744649774809419629e-01
9.954161727376233948e-01
1.000000000000000000e+00
9.999999999999996669e-01
1.000000000000000000e+00
9.954161727376230617e-01
9.744649774809419629e-01
9.227249721805249605e-01
8.120946177275946143e-01
6.250718364965989204e-01
3.680842103495947648e-01
1.613263034133362583e-01
4.736939658274536002e-02
4.583827262376610409e-03
0.000000000000000000e+00
1.879696542664224557e-16
1.879696542664224557e-16
1.879696542664224557e-16
0.000000000000000000e+00
1.879696542664224557e-16
0.000000000000000000e+00
9.398482713321122784e-17
9.398482713321122784e-17
9.398482713321122784e-17
0.000000000000000000e+00
1.879696542664224557e-16
9.398482713321122784e-17
0.000000000000000000e+00
9.398482713321122784e-17
2.819544813996336589e-16
0.000000000000000000e+00
4.583827262376515867e-03
4.736939658274545717e-02
1.613263034133361196e-01
3.680842103495948203e-01
6.250718364965989204e-01
7.060669517752781177e-01
5.733334963868654821e-01
6.415643044365070269e-01
8.934120147481218188e-01
9.954161727376230617e-01
1.000000000000000000e+00
1.000000000000000000e+00
9.999999999999997780e-01
9.954161727376233948e-01
9.476058345388120863e-01
8.408828213968009280e-01
7.035877583979714966e-01
6.041786866242365717e-01
5.663758436725828682e-01
5.663758436725829792e-01
5.663758436725832013e-01
5.663758436725832013e-01
5.663758436725829792e-01
5.663758436725833123e-01
5.663758436725829792e-01
5.663758436725828682e-01
6.041786866242365717e-01
7.035877583979714966e-01
8.408828213968008169e-01
9.476058345388120863e-01
9.954161727376233948e-01
9.999999999999997780e-01
1.000000000000000000e+00
1.000000000000000000e+00
9.954161727376230617e-01
9.526306034172545845e-01
8.722942195415120947e-01
7.391653999516538676e-01
5.611390102410345193e-01
3.378373132515576360e-01
1.613263034133361196e-01
4.736939658274545717e-02
4.583827262376610409e-03
2.819544813996336589e-16
9.398482713321122784e-17
9.398482713321122784e-17
9.398482713321122784e-17
9.398482713321122784e-17
9.398482713321122784e-17
0.000000000000000000e+00
0.000000000000000000e+00
9.398482713321122784e-17
9.398482713321122784e-17
1.879696542664224557e-16
1.879696542664224557e-16
9.398482713321122784e-17
3.759393085328449114e-16
0.000000000000000000e+00
0.000000000000000000e+00
1.879696542664224557e-16
0.000000000000000000e+00
9.398482713321122784e-17
4.583827262376610409e-03
4.736939658274536002e-02
1.613263034133361196e-01
3.378373132515578026e-01
4.510810359104982514e-01
3.869573230565760413e-01
5.300413519799557216e-01
8.060229986512170708e-01
9.526306034172546955e-01
9.954161727376233948e-01
1.000000000000000000e+00
9.954161727376233948e-01
9.526306034172545845e-01
8.386736965866637972e-01
6.621626867484422529e-01
4.699586480200442784e-01
3.584356955634924180e-01
3.190948955123431019e-01
3.190948955123435460e-01
3.190948955123435460e-01
3.190948955123431019e-01
3.190948955123434350e-01
3.190948955123431019e-01
3.190948955123431019e-01
3.190948955123429909e-01
3.584356955634924180e-01
4.699586480200443894e-01
6.621626867484421419e-01
8.386736965866635751e-01
9.526306034172543624e-01
9.954161727376233948e-01
1.000000000000000000e+00
9.954161727376230617e-01
9.526306034172546955e-01
8.386736965866637972e-01
6.621626867484421419e-01
4.388609897589652586e-01
2.608346000483456328e-01
1.277057804584878498e-01
4.736939658274526982e-02
4.583827262376704084e-03
9.398482713321122784e-17
9.398482713321122784e-17
9.398482713321122784e-17
9.398482713321122784e-17
2.819544813996336589e-16
9.398482713321122784e-17
0.000000000000000000e+00
9.398482713321122784e-17
0.000000000000000000e+00
1.879696542664224557e-16
9.398482713321122784e-17
9.398482713321122784e-17
9.398482713321122784e-17
9.398482713321122784e-17
9.398482713321122784e-17
0.000000000000000000e+00
0.000000000000000000e+00
9.398482713321122784e-17
0.000000000000000000e+00
9.398482713321122784e-17
9.398482713321122784e-17
4.583827262376422192e-03
4.736939658274536002e-02
1.277057804584877110e-01
1.901834284004173814e-01
1.694590287813142471e-01
3.378373132515576360e-01
6.250718364965989204e-01
8.386736965866634641e-01
9.476058345388120863e-01
9.696379290608012624e-01
9.227249721805249605e-01
8.120946177275946143e-01
6.250718364965989204e-01
3.749281635034006910e-01
1.939770013487827349e-01
1.065879852518780563e-01
8.255528045631876921e-02
8.255528045631847778e-02
8.255528045631890799e-02
8.255528045631871370e-02
8.255528045631871370e-02
8.255528045631876921e-02
8.255528045631861656e-02
8.255528045631871370e-02
1.065879852518780563e-01
1.939770013487827072e-01
3.749281635034006910e-01
6.250718364965989204e-01
8.120946177275940592e-01
9.227249721805252936e-01
9.696379290608012624e-01
9.476058345388120863e-01
8.386736965866634641e-01
6.319157896504048466e-01
3.749281635034007465e-01
1.879053822724054135e-01
7.727502781947470645e-02
2.553502251905815160e-02
4.583827262376515867e-03
0.000000000000000000e+00
9.398482713321122784e-17
0.000000000000000000e+00
0.000000000000000000e+00
1.879696542664224557e-16
9.398482713321122784e-17
9.398482713321122784e-17
0.000000000000000000e+00
9.398482713321122784e-17
0.000000000000000000e+00
9.398482713321122784e-17
9.398482713321122784e-17
9.398482713321122784e-17
9.398482713321122784e-17
9.398482713321122784e-17
9.398482713321122784e-17
0.000000000000000000e+00
0.000000000000000000e+00
0.000000000000000000e+00
0.000000000000000000e+00
0.000000000000000000e+00
9.398482713321122784e-17
0.000000000000000000e+00
4.583827262376422192e-03
2.553502251905815160e-02
4.925304489190299173e-02
4.925304489190299173e-02
1.613263034133362861e-01
3.680842103495948758e-01
6.250718364965989204e-01
7.785540392953083089e-01
8.143674447598107102e-01
7.327042047568536054e-01
5.611390102410344083e-01
3.378373132515575250e-01
1.613263034133362583e-01
4.736939658274517267e-02
4.583827262376515867e-03
0.000000000000000000e+00
9.398482713321122784e-17
9.398482713321122784e-17
9.398482713321122784e-17
9.398482713321122784e-17
9.398482713321122784e-17
0.000000000000000000e+00
0.000000000000000000e+00
4.583827262376610409e-03
4.736939658274526982e-02
1.613263034133363416e-01
3.378373132515573585e-01
5.611390102410344083e-01
7.327042047568530503e-01
8.143674447598109323e-01
7.785540392953079758e-01
6.250718364965989204e-01
3.680842103495945983e-01
1.613263034133362028e-01
4.736939658274526982e-02
4.583827262376515867e-03
0.000000000000000000e+00
0.000000000000000000e+00
1.879696542664224557e-16
9.398482713321122784e-17
9.398482713321122784e-17
9.398482713321122784e-17
9.398482713321122784e-17
1.879696542664224557e-16
2.819544813996336589e-16
0.000000000000000000e+00
9.398482713321122784e-17
0.000000000000000000e+00
9.398482713321122784e-17
9.398482713321122784e-17
9.398482713321122784e-17
9.398482713321122784e-17
9.398482713321122784e-17
1.879696542664224557e-16
0.000000000000000000e+00
0.000000000000000000e+00
1.879696542664224557e-16
9.398482713321122784e-17
0.000000000000000000e+00
0.000000000000000000e+00
0.000000000000000000e+00
0.000000000000000000e+00
0.000000000000000000e+00
9.398482713321122784e-17
0.000000000000000000e+00
4.736939658274536002e-02
1.613263034133362861e-01
3.378373132515576360e-01
4.892241240143452297e-01
5.204112583804629821e-01
4.079283260491439744e-01
2.608346000483456328e-01
1.277057804584879608e-01
4.736939658274536002e-02
4.583827262376515867e-03
1.879696542664224557e-16
9.398482713321122784e-17
9.398482713321122784e-17
9.398482713321122784e-17
9.398482713321122784e-17
9.398482713321122784e-17
1.879696542664224557e-16
0.000000000000000000e+00
9.398482713321122784e-17
1.879696542664224557e-16
4.583827262376610409e-03
4.736939658274545717e-02
1.277057804584881551e-01
2.608346000483456328e-01
4.079283260491440855e-01
5.204112583804627601e-01
4.892241240143448411e-01
3.378373132515574140e-01
1.613263034133361196e-01
4.736939658274536002e-02
4.583827262376515867e-03
9.398482713321122784e-17
0.000000000000000000e+00
0.000000000000000000e+00
0.000000000000000000e+00
0.000000000000000000e+00
1.879696542664224557e-16
0.000000000000000000e+00
9.398482713321122784e-17
0.000000000000000000e+00
1.879696542664224557e-16
0.000000000000000000e+00
1.879696542664224557e-16
0.000000000000000000e+00
9.398482713321122784e-17
9.398482713321122784e-17
9.398482713321122784e-17
9.398482713321122784e-17
9.398482713321122784e-17
9.398482713321122784e-17
0.000000000000000000e+00
0.000000000000000000e+00
9.398482713321122784e-17
0.000000000000000000e+00
0.000000000000000000e+00
0.000000000000000000e+00
0.000000000000000000e+00
0.000000000000000000e+00
0.000000000000000000e+00
9.398482713321122784e-17
9.398482713321122784e-17
4.583827262376610409e-03
4.736939658274545717e-02
1.277057804584880440e-01
1.962688029335046824e-01
2.023904205975157466e-01
1.532673312821842826e-01
7.727502781947456767e-02
2.553502251905824527e-02
4.583827262376610409e-03
0.000000000000000000e+00
1.879696542664224557e-16
0.000000000000000000e+00
0.000000000000000000e+00
0.000000000000000000e+00
0.000000000000000000e+00
0.000000000000000000e+00
9.398482713321122784e-17
9.398482713321122784e-17
0.000000000000000000e+00
9.398482713321122784e-17
9.398482713321122784e-17
4.583827262376422192e-03
2.553502251905833895e-02
7.727502781947429011e-02
1.532673312821842826e-01
2.023904205975158854e-01
1.962688029335045437e-01
1.277057804584878498e-01
4.736939658274526982e-02
4.583827262376515867e-03
0.000000000000000000e+00
0.000000000000000000e+00
0.000000000000000000e+00
0.000000000000000000e+00
9.398482713321122784e-17
9.398482713321122784e-17
9.398482713321122784e-17
0.000000000000000000e+00
0.000000000000000000e+00
9.398482713321122784e-17
1.879696542664224557e-16
0.000000000000000000e+00
0.000000000000000000e+00
0.000000000000000000e+00
9.398482713321122784e-17
9.398482713321122784e-17
0.000000000000000000e+00
9.398482713321122784e-17
9.398482713321122784e-17
1.879696542664224557e-16
0.000000000000000000e+00
0.000000000000000000e+00
0.000000000000000000e+00
0.000000000000000000e+00
0.000000000000000000e+00
9.398482713321122784e-17
0.000000000000000000e+00
0.000000000000000000e+00
9.398482713321122784e-17
9.398482713321122784e-17
9.398482713321122784e-17
0.000000000000000000e+00
9.212267827422099264e-03
5.239416546118776108e-02
1.031684338751154839e-01
1.031684338751153451e-01
5.239416546118804557e-02
9.212267827422005589e-03
9.398482713321122784e-17
0.000000000000000000e+00
0.000000000000000000e+00
0.000000000000000000e+00
0.000000000000000000e+00
0.000000000000000000e+00
9.398482713321122784e-17
9.398482713321122784e-17
2.819544813996336589e-16
9.398482713321122784e-17
0.000000000000000000e+00
0.000000000000000000e+00
9.398482713321122784e-17
0.000000000000000000e+00
0.000000000000000000e+00
9.398482713321122784e-17
9.212267827421911914e-03
5.239416546118794843e-02
1.031684338751156227e-01
1.031684338751153451e-01
5.239416546118767087e-02
9.212267827421816505e-03
9.398482713321122784e-17
0.000000000000000000e+00
0.000000000000000000e+00
0.000000000000000000e+00
0.000000000000000000e+00
9.398482713321122784e-17
1.879696542664224557e-16
1.879696542664224557e-16
0.000000000000000000e+00
1.879696542664224557e-16
9.398482713321122784e-17
9.398482713321122784e-17
0.000000000000000000e+00
9.398482713321122784e-17
0.000000000000000000e+00
9.398482713321122784e-17
0.000000000000000000e+00
0.000000000000000000e+00
9.398482713321122784e-17
1.879696542664224557e-16
9.398482713321122784e-17
0.000000000000000000e+00
0.000000000000000000e+00
9.398482713321122784e-17
0.000000000000000000e+00
0.000000000000000000e+00
9.398482713321122784e-17
0.000000000000000000e+00
0.000000000000000000e+00
0.000000000000000000e+00
9.398482713321122784e-17
9.398482713321122784e-17
4.583827262376515867e-03
4.736939658274545717e-02
1.277057804584879608e-01
1.962688029335046824e-01
2.023904205975155524e-01
1.532673312821838663e-01
7.727502781947470645e-02
2.553502251905833895e-02
4.583827262376610409e-03
2.819544813996336589e-16
9.398482713321122784e-17
9.398482713321122784e-17
0.000000000000000000e+00
9.398482713321122784e-17
0.000000000000000000e+00
1.879696542664224557e-16
1.879696542664224557e-16
0.000000000000000000e+00
0.000000000000000000e+00
9.398482713321122784e-17
9.398482713321122784e-17
4.583827262376515867e-03
2.553502251905824527e-02
7.727502781947484523e-02
1.532673312821838663e-01
2.023904205975157466e-01
1.962688029335044881e-01
1.277057804584878498e-01
4.736939658274545717e-02
4.583827262376422192e-03
0.000000000000000000e+00
0.000000000000000000e+00
0.000000000000000000e+00
0.000000000000000000e+00
0.000000000000000000e+00
9.398482713321122784e-17
0.000000000000000000e+00
0.000000000000000000e+00
0.000000000000000000e+00
1.879696542664224557e-16
9.398482713321122784e-17
9.398482713321122784e-17
9.398482713321122784e-17
0.000000000000000000e+00
9.398482713321122784e-17
0.000000000000000000e+00
0.000000000000000000e+00
9.398482713321122784e-17
1.879696542664224557e-16
9.398482713321122784e-17
0.000000000000000000e+00
0.000000000000000000e+00
0.000000000000000000e+00
0.000000000000000000e+00
0.000000000000000000e+00
9.398482713321122784e-17
0.000000000000000000e+00
0.000000000000000000e+00
0.000000000000000000e+00
9.398482713321122784e-17
9.398482713321122784e-17
4.736939658274536002e-02
1.613263034133363416e-01
3.378373132515576360e-01
4.892241240143450076e-01
5.204112583804630932e-01
4.079283260491443630e-01
2.608346000483459659e-01
1.277057804584879608e-01
4.736939658274536002e-02
4.583827262376422192e-03
9.398482713321122784e-17
0.000000000000000000e+00
0.000000000000000000e+00
9.398482713321122784e-17
9.398482713321122784e-17
2.819544813996336589e-16
1.879696542664224557e-16
9.398482713321122784e-17
9.398482713321122784e-17
0.000000000000000000e+00
4.583827262376610409e-03
4.736939658274545717e-02
1.277057804584878220e-01
2.608346000483456328e-01
4.079283260491445851e-01
5.204112583804629821e-01
4.892241240143449521e-01
3.378373132515575250e-01
1.613263034133361196e-01
4.736939658274526982e-02
4.583827262376515867e-03
0.000000000000000000e+00
0.000000000000000000e+00
0.000000000000000000e+00
0.000000000000000000e+00
9.398482713321122784e-17
9.398482713321122784e-17
0.000000000000000000e+00
9.398482713321122784e-17
1.879696542664224557e-16
0.000000000000000000e+00
0.000000000000000000e+00
9.398482713321122784e-17
0.000000000000000000e+00
9.398482713321122784e-17
0.000000000000000000e+00
9.398482713321122784e-17
9.398482713321122784e-17
9.398482713321122784e-17
1.879696542664224557e-16
0.000000000000000000e+00
9.398482713321122784e-17
9.398482713321122784e-17
0.000000000000000000e+00
0.000000000000000000e+00
1.879696542664224557e-16
0.000000000000000000e+00
0.000000000000000000e+00
0.000000000000000000e+00
0.000000000000000000e+00
0.000000000000000000e+00
1.613263034133362583e-01
3.680842103495948758e-01
6.250718364965993645e-01
7.785540392953076427e-01
8.143674447598112653e-01
7.327042047568537164e-01
5.611390102410347414e-01
3.378373132515581911e-01
1.613263034133363416e-01
4.736939658274526982e-02
4.583827262376422192e-03
0.000000000000000000e+00
0.000000000000000000e+00
9.398482713321122784e-17
0.000000000000000000e+00
1.879696542664224557e-16
0.000000000000000000e+00
0.000000000000000000e+00
9.398482713321122784e-17
4.583827262376610409e-03
4.736939658274526982e-02
1.613263034133362583e-01
3.378373132515578026e-01
5.611390102410346303e-01
7.327042047568533834e-01
8.143674447598114874e-01
7.785540392953076427e-01
6.250718364965989204e-01
3.680842103495948203e-01
1.613263034133361196e-01
4.736939658274526982e-02
4.583827262376515867e-03
0.000000000000000000e+00
0.000000000000000000e+00
0.000000000000000000e+00
0.000000000000000000e+00
0.000000000000000000e+00
0.000000000000000000e+00
1.879696542664224557e-16
0.000000000000000000e+00
1.879696542664224557e-16
0.000000000000000000e+00
9.398482713321122784e-17
0.000000000000000000e+00
9.398482713321122784e-17
9.398482713321122784e-17
9.398482713321122784e-17
9.398482713321122784e-17
9.398482713321122784e-17
1.879696542664224557e-16
9.398482713321122784e-17
0.000000000000000000e+00
9.398482713321122784e-17
0.000000000000000000e+00
0.000000000000000000e+00
0.000000000000000000e+00
0.000000000000000000e+00
0.000000000000000000e+00
0.000000000000000000e+00
0.000000000000000000e+00
0.000000000000000000e+00
3.378373132515576360e-01
6.250718364965991425e-01
8.386736965866635751e-01
9.476058345388120863e-01
9.696379290608012624e-01
9.227249721805252936e-01
8.120946177275946143e-01
6.250718364965993645e-01
3.749281635034008020e-01
1.939770013487827072e-01
1.065879852518781951e-01
8.255528045631861656e-02
8.255528045631847778e-02
8.255528045631876921e-02
8.255528045631861656e-02
8.255528045631871370e-02
8.255528045631871370e-02
8.255528045631861656e-02
8.255528045631843614e-02
1.065879852518783338e-01
1.939770013487827072e-01
3.749281635034012461e-01
6.250718364965989204e-01
8.120946177275946143e-01
9.227249721805252936e-01
9.696379290608015955e-01
9.476058345388120863e-01
8.386736965866635751e-01
6.319157896504048466e-01
3.749281635034008020e-01
1.879053822724053302e-01
7.727502781947447053e-02
2.553502251905796425e-02
4.583827262376422192e-03
0.000000000000000000e+00
9.398482713321122784e-17
0.000000000000000000e+00
0.000000000000000000e+00
9.398482713321122784e-17
2.819544813996336589e-16
1.879696542664224557e-16
9.398482713321122784e-17
9.398482713321122784e-17
0.000000000000000000e+00
9.398482713321122784e-17
9.398482713321122784e-17
9.398482713321122784e-17
9.398482713321122784e-17
1.879696542664224557e-16
9.398482713321122784e-17
0.000000000000000000e+00
0.000000000000000000e+00
9.398482713321122784e-17
0.000000000000000000e+00
0.000000000000000000e+00
0.000000000000000000e+00
0.000000000000000000e+00
4.583827262376515867e-03
2.553502251905796425e-02
4.925304489190299173e-02
4.925304489190290153e-02
5.300413519799557216e-01
8.060229986512172928e-01
9.526306034172545845e-01
9.954161727376236168e-01
1.000000000000000000e+00
9.954161727376236168e-01
9.526306034172546955e-01
8.386736965866637972e-01
6.621626867484421419e-01
4.699586480200441119e-01
3.584356955634926400e-01
3.190948955123431019e-01
3.190948955123431019e-01
3.190948955123429354e-01
3.190948955123429354e-01
3.190948955123431574e-01
3.190948955123431019e-01
3.190948955123431019e-01
3.190948955123431574e-01
3.584356955634924180e-01
4.699586480200441119e-01
6.621626867484421419e-01
8.386736965866640192e-01
9.526306034172546955e-01
9.954161727376233948e-01
1.000000000000000000e+00
9.954161727376231728e-01
9.526306034172545845e-01
8.386736965866639082e-01
6.621626867484425860e-01
4.388609897589652586e-01
2.608346000483455773e-01
1.277057804584878498e-01
4.736939658274526982e-02
4.583827262376515867e-03
9.398482713321122784e-17
9.398482713321122784e-17
0.000000000000000000e+00
9.398482713321122784e-17
1.879696542664224557e-16
1.879696542664224557e-16
0.000000000000000000e+00
9.398482713321122784e-17
0.000000000000000000e+00
1.879696542664224557e-16
9.398482713321122784e-17
9.398482713321122784e-17
9.398482713321122784e-17
9.398482713321122784e-17
1.879696542664224557e-16
9.398482713321122784e-17
0.000000000000000000e+00
9.398482713321122784e-17
0.000000000000000000e+00
0.000000000000000000e+00
0.000000000000000000e+00
4.583827262376515867e-03
4.736939658274545717e-02
1.277057804584879053e-01
1.901834284004172981e-01
1.694590287813142471e-01
6.415643044365070269e-01
8.934120147481217078e-01
9.954161727376233948e-01
1.000000000000000000e+00
1.000000000000000000e+00
1.000000000000000000e+00
9.954161727376236168e-01
9.476058345388124193e-01
8.408828213968008169e-01
7.035877583979712746e-01
6.041786866242364606e-01
5.663758436725833123e-01
5.663758436725829792e-01
5.663758436725829792e-01
5.663758436725829792e-01
5.663758436725828682e-01
5.663758436725828682e-01
5.663758436725829792e-01
5.663758436725833123e-01
6.041786866242365717e-01
7.035877583979712746e-01
8.408828213968009280e-01
9.476058345388120863e-01
9.954161727376231728e-01
1.000000000000000000e+00
1.000000000000000000e+00
1.000000000000000000e+00
9.954161727376233948e-01
9.526306034172545845e-01
8.722942195415120947e-01
7.391653999516543116e-01
5.611390102410344083e-01
3.378373132515576360e-01
1.613263034133361196e-01
4.736939658274536002e-02
4.583827262376515867e-03
9.398482713321122784e-17
0.000000000000000000e+00
1.879696542664224557e-16
9.398482713321122784e-17
1.879696542664224557e-16
0.000000000000000000e+00
9.398482713321122784e-17
0.000000000000000000e+00
1.879696542664224557e-16
9.398482713321122784e-17
9.398482713321122784e-17
9.398482713321122784e-17
9.398482713321122784e-17
1.879696542664224557e-16
9.398482713321122784e-17
9.398482713321122784e-17
9.398482713321122784e-17
0.000000000000000000e+00
0.000000000000000000e+00
4.583827262376610409e-03
4.736939658274536002e-02
1.613263034133362583e-01
3.378373132515576360e-01
4.510810359104981404e-01
3.869573230565759858e-01
6.809051044876566205e-01
9.174447195436813418e-01
9.999999999999997780e-01
9.999999999999997780e-01
1.000000000000000000e+00
9.954161727376231728e-01
9.744649774809419629e-01
9.174447195436813418e-01
8.143674447598109323e-01
6.969745269469853621e-01
6.041786866242363496e-01
5.663758436725832013e-01
5.663758436725833123e-01
5.663758436725833123e-01
5.663758436725832013e-01
5.663758436725832013e-01
5.663758436725830903e-01
5.663758436725830903e-01
5.663758436725832013e-01
6.041786866242364606e-01
6.969745269469850291e-01
8.143674447598107102e-01
9.174447195436813418e-01
9.744649774809417409e-01
9.954161727376231728e-01
1.000000000000000000e+00
9.999999999999996669e-01
9.999999999999996669e-01
9.954161727376230617e-01
9.744649774809415188e-01
9.227249721805252936e-01
8.120946177275942812e-01
6.250718364965989204e-01
3.680842103495948758e-01
1.613263034133361196e-01
4.736939658274545717e-02
4.583827262376515867e-03
0.000000000000000000e+00
9.398482713321122784e-17
1.879696542664224557e-16
1.879696542664224557e-16
9.398482713321122784e-17
9.398482713321122784e-17
9.398482713321122784e-17
9.398482713321122784e-17
9.398482713321122784e-17
9.398482713321122784e-17
9.398482713321122784e-17
9.398482713321122784e-17
9.398482713321122784e-17
9.398482713321122784e-17
0.000000000000000000e+00
9.398482713321122784e-17
0.000000000000000000e+00
4.583827262376515867e-03
4.736939658274536002e-02
1.613263034133362583e-01
3.680842103495950979e-01
6.250718364965988094e-01
7.060669517752778956e-01
5.733334963868653711e-01
6.809051044876567316e-01
9.174447195436816749e-01
1.000000000000000000e+00
1.000000000000000000e+00
9.954161727376233948e-01
9.526306034172545845e-01
8.722942195415119837e-01
7.391653999516546447e-01
5.920716739508555815e-01
4.388609897589654252e-01
3.584356955634929731e-01
3.190948955123429909e-01
3.190948955123432684e-01
3.190948955123431019e-01
3.190948955123433795e-01
3.190948955123433795e-01
3.190948955123431019e-01
3.190948955123429909e-01
3.190948955123431019e-01
3.584356955634929731e-01
4.388609897589653142e-01
5.920716739508558035e-01
7.391653999516544227e-01
8.722942195415120947e-01
9.526306034172545845e-01
9.954161727376233948e-01
1.000000000000000000e+00
1.000000000000000000e+00
1.000000000000000000e+00
9.999999999999997780e-01
9.954161727376233948e-01
9.526306034172543624e-01
8.386736965866639082e-01
6.319157896504048466e-01
3.680842103495947648e-01
1.613263034133363416e-01
4.736939658274545717e-02
4.583827262376422192e-03
1.879696542664224557e-16
9.398482713321122784e-17
9.398482713321122784e-17
1.879696542664224557e-16
0.000000000000000000e+00
0.000000000000000000e+00
9.398482713321122784e-17
9.398482713321122784e-17
0.000000000000000000e+00
9.398482713321122784e-17
9.398482713321122784e-17
2.819544813996336589e-16
0.000000000000000000e+00
0.000000000000000000e+00
3.759393085328449114e-16
4.583827262376422192e-03
4.736939658274545717e-02
1.613263034133363416e-01
3.680842103495947648e-01
6.319157896504050687e-01
8.386736965866637972e-01
8.628442558942336360e-01
6.742079379252550186e-01
6.809051044876569536e-01
9.174447195436813418e-01
1.000000000000000000e+00
9.954161727376233948e-01
9.526306034172543624e-01
8.386736965866635751e-01
6.621626867484421419e-01
4.388609897589655917e-01
2.672957952431464501e-01
1.591171786031992386e-01
1.065879852518783338e-01
8.255528045631890799e-02
8.255528045631861656e-02
8.255528045631861656e-02
8.255528045631847778e-02
8.255528045631861656e-02
8.255528045631843614e-02
8.255528045631847778e-02
8.255528045631890799e-02
1.065879852518785281e-01
1.591171786031991553e-01
2.672957952431466166e-01
4.388609897589652586e-01
6.621626867484422529e-01
8.386736965866634641e-01
9.526306034172545845e-01
9.954161727376231728e-01
9.999999999999997780e-01
9.999999999999997780e-01
1.000000000000000000e+00
1.000000000000000000e+00
9.954161727376231728e-01
9.526306034172543624e-01
8.386736965866635751e-01
6.319157896504050687e-01
3.680842103495948758e-01
1.613263034133363416e-01
4.736939658274545717e-02
4.583827262376610409e-03
9.398482713321122784e-17
1.879696542664224557e-16
0.000000000000000000e+00
9.398482713321122784e-17
0.000000000000000000e+00
9.398482713321122784e-17
9.398482713321122784e-17
0.000000000000000000e+00
0.000000000000000000e+00
0.000000000000000000e+00
9.398482713321122784e-17
9.398482713321122784e-17
0.000000000000000000e+00
4.583827262376610409e-03
4.736939658274545717e-02
1.613263034133362583e-01
3.680842103495949869e-01
6.319157896504050687e-01
8.386736965866635751e-01
9.526306034172543624e-01
9.121211968837380502e-01
6.809051044876567316e-01
6.809051044876567316e-01
9.121211968837380502e-01
9.744649774809417409e-01
9.227249721805255156e-01
8.120946177275940592e-01
6.250718364965989204e-01
3.749281635034008575e-01
1.879053822724057465e-01
7.727502781947484523e-02
2.553502251905824527e-02
4.583827262376797759e-03
0.000000000000000000e+00
0.000000000000000000e+00
9.398482713321122784e-17
0.000000000000000000e+00
0.000000000000000000e+00
0.000000000000000000e+00
0.000000000000000000e+00
0.000000000000000000e+00
4.583827262376797759e-03
2.553502251905815160e-02
7.727502781947470645e-02
1.879053822724052747e-01
3.749281635034009685e-01
6.250718364965989204e-01
8.120946177275943922e-01
9.227249721805252936e-01
9.744649774809419629e-01
9.954161727376233948e-01
1.000000000000000000e+00
1.000000000000000000e+00
9.999999999999996669e-01
9.954161727376236168e-01
9.526306034172545845e-01
8.386736965866633531e-01
6.319157896504050687e-01
3.680842103495949869e-01
1.613263034133362028e-01
4.736939658274545717e-02
4.583827262376610409e-03
1.879696542664224557e-16
0.000000000000000000e+00
9.398482713321122784e-17
0.000000000000000000e+00
9.398482713321122784e-17
9.398482713321122784e-17
0.000000000000000000e+00
0.000000000000000000e+00
0.000000000000000000e+00
9.398482713321122784e-17
9.398482713321122784e-17
4.583827262376610409e-03
4.736939658274545717e-02
1.613263034133362583e-01
3.680842103495948203e-01
6.319157896504050687e-01
8.386736965866639082e-01
9.526306034172545845e-01
9.954161727376236168e-01
9.174447195436813418e-01
6.809051044876569536e-01
6.742079379252551297e-01
8.628442558942333029e-01
8.722942195415120947e-01
7.391653999516540896e-01
5.611390102410347414e-01
3.378373132515576360e-01
1.613263034133363971e-01
4.736939658274564452e-02
4.583827262376610409e-03
9.398482713321122784e-17
0.000000000000000000e+00
9.398482713321122784e-17
0.000000000000000000e+00
9.398482713321122784e-17
0.000000000000000000e+00
9.398482713321122784e-17
9.398482713321122784e-17
0.000000000000000000e+00
1.879696542664224557e-16
0.000000000000000000e+00
0.000000000000000000e+00
4.583827262376610409e-03
4.736939658274536002e-02
1.613263034133364526e-01
3.378373132515578026e-01
5.611390102410348524e-01
7.391653999516539786e-01
8.722942195415123168e-01
9.526306034172545845e-01
9.954161727376233948e-01
9.999999999999996669e-01
9.999999999999996669e-01
1.000000000000000000e+00
9.954161727376236168e-01
9.526306034172545845e-01
8.386736965866639082e-01
6.319157896504048466e-01
3.680842103495950979e-01
1.613263034133363416e-01
4.736939658274536002e-02
4.583827262376797759e-03
0.000000000000000000e+00
9.398482713321122784e-17
0.000000000000000000e+00
9.398482713321122784e-17
0.000000000000000000e+00
0.000000000000000000e+00
9.398482713321122784e-17
0.000000000000000000e+00
0.000000000000000000e+00
4.583827262376610409e-03
4.736939658274545717e-02
1.613263034133363416e-01
3.680842103495950979e-01
6.319157896504050687e-01
8.386736965866639082e-01
9.526306034172545845e-01
9.954161727376236168e-01
1.000000000000000000e+00
9.174447195436813418e-01
6.809051044876567316e-01
6.136577750979983481e-01
7.351364930964593425e-01
6.621626867484421419e-01
4.388609897589652586e-01
2.608346000483457439e-01
1.277057804584878220e-01
4.736939658274526982e-02
4.583827262376610409e-03
0.000000000000000000e+00
1.879696542664224557e-16
9.398482713321122784e-17
0.000000000000000000e+00
0.000000000000000000e+00
9.398482713321122784e-17
9.398482713321122784e-17
0.000000000000000000e+00
9.398482713321122784e-17
0.000000000000000000e+00
9.398482713321122784e-17
0.000000000000000000e+00
0.000000000000000000e+00
0.000000000000000000e+00
4.583827262376328517e-03
4.736939658274536002e-02
1.277057804584878220e-01
2.608346000483459659e-01
4.388609897589652586e-01
6.621626867484421419e-01
8.386736965866635751e-01
9.526306034172545845e-01
9.954161727376233948e-01
9.999999999999996669e-01
9.999999999999997780e-01
1.000000000000000000e+00
9.954161727376231728e-01
9.526306034172546955e-01
8.386736965866639082e-01
6.319157896504047356e-01
3.680842103495947648e-01
1.613263034133365914e-01
4.736939658274564452e-02
4.583827262376610409e-03
0.000000000000000000e+00
0.000000000000000000e+00
9.398482713321122784e-17
0.000000000000000000e+00
0.000000000000000000e+00
0.000000000000000000e+00
0.000000000000000000e+00
4.583827262376610409e-03
4.736939658274536002e-02
1.613263034133363971e-01
3.680842103495948758e-01
6.319157896504050687e-01
8.386736965866639082e-01
9.526306034172546955e-01
9.954161727376233948e-01
9.999999999999997780e-01
9.999999999999997780e-01
9.174447195436813418e-01
6.809051044876567316e-01
4.679543126205946701e-01
5.157729914221937939e-01
3.749281635034009685e-01
1.879053822724055522e-01
7.727502781947456767e-02
2.553502251905805792e-02
4.583827262376610409e-03
1.879696542664224557e-16
0.000000000000000000e+00
9.398482713321122784e-17
0.000000000000000000e+00
9.398482713321122784e-17
0.000000000000000000e+00
9.398482713321122784e-17
9.398482713321122784e-17
2.819544813996336589e-16
9.398482713321122784e-17
9.398482713321122784e-17
9.398482713321122784e-17
9.398482713321122784e-17
0.000000000000000000e+00
0.000000000000000000e+00
1.879696542664224557e-16
4.583827262376610409e-03
2.553502251905824527e-02
7.727502781947476196e-02
1.879053822724054135e-01
3.749281635034010240e-01
6.319157896504048466e-01
8.386736965866635751e-01
9.526306034172545845e-01
9.954161727376231728e-01
1.000000000000000000e+00
1.000000000000000000e+00
9.999999999999996669e-01
9.954161727376231728e-01
9.526306034172545845e-01
8.386736965866634641e-01
6.250718364965993645e-01
3.378373132515578026e-01
1.277057804584880440e-01
2.553502251905824527e-02
0.000000000000000000e+00
0.000000000000000000e+00
9.398482713321122784e-17
0.000000000000000000e+00
0.000000000000000000e+00
9.398482713321122784e-17
9.398482713321122784e-17
2.553502251905824527e-02
1.277057804584879608e-01
3.378373132515574140e-01
6.250718364965993645e-01
8.386736965866640192e-01
9.526306034172545845e-01
9.954161727376233948e-01
1.000000000000000000e+00
9.999999999999997780e-01
9.999999999999996669e-01
9.174447195436811198e-01
6.809051044876567316e-01
2.786851767949825587e-01
2.632598963249309088e-01
1.613263034133363416e-01
4.736939658274536002e-02
4.583827262376515867e-03
0.000000000000000000e+00
0.000000000000000000e+00
0.000000000000000000e+00
0.000000000000000000e+00
0.000000000000000000e+00
9.398482713321122784e-17
0.000000000000000000e+00
0.000000000000000000e+00
0.000000000000000000e+00
0.000000000000000000e+00
0.000000000000000000e+00
0.000000000000000000e+00
0.000000000000000000e+00
9.398482713321122784e-17
0.000000000000000000e+00
0.000000000000000000e+00
0.000000000000000000e+00
0.000000000000000000e+00
9.398482713321122784e-17
9.398482713321122784e-17
4.583827262376610409e-03
4.736939658274536002e-02
1.613263034133362028e-01
3.680842103495948758e-01
6.250718364965989204e-01
8.060229986512170708e-01
8.934120147481217078e-01
9.174447195436813418e-01
9.174447195436813418e-01
9.174447195436813418e-01
9.174447195436813418e-01
9.121211968837384942e-01
8.628442558942336360e-01
7.060669517752778956e-01
4.510810359104981404e-01
1.901834284004172981e-01
4.925304489190299173e-02
0.000000000000000000e+00
0.000000000000000000e+00
9.398482713321122784e-17
0.000000000000000000e+00
0.000000000000000000e+00
0.000000000000000000e+00
9.398482713321122784e-17
4.925304489190299173e-02
1.901834284004172981e-01
4.510810359104980294e-01
7.060669517752778956e-01
8.628442558942334140e-01
9.121211968837380502e-01
9.174447195436813418e-01
9.174447195436813418e-01
9.174447195436813418e-01
9.174447195436813418e-01
8.288383552660412157e-01
6.041786866242364606e-01
1.107291582955802489e-01
9.751594593873121053e-02
4.736939658274536002e-02
4.583827262376515867e-03
0.000000000000000000e+00
0.000000000000000000e+00
1.879696542664224557e-16
1.879696542664224557e-16
0.000000000000000000e+00
0.000000000000000000e+00
9.398482713321122784e-17
0.000000000000000000e+00
0.000000000000000000e+00
0.000000000000000000e+00
9.398482713321122784e-17
9.398482713321122784e-17
0.000000000000000000e+00
0.000000000000000000e+00
9.398482713321122784e-17
9.398482713321122784e-17
0.000000000000000000e+00
0.000000000000000000e+00
1.879696542664224557e-16
1.879696542664224557e-16
0.000000000000000000e+00
0.000000000000000000e+00
4.583827262376515867e-03
4.736939658274536002e-02
1.613263034133361196e-01
3.378373132515575250e-01
5.300413519799557216e-01
6.415643044365068048e-01
6.809051044876569536e-01
6.809051044876567316e-01
6.809051044876566205e-01
6.809051044876570646e-01
6.809051044876566205e-01
6.742079379252549076e-01
5.733334963868654821e-01
3.869573230565760413e-01
1.694590287813144414e-01
4.925304489190299173e-02
0.000000000000000000e+00
0.000000000000000000e+00
9.398482713321122784e-17
9.398482713321122784e-17
0.000000000000000000e+00
9.398482713321122784e-17
9.398482713321122784e-17
4.925304489190308888e-02
1.694590287813143858e-01
3.869573230565760413e-01
5.733334963868654821e-01
6.742079379252551297e-01
6.809051044876567316e-01
6.809051044876572867e-01
6.809051044876566205e-01
6.809051044876567316e-01
6.809051044876569536e-01
6.041786866242364606e-01
4.272881706452186235e-01
