1.113696312019938850e-16
1.113696312019938850e-16
1.113696312019938850e-16
1.113696312019938850e-16
1.113696312019938850e-16
0.000000000000000000e+00
0.000000000000000000e+00
1.670544468029908151e-16
1.113696312019938850e-16
1.113696312019938850e-16
0.000000000000000000e+00
1.113696312019938850e-16
1.113696312019938850e-16
0.000000000000000000e+00
0.000000000000000000e+00
1.113696312019938850e-16
1.113696312019938850e-16
1.113696312019938850e-16
1.670544468029908151e-16
1.113696312019938850e-16
1.113696312019938850e-16
1.113696312019938850e-16
1.113696312019938850e-16
1.113696312019938850e-16
1.670544468029908151e-16
1.670544468029908151e-16
0.000000000000000000e+00
1.113696312019938850e-16
5.346472250908428786e-02
1.722439438359763264e-01
3.624068389146743452e-01
5.312228938372172138e-01
6.381803139056040353e-01
6.672909507086757230e-01
6.737911599490442605e-01
6.737911599490442605e-01
6.737911599490442605e-01
6.737911599490442605e-01
6.737911599490444825e-01
6.737911599490444825e-01
6.737911599490444825e-01
6.737911599490439274e-01
6.737911599490442605e-01
6.737911599490442605e-01
6.737911599490442605e-01
6.737911599490443715e-01
6.737911599490444825e-01
6.737911599490442605e-01
6.737911599490442605e-01
6.737911599490442605e-01
6.737911599490442605e-01
6.737911599490442605e-01
6.737911599490444825e-01
6.737911599490444825e-01
6.737911599490442605e-01
6.737911599490442605e-01
6.737911599490442605e-01
6.672909507086758341e-01
6.381803139056040353e-01
5.312228938372172138e-01
3.624068389146742897e-01
0.000000000000000000e+00
0.000000000000000000e+00
1.113696312019938850e-16
0.000000000000000000e+00
1.113696312019938850e-16
0.000000000000000000e+00
0.000000000000000000e+00
1.113696312019938850e-16
1.113696312019938850e-16
1.113696312019938850e-16
1.113696312019938850e-16
1.113696312019938850e-16
1.113696312019938850e-16
0.000000000000000000e+00
1.113696312019938850e-16
1.113696312019938850e-16
1.113696312019938850e-16
1.113696312019938850e-16
1.670544468029908151e-16
1.113696312019938850e-16
1.113696312019938850e-16
1.113696312019938850e-16
0.000000000000000000e+00
1.670544468029908151e-16
1.670544468029908151e-16
1.670544468029908151e-16
0.000000000000000000e+00
0.000000000000000000e+00
5.346472250908428786e-02
1.722439438359762154e-01
3.851500524122454250e-01
5.928340913743255225e-01
7.634302360455075265e-01
8.546383501240431002e-01
9.056640381539984297e-01
9.112479135543894992e-01
9.112479135543896103e-01
9.112479135543893882e-01
9.112479135543893882e-01
9.112479135543896103e-01
9.112479135543896103e-01
9.112479135543896103e-01
9.112479135543893882e-01
9.112479135543896103e-01
9.112479135543896103e-01
9.112479135543894992e-01
9.112479135543896103e-01
9.112479135543893882e-01
9.112479135543893882e-01
9.112479135543893882e-01
9.112479135543896103e-01
9.112479135543896103e-01
9.112479135543894992e-01
9.112479135543896103e-01
9.112479135543893882e-01
9.112479135543896103e-01
9.056640381539984297e-01
8.546383501240428782e-01
7.634302360455075265e-01
5.928340913743255225e-01
3.851500524122453695e-01
0.000000000000000000e+00
0.000000000000000000e+00
1.113696312019938850e-16
0.000000000000000000e+00
1.113696312019938850e-16
0.000000000000000000e+00
0.000000000000000000e+00
1.113696312019938850e-16
1.113696312019938850e-16
0.000000000000000000e+00
0.000000000000000000e+00
1.113696312019938850e-16
1.113696312019938850e-16
0.000000000000000000e+00
1.113696312019938850e-16
1.113696312019938850e-16
1.113696312019938850e-16
1.113696312019938850e-16
1.113696312019938850e-16
1.113696312019938850e-16
1.113696312019938850e-16
1.113696312019938850e-16
0.000000000000000000e+00
1.670544468029908151e-16
1.670544468029908151e-16
1.113696312019938850e-16
0.000000000000000000e+00
1.670544468029908151e-16
2.792408890046461228e-02
1.022842774335874227e-01
2.412612486824040059e-01
4.348773624671005145e-01
6.556189874038704790e-01
8.300017912315321711e-01
9.485506305082499479e-01
9.949525872982215580e-01
9.999999999999997780e-01
9.999999999999996669e-01
9.999999999999997780e-01
1.000000000000000000e+00
9.999999999999997780e-01
9.999999999999997780e-01
9.999999999999997780e-01
9.999999999999997780e-01
1.000000000000000000e+00
9.999999999999996669e-01
1.000000000000000000e+00
9.999999999999997780e-01
9.999999999999997780e-01
1.000000000000000000e+00
1.000000000000000000e+00
1.000000000000000000e+00
9.999999999999997780e-01
9.999999999999997780e-01
9.999999999999997780e-01
9.949525872982215580e-01
9.485506305082497258e-01
8.300017912315321711e-01
6.556189874038704790e-01
4.348773624671005145e-01
2.412612486824039504e-01
1.113696312019938850e-16
0.000000000000000000e+00
0.000000000000000000e+00
0.000000000000000000e+00
0.000000000000000000e+00
0.000000000000000000e+00
0.000000000000000000e+00
1.670544468029908151e-16
0.000000000000000000e+00
0.000000000000000000e+00
0.000000000000000000e+00
1.113696312019938850e-16
1.113696312019938850e-16
0.000000000000000000e+00
1.113696312019938850e-16
1.113696312019938850e-16
1.113696312019938850e-16
1.113696312019938850e-16
1.113696312019938850e-16
1.113696312019938850e-16
1.113696312019938850e-16
1.113696312019938850e-16
0.000000000000000000e+00
1.113696312019938850e-16
1.670544468029908151e-16
1.113696312019938850e-16
0.000000000000000000e+00
1.113696312019938850e-16
5.047412701778064732e-03
2.792408890046461228e-02
8.319867806503965235e-02
1.968309831132610266e-01
3.801865174483315957e-01
6.198134825516682378e-01
8.031690168867386959e-01
9.168013219349602227e-01
9.720759110995351726e-01
9.949525872982215580e-01
9.999999999999997780e-01
9.999999999999997780e-01
1.000000000000000000e+00
9.999999999999996669e-01
9.999999999999997780e-01
9.999999999999997780e-01
9.999999999999997780e-01
1.000000000000000000e+00
9.999999999999997780e-01
9.999999999999997780e-01
9.999999999999997780e-01
9.999999999999996669e-01
9.999999999999997780e-01
9.999999999999997780e-01
1.000000000000000000e+00
9.949525872982218910e-01
9.720759110995352836e-01
9.168013219349603338e-01
8.031690168867390289e-01
6.198134825516682378e-01
3.801865174483316512e-01
1.968309831132613597e-01
8.319867806503965235e-02
0.000000000000000000e+00
0.000000000000000000e+00
1.113696312019938850e-16
0.000000000000000000e+00
1.113696312019938850e-16
0.000000000000000000e+00
0.000000000000000000e+00
0.000000000000000000e+00
0.000000000000000000e+00
0.000000000000000000e+00
1.113696312019938850e-16
1.113696312019938850e-16
1.113696312019938850e-16
0.000000000000000000e+00
1.113696312019938850e-16
1.113696312019938850e-16
1.113696312019938850e-16
1.113696312019938850e-16
1.113696312019938850e-16
1.113696312019938850e-16
1.113696312019938850e-16
0.000000000000000000e+00
0.000000000000000000e+00
1.113696312019938850e-16
1.113696312019938850e-16
1.113696312019938850e-16
0.000000000000000000e+00
0.000000000000000000e+00
0.000000000000000000e+00
0.000000000000000000e+00
5.047412701778064732e-03
5.144936949174992030e-02
1.699982087684674126e-01
3.443810125961293545e-01
5.584543543325639625e-01
7.307111606946813387e-01
8.643367668504891022e-01
9.485506305082497258e-01
9.949525872982215580e-01
1.000000000000000000e+00
9.999999999999997780e-01
9.999999999999996669e-01
9.999999999999997780e-01
9.999999999999997780e-01
9.999999999999997780e-01
1.000000000000000000e+00
9.999999999999996669e-01
9.999999999999996669e-01
9.999999999999997780e-01
9.999999999999997780e-01
9.999999999999995559e-01
1.000000000000000000e+00
9.949525872982217800e-01
9.485506305082499479e-01
8.643367668504889911e-01
7.307111606946817828e-01
5.584543543325639625e-01
3.443810125961293545e-01
1.699982087684675791e-01
5.144936949175008684e-02
5.047412701778064732e-03
0.000000000000000000e+00
0.000000000000000000e+00
1.113696312019938850e-16
1.670544468029908151e-16
1.113696312019938850e-16
1.670544468029908151e-16
0.000000000000000000e+00
1.113696312019938850e-16
0.000000000000000000e+00
0.000000000000000000e+00
1.113696312019938850e-16
1.113696312019938850e-16
1.113696312019938850e-16
0.000000000000000000e+00
1.113696312019938850e-16
1.113696312019938850e-16
1.113696312019938850e-16
1.113696312019938850e-16
1.113696312019938850e-16
1.113696312019938850e-16
1.113696312019938850e-16
1.113696312019938850e-16
1.113696312019938850e-16
1.670544468029908151e-16
2.784240780049847247e-16
1.670544468029908151e-16
0.000000000000000000e+00
1.113696312019938850e-16
0.000000000000000000e+00
0.000000000000000000e+00
0.000000000000000000e+00
5.047412701778009221e-03
5.144936949174992030e-02
1.356632331495106758e-01
2.692888393053182727e-01
4.415456456674355379e-01
6.490797044179335007e-01
8.031690168867390289e-01
9.168013219349603338e-01
9.720759110995351726e-01
9.949525872982217800e-01
9.999999999999996669e-01
1.000000000000000000e+00
1.000000000000000000e+00
1.000000000000000000e+00
9.999999999999997780e-01
1.000000000000000000e+00
9.999999999999997780e-01
9.999999999999997780e-01
9.999999999999996669e-01
9.949525872982215580e-01
9.720759110995352836e-01
9.168013219349605558e-01
8.031690168867390289e-01
6.490797044179335007e-01
4.415456456674358710e-01
2.692888393053181617e-01
1.356632331495108423e-01
5.144936949175003132e-02
5.047412701778343155e-03
1.670544468029908151e-16
1.113696312019938850e-16
1.113696312019938850e-16
1.113696312019938850e-16
1.113696312019938850e-16
1.113696312019938850e-16
1.113696312019938850e-16
0.000000000000000000e+00
1.113696312019938850e-16
0.000000000000000000e+00
1.113696312019938850e-16
1.113696312019938850e-16
1.670544468029908151e-16
1.113696312019938850e-16
0.000000000000000000e+00
1.113696312019938850e-16
1.113696312019938850e-16
1.113696312019938850e-16
1.113696312019938850e-16
1.113696312019938850e-16
1.113696312019938850e-16
1.113696312019938850e-16
1.113696312019938850e-16
0.000000000000000000e+00
1.113696312019938850e-16
1.113696312019938850e-16
1.670544468029908151e-16
0.000000000000000000e+00
1.113696312019938850e-16
0.000000000000000000e+00
1.113696312019938850e-16
0.000000000000000000e+00
0.000000000000000000e+00
5.047412701778232133e-03
2.792408890046477882e-02
8.319867806503954133e-02
1.968309831132608045e-01
3.509202955820664993e-01
5.584543543325637405e-01
7.307111606946812277e-01
8.643367668504888801e-01
9.485506305082499479e-01
9.949525872982215580e-01
9.999999999999997780e-01
1.000000000000000000e+00
1.000000000000000000e+00
9.999999999999997780e-01
1.000000000000000000e+00
9.999999999999997780e-01
9.999999999999997780e-01
9.949525872982215580e-01
9.485506305082499479e-01
8.643367668504889911e-01
7.307111606946815607e-01
5.584543543325641846e-01
3.509202955820664993e-01
1.968309831132610266e-01
8.319867806503965235e-02
2.792408890046483433e-02
5.047412701778232133e-03
1.113696312019938850e-16
1.113696312019938850e-16
0.000000000000000000e+00
1.670544468029908151e-16
1.113696312019938850e-16
0.000000000000000000e+00
1.670544468029908151e-16
1.113696312019938850e-16
0.000000000000000000e+00
1.113696312019938850e-16
1.113696312019938850e-16
1.113696312019938850e-16
1.113696312019938850e-16
1.670544468029908151e-16
1.113696312019938850e-16
0.000000000000000000e+00
1.113696312019938850e-16
1.113696312019938850e-16
1.113696312019938850e-16
1.113696312019938850e-16
1.113696312019938850e-16
1.113696312019938850e-16
1.670544468029908151e-16
1.113696312019938850e-16
0.000000000000000000e+00
1.670544468029908151e-16
1.113696312019938850e-16
1.113696312019938850e-16
0.000000000000000000e+00
0.000000000000000000e+00
0.000000000000000000e+00
0.000000000000000000e+00
1.113696312019938850e-16
0.000000000000000000e+00
0.000000000000000000e+00
0.000000000000000000e+00
5.047412701778175755e-03
5.144936949174980928e-02
1.356632331495113419e-01
2.692888393053183282e-01
4.415456456674358154e-01
6.490797044179339448e-01
8.031690168867390289e-01
9.168013219349601117e-01
9.720759110995352836e-01
9.949525872982220021e-01
9.999999999999996669e-01
1.000000000000000000e+00
9.999999999999996669e-01
9.949525872982218910e-01
9.720759110995350616e-01
9.168013219349602227e-01
8.031690168867386959e-01
6.490797044179337227e-01
4.415456456674359265e-01
2.692888393053184393e-01
1.356632331495111199e-01
5.144936949175019786e-02
5.047412701778064732e-03
0.000000000000000000e+00
0.000000000000000000e+00
1.670544468029908151e-16
0.000000000000000000e+00
0.000000000000000000e+00
0.000000000000000000e+00
0.000000000000000000e+00
1.113696312019938850e-16
1.113696312019938850e-16
1.113696312019938850e-16
1.113696312019938850e-16
1.113696312019938850e-16
1.113696312019938850e-16
1.113696312019938850e-16
1.113696312019938850e-16
1.670544468029908151e-16
1.113696312019938850e-16
1.113696312019938850e-16
1.113696312019938850e-16
1.113696312019938850e-16
1.113696312019938850e-16
1.113696312019938850e-16
1.113696312019938850e-16
1.113696312019938850e-16
1.670544468029908151e-16
1.113696312019938850e-16
1.113696312019938850e-16
1.670544468029908151e-16
3.341088936059816303e-16
1.113696312019938850e-16
1.113696312019938850e-16
0.000000000000000000e+00
0.000000000000000000e+00
0.000000000000000000e+00
1.113696312019938850e-16
0.000000000000000000e+00
0.000000000000000000e+00
0.000000000000000000e+00
2.784240780049847247e-16
5.047412701778064732e-03
2.792408890046483433e-02
8.319867806503926377e-02
1.968309831132613597e-01
3.509202955820662218e-01
5.584543543325637405e-01
7.307111606946818938e-01
8.643367668504889911e-01
9.485506305082499479e-01
9.949525872982215580e-01
1.000000000000000000e+00
9.949525872982215580e-01
9.485506305082499479e-01
8.643367668504889911e-01
7.307111606946818938e-01
5.584543543325639625e-01
3.509202955820662218e-01
1.968309831132613597e-01
8.319867806503959684e-02
2.792408890046483433e-02
5.047412701778343155e-03
1.113696312019938850e-16
1.113696312019938850e-16
1.670544468029908151e-16
1.670544468029908151e-16
0.000000000000000000e+00
0.000000000000000000e+00
0.000000000000000000e+00
1.113696312019938850e-16
1.113696312019938850e-16
1.113696312019938850e-16
0.000000000000000000e+00
1.113696312019938850e-16
1.113696312019938850e-16
1.113696312019938850e-16
1.113696312019938850e-16
1.113696312019938850e-16
1.670544468029908151e-16
1.113696312019938850e-16
1.113696312019938850e-16
1.113696312019938850e-16
1.113696312019938850e-16
1.113696312019938850e-16
0.000000000000000000e+00
1.113696312019938850e-16
1.113696312019938850e-16
1.670544468029908151e-16
1.113696312019938850e-16
1.113696312019938850e-16
1.113696312019938850e-16
1.113696312019938850e-16
1.670544468029908151e-16
0.000000000000000000e+00
1.113696312019938850e-16
1.113696312019938850e-16
0.000000000000000000e+00
1.113696312019938850e-16
1.113696312019938850e-16
0.000000000000000000e+00
0.000000000000000000e+00
1.670544468029908151e-16
0.000000000000000000e+00
0.000000000000000000e+00
5.047412701778009221e-03
5.144936949174992030e-02
1.356632331495109534e-01
2.692888393053183282e-01
4.415456456674358154e-01
6.490797044179333897e-01
7.970745088685018409e-01
8.861549696977752966e-01
9.112479135543896103e-01
8.861549696977752966e-01
7.970745088685020630e-01
6.490797044179337227e-01
4.415456456674358710e-01
2.692888393053183282e-01
1.356632331495110089e-01
5.144936949175008684e-02
5.047412701777897331e-03
0.000000000000000000e+00
2.784240780049847247e-16
0.000000000000000000e+00
0.000000000000000000e+00
0.000000000000000000e+00
1.113696312019938850e-16
1.113696312019938850e-16
0.000000000000000000e+00
0.000000000000000000e+00
0.000000000000000000e+00
0.000000000000000000e+00
0.000000000000000000e+00
0.000000000000000000e+00
1.113696312019938850e-16
1.113696312019938850e-16
1.113696312019938850e-16
1.113696312019938850e-16
1.113696312019938850e-16
1.113696312019938850e-16
1.113696312019938850e-16
1.113696312019938850e-16
1.113696312019938850e-16
1.113696312019938850e-16
0.000000000000000000e+00
0.000000000000000000e+00
1.113696312019938850e-16
1.113696312019938850e-16
1.670544468029908151e-16
1.113696312019938850e-16
0.000000000000000000e+00
1.670544468029908151e-16
1.113696312019938850e-16
1.113696312019938850e-16
0.000000000000000000e+00
0.000000000000000000e+00
1.670544468029908151e-16
1.113696312019938850e-16
0.000000000000000000e+00
1.113696312019938850e-16
1.113696312019938850e-16
0.000000000000000000e+00
1.113696312019938850e-16
0.000000000000000000e+00
1.113696312019938850e-16
0.000000000000000000e+00
5.047412701778064732e-03
2.792408890046466780e-02
8.319867806503954133e-02
1.968309831132610266e-01
3.509202955820658332e-01
5.287089435398600878e-01
6.357110134587037331e-01
6.737911599490444825e-01
6.357110134587038441e-01
5.287089435398598658e-01
3.509202955820658887e-01
1.968309831132609711e-01
8.319867806503931928e-02
2.792408890046477882e-02
5.047412701778064732e-03
1.113696312019938850e-16
1.113696312019938850e-16
1.113696312019938850e-16
0.000000000000000000e+00
0.000000000000000000e+00
0.000000000000000000e+00
1.113696312019938850e-16
0.000000000000000000e+00
0.000000000000000000e+00
1.113696312019938850e-16
1.670544468029908151e-16
1.113696312019938850e-16
1.113696312019938850e-16
0.000000000000000000e+00
0.000000000000000000e+00
0.000000000000000000e+00
1.113696312019938850e-16
0.000000000000000000e+00
0.000000000000000000e+00
1.113696312019938850e-16
1.113696312019938850e-16
1.113696312019938850e-16
0.000000000000000000e+00
1.113696312019938850e-16
0.000000000000000000e+00
0.000000000000000000e+00
1.113696312019938850e-16
1.113696312019938850e-16
2.784240780049847247e-16
1.113696312019938850e-16
0.000000000000000000e+00
0.000000000000000000e+00
1.113696312019938850e-16
0.000000000000000000e+00
0.000000000000000000e+00
1.113696312019938850e-16
1.113696312019938850e-16
0.000000000000000000e+00
0.000000000000000000e+00
1.113696312019938850e-16
0.000000000000000000e+00
1.113696312019938850e-16
0.000000000000000000e+00
0.000000000000000000e+00
0.000000000000000000e+00
0.000000000000000000e+00
1.113696312019938850e-16
2.784240780049847247e-16
5.047412701778175755e-03
5.144936949175041990e-02
1.356632331495109534e-01
2.326846226440025811e-01
2.974560061741415296e-01
3.262088400509556840e-01
2.974560061741413630e-01
2.326846226440024146e-01
1.356632331495112309e-01
5.144936949174997581e-02
5.047412701778175755e-03
2.784240780049847247e-16
0.000000000000000000e+00
1.113696312019938850e-16
0.000000000000000000e+00
0.000000000000000000e+00
0.000000000000000000e+00
1.113696312019938850e-16
0.000000000000000000e+00
1.113696312019938850e-16
0.000000000000000000e+00
1.670544468029908151e-16
0.000000000000000000e+00
1.670544468029908151e-16
0.000000000000000000e+00
0.000000000000000000e+00
0.000000000000000000e+00
0.000000000000000000e+00
0.000000000000000000e+00
0.000000000000000000e+00
0.000000000000000000e+00
0.000000000000000000e+00
1.113696312019938850e-16
1.113696312019938850e-16
0.000000000000000000e+00
0.000000000000000000e+00
1.113696312019938850e-16
0.000000000000000000e+00
0.000000000000000000e+00
0.000000000000000000e+00
1.113696312019938850e-16
1.670544468029908151e-16
1.113696312019938850e-16
1.113696312019938850e-16
1.113696312019938850e-16
1.113696312019938850e-16
0.000000000000000000e+00
0.000000000000000000e+00
2.784240780049847247e-16
1.113696312019938850e-16
0.000000000000000000e+00
0.000000000000000000e+00
1.113696312019938850e-16
0.000000000000000000e+00
1.113696312019938850e-16
0.000000000000000000e+00
1.113696312019938850e-16
1.670544468029908151e-16
0.000000000000000000e+00
0.000000000000000000e+00
1.113696312019938850e-16
0.000000000000000000e+00
5.047412701778009221e-03
2.792408890046444575e-02
5.884796633042016500e-02
8.319867806503954133e-02
8.875208644561023708e-02
8.319867806503926377e-02
5.884796633042016500e-02
2.792408890046483433e-02
5.047412701778009221e-03
0.000000000000000000e+00
0.000000000000000000e+00
1.113696312019938850e-16
0.000000000000000000e+00
0.000000000000000000e+00
2.784240780049847247e-16
0.000000000000000000e+00
1.113696312019938850e-16
0.000000000000000000e+00
2.784240780049847247e-16
0.000000000000000000e+00
0.000000000000000000e+00
1.113696312019938850e-16
0.000000000000000000e+00
0.000000000000000000e+00
1.113696312019938850e-16
0.000000000000000000e+00
1.113696312019938850e-16
0.000000000000000000e+00
1.113696312019938850e-16
0.000000000000000000e+00
0.000000000000000000e+00
1.113696312019938850e-16
1.113696312019938850e-16
0.000000000000000000e+00
0.000000000000000000e+00
1.113696312019938850e-16
0.000000000000000000e+00
0.000000000000000000e+00
0.000000000000000000e+00
1.113696312019938850e-16
1.113696312019938850e-16
0.000000000000000000e+00
0.000000000000000000e+00
1.113696312019938850e-16
1.113696312019938850e-16
1.113696312019938850e-16
0.000000000000000000e+00
0.000000000000000000e+00
0.000000000000000000e+00
0.000000000000000000e+00
0.000000000000000000e+00
0.000000000000000000e+00
1.113696312019938850e-16
0.000000000000000000e+00
1.113696312019938850e-16
0.000000000000000000e+00
1.113696312019938850e-16
0.000000000000000000e+00
0.000000000000000000e+00
0.000000000000000000e+00
0.000000000000000000e+00
1.113696312019938850e-16
0.000000000000000000e+00
1.670544468029908151e-16
1.670544468029908151e-16
0.000000000000000000e+00
2.784240780049847247e-16
1.113696312019938850e-16
0.000000000000000000e+00
0.000000000000000000e+00
0.000000000000000000e+00
1.113696312019938850e-16
0.000000000000000000e+00
0.000000000000000000e+00
0.000000000000000000e+00
3.341088936059816303e-16
0.000000000000000000e+00
0.000000000000000000e+00
0.000000000000000000e+00
0.000000000000000000e+00
0.000000000000000000e+00
1.113696312019938850e-16
0.000000000000000000e+00
3.341088936059816303e-16
1.113696312019938850e-16
0.000000000000000000e+00
1.670544468029908151e-16
1.113696312019938850e-16
0.000000000000000000e+00
1.113696312019938850e-16
0.000000000000000000e+00
0.000000000000000000e+00
1.113696312019938850e-16
1.113696312019938850e-16
0.000000000000000000e+00
0.000000000000000000e+00
1.113696312019938850e-16
0.000000000000000000e+00
0.000000000000000000e+00
0.000000000000000000e+00
1.670544468029908151e-16
2.784240780049847247e-16
0.000000000000000000e+00
1.113696312019938850e-16
0.000000000000000000e+00
3.341088936059816303e-16
1.113696312019938850e-16
0.000000000000000000e+00
2.784240780049847247e-16
1.113696312019938850e-16
0.000000000000000000e+00
1.113696312019938850e-16
1.113696312019938850e-16
0.000000000000000000e+00
1.670544468029908151e-16
0.000000000000000000e+00
0.000000000000000000e+00
1.113696312019938850e-16
0.000000000000000000e+00
2.784240780049847247e-16
0.000000000000000000e+00
1.670544468029908151e-16
0.000000000000000000e+00
0.000000000000000000e+00
2.784240780049847247e-16
0.000000000000000000e+00
0.000000000000000000e+00
1.113696312019938850e-16
2.784240780049847247e-16
0.000000000000000000e+00
0.000000000000000000e+00
1.670544468029908151e-16
0.000000000000000000e+00
1.113696312019938850e-16
1.113696312019938850e-16
1.113696312019938850e-16
0.000000000000000000e+00
0.000000000000000000e+00
1.113696312019938850e-16
0.000000000000000000e+00
0.000000000000000000e+00
0.000000000000000000e+00
1.670544468029908151e-16
0.000000000000000000e+00
3.341088936059816303e-16
1.113696312019938850e-16
0.000000000000000000e+00
1.113696312019938850e-16
1.113696312019938850e-16
0.000000000000000000e+00
1.113696312019938850e-16
1.113696312019938850e-16
1.113696312019938850e-16
1.113696312019938850e-16
1.113696312019938850e-16
0.000000000000000000e+00
0.000000000000000000e+00
1.113696312019938850e-16
0.000000000000000000e+00
0.000000000000000000e+00
0.000000000000000000e+00
1.113696312019938850e-16
2.784240780049847247e-16
0.000000000000000000e+00
1.113696312019938850e-16
0.000000000000000000e+00
2.784240780049847247e-16
0.000000000000000000e+00
0.000000000000000000e+00
2.784240780049847247e-16
0.000000000000000000e+00
0.000000000000000000e+00
0.000000000000000000e+00
1.113696312019938850e-16
0.000000000000000000e+00
0.000000000000000000e+00
0.000000000000000000e+00
1.113696312019938850e-16
1.113696312019938850e-16
0.000000000000000000e+00
0.000000000000000000e+00
1.670544468029908151e-16
2.784240780049847247e-16
0.000000000000000000e+00
0.000000000000000000e+00
0.000000000000000000e+00
0.000000000000000000e+00
0.000000000000000000e+00
0.000000000000000000e+00
0.000000000000000000e+00
0.000000000000000000e+00
0.000000000000000000e+00
0.000000000000000000e+00
2.784240780049847247e-16
0.000000000000000000e+00
0.000000000000000000e+00
0.000000000000000000e+00
2.784240780049847247e-16
1.113696312019938850e-16
1.113696312019938850e-16
0.000000000000000000e+00
2.784240780049847247e-16
0.000000000000000000e+00
0.000000000000000000e+00
0.000000000000000000e+00
0.000000000000000000e+00
1.670544468029908151e-16
1.113696312019938850e-16
0.000000000000000000e+00
0.000000000000000000e+00
0.000000000000000000e+00
1.670544468029908151e-16
0.000000000000000000e+00
0.000000000000000000e+00
1.113696312019938850e-16
1.113696312019938850e-16
0.000000000000000000e+00
0.000000000000000000e+00
1.113696312019938850e-16
0.000000000000000000e+00
0.000000000000000000e+00
0.000000000000000000e+00
1.113696312019938850e-16
1.113696312019938850e-16
1.113696312019938850e-16
1.113696312019938850e-16
1.113696312019938850e-16
1.113696312019938850e-16
0.000000000000000000e+00
1.113696312019938850e-16
1.113696312019938850e-16
1.113696312019938850e-16
0.000000000000000000e+00
1.113696312019938850e-16
1.113696312019938850e-16
0.000000000000000000e+00
0.000000000000000000e+00
1.113696312019938850e-16
1.113696312019938850e-16
1.670544468029908151e-16
0.000000000000000000e+00
0.000000000000000000e+00
1.670544468029908151e-16
1.113696312019938850e-16
0.000000000000000000e+00
0.000000000000000000e+00
0.000000000000000000e+00
0.000000000000000000e+00
0.000000000000000000e+00
0.000000000000000000e+00
0.000000000000000000e+00
0.000000000000000000e+00
0.000000000000000000e+00
0.000000000000000000e+00
1.113696312019938850e-16
0.000000000000000000e+00
1.113696312019938850e-16
0.000000000000000000e+00
2.784240780049847247e-16
1.113696312019938850e-16
0.000000000000000000e+00
0.000000000000000000e+00
0.000000000000000000e+00
1.113696312019938850e-16
3.341088936059816303e-16
0.000000000000000000e+00
0.000000000000000000e+00
1.113696312019938850e-16
0.000000000000000000e+00
1.113696312019938850e-16
0.000000000000000000e+00
0.000000000000000000e+00
1.113696312019938850e-16
0.000000000000000000e+00
0.000000000000000000e+00
0.000000000000000000e+00
1.113696312019938850e-16
0.000000000000000000e+00
0.000000000000000000e+00
1.113696312019938850e-16
0.000000000000000000e+00
0.000000000000000000e+00
0.000000000000000000e+00
1.113696312019938850e-16
0.000000000000000000e+00
0.000000000000000000e+00
1.113696312019938850e-16
0.000000000000000000e+00
1.113696312019938850e-16
0.000000000000000000e+00
0.000000000000000000e+00
1.670544468029908151e-16
2.784240780049847247e-16
1.113696312019938850e-16
1.113696312019938850e-16
0.000000000000000000e+00
0.000000000000000000e+00
0.000000000000000000e+00
0.000000000000000000e+00
0.000000000000000000e+00
0.000000000000000000e+00
0.000000000000000000e+00
0.000000000000000000e+00
0.000000000000000000e+00
1.113696312019938850e-16
5.047412701778175755e-03
2.792408890046466780e-02
5.884796633042038705e-02
8.319867806503920826e-02
8.875208644561040361e-02
8.319867806503943031e-02
5.884796633042038705e-02
2.792408890046477882e-02
5.047412701778064732e-03
0.000000000000000000e+00
1.113696312019938850e-16
1.113696312019938850e-16
0.000000000000000000e+00
0.000000000000000000e+00
1.113696312019938850e-16
0.000000000000000000e+00
0.000000000000000000e+00
0.000000000000000000e+00
0.000000000000000000e+00
0.000000000000000000e+00
1.113696312019938850e-16
0.000000000000000000e+00
1.670544468029908151e-16
1.113696312019938850e-16
1.670544468029908151e-16
0.000000000000000000e+00
0.000000000000000000e+00
0.000000000000000000e+00
2.784240780049847247e-16
0.000000000000000000e+00
1.113696312019938850e-16
1.113696312019938850e-16
1.113696312019938850e-16
0.000000000000000000e+00
0.000000000000000000e+00
1.113696312019938850e-16
0.000000000000000000e+00
0.000000000000000000e+00
0.000000000000000000e+00
1.113696312019938850e-16
0.000000000000000000e+00
1.113696312019938850e-16
0.000000000000000000e+00
0.000000000000000000e+00
1.113696312019938850e-16
0.000000000000000000e+00
0.000000000000000000e+00
1.670544468029908151e-16
0.000000000000000000e+00
0.000000000000000000e+00
0.000000000000000000e+00
2.784240780049847247e-16
0.000000000000000000e+00
0.000000000000000000e+00
1.113696312019938850e-16
1.113696312019938850e-16
1.670544468029908151e-16
0.000000000000000000e+00
1.670544468029908151e-16
0.000000000000000000e+00
5.047412701778175755e-03
5.144936949175014235e-02
1.356632331495110089e-01
2.326846226440021925e-01
2.974560061741415296e-01
3.262088400509556840e-01
2.974560061741415296e-01
2.326846226440021925e-01
1.356632331495110089e-01
5.144936949174980928e-02
5.047412701778064732e-03
1.113696312019938850e-16
1.113696312019938850e-16
0.000000000000000000e+00
0.000000000000000000e+00
2.784240780049847247e-16
0.000000000000000000e+00
1.670544468029908151e-16
0.000000000000000000e+00
0.000000000000000000e+00
0.000000000000000000e+00
1.670544468029908151e-16
0.000000000000000000e+00
0.000000000000000000e+00
0.000000000000000000e+00
1.113696312019938850e-16
0.000000000000000000e+00
0.000000000000000000e+00
1.113696312019938850e-16
1.670544468029908151e-16
0.000000000000000000e+00
0.000000000000000000e+00
1.113696312019938850e-16
1.113696312019938850e-16
0.000000000000000000e+00
0.000000000000000000e+00
1.113696312019938850e-16
0.000000000000000000e+00
0.000000000000000000e+00
0.000000000000000000e+00
0.000000000000000000e+00
0.000000000000000000e+00
2.784240780049847247e-16
3.341088936059816303e-16
0.000000000000000000e+00
0.000000000000000000e+00
0.000000000000000000e+00
0.000000000000000000e+00
0.000000000000000000e+00
1.113696312019938850e-16
1.113696312019938850e-16
0.000000000000000000e+00
1.670544468029908151e-16
0.000000000000000000e+00
1.670544468029908151e-16
0.000000000000000000e+00
1.670544468029908151e-16
1.113696312019938850e-16
0.000000000000000000e+00
5.047412701778064732e-03
2.792408890046477882e-02
8.319867806503965235e-02
1.968309831132610821e-01
3.509202955820664438e-01
5.287089435398596438e-01
6.357110134587034000e-01
6.737911599490440384e-01
6.357110134587036221e-01
5.287089435398593107e-01
3.509202955820666658e-01
1.968309831132610266e-01
8.319867806503943031e-02
2.792408890046466780e-02
5.047412701778175755e-03
0.000000000000000000e+00
0.000000000000000000e+00
3.341088936059816303e-16
0.000000000000000000e+00
1.113696312019938850e-16
1.113696312019938850e-16
0.000000000000000000e+00
0.000000000000000000e+00
1.113696312019938850e-16
0.000000000000000000e+00
1.113696312019938850e-16
1.670544468029908151e-16
0.000000000000000000e+00
0.000000000000000000e+00
0.000000000000000000e+00
1.113696312019938850e-16
1.113696312019938850e-16
1.670544468029908151e-16
1.113696312019938850e-16
1.113696312019938850e-16
1.113696312019938850e-16
0.000000000000000000e+00
0.000000000000000000e+00
1.113696312019938850e-16
0.000000000000000000e+00
0.000000000000000000e+00
0.000000000000000000e+00
1.113696312019938850e-16
1.113696312019938850e-16
1.113696312019938850e-16
0.000000000000000000e+00
0.000000000000000000e+00
1.113696312019938850e-16
0.000000000000000000e+00
1.113696312019938850e-16
1.670544468029908151e-16
0.000000000000000000e+00
0.000000000000000000e+00
0.000000000000000000e+00
1.670544468029908151e-16
0.000000000000000000e+00
0.000000000000000000e+00
0.000000000000000000e+00
0.000000000000000000e+00
0.000000000000000000e+00
5.047412701777897331e-03
5.144936949175014235e-02
1.356632331495111754e-01
2.692888393053186613e-01
4.415456456674358710e-01
6.490797044179332786e-01
7.970745088685017299e-01
8.861549696977752966e-01
9.112479135543896103e-01
8.861549696977755186e-01
7.970745088685016189e-01
6.490797044179333897e-01
4.415456456674358154e-01
2.692888393053184393e-01
1.356632331495113419e-01
5.144936949175014235e-02
5.047412701778009221e-03
0.000000000000000000e+00
0.000000000000000000e+00
0.000000000000000000e+00
0.000000000000000000e+00
0.000000000000000000e+00
0.000000000000000000e+00
0.000000000000000000e+00
2.784240780049847247e-16
0.000000000000000000e+00
0.000000000000000000e+00
0.000000000000000000e+00
2.784240780049847247e-16
0.000000000000000000e+00
0.000000000000000000e+00
0.000000000000000000e+00
0.000000000000000000e+00
0.000000000000000000e+00
0.000000000000000000e+00
1.670544468029908151e-16
1.113696312019938850e-16
0.000000000000000000e+00
0.000000000000000000e+00
1.113696312019938850e-16
0.000000000000000000e+00
0.000000000000000000e+00
0.000000000000000000e+00
0.000000000000000000e+00
0.000000000000000000e+00
1.113696312019938850e-16
0.000000000000000000e+00
0.000000000000000000e+00
1.113696312019938850e-16
2.784240780049847247e-16
0.000000000000000000e+00
1.113696312019938850e-16
0.000000000000000000e+00
0.000000000000000000e+00
0.000000000000000000e+00
0.000000000000000000e+00
0.000000000000000000e+00
0.000000000000000000e+00
0.000000000000000000e+00
5.047412701778064732e-03
2.792408890046511188e-02
8.319867806503926377e-02
1.968309831132612486e-01
3.509202955820664993e-01
5.584543543325640735e-01
7.307111606946817828e-01
8.643367668504886581e-01
9.485506305082497258e-01
9.949525872982215580e-01
1.000000000000000000e+00
9.949525872982215580e-01
9.485506305082498368e-01
8.643367668504886581e-01
7.307111606946817828e-01
5.584543543325637405e-01
3.509202955820664438e-01
1.968309831132612486e-01
8.319867806503954133e-02
2.792408890046466780e-02
5.047412701778064732e-03
0.000000000000000000e+00
0.000000000000000000e+00
0.000000000000000000e+00
1.113696312019938850e-16
0.000000000000000000e+00
0.000000000000000000e+00
0.000000000000000000e+00
0.000000000000000000e+00
0.000000000000000000e+00
0.000000000000000000e+00
0.000000000000000000e+00
0.000000000000000000e+00
0.000000000000000000e+00
0.000000000000000000e+00
1.113696312019938850e-16
1.113696312019938850e-16
1.113696312019938850e-16
1.113696312019938850e-16
0.000000000000000000e+00
1.113696312019938850e-16
1.113696312019938850e-16
0.000000000000000000e+00
0.000000000000000000e+00
0.000000000000000000e+00
1.113696312019938850e-16
1.113696312019938850e-16
0.000000000000000000e+00
0.000000000000000000e+00
1.113696312019938850e-16
0.000000000000000000e+00
0.000000000000000000e+00
0.000000000000000000e+00
0.000000000000000000e+00
0.000000000000000000e+00
0.000000000000000000e+00
1.113696312019938850e-16
0.000000000000000000e+00
0.000000000000000000e+00
0.000000000000000000e+00
5.047412701778232133e-03
5.144936949174975377e-02
1.356632331495112309e-01
2.692888393053178842e-01
4.415456456674354824e-01
6.490797044179338338e-01
8.031690168867386959e-01
9.168013219349602227e-01
9.720759110995348395e-01
9.949525872982217800e-01
9.999999999999996669e-01
9.999999999999997780e-01
9.999999999999997780e-01
9.949525872982215580e-01
9.720759110995350616e-01
9.168013219349602227e-01
8.031690168867382518e-01
6.490797044179335007e-01
4.415456456674354824e-01
2.692888393053181617e-01
1.356632331495111199e-01
5.144936949175014235e-02
5.047412701778064732e-03
1.113696312019938850e-16
0.000000000000000000e+00
0.000000000000000000e+00
0.000000000000000000e+00
0.000000000000000000e+00
0.000000000000000000e+00
0.000000000000000000e+00
0.000000000000000000e+00
1.670544468029908151e-16
1.670544468029908151e-16
1.113696312019938850e-16
0.000000000000000000e+00
1.113696312019938850e-16
0.000000000000000000e+00
1.113696312019938850e-16
1.670544468029908151e-16
1.113696312019938850e-16
0.000000000000000000e+00
1.113696312019938850e-16
1.113696312019938850e-16
0.000000000000000000e+00
0.000000000000000000e+00
0.000000000000000000e+00
1.113696312019938850e-16
0.000000000000000000e+00
0.000000000000000000e+00
0.000000000000000000e+00
1.113696312019938850e-16
2.784240780049847247e-16
1.670544468029908151e-16
1.113696312019938850e-16
0.000000000000000000e+00
0.000000000000000000e+00
0.000000000000000000e+00
0.000000000000000000e+00
1.113696312019938850e-16
5.047412701778064732e-03
2.792408890046477882e-02
8.319867806503981889e-02
1.968309831132609711e-01
3.509202955820664438e-01
5.584543543325636294e-01
7.307111606946817828e-01
8.643367668504888801e-01
9.485506305082499479e-01
9.949525872982217800e-01
9.999999999999997780e-01
1.000000000000000000e+00
1.000000000000000000e+00
1.000000000000000000e+00
9.999999999999997780e-01
9.999999999999997780e-01
9.999999999999997780e-01
9.949525872982217800e-01
9.485506305082498368e-01
8.643367668504889911e-01
7.307111606946817828e-01
5.584543543325636294e-01
3.509202955820661107e-01
1.968309831132610266e-01
8.319867806503970786e-02
2.792408890046477882e-02
5.047412701778064732e-03
0.000000000000000000e+00
0.000000000000000000e+00
1.113696312019938850e-16
0.000000000000000000e+00
1.113696312019938850e-16
1.113696312019938850e-16
1.113696312019938850e-16
1.113696312019938850e-16
1.113696312019938850e-16
0.000000000000000000e+00
1.670544468029908151e-16
0.000000000000000000e+00
1.113696312019938850e-16
1.670544468029908151e-16
1.113696312019938850e-16
0.000000000000000000e+00
1.113696312019938850e-16
1.113696312019938850e-16
0.000000000000000000e+00
0.000000000000000000e+00
0.000000000000000000e+00
1.113696312019938850e-16
0.000000000000000000e+00
1.113696312019938850e-16
1.113696312019938850e-16
2.784240780049847247e-16
1.113696312019938850e-16
0.000000000000000000e+00
1.113696312019938850e-16
1.113696312019938850e-16
1.113696312019938850e-16
0.000000000000000000e+00
0.000000000000000000e+00
5.047412701778064732e-03
5.144936949175008684e-02
1.356632331495110089e-01
2.692888393053184393e-01
4.415456456674357599e-01
6.490797044179339448e-01
8.031690168867382518e-01
9.168013219349603338e-01
9.720759110995351726e-01
9.949525872982218910e-01
1.000000000000000000e+00
1.000000000000000000e+00
1.000000000000000000e+00
9.999999999999997780e-01
1.000000000000000000e+00
9.999999999999997780e-01
1.000000000000000000e+00
1.000000000000000000e+00
1.000000000000000000e+00
9.949525872982218910e-01
9.720759110995351726e-01
9.168013219349604448e-01
8.031690168867390289e-01
6.490797044179333897e-01
4.415456456674358710e-01
2.692888393053184393e-01
1.356632331495111199e-01
5.144936949175003132e-02
5.047412701777897331e-03
0.000000000000000000e+00
1.113696312019938850e-16
1.113696312019938850e-16
0.000000000000000000e+00
0.000000000000000000e+00
1.113696312019938850e-16
0.000000000000000000e+00
0.000000000000000000e+00
1.670544468029908151e-16
0.000000000000000000e+00
0.000000000000000000e+00
1.113696312019938850e-16
1.670544468029908151e-16
1.113696312019938850e-16
0.000000000000000000e+00
1.113696312019938850e-16
1.113696312019938850e-16
0.000000000000000000e+00
0.000000000000000000e+00
0.000000000000000000e+00
1.113696312019938850e-16
1.113696312019938850e-16
1.113696312019938850e-16
1.113696312019938850e-16
1.113696312019938850e-16
1.113696312019938850e-16
0.000000000000000000e+00
0.000000000000000000e+00
0.000000000000000000e+00
1.113696312019938850e-16
0.000000000000000000e+00
5.047412701778175755e-03
5.144936949175008684e-02
1.699982087684673016e-01
3.443810125961293545e-01
5.584543543325636294e-01
7.307111606946817828e-01
8.643367668504891022e-01
9.485506305082497258e-01
9.949525872982220021e-01
1.000000000000000000e+00
1.000000000000000000e+00
9.999999999999997780e-01
9.999999999999996669e-01
9.999999999999997780e-01
9.999999999999996669e-01
9.999999999999996669e-01
9.999999999999995559e-01
9.999999999999997780e-01
9.999999999999996669e-01
9.999999999999997780e-01
9.999999999999996669e-01
1.000000000000000000e+00
9.949525872982221131e-01
9.485506305082499479e-01
8.643367668504888801e-01
7.307111606946818938e-01
5.584543543325636294e-01
3.443810125961294655e-01
1.699982087684676346e-01
5.144936949174992030e-02
5.047412701778009221e-03
0.000000000000000000e+00
1.113696312019938850e-16
0.000000000000000000e+00
1.113696312019938850e-16
1.113696312019938850e-16
0.000000000000000000e+00
0.000000000000000000e+00
0.000000000000000000e+00
1.113696312019938850e-16
0.000000000000000000e+00
1.113696312019938850e-16
1.670544468029908151e-16
1.113696312019938850e-16
0.000000000000000000e+00
1.113696312019938850e-16
1.113696312019938850e-16
0.000000000000000000e+00
0.000000000000000000e+00
1.113696312019938850e-16
1.113696312019938850e-16
1.113696312019938850e-16
0.000000000000000000e+00
1.113696312019938850e-16
1.670544468029908151e-16
1.113696312019938850e-16
1.670544468029908151e-16
0.000000000000000000e+00
1.113696312019938850e-16
5.047412701777841820e-03
2.792408890046466780e-02
8.319867806503970786e-02
1.968309831132614152e-01
3.801865174483313181e-01
6.198134825516680158e-01
8.031690168867390289e-01
9.168013219349602227e-01
9.720759110995351726e-01
9.949525872982215580e-01
1.000000000000000000e+00
1.000000000000000000e+00
1.000000000000000000e+00
9.999999999999997780e-01
9.999999999999997780e-01
1.000000000000000000e+00
1.000000000000000000e+00
9.999999999999997780e-01
1.000000000000000000e+00
9.999999999999997780e-01
1.000000000000000000e+00
9.999999999999993339e-01
9.999999999999997780e-01
9.999999999999997780e-01
1.000000000000000000e+00
9.949525872982220021e-01
9.720759110995350616e-01
9.168013219349602227e-01
8.031690168867386959e-01
6.198134825516680158e-01
3.801865174483313181e-01
1.968309831132613597e-01
8.319867806503959684e-02
0.000000000000000000e+00
0.000000000000000000e+00
1.113696312019938850e-16
1.670544468029908151e-16
0.000000000000000000e+00
1.113696312019938850e-16
0.000000000000000000e+00
0.000000000000000000e+00
1.113696312019938850e-16
0.000000000000000000e+00
1.113696312019938850e-16
1.670544468029908151e-16
1.670544468029908151e-16
0.000000000000000000e+00
1.113696312019938850e-16
1.113696312019938850e-16
0.000000000000000000e+00
0.000000000000000000e+00
1.113696312019938850e-16
1.113696312019938850e-16
1.113696312019938850e-16
0.000000000000000000e+00
1.113696312019938850e-16
1.670544468029908151e-16
1.113696312019938850e-16
0.000000000000000000e+00
2.784240780049847247e-16
1.670544468029908151e-16
2.792408890046483433e-02
1.022842774335873117e-01
2.412612486824040059e-01
4.348773624671005145e-01
6.556189874038704790e-01
8.300017912315326152e-01
9.485506305082499479e-01
9.949525872982218910e-01
1.000000000000000000e+00
9.999999999999997780e-01
1.000000000000000000e+00
1.000000000000000000e+00
9.999999999999997780e-01
9.999999999999996669e-01
1.000000000000000000e+00
1.000000000000000000e+00
9.999999999999997780e-01
9.999999999999996669e-01
9.999999999999997780e-01
9.999999999999997780e-01
9.999999999999997780e-01
9.999999999999995559e-01
9.999999999999997780e-01
1.000000000000000000e+00
9.999999999999997780e-01
1.000000000000000000e+00
9.999999999999997780e-01
9.949525872982220021e-01
9.485506305082499479e-01
8.300017912315321711e-01
6.556189874038705900e-01
4.348773624671005145e-01
2.412612486824037283e-01
5.346472250908401030e-02
5.346472250908401030e-02
2.792408890046466780e-02
5.047412701777897331e-03
0.000000000000000000e+00
0.000000000000000000e+00
0.000000000000000000e+00
0.000000000000000000e+00
1.113696312019938850e-16
0.000000000000000000e+00
1.113696312019938850e-16
1.670544468029908151e-16
1.670544468029908151e-16
0.000000000000000000e+00
1.113696312019938850e-16
1.113696312019938850e-16
0.000000000000000000e+00
1.113696312019938850e-16
1.113696312019938850e-16
1.113696312019938850e-16
1.113696312019938850e-16
0.000000000000000000e+00
0.000000000000000000e+00
1.670544468029908151e-16
1.113696312019938850e-16
0.000000000000000000e+00
5.047412701778064732e-03
2.792408890046477882e-02
1.159904266376542009e-01
2.692888393053181062e-01
4.966531602079956587e-01
7.022980090960562194e-01
8.643367668504889911e-01
9.485506305082499479e-01
9.949525872982215580e-01
1.000000000000000000e+00
1.000000000000000000e+00
9.999999999999997780e-01
9.999999999999996669e-01
9.999999999999997780e-01
1.000000000000000000e+00
1.000000000000000000e+00
9.999999999999997780e-01
1.000000000000000000e+00
9.999999999999997780e-01
9.999999999999997780e-01
9.999999999999997780e-01
9.999999999999997780e-01
9.999999999999997780e-01
9.999999999999997780e-01
9.999999999999997780e-01
9.999999999999997780e-01
9.999999999999997780e-01
1.000000000000000000e+00
9.999999999999997780e-01
1.000000000000000000e+00
9.949525872982215580e-01
9.485506305082499479e-01
8.643367668504888801e-01
6.958679776961217422e-01
4.601765172083227551e-01
1.722439438359763264e-01
1.722439438359762154e-01
1.022842774335872007e-01
2.792408890046461228e-02
0.000000000000000000e+00
0.000000000000000000e+00
0.000000000000000000e+00
0.000000000000000000e+00
0.000000000000000000e+00
0.000000000000000000e+00
1.113696312019938850e-16
1.670544468029908151e-16
1.670544468029908151e-16
0.000000000000000000e+00
1.113696312019938850e-16
1.113696312019938850e-16
0.000000000000000000e+00
1.113696312019938850e-16
1.113696312019938850e-16
1.670544468029908151e-16
1.113696312019938850e-16
0.000000000000000000e+00
0.000000000000000000e+00
1.113696312019938850e-16
1.670544468029908151e-16
1.113696312019938850e-16
2.792408890046461228e-02
1.022842774335873672e-01
2.692888393053181617e-01
4.966531602079952146e-01
7.307111606946820048e-01
8.840095733623458685e-01
9.720759110995350616e-01
9.949525872982215580e-01
1.000000000000000000e+00
1.000000000000000000e+00
1.000000000000000000e+00
9.999999999999997780e-01
1.000000000000000000e+00
1.000000000000000000e+00
9.999999999999997780e-01
1.000000000000000000e+00
1.000000000000000000e+00
9.999999999999997780e-01
1.000000000000000000e+00
9.999999999999997780e-01
1.000000000000000000e+00
9.999999999999997780e-01
9.999999999999997780e-01
9.999999999999997780e-01
9.999999999999997780e-01
9.999999999999997780e-01
1.000000000000000000e+00
1.000000000000000000e+00
9.999999999999996669e-01
1.000000000000000000e+00
1.000000000000000000e+00
9.949525872982215580e-01
9.720759110995348395e-01
8.524346907636943804e-01
6.063432364700709343e-01
3.624068389146742342e-01
3.851500524122454805e-01
2.412612486824043112e-01
8.319867806503965235e-02
5.047412701778175755e-03
0.000000000000000000e+00
0.000000000000000000e+00
0.000000000000000000e+00
0.000000000000000000e+00
0.000000000000000000e+00
1.113696312019938850e-16
1.113696312019938850e-16
1.113696312019938850e-16
0.000000000000000000e+00
1.113696312019938850e-16
1.113696312019938850e-16
0.000000000000000000e+00
1.113696312019938850e-16
1.113696312019938850e-16
1.113696312019938850e-16
1.113696312019938850e-16
0.000000000000000000e+00
0.000000000000000000e+00
1.113696312019938850e-16
1.670544468029908151e-16
5.047412701778175755e-03
8.319867806503959684e-02
2.412612486824040614e-01
4.966531602079954921e-01
7.307111606946812277e-01
8.977157225664129658e-01
9.720759110995352836e-01
9.999999999999997780e-01
1.000000000000000000e+00
9.999999999999997780e-01
1.000000000000000000e+00
1.000000000000000000e+00
1.000000000000000000e+00
9.999999999999997780e-01
9.999999999999997780e-01
1.000000000000000000e+00
1.000000000000000000e+00
9.999999999999997780e-01
9.999999999999997780e-01
9.999999999999997780e-01
1.000000000000000000e+00
9.999999999999997780e-01
9.999999999999996669e-01
9.999999999999997780e-01
1.000000000000000000e+00
1.000000000000000000e+00
9.999999999999997780e-01
9.999999999999997780e-01
9.999999999999997780e-01
9.999999999999996669e-01
1.000000000000000000e+00
9.999999999999997780e-01
9.999999999999997780e-01
9.999999999999997780e-01
9.112479135543894992e-01
6.737911599490440384e-01
5.312228938372171028e-01
5.928340913743257445e-01
4.348773624671007920e-01
1.968309831132610266e-01
5.144936949175014235e-02
5.047412701778009221e-03
0.000000000000000000e+00
0.000000000000000000e+00
0.000000000000000000e+00
0.000000000000000000e+00
1.113696312019938850e-16
1.113696312019938850e-16
1.113696312019938850e-16
0.000000000000000000e+00
1.113696312019938850e-16
1.113696312019938850e-16
0.000000000000000000e+00
1.113696312019938850e-16
1.113696312019938850e-16
1.113696312019938850e-16
1.113696312019938850e-16
0.000000000000000000e+00
0.000000000000000000e+00
1.670544468029908151e-16
5.047412701778064732e-03
5.144936949175014235e-02
1.968309831132610266e-01
4.348773624671009030e-01
7.022980090960557753e-01
8.840095733623453134e-01
9.720759110995351726e-01
9.949525872982221131e-01
1.000000000000000000e+00
1.000000000000000000e+00
1.000000000000000000e+00
9.999999999999997780e-01
1.000000000000000000e+00
9.999999999999997780e-01
9.999999999999997780e-01
1.000000000000000000e+00
9.999999999999997780e-01
1.000000000000000000e+00
1.000000000000000000e+00
1.000000000000000000e+00
9.999999999999997780e-01
9.999999999999997780e-01
1.000000000000000000e+00
9.999999999999997780e-01
9.999999999999997780e-01
1.000000000000000000e+00
9.999999999999997780e-01
1.000000000000000000e+00
9.999999999999997780e-01
1.000000000000000000e+00
9.999999999999997780e-01
1.000000000000000000e+00
9.999999999999997780e-01
9.999999999999997780e-01
1.000000000000000000e+00
9.112479135543897213e-01
6.737911599490439274e-01
6.381803139056040353e-01
7.634302360455073044e-01
6.556189874038704790e-01
3.801865174483315957e-01
1.699982087684676346e-01
5.144936949175003132e-02
5.047412701778064732e-03
0.000000000000000000e+00
0.000000000000000000e+00
0.000000000000000000e+00
1.113696312019938850e-16
1.113696312019938850e-16
1.113696312019938850e-16
0.000000000000000000e+00
1.113696312019938850e-16
1.113696312019938850e-16
0.000000000000000000e+00
1.113696312019938850e-16
1.113696312019938850e-16
1.670544468029908151e-16
1.113696312019938850e-16
0.000000000000000000e+00
0.000000000000000000e+00
5.047412701778175755e-03
5.144936949175019786e-02
1.699982087684676346e-01
3.801865174483315957e-01
6.556189874038705900e-01
8.643367668504888801e-01
9.720759110995348395e-01
1.000000000000000000e+00
1.000000000000000000e+00
9.999999999999997780e-01
9.999999999999997780e-01
1.000000000000000000e+00
1.000000000000000000e+00
1.000000000000000000e+00
9.999999999999997780e-01
1.000000000000000000e+00
1.000000000000000000e+00
9.999999999999997780e-01
1.000000000000000000e+00
1.000000000000000000e+00
9.999999999999997780e-01
1.000000000000000000e+00
9.999999999999997780e-01
1.000000000000000000e+00
9.999999999999997780e-01
9.999999999999997780e-01
9.999999999999997780e-01
9.999999999999997780e-01
9.999999999999997780e-01
1.000000000000000000e+00
1.000000000000000000e+00
9.999999999999996669e-01
1.000000000000000000e+00
1.000000000000000000e+00
9.999999999999997780e-01
9.999999999999997780e-01
9.112479135543894992e-01
6.737911599490443715e-01
6.672909507086756120e-01
8.546383501240431002e-01
8.300017912315326152e-01
6.198134825516682378e-01
3.443810125961296320e-01
1.356632331495110089e-01
2.792408890046466780e-02
1.113696312019938850e-16
0.000000000000000000e+00
0.000000000000000000e+00
1.113696312019938850e-16
1.670544468029908151e-16
1.113696312019938850e-16
0.000000000000000000e+00
1.113696312019938850e-16
1.113696312019938850e-16
0.000000000000000000e+00
1.113696312019938850e-16
1.113696312019938850e-16
1.670544468029908151e-16
0.000000000000000000e+00
0.000000000000000000e+00
0.000000000000000000e+00
2.792408890046477882e-02
1.356632331495111199e-01
3.443810125961294655e-01
6.198134825516682378e-01
8.300017912315323931e-01
9.485506305082498368e-01
9.949525872982215580e-01
1.000000000000000000e+00
1.000000000000000000e+00
9.999999999999997780e-01
1.000000000000000000e+00
9.999999999999997780e-01
1.000000000000000000e+00
9.999999999999997780e-01
1.000000000000000000e+00
9.999999999999997780e-01
9.999999999999997780e-01
1.000000000000000000e+00
1.000000000000000000e+00
9.999999999999997780e-01
9.999999999999997780e-01
9.999999999999997780e-01
1.000000000000000000e+00
9.999999999999997780e-01
9.999999999999996669e-01
9.999999999999997780e-01
1.000000000000000000e+00
1.000000000000000000e+00
9.999999999999997780e-01
9.999999999999997780e-01
9.999999999999997780e-01
9.999999999999996669e-01
1.000000000000000000e+00
9.999999999999997780e-01
9.999999999999997780e-01
9.999999999999997780e-01
9.112479135543894992e-01
6.737911599490440384e-01
6.737911599490442605e-01
9.056640381539986517e-01
9.485506305082502809e-01
8.031690168867386959e-01
5.584543543325641846e-01
2.692888393053181617e-01
8.319867806503965235e-02
5.047412701778064732e-03
0.000000000000000000e+00
1.113696312019938850e-16
1.113696312019938850e-16
1.113696312019938850e-16
1.113696312019938850e-16
0.000000000000000000e+00
1.113696312019938850e-16
1.113696312019938850e-16
0.000000000000000000e+00
0.000000000000000000e+00
1.113696312019938850e-16
1.113696312019938850e-16
1.113696312019938850e-16
0.000000000000000000e+00
5.047412701777897331e-03
8.319867806503981889e-02
2.692888393053184393e-01
5.584543543325641846e-01
8.031690168867385848e-01
9.485506305082501699e-01
9.949525872982217800e-01
9.999999999999997780e-01
9.999999999999997780e-01
1.000000000000000000e+00
1.000000000000000000e+00
1.000000000000000000e+00
1.000000000000000000e+00
9.999999999999997780e-01
1.000000000000000000e+00
9.999999999999997780e-01
9.999999999999997780e-01
1.000000000000000000e+00
9.999999999999997780e-01
1.000000000000000000e+00
1.000000000000000000e+00
1.000000000000000000e+00
9.999999999999997780e-01
9.999999999999997780e-01
1.000000000000000000e+00
9.999999999999997780e-01
9.999999999999997780e-01
1.000000000000000000e+00
9.999999999999997780e-01
1.000000000000000000e+00
9.999999999999997780e-01
1.000000000000000000e+00
9.999999999999997780e-01
1.000000000000000000e+00
9.999999999999997780e-01
9.999999999999997780e-01
1.000000000000000000e+00
9.112479135543897213e-01
6.737911599490439274e-01
6.737911599490442605e-01
9.112479135543893882e-01
9.949525872982215580e-01
9.168013219349602227e-01
7.307111606946814497e-01
4.415456456674357599e-01
1.968309831132610821e-01
5.144936949175014235e-02
5.047412701778009221e-03
0.000000000000000000e+00
1.113696312019938850e-16
1.113696312019938850e-16
1.113696312019938850e-16
0.000000000000000000e+00
1.113696312019938850e-16
1.113696312019938850e-16
0.000000000000000000e+00
0.000000000000000000e+00
1.113696312019938850e-16
1.113696312019938850e-16
0.000000000000000000e+00
5.047412701777897331e-03
5.144936949175003132e-02
1.968309831132612486e-01
4.415456456674358154e-01
7.307111606946817828e-01
9.168013219349604448e-01
9.949525872982217800e-01
9.999999999999997780e-01
9.999999999999997780e-01
1.000000000000000000e+00
1.000000000000000000e+00
9.999999999999996669e-01
9.999999999999997780e-01
1.000000000000000000e+00
9.999999999999997780e-01
9.999999999999997780e-01
9.999999999999997780e-01
9.999999999999997780e-01
1.000000000000000000e+00
1.000000000000000000e+00
9.999999999999997780e-01
9.999999999999997780e-01
1.000000000000000000e+00
1.000000000000000000e+00
9.999999999999997780e-01
1.000000000000000000e+00
9.999999999999997780e-01
1.000000000000000000e+00
9.999999999999993339e-01
9.999999999999997780e-01
9.999999999999997780e-01
1.000000000000000000e+00
1.000000000000000000e+00
9.999999999999997780e-01
9.999999999999997780e-01
9.999999999999996669e-01
9.999999999999996669e-01
9.999999999999996669e-01
9.112479135543896103e-01
6.737911599490442605e-01
6.737911599490442605e-01
9.112479135543893882e-01
1.000000000000000000e+00
9.720759110995350616e-01
8.643367668504888801e-01
6.490797044179335007e-01
3.509202955820663328e-01
1.356632331495110089e-01
2.792408890046461228e-02
0.000000000000000000e+00
0.000000000000000000e+00
1.113696312019938850e-16
1.113696312019938850e-16
0.000000000000000000e+00
0.000000000000000000e+00
1.113696312019938850e-16
0.000000000000000000e+00
0.000000000000000000e+00
0.000000000000000000e+00
1.113696312019938850e-16
0.000000000000000000e+00
2.792408890046461228e-02
1.356632331495108423e-01
3.509202955820664438e-01
6.490797044179335007e-01
8.643367668504889911e-01
9.720759110995350616e-01
1.000000000000000000e+00
9.999999999999997780e-01
9.999999999999997780e-01
9.999999999999997780e-01
9.999999999999997780e-01
9.999999999999997780e-01
1.000000000000000000e+00
1.000000000000000000e+00
1.000000000000000000e+00
9.999999999999997780e-01
9.999999999999997780e-01
1.000000000000000000e+00
1.000000000000000000e+00
9.999999999999997780e-01
9.999999999999996669e-01
9.999999999999997780e-01
1.000000000000000000e+00
9.999999999999997780e-01
9.999999999999996669e-01
9.999999999999997780e-01
9.999999999999997780e-01
9.999999999999996669e-01
9.999999999999995559e-01
9.999999999999997780e-01
9.999999999999997780e-01
9.999999999999997780e-01
1.000000000000000000e+00
9.999999999999997780e-01
1.000000000000000000e+00
9.999999999999997780e-01
9.999999999999997780e-01
1.000000000000000000e+00
9.112479135543894992e-01
6.737911599490438164e-01
6.737911599490442605e-01
9.112479135543893882e-01
1.000000000000000000e+00
9.949525872982217800e-01
9.485506305082499479e-01
8.031690168867383628e-01
5.584543543325639625e-01
2.692888393053182172e-01
8.319867806503959684e-02
5.047412701778064732e-03
0.000000000000000000e+00
1.113696312019938850e-16
1.113696312019938850e-16
0.000000000000000000e+00
0.000000000000000000e+00
1.113696312019938850e-16
0.000000000000000000e+00
0.000000000000000000e+00
0.000000000000000000e+00
1.113696312019938850e-16
5.047412701778009221e-03
8.319867806503954133e-02
2.692888393053181062e-01
5.584543543325641846e-01
8.031690168867390289e-01
9.485506305082499479e-01
9.949525872982218910e-01
9.999999999999997780e-01
1.000000000000000000e+00
9.999999999999996669e-01
1.000000000000000000e+00
9.999999999999997780e-01
9.999999999999997780e-01
1.000000000000000000e+00
9.999999999999997780e-01
1.000000000000000000e+00
1.000000000000000000e+00
9.999999999999997780e-01
9.999999999999996669e-01
9.999999999999997780e-01
1.000000000000000000e+00
1.000000000000000000e+00
9.999999999999997780e-01
9.999999999999997780e-01
9.999999999999997780e-01
9.999999999999997780e-01
9.999999999999997780e-01
9.999999999999995559e-01
9.999999999999996669e-01
9.999999999999997780e-01
9.999999999999997780e-01
9.999999999999997780e-01
9.999999999999997780e-01
9.999999999999997780e-01
9.999999999999997780e-01
1.000000000000000000e+00
9.999999999999995559e-01
9.999999999999997780e-01
9.999999999999997780e-01
9.112479135543896103e-01
6.737911599490439274e-01
6.737911599490442605e-01
9.112479135543894992e-01
9.999999999999997780e-01
1.000000000000000000e+00
9.949525872982217800e-01
9.168013219349604448e-01
7.307111606946814497e-01
4.415456456674358710e-01
1.968309831132610266e-01
5.144936949175014235e-02
5.047412701778009221e-03
1.113696312019938850e-16
0.000000000000000000e+00
0.000000000000000000e+00
0.000000000000000000e+00
1.113696312019938850e-16
0.000000000000000000e+00
0.000000000000000000e+00
0.000000000000000000e+00
5.047412701778175755e-03
5.144936949175008684e-02
1.968309831132610266e-01
4.415456456674358154e-01
7.307111606946817828e-01
9.168013219349604448e-01
9.949525872982217800e-01
1.000000000000000000e+00
1.000000000000000000e+00
9.999999999999997780e-01
1.000000000000000000e+00
1.000000000000000000e+00
1.000000000000000000e+00
9.999999999999997780e-01
1.000000000000000000e+00
1.000000000000000000e+00
9.999999999999997780e-01
1.000000000000000000e+00
9.999999999999996669e-01
1.000000000000000000e+00
9.999999999999997780e-01
1.000000000000000000e+00
1.000000000000000000e+00
9.999999999999997780e-01
1.000000000000000000e+00
1.000000000000000000e+00
1.000000000000000000e+00
9.999999999999997780e-01
9.999999999999997780e-01
9.999999999999997780e-01
1.000000000000000000e+00
9.999999999999997780e-01
1.000000000000000000e+00
1.000000000000000000e+00
9.999999999999996669e-01
9.999999999999997780e-01
9.999999999999997780e-01
1.000000000000000000e+00
1.000000000000000000e+00
1.000000000000000000e+00
9.112479135543894992e-01
6.737911599490442605e-01
6.737911599490442605e-01
9.112479135543896103e-01
1.000000000000000000e+00
9.999999999999997780e-01
1.000000000000000000e+00
9.720759110995352836e-01
8.643367668504888801e-01
6.490797044179335007e-01
3.509202955820664438e-01
1.356632331495110089e-01
2.792408890046466780e-02
1.113696312019938850e-16
1.113696312019938850e-16
0.000000000000000000e+00
0.000000000000000000e+00
1.113696312019938850e-16
0.000000000000000000e+00
0.000000000000000000e+00
0.000000000000000000e+00
2.792408890046477882e-02
1.356632331495110089e-01
3.509202955820663883e-01
6.490797044179335007e-01
8.643367668504889911e-01
9.720759110995352836e-01
1.000000000000000000e+00
1.000000000000000000e+00
1.000000000000000000e+00
9.999999999999997780e-01
1.000000000000000000e+00
1.000000000000000000e+00
1.000000000000000000e+00
9.999999999999997780e-01
1.000000000000000000e+00
1.000000000000000000e+00
1.000000000000000000e+00
1.000000000000000000e+00
9.999999999999997780e-01
1.000000000000000000e+00
9.999999999999997780e-01
1.000000000000000000e+00
1.000000000000000000e+00
1.000000000000000000e+00
1.000000000000000000e+00
9.999999999999997780e-01
1.000000000000000000e+00
9.999999999999997780e-01
1.000000000000000000e+00
1.000000000000000000e+00
1.000000000000000000e+00
1.000000000000000000e+00
9.999999999999997780e-01
1.000000000000000000e+00
1.000000000000000000e+00
9.999999999999997780e-01
1.000000000000000000e+00
9.999999999999997780e-01
9.999999999999997780e-01
1.000000000000000000e+00
9.112479135543896103e-01
6.737911599490442605e-01
6.737911599490442605e-01
9.112479135543894992e-01
1.000000000000000000e+00
9.999999999999997780e-01
9.999999999999997780e-01
9.949525872982215580e-01
9.485506305082499479e-01
8.031690168867385848e-01
5.584543543325639625e-01
2.692888393053184393e-01
8.319867806503965235e-02
5.047412701778064732e-03
0.000000000000000000e+00
0.000000000000000000e+00
0.000000000000000000e+00
1.113696312019938850e-16
0.000000000000000000e+00
0.000000000000000000e+00
5.047412701778064732e-03
8.319867806503970786e-02
2.692888393053181617e-01
5.584543543325637405e-01
8.031690168867382518e-01
9.485506305082499479e-01
9.949525872982217800e-01
9.999999999999997780e-01
9.999999999999997780e-01
1.000000000000000000e+00
1.000000000000000000e+00
9.999999999999996669e-01
1.000000000000000000e+00
9.999999999999997780e-01
9.999999999999997780e-01
1.000000000000000000e+00
9.999999999999996669e-01
1.000000000000000000e+00
1.000000000000000000e+00
1.000000000000000000e+00
1.000000000000000000e+00
1.000000000000000000e+00
1.000000000000000000e+00
9.999999999999997780e-01
9.999999999999996669e-01
9.999999999999997780e-01
9.999999999999996669e-01
9.999999999999996669e-01
9.999999999999995559e-01
9.999999999999997780e-01
9.999999999999996669e-01
9.999999999999997780e-01
9.999999999999996669e-01
1.000000000000000000e+00
1.000000000000000000e+00
1.000000000000000000e+00
9.999999999999997780e-01
1.000000000000000000e+00
9.999999999999996669e-01
9.999999999999997780e-01
1.000000000000000000e+00
9.112479135543896103e-01
6.737911599490442605e-01
6.737911599490442605e-01
9.112479135543896103e-01
1.000000000000000000e+00
1.000000000000000000e+00
1.000000000000000000e+00
9.999999999999997780e-01
9.949525872982217800e-01
9.168013219349602227e-01
7.307111606946817828e-01
4.415456456674359265e-01
1.968309831132610266e-01
5.144936949175014235e-02
5.047412701778064732e-03
0.000000000000000000e+00
0.000000000000000000e+00
1.113696312019938850e-16
0.000000000000000000e+00
5.047412701778064732e-03
5.144936949175008684e-02
1.968309831132610821e-01
4.415456456674356489e-01
7.307111606946815607e-01
9.168013219349603338e-01
9.949525872982220021e-01
9.999999999999997780e-01
1.000000000000000000e+00
9.999999999999997780e-01
1.000000000000000000e+00
9.999999999999997780e-01
1.000000000000000000e+00
9.999999999999997780e-01
1.000000000000000000e+00
9.999999999999997780e-01
9.999999999999997780e-01
9.999999999999997780e-01
1.000000000000000000e+00
9.999999999999996669e-01
1.000000000000000000e+00
1.000000000000000000e+00
1.000000000000000000e+00
1.000000000000000000e+00
1.000000000000000000e+00
9.999999999999997780e-01
9.999999999999997780e-01
9.999999999999997780e-01
1.000000000000000000e+00
9.999999999999997780e-01
9.999999999999996669e-01
9.999999999999996669e-01
1.000000000000000000e+00
1.000000000000000000e+00
1.000000000000000000e+00
1.000000000000000000e+00
1.000000000000000000e+00
9.999999999999995559e-01
1.000000000000000000e+00
9.999999999999997780e-01
9.999999999999997780e-01
1.000000000000000000e+00
9.112479135543896103e-01
6.737911599490444825e-01
6.737911599490444825e-01
9.112479135543893882e-01
9.999999999999997780e-01
9.999999999999995559e-01
9.999999999999997780e-01
9.999999999999997780e-01
9.999999999999997780e-01
9.720759110995352836e-01
8.643367668504888801e-01
6.490797044179335007e-01
3.509202955820663328e-01
1.356632331495111199e-01
2.792408890046477882e-02
0.000000000000000000e+00
0.000000000000000000e+00
1.113696312019938850e-16
0.000000000000000000e+00
2.792408890046477882e-02
1.356632331495110089e-01
3.509202955820664438e-01
6.490797044179332786e-01
8.643367668504886581e-01
9.720759110995350616e-01
1.000000000000000000e+00
1.000000000000000000e+00
9.999999999999997780e-01
9.999999999999997780e-01
9.999999999999997780e-01
9.999999999999997780e-01
1.000000000000000000e+00
1.000000000000000000e+00
9.999999999999997780e-01
9.999999999999997780e-01
1.000000000000000000e+00
9.999999999999997780e-01
1.000000000000000000e+00
1.000000000000000000e+00
9.999999999999997780e-01
1.000000000000000000e+00
1.000000000000000000e+00
1.000000000000000000e+00
1.000000000000000000e+00
9.999999999999997780e-01
9.999999999999997780e-01
9.999999999999997780e-01
1.000000000000000000e+00
9.999999999999996669e-01
9.999999999999996669e-01
9.999999999999997780e-01
1.000000000000000000e+00
9.999999999999997780e-01
1.000000000000000000e+00
1.000000000000000000e+00
1.000000000000000000e+00
9.999999999999997780e-01
1.000000000000000000e+00
9.999999999999996669e-01
9.999999999999997780e-01
1.000000000000000000e+00
9.112479135543898323e-01
6.737911599490440384e-01
6.737911599490443715e-01
9.112479135543893882e-01
1.000000000000000000e+00
9.999999999999997780e-01
9.999999999999997780e-01
9.999999999999997780e-01
9.999999999999997780e-01
9.949525872982217800e-01
9.485506305082497258e-01
7.970745088685020630e-01
5.287089435398597548e-01
2.326846226440021925e-01
5.884796633042027603e-02
0.000000000000000000e+00
0.000000000000000000e+00
1.113696312019938850e-16
0.000000000000000000e+00
5.884796633042022052e-02
2.326846226440021370e-01
5.287089435398598658e-01
7.970745088685018409e-01
9.485506305082497258e-01
9.949525872982215580e-01
1.000000000000000000e+00
1.000000000000000000e+00
9.999999999999997780e-01
9.999999999999997780e-01
9.999999999999997780e-01
1.000000000000000000e+00
1.000000000000000000e+00
1.000000000000000000e+00
1.000000000000000000e+00
9.999999999999997780e-01
1.000000000000000000e+00
1.000000000000000000e+00
1.000000000000000000e+00
1.000000000000000000e+00
9.999999999999997780e-01
9.999999999999997780e-01
1.000000000000000000e+00
1.000000000000000000e+00
1.000000000000000000e+00
9.999999999999997780e-01
1.000000000000000000e+00
9.999999999999996669e-01
9.999999999999997780e-01
9.999999999999997780e-01
9.999999999999997780e-01
9.999999999999997780e-01
1.000000000000000000e+00
9.999999999999997780e-01
1.000000000000000000e+00
9.999999999999997780e-01
9.999999999999997780e-01
1.000000000000000000e+00
1.000000000000000000e+00
1.000000000000000000e+00
9.999999999999997780e-01
1.000000000000000000e+00
9.112479135543893882e-01
6.737911599490442605e-01
6.737911599490443715e-01
9.112479135543893882e-01
9.999999999999997780e-01
9.999999999999997780e-01
1.000000000000000000e+00
9.999999999999997780e-01
9.999999999999997780e-01
1.000000000000000000e+00
9.949525872982217800e-01
8.861549696977752966e-01
6.357110134587037331e-01
2.974560061741416406e-01
8.319867806503981889e-02
0.000000000000000000e+00
0.000000000000000000e+00
1.113696312019938850e-16
0.000000000000000000e+00
8.319867806503970786e-02
2.974560061741415296e-01
6.357110134587037331e-01
8.861549696977752966e-01
9.949525872982217800e-01
1.000000000000000000e+00
1.000000000000000000e+00
9.999999999999997780e-01
1.000000000000000000e+00
9.999999999999997780e-01
9.999999999999997780e-01
9.999999999999997780e-01
1.000000000000000000e+00
1.000000000000000000e+00
1.000000000000000000e+00
1.000000000000000000e+00
1.000000000000000000e+00
1.000000000000000000e+00
9.999999999999997780e-01
9.999999999999997780e-01
9.999999999999997780e-01
9.999999999999997780e-01
1.000000000000000000e+00
1.000000000000000000e+00
1.000000000000000000e+00
9.999999999999997780e-01
1.000000000000000000e+00
9.999999999999997780e-01
1.000000000000000000e+00
1.000000000000000000e+00
1.000000000000000000e+00
1.000000000000000000e+00
1.000000000000000000e+00
9.999999999999997780e-01
1.000000000000000000e+00
1.000000000000000000e+00
1.000000000000000000e+00
9.999999999999997780e-01
9.999999999999997780e-01
9.999999999999997780e-01
1.000000000000000000e+00
1.000000000000000000e+00
9.112479135543893882e-01
6.737911599490442605e-01
6.737911599490442605e-01
9.112479135543896103e-01
1.000000000000000000e+00
9.999999999999997780e-01
1.000000000000000000e+00
9.999999999999996669e-01
9.999999999999997780e-01
1.000000000000000000e+00
9.999999999999997780e-01
9.112479135543894992e-01
6.737911599490444825e-01
3.262088400509559616e-01
8.875208644561045912e-02
0.000000000000000000e+00
0.000000000000000000e+00
1.113696312019938850e-16
0.000000000000000000e+00
8.875208644561034810e-02
3.262088400509557951e-01
6.737911599490443715e-01
9.112479135543893882e-01
9.999999999999997780e-01
9.999999999999997780e-01
9.999999999999997780e-01
1.000000000000000000e+00
1.000000000000000000e+00
9.999999999999997780e-01
1.000000000000000000e+00
9.999999999999997780e-01
1.000000000000000000e+00
9.999999999999997780e-01
1.000000000000000000e+00
1.000000000000000000e+00
9.999999999999997780e-01
1.000000000000000000e+00
1.000000000000000000e+00
1.000000000000000000e+00
9.999999999999997780e-01
1.000000000000000000e+00
9.999999999999997780e-01
1.000000000000000000e+00
1.000000000000000000e+00
1.000000000000000000e+00
9.999999999999995559e-01
1.000000000000000000e+00
9.999999999999997780e-01
1.000000000000000000e+00
9.999999999999997780e-01
1.000000000000000000e+00
9.999999999999997780e-01
9.999999999999997780e-01
9.999999999999997780e-01
1.000000000000000000e+00
9.999999999999997780e-01
9.999999999999997780e-01
1.000000000000000000e+00
9.999999999999997780e-01
9.999999999999997780e-01
1.000000000000000000e+00
9.112479135543897213e-01
6.737911599490442605e-01
6.737911599490444825e-01
9.112479135543896103e-01
1.000000000000000000e+00
1.000000000000000000e+00
1.000000000000000000e+00
9.999999999999997780e-01
1.000000000000000000e+00
1.000000000000000000e+00
9.949525872982217800e-01
8.861549696977752966e-01
6.357110134587037331e-01
2.974560061741416406e-01
8.319867806503981889e-02
0.000000000000000000e+00
0.000000000000000000e+00
1.113696312019938850e-16
0.000000000000000000e+00
8.319867806503970786e-02
2.974560061741415296e-01
6.357110134587037331e-01
8.861549696977752966e-01
9.949525872982215580e-01
9.999999999999997780e-01
1.000000000000000000e+00
1.000000000000000000e+00
9.999999999999997780e-01
1.000000000000000000e+00
1.000000000000000000e+00
9.999999999999997780e-01
9.999999999999997780e-01
1.000000000000000000e+00
1.000000000000000000e+00
9.999999999999997780e-01
9.999999999999997780e-01
1.000000000000000000e+00
1.000000000000000000e+00
9.999999999999997780e-01
1.000000000000000000e+00
1.000000000000000000e+00
1.000000000000000000e+00
1.000000000000000000e+00
1.000000000000000000e+00
1.000000000000000000e+00
9.999999999999997780e-01
1.000000000000000000e+00
9.999999999999996669e-01
9.999999999999997780e-01
9.999999999999996669e-01
1.000000000000000000e+00
1.000000000000000000e+00
9.999999999999997780e-01
1.000000000000000000e+00
1.000000000000000000e+00
1.000000000000000000e+00
9.999999999999995559e-01
1.000000000000000000e+00
1.000000000000000000e+00
9.999999999999997780e-01
1.000000000000000000e+00
9.112479135543898323e-01
6.737911599490442605e-01
6.737911599490440384e-01
9.112479135543893882e-01
1.000000000000000000e+00
1.000000000000000000e+00
9.999999999999997780e-01
9.999999999999997780e-01
9.999999999999997780e-01
9.949525872982217800e-01
9.485506305082499479e-01
7.970745088685020630e-01
5.287089435398598658e-01
2.326846226440023035e-01
5.884796633042038705e-02
0.000000000000000000e+00
0.000000000000000000e+00
1.113696312019938850e-16
0.000000000000000000e+00
5.884796633042022052e-02
2.326846226440021925e-01
5.287089435398599768e-01
7.970745088685020630e-01
9.485506305082499479e-01
9.949525872982217800e-01
1.000000000000000000e+00
1.000000000000000000e+00
9.999999999999997780e-01
1.000000000000000000e+00
9.999999999999997780e-01
1.000000000000000000e+00
9.999999999999997780e-01
9.999999999999997780e-01
9.999999999999997780e-01
1.000000000000000000e+00
1.000000000000000000e+00
1.000000000000000000e+00
1.000000000000000000e+00
9.999999999999997780e-01
9.999999999999997780e-01
1.000000000000000000e+00
1.000000000000000000e+00
9.999999999999997780e-01
9.999999999999997780e-01
1.000000000000000000e+00
1.000000000000000000e+00
9.999999999999997780e-01
9.999999999999997780e-01
9.999999999999997780e-01
1.000000000000000000e+00
9.999999999999997780e-01
1.000000000000000000e+00
9.999999999999997780e-01
1.000000000000000000e+00
1.000000000000000000e+00
9.999999999999997780e-01
9.999999999999997780e-01
9.999999999999997780e-01
9.999999999999997780e-01
9.999999999999997780e-01
1.000000000000000000e+00
9.112479135543893882e-01
6.737911599490442605e-01
6.737911599490444825e-01
9.112479135543893882e-01
1.000000000000000000e+00
9.999999999999997780e-01
1.000000000000000000e+00
9.999999999999997780e-01
9.999999999999997780e-01
9.720759110995352836e-01
8.643367668504889911e-01
6.490797044179335007e-01
3.509202955820663883e-01
1.356632331495110089e-01
2.792408890046477882e-02
0.000000000000000000e+00
0.000000000000000000e+00
0.000000000000000000e+00
0.000000000000000000e+00
2.792408890046477882e-02
1.356632331495110089e-01
3.509202955820664438e-01
6.490797044179333897e-01
8.643367668504886581e-01
9.720759110995352836e-01
1.000000000000000000e+00
1.000000000000000000e+00
1.000000000000000000e+00
1.000000000000000000e+00
1.000000000000000000e+00
1.000000000000000000e+00
9.999999999999997780e-01
1.000000000000000000e+00
9.999999999999997780e-01
9.999999999999997780e-01
1.000000000000000000e+00
1.000000000000000000e+00
1.000000000000000000e+00
9.999999999999996669e-01
9.999999999999997780e-01
9.999999999999997780e-01
1.000000000000000000e+00
1.000000000000000000e+00
9.999999999999996669e-01
9.999999999999997780e-01
9.999999999999997780e-01
9.999999999999997780e-01
9.999999999999997780e-01
1.000000000000000000e+00
9.999999999999997780e-01
9.999999999999997780e-01
9.999999999999997780e-01
1.000000000000000000e+00
1.000000000000000000e+00
9.999999999999997780e-01
9.999999999999997780e-01
9.999999999999997780e-01
1.000000000000000000e+00
9.999999999999997780e-01
9.999999999999995559e-01
9.999999999999997780e-01
9.112479135543894992e-01
6.737911599490442605e-01
6.737911599490442605e-01
9.112479135543896103e-01
9.999999999999997780e-01
1.000000000000000000e+00
9.999999999999997780e-01
1.000000000000000000e+00
9.949525872982217800e-01
9.168013219349602227e-01
7.307111606946817828e-01
4.415456456674358710e-01
1.968309831132610821e-01
5.144936949175014235e-02
5.047412701778064732e-03
0.000000000000000000e+00
0.000000000000000000e+00
0.000000000000000000e+00
0.000000000000000000e+00
5.047412701778064732e-03
5.144936949175014235e-02
1.968309831132612486e-01
4.415456456674359265e-01
7.307111606946817828e-01
9.168013219349601117e-01
9.949525872982217800e-01
1.000000000000000000e+00
9.999999999999997780e-01
1.000000000000000000e+00
9.999999999999997780e-01
1.000000000000000000e+00
9.999999999999997780e-01
1.000000000000000000e+00
9.999999999999997780e-01
1.000000000000000000e+00
9.999999999999997780e-01
9.999999999999997780e-01
1.000000000000000000e+00
1.000000000000000000e+00
9.999999999999997780e-01
1.000000000000000000e+00
1.000000000000000000e+00
1.000000000000000000e+00
1.000000000000000000e+00
9.999999999999997780e-01
1.000000000000000000e+00
9.999999999999997780e-01
9.999999999999997780e-01
9.999999999999997780e-01
9.999999999999997780e-01
9.999999999999997780e-01
1.000000000000000000e+00
9.999999999999997780e-01
1.000000000000000000e+00
1.000000000000000000e+00
1.000000000000000000e+00
1.000000000000000000e+00
1.000000000000000000e+00
9.999999999999997780e-01
9.999999999999997780e-01
1.000000000000000000e+00
9.112479135543896103e-01
6.737911599490444825e-01
6.737911599490442605e-01
9.112479135543894992e-01
1.000000000000000000e+00
1.000000000000000000e+00
1.000000000000000000e+00
9.949525872982217800e-01
9.485506305082498368e-01
8.031690168867386959e-01
5.584543543325641846e-01
2.692888393053182172e-01
8.319867806503965235e-02
5.047412701778064732e-03
1.113696312019938850e-16
0.000000000000000000e+00
0.000000000000000000e+00
0.000000000000000000e+00
0.000000000000000000e+00
0.000000000000000000e+00
5.047412701778175755e-03
8.319867806503976337e-02
2.692888393053182727e-01
5.584543543325641846e-01
8.031690168867385848e-01
9.485506305082499479e-01
9.949525872982218910e-01
9.999999999999997780e-01
1.000000000000000000e+00
1.000000000000000000e+00
9.999999999999997780e-01
1.000000000000000000e+00
9.999999999999997780e-01
1.000000000000000000e+00
1.000000000000000000e+00
1.000000000000000000e+00
1.000000000000000000e+00
1.000000000000000000e+00
9.999999999999997780e-01
1.000000000000000000e+00
1.000000000000000000e+00
1.000000000000000000e+00
1.000000000000000000e+00
1.000000000000000000e+00
1.000000000000000000e+00
1.000000000000000000e+00
9.999999999999997780e-01
9.999999999999997780e-01
9.999999999999997780e-01
1.000000000000000000e+00
1.000000000000000000e+00
9.999999999999997780e-01
9.999999999999997780e-01
1.000000000000000000e+00
1.000000000000000000e+00
9.999999999999997780e-01
1.000000000000000000e+00
1.000000000000000000e+00
9.999999999999997780e-01
1.000000000000000000e+00
1.000000000000000000e+00
9.112479135543896103e-01
6.737911599490444825e-01
6.737911599490444825e-01
9.112479135543893882e-01
1.000000000000000000e+00
1.000000000000000000e+00
1.000000000000000000e+00
9.720759110995350616e-01
8.643367668504886581e-01
6.490797044179337227e-01
3.509202955820664438e-01
1.356632331495110089e-01
2.792408890046477882e-02
1.113696312019938850e-16
1.113696312019938850e-16
0.000000000000000000e+00
0.000000000000000000e+00
0.000000000000000000e+00
0.000000000000000000e+00
0.000000000000000000e+00
1.113696312019938850e-16
2.792408890046477882e-02
1.356632331495109534e-01
3.509202955820663883e-01
6.490797044179335007e-01
8.643367668504889911e-01
9.720759110995352836e-01
1.000000000000000000e+00
1.000000000000000000e+00
9.999999999999997780e-01
9.999999999999997780e-01
1.000000000000000000e+00
1.000000000000000000e+00
1.000000000000000000e+00
9.999999999999997780e-01
1.000000000000000000e+00
1.000000000000000000e+00
1.000000000000000000e+00
1.000000000000000000e+00
1.000000000000000000e+00
1.000000000000000000e+00
1.000000000000000000e+00
9.999999999999997780e-01
9.999999999999997780e-01
9.999999999999996669e-01
9.999999999999997780e-01
1.000000000000000000e+00
9.999999999999997780e-01
9.999999999999997780e-01
9.999999999999997780e-01
9.999999999999997780e-01
1.000000000000000000e+00
9.999999999999996669e-01
9.999999999999997780e-01
1.000000000000000000e+00
1.000000000000000000e+00
1.000000000000000000e+00
1.000000000000000000e+00
9.999999999999997780e-01
1.000000000000000000e+00
1.000000000000000000e+00
9.112479135543896103e-01
6.737911599490439274e-01
6.737911599490444825e-01
9.112479135543896103e-01
1.000000000000000000e+00
1.000000000000000000e+00
9.949525872982217800e-01
9.168013219349603338e-01
7.307111606946817828e-01
4.415456456674359265e-01
1.968309831132612486e-01
5.144936949175014235e-02
5.047412701778064732e-03
1.113696312019938850e-16
1.113696312019938850e-16
0.000000000000000000e+00
0.000000000000000000e+00
0.000000000000000000e+00
0.000000000000000000e+00
0.000000000000000000e+00
1.113696312019938850e-16
5.047412701778175755e-03
5.144936949175014235e-02
1.968309831132612486e-01
4.415456456674359265e-01
7.307111606946817828e-01
9.168013219349604448e-01
9.949525872982218910e-01
1.000000000000000000e+00
1.000000000000000000e+00
9.999999999999997780e-01
9.999999999999997780e-01
1.000000000000000000e+00
1.000000000000000000e+00
1.000000000000000000e+00
1.000000000000000000e+00
1.000000000000000000e+00
1.000000000000000000e+00
1.000000000000000000e+00
1.000000000000000000e+00
1.000000000000000000e+00
9.999999999999997780e-01
1.000000000000000000e+00
1.000000000000000000e+00
1.000000000000000000e+00
1.000000000000000000e+00
1.000000000000000000e+00
1.000000000000000000e+00
1.000000000000000000e+00
9.999999999999997780e-01
9.999999999999997780e-01
1.000000000000000000e+00
1.000000000000000000e+00
1.000000000000000000e+00
1.000000000000000000e+00
9.999999999999997780e-01
1.000000000000000000e+00
1.000000000000000000e+00
9.999999999999997780e-01
9.999999999999997780e-01
1.000000000000000000e+00
9.112479135543896103e-01
6.737911599490440384e-01
6.737911599490442605e-01
9.112479135543894992e-01
9.999999999999997780e-01
9.949525872982218910e-01
9.485506305082497258e-01
8.031690168867386959e-01
5.584543543325639625e-01
2.692888393053182727e-01
8.319867806503965235e-02
5.047412701778064732e-03
0.000000000000000000e+00
1.113696312019938850e-16
1.113696312019938850e-16
0.000000000000000000e+00
0.000000000000000000e+00
0.000000000000000000e+00
0.000000000000000000e+00
0.000000000000000000e+00
1.113696312019938850e-16
1.113696312019938850e-16
5.047412701778064732e-03
8.319867806503970786e-02
2.692888393053181617e-01
5.584543543325641846e-01
8.031690168867390289e-01
9.485506305082499479e-01
9.949525872982218910e-01
9.999999999999997780e-01
9.999999999999997780e-01
1.000000000000000000e+00
1.000000000000000000e+00
1.000000000000000000e+00
1.000000000000000000e+00
1.000000000000000000e+00
1.000000000000000000e+00
1.000000000000000000e+00
9.999999999999997780e-01
9.999999999999997780e-01
1.000000000000000000e+00
9.999999999999997780e-01
9.999999999999997780e-01
9.999999999999997780e-01
1.000000000000000000e+00
1.000000000000000000e+00
9.999999999999997780e-01
9.999999999999997780e-01
9.999999999999997780e-01
9.999999999999997780e-01
1.000000000000000000e+00
1.000000000000000000e+00
9.999999999999997780e-01
9.999999999999997780e-01
1.000000000000000000e+00
1.000000000000000000e+00
1.000000000000000000e+00
1.000000000000000000e+00
9.999999999999997780e-01
1.000000000000000000e+00
1.000000000000000000e+00
9.112479135543893882e-01
6.737911599490439274e-01
6.737911599490442605e-01
9.112479135543893882e-01
9.999999999999997780e-01
9.720759110995350616e-01
8.643367668504889911e-01
6.490797044179337227e-01
3.509202955820663328e-01
1.356632331495109534e-01
2.792408890046461228e-02
0.000000000000000000e+00
0.000000000000000000e+00
1.113696312019938850e-16
1.113696312019938850e-16
0.000000000000000000e+00
0.000000000000000000e+00
0.000000000000000000e+00
0.000000000000000000e+00
0.000000000000000000e+00
1.113696312019938850e-16
1.113696312019938850e-16
0.000000000000000000e+00
2.792408890046461228e-02
1.356632331495109534e-01
3.509202955820664438e-01
6.490797044179338338e-01
8.643367668504892132e-01
9.720759110995348395e-01
9.999999999999997780e-01
9.999999999999997780e-01
9.999999999999997780e-01
9.999999999999997780e-01
1.000000000000000000e+00
9.999999999999997780e-01
1.000000000000000000e+00
1.000000000000000000e+00
9.999999999999997780e-01
9.999999999999997780e-01
9.999999999999997780e-01
9.999999999999997780e-01
1.000000000000000000e+00
9.999999999999997780e-01
9.999999999999997780e-01
9.999999999999996669e-01
9.999999999999996669e-01
9.999999999999995559e-01
1.000000000000000000e+00
9.999999999999996669e-01
9.999999999999995559e-01
9.999999999999997780e-01
1.000000000000000000e+00
9.999999999999997780e-01
1.000000000000000000e+00
9.999999999999997780e-01
9.999999999999997780e-01
1.000000000000000000e+00
1.000000000000000000e+00
9.999999999999997780e-01
1.000000000000000000e+00
1.000000000000000000e+00
9.112479135543893882e-01
6.737911599490443715e-01
6.737911599490442605e-01
9.112479135543896103e-01
9.949525872982220021e-01
9.168013219349604448e-01
7.307111606946815607e-01
4.415456456674357599e-01
1.968309831132610821e-01
5.144936949175014235e-02
5.047412701778064732e-03
0.000000000000000000e+00
1.113696312019938850e-16
1.113696312019938850e-16
1.113696312019938850e-16
0.000000000000000000e+00
1.113696312019938850e-16
0.000000000000000000e+00
0.000000000000000000e+00
1.113696312019938850e-16
1.113696312019938850e-16
1.113696312019938850e-16
0.000000000000000000e+00
5.047412701778064732e-03
5.144936949175003132e-02
1.968309831132612486e-01
4.415456456674360930e-01
7.307111606946817828e-01
9.168013219349605558e-01
9.949525872982218910e-01
1.000000000000000000e+00
1.000000000000000000e+00
1.000000000000000000e+00
1.000000000000000000e+00
1.000000000000000000e+00
1.000000000000000000e+00
1.000000000000000000e+00
1.000000000000000000e+00
9.999999999999997780e-01
9.999999999999997780e-01
9.999999999999997780e-01
1.000000000000000000e+00
9.999999999999997780e-01
1.000000000000000000e+00
9.999999999999992228e-01
1.000000000000000000e+00
1.000000000000000000e+00
1.000000000000000000e+00
1.000000000000000000e+00
9.999999999999997780e-01
9.999999999999995559e-01
1.000000000000000000e+00
9.999999999999997780e-01
1.000000000000000000e+00
9.999999999999997780e-01
1.000000000000000000e+00
1.000000000000000000e+00
1.000000000000000000e+00
1.000000000000000000e+00
9.999999999999997780e-01
9.999999999999997780e-01
9.112479135543893882e-01
6.737911599490442605e-01
6.737911599490442605e-01
9.056640381539984297e-01
9.485506305082501699e-01
8.031690168867385848e-01
5.584543543325639625e-01
2.692888393053182727e-01
8.319867806503970786e-02
5.047412701778064732e-03
1.113696312019938850e-16
0.000000000000000000e+00
1.113696312019938850e-16
1.113696312019938850e-16
1.113696312019938850e-16
0.000000000000000000e+00
1.113696312019938850e-16
0.000000000000000000e+00
0.000000000000000000e+00
1.113696312019938850e-16
1.113696312019938850e-16
1.113696312019938850e-16
0.000000000000000000e+00
0.000000000000000000e+00
5.047412701778064732e-03
8.319867806503976337e-02
2.692888393053184393e-01
5.584543543325639625e-01
8.031690168867385848e-01
9.485506305082499479e-01
9.949525872982218910e-01
9.999999999999997780e-01
9.999999999999997780e-01
1.000000000000000000e+00
1.000000000000000000e+00
9.999999999999997780e-01
1.000000000000000000e+00
1.000000000000000000e+00
9.999999999999997780e-01
1.000000000000000000e+00
1.000000000000000000e+00
1.000000000000000000e+00
9.999999999999997780e-01
9.999999999999996669e-01
1.000000000000000000e+00
1.000000000000000000e+00
1.000000000000000000e+00
9.999999999999997780e-01
1.000000000000000000e+00
9.999999999999997780e-01
9.999999999999997780e-01
9.999999999999996669e-01
9.999999999999995559e-01
1.000000000000000000e+00
1.000000000000000000e+00
1.000000000000000000e+00
9.999999999999997780e-01
1.000000000000000000e+00
1.000000000000000000e+00
9.999999999999997780e-01
1.000000000000000000e+00
9.112479135543893882e-01
6.737911599490442605e-01
6.672909507086756120e-01
8.546383501240431002e-01
8.300017912315321711e-01
6.198134825516682378e-01
3.443810125961295765e-01
1.356632331495109534e-01
2.792408890046477882e-02
1.113696312019938850e-16
0.000000000000000000e+00
0.000000000000000000e+00
1.113696312019938850e-16
1.113696312019938850e-16
1.113696312019938850e-16
0.000000000000000000e+00
1.113696312019938850e-16
0.000000000000000000e+00
0.000000000000000000e+00
1.113696312019938850e-16
1.113696312019938850e-16
1.113696312019938850e-16
0.000000000000000000e+00
0.000000000000000000e+00
0.000000000000000000e+00
2.792408890046477882e-02
1.356632331495111754e-01
3.443810125961296320e-01
6.198134825516682378e-01
8.300017912315321711e-01
9.485506305082497258e-01
9.949525872982217800e-01
9.999999999999997780e-01
1.000000000000000000e+00
1.000000000000000000e+00
9.999999999999997780e-01
9.999999999999997780e-01
9.999999999999997780e-01
1.000000000000000000e+00
9.999999999999995559e-01
9.999999999999997780e-01
9.999999999999997780e-01
9.999999999999997780e-01
9.999999999999995559e-01
9.999999999999997780e-01
1.000000000000000000e+00
1.000000000000000000e+00
9.999999999999997780e-01
1.000000000000000000e+00
9.999999999999997780e-01
9.999999999999996669e-01
9.999999999999996669e-01
9.999999999999997780e-01
9.999999999999997780e-01
9.999999999999997780e-01
9.999999999999997780e-01
1.000000000000000000e+00
9.999999999999997780e-01
9.999999999999997780e-01
9.999999999999997780e-01
1.000000000000000000e+00
9.112479135543893882e-01
6.737911599490443715e-01
6.381803139056039242e-01
7.634302360455073044e-01
6.556189874038708121e-01
3.801865174483317067e-01
1.699982087684675791e-01
5.144936949175008684e-02
5.047412701778064732e-03
1.113696312019938850e-16
0.000000000000000000e+00
0.000000000000000000e+00
1.113696312019938850e-16
1.113696312019938850e-16
1.113696312019938850e-16
0.000000000000000000e+00
1.113696312019938850e-16
0.000000000000000000e+00
0.000000000000000000e+00
1.113696312019938850e-16
1.113696312019938850e-16
1.113696312019938850e-16
1.113696312019938850e-16
0.000000000000000000e+00
1.113696312019938850e-16
5.047412701778064732e-03
5.144936949175019786e-02
1.699982087684677456e-01
3.801865174483317067e-01
6.556189874038705900e-01
8.643367668504886581e-01
9.720759110995352836e-01
9.999999999999997780e-01
1.000000000000000000e+00
9.999999999999997780e-01
9.999999999999997780e-01
1.000000000000000000e+00
1.000000000000000000e+00
1.000000000000000000e+00
9.999999999999997780e-01
1.000000000000000000e+00
1.000000000000000000e+00
1.000000000000000000e+00
9.999999999999997780e-01
1.000000000000000000e+00
1.000000000000000000e+00
9.999999999999996669e-01
1.000000000000000000e+00
9.999999999999997780e-01
1.000000000000000000e+00
1.000000000000000000e+00
9.999999999999997780e-01
9.999999999999997780e-01
1.000000000000000000e+00
1.000000000000000000e+00
1.000000000000000000e+00
1.000000000000000000e+00
1.000000000000000000e+00
1.000000000000000000e+00
9.999999999999997780e-01
9.999999999999997780e-01
9.112479135543896103e-01
6.737911599490442605e-01
5.312228938372169917e-01
5.928340913743253004e-01
4.348773624671004590e-01
1.968309831132610266e-01
5.144936949174992030e-02
5.047412701778009221e-03
0.000000000000000000e+00
0.000000000000000000e+00
0.000000000000000000e+00
0.000000000000000000e+00
0.000000000000000000e+00
1.113696312019938850e-16
0.000000000000000000e+00
0.000000000000000000e+00
1.113696312019938850e-16
0.000000000000000000e+00
0.000000000000000000e+00
1.113696312019938850e-16
1.113696312019938850e-16
0.000000000000000000e+00
0.000000000000000000e+00
0.000000000000000000e+00
0.000000000000000000e+00
0.000000000000000000e+00
5.047412701778064732e-03
5.144936949175014235e-02
1.968309831132612486e-01
4.348773624671004034e-01
6.958679776961214092e-01
8.524346907636943804e-01
9.112479135543893882e-01
9.112479135543894992e-01
9.112479135543894992e-01
9.112479135543893882e-01
9.112479135543896103e-01
9.112479135543893882e-01
9.112479135543894992e-01
9.112479135543893882e-01
9.112479135543893882e-01
9.112479135543896103e-01
9.112479135543894992e-01
9.112479135543893882e-01
9.112479135543894992e-01
9.112479135543893882e-01
9.112479135543896103e-01
9.112479135543893882e-01
9.112479135543896103e-01
9.112479135543893882e-01
9.112479135543893882e-01
9.112479135543896103e-01
9.112479135543893882e-01
9.112479135543896103e-01
9.112479135543893882e-01
9.112479135543894992e-01
9.112479135543894992e-01
9.112479135543893882e-01
9.112479135543893882e-01
9.112479135543893882e-01
9.112479135543894992e-01
8.200424836430867392e-01
5.997201721142767505e-01
3.624068389146742342e-01
3.851500524122452029e-01
2.412612486824039504e-01
8.319867806503959684e-02
5.047412701778009221e-03
0.000000000000000000e+00
0.000000000000000000e+00
0.000000000000000000e+00
0.000000000000000000e+00
0.000000000000000000e+00
0.000000000000000000e+00
0.000000000000000000e+00
0.000000000000000000e+00
0.000000000000000000e+00
1.113696312019938850e-16
0.000000000000000000e+00
0.000000000000000000e+00
1.113696312019938850e-16
1.113696312019938850e-16
1.113696312019938850e-16
0.000000000000000000e+00
0.000000000000000000e+00
0.000000000000000000e+00
0.000000000000000000e+00
0.000000000000000000e+00
5.047412701778175755e-03
8.319867806503965235e-02
2.412612486824038949e-01
4.601765172083226441e-01
6.063432364700706012e-01
6.737911599490442605e-01
6.737911599490442605e-01
6.737911599490440384e-01
6.737911599490442605e-01
6.737911599490443715e-01
6.737911599490442605e-01
6.737911599490440384e-01
6.737911599490440384e-01
6.737911599490439274e-01
6.737911599490439274e-01
6.737911599490442605e-01
6.737911599490438164e-01
6.737911599490439274e-01
6.737911599490439274e-01
6.737911599490439274e-01
6.737911599490443715e-01
6.737911599490442605e-01
6.737911599490439274e-01
6.737911599490440384e-01
6.737911599490438164e-01
6.737911599490438164e-01
6.737911599490439274e-01
6.737911599490442605e-01
6.737911599490443715e-01
6.737911599490442605e-01
6.737911599490443715e-01
6.737911599490442605e-01
6.737911599490442605e-01
6.737911599490442605e-01
5.997201721142769726e-01
4.304634112117985967e-01
