0.000000000000000000e+00
0.000000000000000000e+00
0.000000000000000000e+00
0.000000000000000000e+00
0.000000000000000000e+00
4.716834248290544852e-03
2.622303671244744297e-02
7.899493614276158204e-02
1.905313468679600275e-01
3.464771930720049187e-01
5.296437440138221930e-01
6.398223239139492202e-01
6.787917976031510037e-01
6.787917976031510037e-01
6.787917976031513367e-01
6.787917976031512257e-01
6.787917976031513367e-01
6.787917976031510037e-01
6.398223239139492202e-01
5.296437440138221930e-01
3.464771930720049187e-01
1.905313468679600275e-01
7.899493614276167919e-02
2.622303671244754011e-02
4.716834248290740876e-03
0.000000000000000000e+00
0.000000000000000000e+00
0.000000000000000000e+00
0.000000000000000000e+00
2.807631358881455472e-02
1.128906795117568529e-01
2.810919788490304771e-01
4.683782561148308599e-01
6.122196854144782430e-01
6.721524347750477135e-01
6.787917976031512257e-01
6.787917976031510037e-01
6.787917976031510037e-01
6.787917976031507816e-01
6.398223239139492202e-01
5.296437440138224151e-01
3.397830212291105267e-01
1.638707372620581137e-01
4.854863059145694132e-02
4.716834248290544852e-03
0.000000000000000000e+00
4.716834248290544852e-03
4.854863059145694132e-02
1.638707372620582248e-01
3.397830212291105267e-01
5.296437440138221930e-01
6.398223239139492202e-01
6.787917976031510037e-01
6.787917976031510037e-01
6.787917976031513367e-01
6.787917976031513367e-01
6.721524347750477135e-01
6.122196854144782430e-01
4.683782561148307488e-01
2.810919788490304771e-01
1.128906795117566586e-01
0.000000000000000000e+00
0.000000000000000000e+00
0.000000000000000000e+00
0.000000000000000000e+00
4.716834248290446840e-03
4.854863059145694132e-02
1.300316651980518157e-01
2.633370825106925439e-01
4.396618075558102468e-01
6.535228069279949148e-01
8.033887726182329381e-01
8.912964699927587997e-01
9.156441428433002017e-01
9.156441428433002017e-01
9.156441428433002017e-01
9.156441428433002017e-01
9.156441428433002017e-01
9.156441428433004237e-01
8.912964699927587997e-01
8.033887726182329381e-01
6.535228069279948038e-01
4.396618075558102468e-01
2.633370825106925994e-01
1.300316651980518989e-01
4.854863059145694132e-02
4.716834248290740876e-03
0.000000000000000000e+00
0.000000000000000000e+00
0.000000000000000000e+00
2.132132157627009486e-02
9.952240248772495357e-02
2.657507200835803052e-01
5.155637325317351527e-01
7.326536148977043084e-01
8.604430541721842518e-01
9.102435681612301988e-01
9.156441428432998686e-01
9.156441428432999796e-01
9.156441428433002017e-01
8.912964699927585777e-01
8.033887726182326050e-01
6.235059334856437596e-01
3.697244769029979228e-01
1.638707372620582248e-01
4.854863059145694132e-02
9.475272424815767494e-03
4.854863059145694132e-02
1.638707372620581693e-01
3.697244769029979228e-01
6.235059334856437596e-01
8.033887726182324940e-01
8.912964699927585777e-01
9.156441428433002017e-01
9.156441428432999796e-01
9.156441428432999796e-01
9.102435681612304208e-01
8.604430541721842518e-01
7.326536148977043084e-01
5.155637325317351527e-01
2.657507200835803052e-01
9.952240248772489806e-02
0.000000000000000000e+00
0.000000000000000000e+00
4.716834248290544852e-03
2.622303671244734583e-02
7.899493614276158204e-02
1.905313468679598332e-01
3.464771930720049187e-01
5.603381924441893647e-01
7.366629174893072340e-01
8.699683348019482398e-01
9.514513694085428019e-01
9.952831657517094976e-01
9.999999999999995559e-01
9.999999999999997780e-01
1.000000000000000000e+00
9.999999999999997780e-01
9.999999999999997780e-01
9.999999999999997780e-01
9.952831657517092756e-01
9.514513694085428019e-01
8.699683348019477958e-01
7.366629174893075671e-01
5.603381924441898088e-01
3.464771930720049742e-01
1.905313468679600275e-01
7.899493614276167919e-02
2.622303671244734583e-02
4.716834248290544852e-03
0.000000000000000000e+00
4.716834248290740876e-03
4.854863059145703846e-02
1.638707372620582248e-01
3.764940665143560183e-01
6.602169787708894733e-01
8.699683348019481288e-01
9.737769632875525883e-01
1.000000000000000000e+00
1.000000000000000000e+00
9.999999999999997780e-01
9.952831657517090536e-01
9.514513694085431350e-01
8.361292627379416365e-01
6.235059334856437596e-01
3.397830212291105823e-01
1.300316651980518157e-01
5.367457088426668549e-02
1.300316651980518157e-01
3.397830212291105823e-01
6.235059334856440927e-01
8.361292627379416365e-01
9.514513694085431350e-01
9.952831657517090536e-01
1.000000000000000000e+00
9.999999999999997780e-01
1.000000000000000000e+00
9.737769632875525883e-01
8.699683348019482398e-01
6.602169787708894733e-01
3.764940665143560183e-01
1.638707372620578362e-01
4.854863059145694132e-02
0.000000000000000000e+00
0.000000000000000000e+00
2.622303671244734583e-02
9.746124598336178280e-02
2.350462229063581820e-01
4.327855322194643084e-01
6.535228069279946927e-01
8.094686531320399725e-01
9.210050638572384596e-01
9.737769632875525883e-01
9.952831657517096087e-01
1.000000000000000000e+00
9.999999999999997780e-01
1.000000000000000000e+00
9.999999999999997780e-01
1.000000000000000000e+00
1.000000000000000000e+00
9.999999999999997780e-01
9.999999999999997780e-01
9.952831657517092756e-01
9.737769632875525883e-01
9.210050638572384596e-01
8.094686531320400835e-01
6.535228069279949148e-01
4.327855322194644194e-01
2.350462229063584874e-01
9.746124598336178280e-02
2.622303671244744297e-02
0.000000000000000000e+00
0.000000000000000000e+00
4.716834248290544852e-03
4.854863059145674703e-02
1.905313468679600275e-01
4.396618075558104688e-01
7.366629174893070120e-01
9.210050638572385706e-01
9.952831657517092756e-01
9.999999999999997780e-01
9.999999999999997780e-01
1.000000000000000000e+00
9.952831657517096087e-01
9.463254291157333631e-01
7.759268483232708569e-01
4.893671556090524732e-01
1.989051913823744744e-01
1.052442215287092003e-01
1.989051913823744744e-01
4.893671556090524732e-01
7.759268483232708569e-01
9.463254291157331410e-01
9.952831657517092756e-01
1.000000000000000000e+00
1.000000000000000000e+00
9.999999999999997780e-01
9.952831657517092756e-01
9.210050638572385706e-01
7.366629174893072340e-01
4.396618075558103023e-01
1.905313468679600275e-01
4.854863059145694132e-02
4.716834248290544852e-03
0.000000000000000000e+00
4.716834248290740876e-03
7.899493614276158204e-02
2.350462229063583208e-01
4.896319211053760667e-01
7.078387118248505860e-01
8.699683348019477958e-01
9.514513694085431350e-01
9.952831657517092756e-01
1.000000000000000000e+00
9.999999999999997780e-01
1.000000000000000000e+00
1.000000000000000000e+00
1.000000000000000000e+00
1.000000000000000000e+00
1.000000000000000000e+00
1.000000000000000000e+00
1.000000000000000000e+00
9.999999999999997780e-01
9.999999999999997780e-01
9.999999999999997780e-01
9.952831657517090536e-01
9.514513694085431350e-01
8.699683348019482398e-01
7.078387118248509191e-01
4.896319211053764553e-01
2.350462229063583763e-01
7.899493614276158204e-02
4.716834248290544852e-03
0.000000000000000000e+00
9.803355641361027003e-17
4.716834248290642864e-03
7.899493614276142939e-02
2.633370825106925994e-01
5.603381924441893647e-01
8.094686531320399725e-01
9.514513694085431350e-01
9.952831657517090536e-01
1.000000000000000000e+00
9.999999999999997780e-01
1.000000000000000000e+00
9.688338987709554928e-01
8.117455322707812782e-01
5.201406293551855686e-01
2.050300663792749001e-01
1.052442215287092003e-01
2.050300663792749001e-01
5.201406293551855686e-01
8.117455322707812782e-01
9.688338987709557149e-01
1.000000000000000000e+00
9.999999999999997780e-01
1.000000000000000000e+00
9.952831657517090536e-01
9.514513694085431350e-01
8.094686531320398615e-01
5.603381924441896977e-01
2.633370825106925994e-01
7.899493614276152653e-02
4.716834248290544852e-03
0.000000000000000000e+00
4.716834248290740876e-03
4.854863059145684417e-02
1.905313468679601940e-01
4.327855322194643084e-01
7.078387118248509191e-01
8.892056106939044691e-01
9.737769632875525883e-01
9.952831657517092756e-01
1.000000000000000000e+00
9.999999999999997780e-01
1.000000000000000000e+00
1.000000000000000000e+00
9.999999999999997780e-01
1.000000000000000000e+00
1.000000000000000000e+00
1.000000000000000000e+00
1.000000000000000000e+00
1.000000000000000000e+00
1.000000000000000000e+00
1.000000000000000000e+00
9.999999999999997780e-01
1.000000000000000000e+00
9.952831657517092756e-01
9.737769632875525883e-01
8.892056106939046911e-01
7.078387118248511412e-01
4.327855322194641974e-01
1.905313468679601940e-01
4.854863059145694132e-02
4.716834248290544852e-03
0.000000000000000000e+00
1.960671128272205401e-16
2.622303671244734583e-02
1.300316651980517046e-01
3.397830212291105823e-01
6.235059334856440927e-01
8.361292627379415254e-01
9.514513694085431350e-01
9.952831657517092756e-01
9.999999999999997780e-01
9.952831657517096087e-01
9.210050638572384596e-01
7.302337341277712612e-01
4.091131658625344891e-01
1.557716506130000234e-01
5.367457088426658834e-02
1.557716506130000234e-01
4.091131658625344891e-01
7.302337341277717053e-01
9.210050638572384596e-01
9.952831657517092756e-01
9.999999999999997780e-01
9.952831657517096087e-01
9.514513694085431350e-01
8.361292627379416365e-01
6.235059334856440927e-01
3.397830212291105823e-01
1.300316651980519544e-01
2.622303671244734583e-02
0.000000000000000000e+00
0.000000000000000000e+00
2.622303671244744297e-02
1.300316651980518989e-01
3.464771930720049187e-01
6.535228069279949148e-01
8.699683348019482398e-01
9.737769632875525883e-01
9.999999999999997780e-01
1.000000000000000000e+00
1.000000000000000000e+00
1.000000000000000000e+00
9.999999999999997780e-01
1.000000000000000000e+00
1.000000000000000000e+00
1.000000000000000000e+00
1.000000000000000000e+00
1.000000000000000000e+00
1.000000000000000000e+00
9.999999999999997780e-01
1.000000000000000000e+00
9.999999999999997780e-01
9.999999999999997780e-01
1.000000000000000000e+00
9.999999999999997780e-01
1.000000000000000000e+00
9.737769632875525883e-01
8.699683348019483509e-01
6.535228069279949148e-01
3.464771930720049187e-01
1.300316651980518157e-01
2.622303671244754011e-02
1.960671128272205401e-16
0.000000000000000000e+00
4.716834248290446840e-03
4.854863059145703846e-02
1.638707372620581137e-01
3.764940665143562404e-01
6.602169787708894733e-01
8.699683348019477958e-01
9.737769632875521442e-01
9.952831657517096087e-01
9.514513694085431350e-01
8.094686531320400835e-01
5.603381924441892536e-01
2.633370825106924329e-01
7.899493614276158204e-02
9.475272424815767494e-03
7.899493614276158204e-02
2.633370825106924329e-01
5.603381924441895867e-01
8.094686531320398615e-01
9.514513694085429130e-01
9.952831657517096087e-01
9.737769632875525883e-01
8.699683348019477958e-01
6.602169787708894733e-01
3.764940665143562404e-01
1.638707372620581693e-01
4.854863059145694132e-02
4.716834248290544852e-03
0.000000000000000000e+00
0.000000000000000000e+00
7.899493614276167919e-02
2.633370825106925439e-01
5.603381924441898088e-01
8.094686531320400835e-01
9.514513694085428019e-01
9.952831657517094976e-01
9.999999999999997780e-01
1.000000000000000000e+00
9.999999999999997780e-01
1.000000000000000000e+00
9.999999999999995559e-01
1.000000000000000000e+00
9.999999999999997780e-01
1.000000000000000000e+00
1.000000000000000000e+00
1.000000000000000000e+00
9.999999999999997780e-01
1.000000000000000000e+00
9.999999999999997780e-01
9.999999999999997780e-01
9.999999999999997780e-01
1.000000000000000000e+00
1.000000000000000000e+00
9.999999999999997780e-01
9.952831657517096087e-01
9.514513694085431350e-01
8.094686531320399725e-01
5.603381924441896977e-01
2.633370825106924329e-01
7.899493614276129061e-02
4.716834248290740876e-03
0.000000000000000000e+00
0.000000000000000000e+00
4.716834248290544852e-03
4.854863059145694132e-02
1.905313468679598055e-01
4.396618075558104133e-01
7.366629174893072340e-01
9.156441428433002017e-01
9.463254291157333631e-01
8.361292627379419695e-01
6.235059334856440927e-01
3.397830212291105267e-01
1.300316651980518157e-01
2.622303671244744297e-02
0.000000000000000000e+00
2.622303671244744297e-02
1.300316651980518157e-01
3.397830212291104157e-01
6.235059334856440927e-01
8.361292627379419695e-01
9.463254291157331410e-01
9.156441428433002017e-01
7.366629174893075671e-01
4.396618075558104133e-01
1.905313468679598332e-01
4.854863059145694132e-02
4.716834248290446840e-03
1.960671128272205401e-16
1.960671128272205401e-16
0.000000000000000000e+00
1.905313468679599997e-01
4.396618075558107464e-01
7.366629174893075671e-01
9.210050638572384596e-01
9.952831657517092756e-01
1.000000000000000000e+00
9.999999999999997780e-01
1.000000000000000000e+00
1.000000000000000000e+00
9.999999999999997780e-01
1.000000000000000000e+00
1.000000000000000000e+00
1.000000000000000000e+00
1.000000000000000000e+00
1.000000000000000000e+00
1.000000000000000000e+00
1.000000000000000000e+00
1.000000000000000000e+00
9.999999999999997780e-01
1.000000000000000000e+00
9.999999999999997780e-01
1.000000000000000000e+00
1.000000000000000000e+00
9.999999999999997780e-01
1.000000000000000000e+00
9.952831657517094976e-01
9.210050638572384596e-01
7.366629174893072340e-01
4.396618075558100802e-01
1.905313468679594446e-01
4.854863059145703846e-02
4.716834248290544852e-03
0.000000000000000000e+00
0.000000000000000000e+00
4.716834248290544852e-03
7.899493614276167919e-02
2.697662658722281837e-01
5.908868341374652333e-01
8.117455322707813892e-01
8.383486442734083832e-01
6.602169787708894733e-01
3.764940665143558518e-01
1.638707372620581137e-01
4.854863059145694132e-02
4.716834248290544852e-03
0.000000000000000000e+00
4.716834248290544852e-03
4.854863059145694132e-02
1.638707372620581693e-01
3.764940665143560183e-01
6.602169787708894733e-01
8.383486442734081612e-01
8.117455322707817222e-01
5.908868341374654554e-01
2.697662658722282947e-01
7.899493614276167919e-02
4.716834248290544852e-03
0.000000000000000000e+00
0.000000000000000000e+00
0.000000000000000000e+00
0.000000000000000000e+00
3.464771930720050852e-01
6.535228069279952479e-01
8.699683348019482398e-01
9.737769632875525883e-01
9.999999999999997780e-01
9.999999999999997780e-01
1.000000000000000000e+00
1.000000000000000000e+00
1.000000000000000000e+00
1.000000000000000000e+00
1.000000000000000000e+00
1.000000000000000000e+00
9.999999999999995559e-01
9.999999999999997780e-01
9.999999999999997780e-01
9.999999999999997780e-01
9.999999999999995559e-01
9.999999999999997780e-01
1.000000000000000000e+00
1.000000000000000000e+00
9.999999999999997780e-01
1.000000000000000000e+00
1.000000000000000000e+00
1.000000000000000000e+00
9.999999999999997780e-01
1.000000000000000000e+00
9.737769632875525883e-01
8.699683348019481288e-01
6.535228069279948038e-01
3.464771930720049742e-01
1.300316651980519544e-01
2.622303671244724868e-02
0.000000000000000000e+00
0.000000000000000000e+00
0.000000000000000000e+00
2.622303671244734583e-02
1.616513557265917556e-01
4.396618075558104133e-01
6.947326598706420331e-01
7.012973800090036569e-01
4.703562559861780290e-01
1.966112273817673117e-01
4.854863059145694132e-02
4.716834248290642864e-03
0.000000000000000000e+00
0.000000000000000000e+00
0.000000000000000000e+00
4.716834248290544852e-03
4.854863059145694132e-02
1.966112273817673950e-01
4.703562559861778625e-01
7.012973800090033238e-01
6.947326598706420331e-01
4.396618075558103023e-01
1.616513557265917000e-01
2.622303671244754011e-02
0.000000000000000000e+00
0.000000000000000000e+00
0.000000000000000000e+00
0.000000000000000000e+00
0.000000000000000000e+00
5.296437440138221930e-01
8.033887726182324940e-01
9.514513694085431350e-01
9.952831657517096087e-01
9.999999999999995559e-01
9.999999999999997780e-01
1.000000000000000000e+00
1.000000000000000000e+00
1.000000000000000000e+00
9.999999999999997780e-01
1.000000000000000000e+00
1.000000000000000000e+00
1.000000000000000000e+00
1.000000000000000000e+00
1.000000000000000000e+00
1.000000000000000000e+00
1.000000000000000000e+00
1.000000000000000000e+00
1.000000000000000000e+00
1.000000000000000000e+00
9.999999999999997780e-01
1.000000000000000000e+00
9.999999999999997780e-01
1.000000000000000000e+00
1.000000000000000000e+00
9.999999999999997780e-01
9.952831657517092756e-01
9.514513694085431350e-01
8.033887726182326050e-01
5.296437440138221930e-01
2.264199720556826778e-01
5.561197727425055276e-02
0.000000000000000000e+00
0.000000000000000000e+00
0.000000000000000000e+00
4.716834248290446840e-03
1.087035300072411448e-01
3.601776760860506132e-01
6.028500690714121424e-01
6.028500690714121424e-01
3.601776760860509463e-01
1.087035300072410476e-01
4.716834248290544852e-03
0.000000000000000000e+00
0.000000000000000000e+00
9.803355641361027003e-17
0.000000000000000000e+00
0.000000000000000000e+00
4.716834248290642864e-03
1.087035300072411864e-01
3.601776760860507798e-01
6.028500690714118093e-01
6.028500690714122534e-01
3.601776760860507243e-01
1.087035300072411448e-01
4.716834248290642864e-03
0.000000000000000000e+00
0.000000000000000000e+00
0.000000000000000000e+00
0.000000000000000000e+00
0.000000000000000000e+00
6.398223239139492202e-01
8.912964699927587997e-01
9.952831657517092756e-01
1.000000000000000000e+00
1.000000000000000000e+00
1.000000000000000000e+00
1.000000000000000000e+00
9.999999999999997780e-01
1.000000000000000000e+00
9.999999999999997780e-01
1.000000000000000000e+00
1.000000000000000000e+00
9.999999999999997780e-01
9.999999999999997780e-01
1.000000000000000000e+00
1.000000000000000000e+00
9.999999999999997780e-01
9.999999999999997780e-01
1.000000000000000000e+00
1.000000000000000000e+00
9.999999999999997780e-01
9.999999999999997780e-01
1.000000000000000000e+00
1.000000000000000000e+00
1.000000000000000000e+00
1.000000000000000000e+00
9.999999999999997780e-01
9.952831657517092756e-01
8.912964699927590217e-01
6.398223239139494423e-01
2.919111734507371381e-01
7.899493614276142939e-02
0.000000000000000000e+00
0.000000000000000000e+00
0.000000000000000000e+00
0.000000000000000000e+00
8.435585715669978446e-02
3.212082023968487188e-01
5.655085769953059893e-01
5.655085769953058783e-01
3.212082023968487743e-01
8.435585715669978446e-02
0.000000000000000000e+00
0.000000000000000000e+00
0.000000000000000000e+00
9.803355641361027003e-17
0.000000000000000000e+00
0.000000000000000000e+00
0.000000000000000000e+00
8.435585715669992324e-02
3.212082023968487188e-01
5.655085769953056563e-01
5.655085769953062114e-01
3.212082023968488853e-01
8.435585715669982609e-02
0.000000000000000000e+00
0.000000000000000000e+00
0.000000000000000000e+00
0.000000000000000000e+00
0.000000000000000000e+00
0.000000000000000000e+00
6.787917976031510037e-01
9.156441428432999796e-01
1.000000000000000000e+00
1.000000000000000000e+00
1.000000000000000000e+00
1.000000000000000000e+00
1.000000000000000000e+00
1.000000000000000000e+00
1.000000000000000000e+00
1.000000000000000000e+00
9.999999999999997780e-01
1.000000000000000000e+00
1.000000000000000000e+00
1.000000000000000000e+00
1.000000000000000000e+00
1.000000000000000000e+00
1.000000000000000000e+00
1.000000000000000000e+00
1.000000000000000000e+00
1.000000000000000000e+00
1.000000000000000000e+00
1.000000000000000000e+00
1.000000000000000000e+00
9.999999999999997780e-01
1.000000000000000000e+00
1.000000000000000000e+00
1.000000000000000000e+00
1.000000000000000000e+00
9.156441428432999796e-01
6.787917976031510037e-01
3.212082023968488853e-01
8.435585715669978446e-02
0.000000000000000000e+00
0.000000000000000000e+00
0.000000000000000000e+00
0.000000000000000000e+00
8.435585715669982609e-02
3.212082023968487188e-01
5.655085769953058783e-01
5.655085769953058783e-01
3.212082023968490518e-01
8.435585715669972895e-02
0.000000000000000000e+00
0.000000000000000000e+00
0.000000000000000000e+00
0.000000000000000000e+00
0.000000000000000000e+00
0.000000000000000000e+00
9.803355641361027003e-17
8.435585715669982609e-02
3.212082023968487743e-01
5.655085769953056563e-01
5.655085769953058783e-01
3.212082023968487188e-01
8.435585715669978446e-02
0.000000000000000000e+00
0.000000000000000000e+00
0.000000000000000000e+00
0.000000000000000000e+00
0.000000000000000000e+00
0.000000000000000000e+00
6.787917976031508926e-01
9.156441428433002017e-01
9.999999999999997780e-01
9.999999999999997780e-01
1.000000000000000000e+00
9.999999999999995559e-01
1.000000000000000000e+00
1.000000000000000000e+00
1.000000000000000000e+00
1.000000000000000000e+00
1.000000000000000000e+00
1.000000000000000000e+00
1.000000000000000000e+00
1.000000000000000000e+00
1.000000000000000000e+00
1.000000000000000000e+00
1.000000000000000000e+00
1.000000000000000000e+00
9.999999999999997780e-01
1.000000000000000000e+00
1.000000000000000000e+00
9.999999999999997780e-01
9.999999999999997780e-01
9.999999999999997780e-01
9.999999999999997780e-01
1.000000000000000000e+00
9.999999999999995559e-01
9.999999999999995559e-01
9.156441428432996466e-01
6.787917976031507816e-01
3.212082023968487188e-01
8.435585715669972895e-02
0.000000000000000000e+00
0.000000000000000000e+00
0.000000000000000000e+00
0.000000000000000000e+00
8.435585715669982609e-02
3.212082023968486633e-01
5.655085769953057673e-01
5.655085769953059893e-01
3.212082023968488853e-01
8.435585715669978446e-02
0.000000000000000000e+00
0.000000000000000000e+00
0.000000000000000000e+00
0.000000000000000000e+00
0.000000000000000000e+00
0.000000000000000000e+00
0.000000000000000000e+00
8.435585715669992324e-02
3.212082023968487743e-01
5.655085769953056563e-01
5.655085769953058783e-01
3.212082023968487188e-01
8.435585715669982609e-02
1.960671128272205401e-16
0.000000000000000000e+00
0.000000000000000000e+00
0.000000000000000000e+00
0.000000000000000000e+00
0.000000000000000000e+00
6.787917976031510037e-01
9.156441428433002017e-01
1.000000000000000000e+00
1.000000000000000000e+00
1.000000000000000000e+00
1.000000000000000000e+00
1.000000000000000000e+00
9.999999999999997780e-01
1.000000000000000000e+00
9.999999999999997780e-01
1.000000000000000000e+00
1.000000000000000000e+00
1.000000000000000000e+00
9.999999999999997780e-01
9.999999999999997780e-01
1.000000000000000000e+00
1.000000000000000000e+00
9.999999999999997780e-01
1.000000000000000000e+00
1.000000000000000000e+00
9.999999999999997780e-01
1.000000000000000000e+00
9.999999999999997780e-01
9.999999999999997780e-01
1.000000000000000000e+00
1.000000000000000000e+00
1.000000000000000000e+00
9.999999999999997780e-01
9.156441428432999796e-01
6.787917976031510037e-01
3.212082023968487188e-01
8.435585715669982609e-02
0.000000000000000000e+00
0.000000000000000000e+00
0.000000000000000000e+00
0.000000000000000000e+00
8.435585715669982609e-02
3.212082023968487188e-01
5.655085769953058783e-01
5.655085769953056563e-01
3.212082023968489408e-01
8.435585715669972895e-02
0.000000000000000000e+00
0.000000000000000000e+00
0.000000000000000000e+00
0.000000000000000000e+00
0.000000000000000000e+00
0.000000000000000000e+00
0.000000000000000000e+00
8.435585715669982609e-02
3.212082023968487188e-01
5.655085769953056563e-01
5.655085769953058783e-01
3.212082023968487188e-01
8.435585715669982609e-02
1.960671128272205401e-16
0.000000000000000000e+00
0.000000000000000000e+00
0.000000000000000000e+00
0.000000000000000000e+00
0.000000000000000000e+00
6.787917976031510037e-01
9.156441428432999796e-01
1.000000000000000000e+00
1.000000000000000000e+00
1.000000000000000000e+00
9.999999999999997780e-01
1.000000000000000000e+00
1.000000000000000000e+00
1.000000000000000000e+00
9.999999999999997780e-01
1.000000000000000000e+00
1.000000000000000000e+00
1.000000000000000000e+00
1.000000000000000000e+00
1.000000000000000000e+00
1.000000000000000000e+00
1.000000000000000000e+00
1.000000000000000000e+00
1.000000000000000000e+00
1.000000000000000000e+00
1.000000000000000000e+00
9.999999999999997780e-01
1.000000000000000000e+00
1.000000000000000000e+00
9.999999999999997780e-01
1.000000000000000000e+00
9.999999999999995559e-01
1.000000000000000000e+00
9.156441428432999796e-01
6.787917976031508926e-01
3.212082023968485522e-01
8.435585715669982609e-02
0.000000000000000000e+00
0.000000000000000000e+00
0.000000000000000000e+00
0.000000000000000000e+00
8.435585715669982609e-02
3.212082023968487188e-01
5.655085769953059893e-01
5.655085769953058783e-01
3.212082023968490518e-01
8.435585715669972895e-02
0.000000000000000000e+00
0.000000000000000000e+00
0.000000000000000000e+00
0.000000000000000000e+00
0.000000000000000000e+00
0.000000000000000000e+00
0.000000000000000000e+00
8.435585715669982609e-02
3.212082023968488853e-01
5.655085769953056563e-01
5.655085769953058783e-01
3.212082023968488853e-01
8.435585715669972895e-02
0.000000000000000000e+00
0.000000000000000000e+00
0.000000000000000000e+00
0.000000000000000000e+00
0.000000000000000000e+00
0.000000000000000000e+00
6.787917976031510037e-01
9.156441428432999796e-01
9.999999999999997780e-01
9.999999999999997780e-01
1.000000000000000000e+00
9.999999999999997780e-01
1.000000000000000000e+00
9.999999999999997780e-01
9.999999999999997780e-01
9.999999999999995559e-01
1.000000000000000000e+00
9.999999999999997780e-01
9.999999999999997780e-01
1.000000000000000000e+00
9.999999999999997780e-01
1.000000000000000000e+00
1.000000000000000000e+00
9.999999999999997780e-01
9.999999999999995559e-01
1.000000000000000000e+00
9.999999999999995559e-01
1.000000000000000000e+00
1.000000000000000000e+00
1.000000000000000000e+00
1.000000000000000000e+00
1.000000000000000000e+00
1.000000000000000000e+00
9.999999999999997780e-01
9.156441428432998686e-01
6.787917976031510037e-01
3.212082023968487188e-01
8.435585715669978446e-02
0.000000000000000000e+00
0.000000000000000000e+00
0.000000000000000000e+00
0.000000000000000000e+00
8.435585715669982609e-02
3.212082023968488853e-01
5.655085769953056563e-01
5.655085769953057673e-01
3.212082023968489408e-01
8.435585715669978446e-02
0.000000000000000000e+00
0.000000000000000000e+00
0.000000000000000000e+00
0.000000000000000000e+00
0.000000000000000000e+00
0.000000000000000000e+00
0.000000000000000000e+00
8.435585715669992324e-02
3.212082023968487743e-01
5.655085769953055452e-01
5.655085769953058783e-01
3.212082023968489408e-01
8.435585715669978446e-02
9.803355641361027003e-17
0.000000000000000000e+00
0.000000000000000000e+00
0.000000000000000000e+00
0.000000000000000000e+00
0.000000000000000000e+00
6.787917976031510037e-01
9.156441428433002017e-01
1.000000000000000000e+00
1.000000000000000000e+00
1.000000000000000000e+00
1.000000000000000000e+00
1.000000000000000000e+00
9.999999999999997780e-01
1.000000000000000000e+00
1.000000000000000000e+00
9.999999999999997780e-01
9.999999999999997780e-01
1.000000000000000000e+00
1.000000000000000000e+00
1.000000000000000000e+00
1.000000000000000000e+00
1.000000000000000000e+00
1.000000000000000000e+00
9.999999999999997780e-01
1.000000000000000000e+00
1.000000000000000000e+00
9.999999999999997780e-01
1.000000000000000000e+00
9.999999999999997780e-01
1.000000000000000000e+00
1.000000000000000000e+00
9.999999999999997780e-01
1.000000000000000000e+00
9.156441428432998686e-01
6.787917976031512257e-01
3.212082023968487188e-01
8.435585715669982609e-02
0.000000000000000000e+00
0.000000000000000000e+00
9.803355641361027003e-17
0.000000000000000000e+00
8.435585715669982609e-02
3.212082023968487743e-01
5.655085769953058783e-01
5.655085769953056563e-01
3.212082023968488853e-01
8.435585715669978446e-02
0.000000000000000000e+00
0.000000000000000000e+00
0.000000000000000000e+00
0.000000000000000000e+00
0.000000000000000000e+00
0.000000000000000000e+00
0.000000000000000000e+00
8.435585715670002038e-02
3.212082023968487743e-01
5.655085769953054342e-01
5.655085769953057673e-01
3.212082023968489408e-01
8.435585715669978446e-02
9.803355641361027003e-17
0.000000000000000000e+00
0.000000000000000000e+00
0.000000000000000000e+00
0.000000000000000000e+00
0.000000000000000000e+00
6.398223239139489982e-01
8.912964699927590217e-01
9.952831657517092756e-01
1.000000000000000000e+00
1.000000000000000000e+00
1.000000000000000000e+00
9.999999999999997780e-01
1.000000000000000000e+00
1.000000000000000000e+00
9.999999999999997780e-01
1.000000000000000000e+00
1.000000000000000000e+00
9.999999999999997780e-01
9.999999999999997780e-01
9.999999999999997780e-01
1.000000000000000000e+00
9.999999999999997780e-01
9.999999999999997780e-01
1.000000000000000000e+00
1.000000000000000000e+00
9.999999999999997780e-01
9.999999999999997780e-01
9.999999999999997780e-01
9.999999999999997780e-01
9.999999999999997780e-01
1.000000000000000000e+00
1.000000000000000000e+00
9.952831657517092756e-01
8.912964699927584666e-01
6.398223239139492202e-01
2.919111734507371381e-01
7.899493614276158204e-02
0.000000000000000000e+00
0.000000000000000000e+00
9.803355641361027003e-17
1.960671128272205401e-16
8.435585715669992324e-02
3.212082023968487188e-01
5.655085769953059893e-01
5.655085769953056563e-01
3.212082023968488853e-01
8.435585715669978446e-02
0.000000000000000000e+00
0.000000000000000000e+00
0.000000000000000000e+00
0.000000000000000000e+00
0.000000000000000000e+00
0.000000000000000000e+00
0.000000000000000000e+00
8.435585715669982609e-02
3.212082023968488853e-01
5.655085769953055452e-01
5.655085769953058783e-01
3.212082023968488853e-01
8.435585715669982609e-02
9.803355641361027003e-17
0.000000000000000000e+00
0.000000000000000000e+00
0.000000000000000000e+00
0.000000000000000000e+00
0.000000000000000000e+00
5.296437440138219710e-01
8.033887726182327160e-01
9.514513694085428019e-01
9.952831657517092756e-01
9.999999999999997780e-01
9.999999999999995559e-01
9.999999999999997780e-01
9.999999999999997780e-01
1.000000000000000000e+00
9.999999999999997780e-01
9.999999999999997780e-01
1.000000000000000000e+00
9.999999999999997780e-01
9.999999999999997780e-01
1.000000000000000000e+00
1.000000000000000000e+00
1.000000000000000000e+00
1.000000000000000000e+00
1.000000000000000000e+00
9.999999999999997780e-01
9.999999999999997780e-01
9.999999999999997780e-01
1.000000000000000000e+00
1.000000000000000000e+00
9.999999999999995559e-01
1.000000000000000000e+00
9.952831657517092756e-01
9.514513694085431350e-01
8.033887726182326050e-01
5.296437440138220820e-01
2.264199720556827888e-01
5.561197727425084419e-02
0.000000000000000000e+00
0.000000000000000000e+00
0.000000000000000000e+00
4.716834248290544852e-03
1.087035300072411448e-01
3.601776760860507798e-01
6.028500690714121424e-01
6.028500690714122534e-01
3.601776760860509463e-01
1.087035300072411448e-01
4.716834248290544852e-03
0.000000000000000000e+00
0.000000000000000000e+00
9.803355641361027003e-17
0.000000000000000000e+00
0.000000000000000000e+00
4.716834248290544852e-03
1.087035300072413391e-01
3.601776760860508353e-01
6.028500690714120314e-01
6.028500690714122534e-01
3.601776760860508353e-01
1.087035300072410893e-01
4.716834248290740876e-03
0.000000000000000000e+00
0.000000000000000000e+00
0.000000000000000000e+00
0.000000000000000000e+00
0.000000000000000000e+00
3.464771930720049187e-01
6.535228069279946927e-01
8.699683348019477958e-01
9.737769632875525883e-01
1.000000000000000000e+00
9.999999999999995559e-01
9.999999999999997780e-01
9.999999999999997780e-01
9.999999999999997780e-01
9.999999999999997780e-01
9.999999999999997780e-01
1.000000000000000000e+00
1.000000000000000000e+00
1.000000000000000000e+00
1.000000000000000000e+00
1.000000000000000000e+00
1.000000000000000000e+00
1.000000000000000000e+00
1.000000000000000000e+00
1.000000000000000000e+00
9.999999999999997780e-01
9.999999999999997780e-01
9.999999999999997780e-01
9.999999999999997780e-01
9.999999999999997780e-01
1.000000000000000000e+00
9.737769632875525883e-01
8.699683348019477958e-01
6.535228069279944707e-01
3.464771930720049187e-01
1.300316651980516491e-01
2.622303671244744297e-02
0.000000000000000000e+00
0.000000000000000000e+00
0.000000000000000000e+00
2.622303671244744297e-02
1.616513557265917000e-01
4.396618075558102468e-01
6.947326598706420331e-01
7.012973800090034349e-01
4.703562559861779180e-01
1.966112273817673117e-01
4.854863059145694132e-02
4.716834248290544852e-03
0.000000000000000000e+00
0.000000000000000000e+00
0.000000000000000000e+00
4.716834248290544852e-03
4.854863059145694132e-02
1.966112273817673117e-01
4.703562559861778625e-01
7.012973800090037679e-01
6.947326598706422551e-01
4.396618075558103023e-01
1.616513557265915613e-01
2.622303671244754011e-02
0.000000000000000000e+00
0.000000000000000000e+00
0.000000000000000000e+00
0.000000000000000000e+00
0.000000000000000000e+00
1.905313468679600275e-01
4.396618075558103023e-01
7.366629174893072340e-01
9.210050638572385706e-01
9.952831657517092756e-01
9.999999999999997780e-01
9.999999999999997780e-01
9.999999999999995559e-01
1.000000000000000000e+00
9.999999999999995559e-01
1.000000000000000000e+00
1.000000000000000000e+00
1.000000000000000000e+00
1.000000000000000000e+00
1.000000000000000000e+00
1.000000000000000000e+00
9.999999999999997780e-01
1.000000000000000000e+00
9.999999999999997780e-01
1.000000000000000000e+00
9.999999999999995559e-01
1.000000000000000000e+00
9.999999999999997780e-01
1.000000000000000000e+00
9.999999999999995559e-01
9.952831657517092756e-01
9.210050638572384596e-01
7.366629174893072340e-01
4.396618075558099137e-01
1.905313468679599997e-01
4.854863059145694132e-02
4.716834248290544852e-03
0.000000000000000000e+00
0.000000000000000000e+00
4.716834248290642864e-03
7.899493614276152653e-02
2.697662658722282392e-01
5.908868341374654554e-01
8.117455322707813892e-01
8.383486442734081612e-01
6.602169787708892512e-01
3.764940665143558518e-01
1.638707372620580305e-01
4.854863059145694132e-02
4.716834248290544852e-03
0.000000000000000000e+00
4.716834248290642864e-03
4.854863059145694132e-02
1.638707372620581137e-01
3.764940665143560183e-01
6.602169787708893622e-01
8.383486442734081612e-01
8.117455322707813892e-01
5.908868341374654554e-01
2.697662658722282947e-01
7.899493614276158204e-02
4.716834248290446840e-03
0.000000000000000000e+00
0.000000000000000000e+00
0.000000000000000000e+00
0.000000000000000000e+00
7.899493614276158204e-02
2.633370825106924329e-01
5.603381924441892536e-01
8.094686531320401945e-01
9.514513694085429130e-01
9.952831657517092756e-01
9.999999999999997780e-01
9.999999999999997780e-01
9.999999999999997780e-01
9.999999999999995559e-01
1.000000000000000000e+00
1.000000000000000000e+00
9.999999999999997780e-01
9.999999999999997780e-01
9.999999999999997780e-01
9.999999999999997780e-01
1.000000000000000000e+00
9.999999999999997780e-01
9.999999999999997780e-01
1.000000000000000000e+00
9.999999999999997780e-01
9.999999999999997780e-01
1.000000000000000000e+00
9.999999999999997780e-01
9.952831657517092756e-01
9.514513694085431350e-01
8.094686531320399725e-01
5.603381924441892536e-01
2.633370825106923774e-01
7.899493614276152653e-02
4.716834248290446840e-03
0.000000000000000000e+00
0.000000000000000000e+00
4.716834248290446840e-03
4.854863059145684417e-02
1.905313468679598332e-01
4.396618075558103023e-01
7.366629174893072340e-01
9.156441428432999796e-01
9.463254291157331410e-01
8.361292627379419695e-01
6.235059334856437596e-01
3.397830212291103047e-01
1.300316651980518157e-01
2.622303671244744297e-02
0.000000000000000000e+00
2.622303671244744297e-02
1.300316651980518157e-01
3.397830212291105267e-01
6.235059334856437596e-01
8.361292627379416365e-01
9.463254291157331410e-01
9.156441428432999796e-01
7.366629174893072340e-01
4.396618075558103023e-01
1.905313468679598332e-01
4.854863059145674703e-02
4.716834248290544852e-03
0.000000000000000000e+00
0.000000000000000000e+00
0.000000000000000000e+00
2.622303671244754011e-02
1.300316651980519544e-01
3.464771930720050852e-01
6.535228069279952479e-01
8.699683348019481288e-01
9.737769632875525883e-01
1.000000000000000000e+00
9.999999999999995559e-01
1.000000000000000000e+00
9.999999999999997780e-01
1.000000000000000000e+00
9.999999999999997780e-01
9.999999999999997780e-01
1.000000000000000000e+00
1.000000000000000000e+00
9.999999999999997780e-01
1.000000000000000000e+00
9.999999999999997780e-01
9.999999999999997780e-01
1.000000000000000000e+00
1.000000000000000000e+00
1.000000000000000000e+00
9.999999999999997780e-01
1.000000000000000000e+00
9.737769632875525883e-01
8.699683348019483509e-01
6.535228069279949148e-01
3.464771930720048077e-01
1.300316651980516214e-01
2.622303671244734583e-02
0.000000000000000000e+00
0.000000000000000000e+00
4.716834248290740876e-03
4.854863059145694132e-02
1.638707372620580305e-01
3.764940665143560183e-01
6.602169787708892512e-01
8.699683348019477958e-01
9.737769632875525883e-01
9.952831657517092756e-01
9.514513694085431350e-01
8.094686531320400835e-01
5.603381924441892536e-01
2.633370825106924329e-01
7.899493614276152653e-02
9.475272424815767494e-03
7.899493614276158204e-02
2.633370825106924329e-01
5.603381924441896977e-01
8.094686531320400835e-01
9.514513694085429130e-01
9.952831657517092756e-01
9.737769632875525883e-01
8.699683348019477958e-01
6.602169787708892512e-01
3.764940665143560183e-01
1.638707372620580305e-01
4.854863059145694132e-02
4.716834248290740876e-03
0.000000000000000000e+00
0.000000000000000000e+00
4.716834248290740876e-03
4.854863059145694132e-02
1.905313468679598332e-01
4.327855322194647525e-01
7.078387118248509191e-01
8.892056106939043580e-01
9.737769632875525883e-01
9.952831657517094976e-01
1.000000000000000000e+00
1.000000000000000000e+00
1.000000000000000000e+00
9.999999999999995559e-01
9.999999999999997780e-01
9.999999999999997780e-01
9.999999999999997780e-01
1.000000000000000000e+00
1.000000000000000000e+00
9.999999999999997780e-01
9.999999999999995559e-01
1.000000000000000000e+00
1.000000000000000000e+00
9.999999999999997780e-01
9.952831657517094976e-01
9.737769632875525883e-01
8.892056106939046911e-01
7.078387118248512522e-01
4.327855322194648635e-01
1.905313468679598332e-01
4.854863059145684417e-02
4.716834248290544852e-03
0.000000000000000000e+00
0.000000000000000000e+00
2.622303671244734583e-02
1.300316651980517046e-01
3.397830212291105267e-01
6.235059334856437596e-01
8.361292627379415254e-01
9.514513694085431350e-01
9.952831657517092756e-01
9.999999999999997780e-01
9.952831657517096087e-01
9.210050638572382375e-01
7.302337341277715943e-01
4.091131658625344891e-01
1.557716506130000234e-01
5.367457088426668549e-02
1.557716506130001344e-01
4.091131658625344891e-01
7.302337341277719274e-01
9.210050638572382375e-01
9.952831657517092756e-01
1.000000000000000000e+00
9.952831657517092756e-01
9.514513694085431350e-01
8.361292627379415254e-01
6.235059334856440927e-01
3.397830212291103047e-01
1.300316651980518157e-01
2.622303671244754011e-02
0.000000000000000000e+00
0.000000000000000000e+00
0.000000000000000000e+00
4.716834248290642864e-03
7.899493614276177633e-02
2.350462229063584874e-01
4.896319211053763443e-01
7.078387118248509191e-01
8.699683348019482398e-01
9.514513694085429130e-01
9.952831657517092756e-01
9.999999999999997780e-01
9.999999999999997780e-01
9.999999999999997780e-01
1.000000000000000000e+00
1.000000000000000000e+00
9.999999999999997780e-01
1.000000000000000000e+00
9.999999999999997780e-01
9.999999999999997780e-01
9.999999999999997780e-01
9.999999999999997780e-01
9.999999999999997780e-01
9.952831657517092756e-01
9.514513694085431350e-01
8.699683348019482398e-01
7.078387118248509191e-01
4.896319211053765108e-01
2.350462229063582653e-01
7.899493614276183184e-02
4.716834248290446840e-03
0.000000000000000000e+00
0.000000000000000000e+00
4.716834248290446840e-03
7.899493614276152653e-02
2.633370825106924329e-01
5.603381924441893647e-01
8.094686531320400835e-01
9.514513694085429130e-01
9.952831657517092756e-01
1.000000000000000000e+00
1.000000000000000000e+00
1.000000000000000000e+00
9.688338987709557149e-01
8.117455322707813892e-01
5.201406293551855686e-01
2.050300663792749001e-01
1.052442215287092003e-01
2.050300663792750389e-01
5.201406293551855686e-01
8.117455322707813892e-01
9.688338987709559369e-01
1.000000000000000000e+00
9.999999999999997780e-01
1.000000000000000000e+00
9.952831657517092756e-01
9.514513694085431350e-01
8.094686531320400835e-01
5.603381924441893647e-01
2.633370825106925439e-01
7.899493614276152653e-02
4.716834248290740876e-03
0.000000000000000000e+00
0.000000000000000000e+00
0.000000000000000000e+00
2.622303671244744297e-02
9.746124598336164402e-02
2.350462229063581820e-01
4.327855322194643639e-01
6.535228069279953589e-01
8.094686531320394174e-01
9.210050638572384596e-01
9.737769632875525883e-01
9.952831657517092756e-01
9.999999999999997780e-01
9.999999999999997780e-01
9.999999999999997780e-01
9.999999999999997780e-01
9.999999999999997780e-01
9.999999999999997780e-01
9.999999999999995559e-01
9.999999999999997780e-01
9.952831657517090536e-01
9.737769632875525883e-01
9.210050638572384596e-01
8.094686531320398615e-01
6.535228069279949148e-01
4.327855322194645860e-01
2.350462229063586816e-01
9.746124598336178280e-02
2.622303671244754011e-02
0.000000000000000000e+00
0.000000000000000000e+00
4.716834248290544852e-03
4.854863059145684417e-02
1.905313468679601940e-01
4.396618075558107464e-01
7.366629174893072340e-01
9.210050638572384596e-01
9.952831657517092756e-01
9.999999999999997780e-01
9.999999999999997780e-01
9.999999999999997780e-01
9.952831657517096087e-01
9.463254291157334741e-01
7.759268483232708569e-01
4.893671556090524732e-01
1.989051913823744744e-01
1.052442215287092003e-01
1.989051913823745577e-01
4.893671556090524732e-01
7.759268483232710789e-01
9.463254291157334741e-01
9.952831657517092756e-01
9.999999999999997780e-01
9.999999999999997780e-01
9.999999999999997780e-01
9.952831657517092756e-01
9.210050638572384596e-01
7.366629174893070120e-01
4.396618075558104688e-01
1.905313468679603883e-01
4.854863059145694132e-02
4.716834248290446840e-03
0.000000000000000000e+00
0.000000000000000000e+00
4.716834248290544852e-03
2.622303671244744297e-02
7.899493614276158204e-02
1.905313468679598332e-01
3.464771930720049742e-01
5.603381924441893647e-01
7.366629174893072340e-01
8.699683348019481288e-01
9.514513694085431350e-01
9.952831657517092756e-01
9.999999999999997780e-01
1.000000000000000000e+00
9.999999999999997780e-01
1.000000000000000000e+00
1.000000000000000000e+00
9.999999999999997780e-01
9.952831657517090536e-01
9.514513694085431350e-01
8.699683348019477958e-01
7.366629174893072340e-01
5.603381924441895867e-01
3.464771930720050852e-01
1.905313468679599442e-01
7.899493614276183184e-02
2.622303671244734583e-02
4.716834248290544852e-03
0.000000000000000000e+00
4.716834248290348829e-03
4.854863059145703846e-02
1.638707372620582248e-01
3.764940665143560183e-01
6.602169787708894733e-01
8.699683348019477958e-01
9.737769632875521442e-01
9.999999999999995559e-01
1.000000000000000000e+00
9.999999999999997780e-01
9.952831657517092756e-01
9.514513694085431350e-01
8.361292627379416365e-01
6.235059334856437596e-01
3.397830212291105823e-01
1.300316651980518157e-01
5.367457088426668549e-02
1.300316651980518989e-01
3.397830212291105823e-01
6.235059334856440927e-01
8.361292627379416365e-01
9.514513694085428019e-01
9.952831657517092756e-01
9.999999999999997780e-01
1.000000000000000000e+00
1.000000000000000000e+00
9.737769632875525883e-01
8.699683348019477958e-01
6.602169787708894733e-01
3.764940665143560183e-01
1.638707372620583358e-01
4.854863059145694132e-02
0.000000000000000000e+00
0.000000000000000000e+00
0.000000000000000000e+00
0.000000000000000000e+00
4.716834248290544852e-03
4.854863059145674703e-02
1.300316651980518157e-01
2.633370825106925994e-01
4.396618075558103023e-01
6.535228069279949148e-01
8.033887726182327160e-01
8.912964699927587997e-01
9.156441428432999796e-01
9.156441428432999796e-01
9.156441428433002017e-01
9.156441428433002017e-01
9.156441428433002017e-01
9.156441428432999796e-01
8.912964699927585777e-01
8.033887726182327160e-01
6.535228069279944707e-01
4.396618075558104688e-01
2.633370825106924329e-01
1.300316651980518157e-01
4.854863059145703846e-02
4.716834248290838888e-03
0.000000000000000000e+00
0.000000000000000000e+00
4.716834248290544852e-03
4.854863059145694132e-02
1.638707372620580305e-01
3.697244769029976452e-01
6.302755230970014111e-01
8.361292627379418585e-01
9.514513694085425799e-01
9.952831657517092756e-01
1.000000000000000000e+00
9.999999999999997780e-01
9.952831657517092756e-01
9.514513694085429130e-01
8.361292627379419695e-01
6.302755230970021882e-01
3.697244769029979228e-01
1.638707372620581693e-01
4.854863059145694132e-02
9.475272424815767494e-03
4.854863059145703846e-02
1.638707372620582248e-01
3.697244769029982558e-01
6.302755230970021882e-01
8.361292627379418585e-01
9.514513694085431350e-01
9.952831657517096087e-01
1.000000000000000000e+00
1.000000000000000000e+00
9.952831657517092756e-01
9.514513694085428019e-01
8.361292627379416365e-01
6.302755230970015221e-01
3.697244769029980338e-01
1.638707372620580305e-01
2.807631358881455472e-02
2.132132157627009486e-02
4.716834248290642864e-03
1.960671128272205401e-16
0.000000000000000000e+00
4.716834248290544852e-03
2.622303671244744297e-02
7.899493614276158204e-02
1.905313468679599442e-01
3.464771930720049742e-01
5.296437440138223041e-01
6.398223239139494423e-01
6.787917976031512257e-01
6.787917976031510037e-01
6.787917976031513367e-01
6.787917976031513367e-01
6.787917976031513367e-01
6.787917976031513367e-01
6.398223239139492202e-01
5.296437440138224151e-01
3.464771930720050852e-01
1.905313468679599442e-01
7.899493614276158204e-02
2.622303671244754011e-02
4.716834248290544852e-03
1.960671128272205401e-16
0.000000000000000000e+00
4.716834248290838888e-03
4.854863059145703846e-02
1.638707372620580305e-01
3.697244769029978673e-01
6.302755230970019662e-01
8.361292627379415254e-01
9.514513694085429130e-01
9.952831657517090536e-01
1.000000000000000000e+00
9.999999999999997780e-01
1.000000000000000000e+00
9.737769632875525883e-01
8.699683348019477958e-01
6.602169787708896953e-01
3.764940665143560183e-01
1.638707372620580305e-01
4.854863059145684417e-02
4.716834248290544852e-03
0.000000000000000000e+00
4.716834248290642864e-03
4.854863059145694132e-02
1.638707372620583358e-01
3.764940665143561849e-01
6.602169787708894733e-01
8.699683348019482398e-01
9.737769632875525883e-01
1.000000000000000000e+00
9.999999999999997780e-01
9.999999999999997780e-01
9.952831657517090536e-01
9.514513694085428019e-01
8.361292627379415254e-01
6.235059334856440927e-01
3.397830212291104157e-01
1.128906795117567002e-01
9.952240248772505071e-02
4.854863059145703846e-02
4.716834248290642864e-03
9.803355641361027003e-17
0.000000000000000000e+00
0.000000000000000000e+00
4.716834248290446840e-03
4.854863059145684417e-02
1.300316651980518157e-01
2.264199720556828999e-01
2.919111734507371381e-01
3.212082023968488853e-01
3.212082023968491074e-01
3.212082023968488853e-01
3.212082023968490518e-01
3.212082023968488853e-01
3.212082023968489408e-01
2.919111734507373601e-01
2.264199720556828999e-01
1.300316651980516491e-01
4.854863059145703846e-02
4.716834248290740876e-03
1.960671128272205401e-16
0.000000000000000000e+00
1.960671128272205401e-16
4.716834248290838888e-03
4.854863059145703846e-02
1.638707372620582248e-01
3.697244769029978673e-01
6.302755230970019662e-01
8.361292627379415254e-01
9.514513694085429130e-01
9.952831657517094976e-01
9.999999999999997780e-01
9.999999999999997780e-01
1.000000000000000000e+00
9.952831657517094976e-01
9.210050638572382375e-01
7.366629174893075671e-01
4.396618075558104688e-01
1.905313468679598332e-01
4.854863059145694132e-02
4.716834248290544852e-03
0.000000000000000000e+00
0.000000000000000000e+00
0.000000000000000000e+00
4.716834248290544852e-03
4.854863059145703846e-02
1.905313468679599442e-01
4.396618075558103023e-01
7.366629174893072340e-01
9.210050638572382375e-01
9.952831657517092756e-01
1.000000000000000000e+00
1.000000000000000000e+00
1.000000000000000000e+00
9.952831657517090536e-01
9.514513694085429130e-01
8.033887726182326050e-01
5.296437440138220820e-01
2.810919788490304771e-01
2.657507200835804717e-01
1.638707372620582248e-01
4.854863059145694132e-02
4.716834248290544852e-03
0.000000000000000000e+00
9.803355641361027003e-17
0.000000000000000000e+00
4.716834248290544852e-03
2.622303671244744297e-02
5.561197727425084419e-02
7.899493614276152653e-02
8.435585715669978446e-02
8.435585715669972895e-02
8.435585715669978446e-02
8.435585715669992324e-02
8.435585715669992324e-02
8.435585715669982609e-02
7.899493614276167919e-02
5.561197727425094828e-02
2.622303671244744297e-02
4.716834248290544852e-03
9.803355641361027003e-17
0.000000000000000000e+00
0.000000000000000000e+00
4.716834248290838888e-03
4.854863059145694132e-02
1.638707372620583358e-01
3.697244769029979228e-01
6.302755230970019662e-01
8.361292627379416365e-01
9.514513694085425799e-01
9.952831657517092756e-01
1.000000000000000000e+00
9.999999999999995559e-01
1.000000000000000000e+00
9.952831657517090536e-01
9.514513694085429130e-01
8.094686531320398615e-01
5.603381924441893647e-01
2.633370825106925994e-01
7.899493614276152653e-02
4.716834248290642864e-03
0.000000000000000000e+00
0.000000000000000000e+00
0.000000000000000000e+00
0.000000000000000000e+00
0.000000000000000000e+00
4.716834248290740876e-03
7.899493614276167919e-02
2.633370825106924329e-01
5.603381924441895867e-01
8.094686531320399725e-01
9.514513694085431350e-01
9.952831657517090536e-01
1.000000000000000000e+00
9.999999999999995559e-01
9.999999999999995559e-01
9.952831657517090536e-01
8.912964699927590217e-01
6.398223239139492202e-01
4.683782561148305823e-01
5.155637325317351527e-01
3.764940665143560183e-01
1.905313468679600275e-01
7.899493614276158204e-02
2.622303671244744297e-02
4.716834248290544852e-03
0.000000000000000000e+00
0.000000000000000000e+00
0.000000000000000000e+00
0.000000000000000000e+00
0.000000000000000000e+00
0.000000000000000000e+00
0.000000000000000000e+00
1.960671128272205401e-16
1.960671128272205401e-16
1.960671128272205401e-16
1.960671128272205401e-16
0.000000000000000000e+00
9.803355641361027003e-17
0.000000000000000000e+00
0.000000000000000000e+00
0.000000000000000000e+00
4.716834248290740876e-03
2.622303671244734583e-02
7.899493614276183184e-02
1.905313468679600275e-01
3.764940665143562404e-01
6.302755230970017442e-01
8.361292627379416365e-01
9.514513694085429130e-01
9.952831657517092756e-01
9.999999999999995559e-01
9.999999999999997780e-01
9.999999999999997780e-01
9.952831657517092756e-01
9.514513694085428019e-01
8.361292627379416365e-01
6.235059334856439817e-01
3.397830212291105823e-01
1.300316651980520100e-01
2.622303671244734583e-02
0.000000000000000000e+00
0.000000000000000000e+00
0.000000000000000000e+00
0.000000000000000000e+00
0.000000000000000000e+00
0.000000000000000000e+00
9.803355641361027003e-17
2.622303671244744297e-02
1.300316651980518157e-01
3.397830212291105267e-01
6.235059334856440927e-01
8.361292627379416365e-01
9.514513694085429130e-01
9.952831657517092756e-01
9.999999999999997780e-01
9.999999999999997780e-01
9.999999999999997780e-01
9.156441428433002017e-01
6.787917976031512257e-01
6.122196854144782430e-01
7.326536148977043084e-01
6.602169787708893622e-01
4.396618075558104688e-01
2.633370825106926549e-01
1.300316651980517046e-01
4.854863059145694132e-02
4.716834248290446840e-03
0.000000000000000000e+00
0.000000000000000000e+00
0.000000000000000000e+00
0.000000000000000000e+00
0.000000000000000000e+00
1.960671128272205401e-16
9.803355641361027003e-17
0.000000000000000000e+00
9.803355641361027003e-17
0.000000000000000000e+00
0.000000000000000000e+00
0.000000000000000000e+00
0.000000000000000000e+00
9.803355641361027003e-17
4.716834248290740876e-03
4.854863059145703846e-02
1.300316651980518157e-01
2.633370825106928215e-01
4.396618075558106908e-01
6.602169787708896953e-01
8.361292627379418585e-01
9.514513694085429130e-01
9.952831657517092756e-01
9.999999999999997780e-01
9.999999999999997780e-01
1.000000000000000000e+00
9.952831657517092756e-01
9.514513694085429130e-01
8.361292627379420805e-01
6.302755230970021882e-01
3.697244769029978673e-01
1.638707372620582248e-01
4.854863059145703846e-02
4.716834248290544852e-03
0.000000000000000000e+00
0.000000000000000000e+00
0.000000000000000000e+00
0.000000000000000000e+00
0.000000000000000000e+00
0.000000000000000000e+00
0.000000000000000000e+00
4.716834248290544852e-03
4.854863059145694132e-02
1.638707372620581137e-01
3.697244769029979228e-01
6.302755230970019662e-01
8.361292627379419695e-01
9.514513694085431350e-01
9.952831657517096087e-01
9.999999999999997780e-01
9.999999999999997780e-01
9.156441428433002017e-01
6.787917976031510037e-01
6.721524347750478245e-01
8.604430541721843628e-01
8.699683348019482398e-01
7.366629174893072340e-01
5.603381924441892536e-01
3.397830212291104157e-01
1.638707372620582248e-01
4.854863059145703846e-02
4.716834248290544852e-03
0.000000000000000000e+00
1.960671128272205401e-16
0.000000000000000000e+00
0.000000000000000000e+00
0.000000000000000000e+00
0.000000000000000000e+00
9.803355641361027003e-17
1.960671128272205401e-16
0.000000000000000000e+00
9.803355641361027003e-17
1.960671128272205401e-16
0.000000000000000000e+00
4.716834248290544852e-03
4.854863059145703846e-02
1.638707372620580305e-01
3.397830212291103047e-01
5.603381924441896977e-01
7.366629174893075671e-01
8.699683348019482398e-01
9.514513694085428019e-01
9.952831657517096087e-01
9.999999999999997780e-01
9.999999999999995559e-01
1.000000000000000000e+00
9.952831657517092756e-01
9.514513694085428019e-01
8.361292627379418585e-01
6.302755230970016331e-01
3.697244769029981448e-01
1.638707372620581693e-01
4.854863059145703846e-02
4.716834248290740876e-03
0.000000000000000000e+00
9.803355641361027003e-17
0.000000000000000000e+00
0.000000000000000000e+00
0.000000000000000000e+00
0.000000000000000000e+00
0.000000000000000000e+00
9.803355641361027003e-17
1.960671128272205401e-16
4.716834248290544852e-03
4.854863059145694132e-02
1.638707372620581137e-01
3.697244769029981448e-01
6.302755230970016331e-01
8.361292627379420805e-01
9.514513694085429130e-01
9.952831657517088315e-01
9.999999999999997780e-01
9.156441428433002017e-01
6.787917976031510037e-01
6.787917976031508926e-01
9.102435681612304208e-01
9.737769632875525883e-01
9.210050638572382375e-01
8.094686531320398615e-01
6.235059334856437596e-01
3.764940665143562404e-01
1.905313468679598332e-01
7.899493614276152653e-02
2.622303671244744297e-02
4.716834248290642864e-03
0.000000000000000000e+00
0.000000000000000000e+00
0.000000000000000000e+00
0.000000000000000000e+00
0.000000000000000000e+00
0.000000000000000000e+00
0.000000000000000000e+00
0.000000000000000000e+00
4.716834248290544852e-03
2.622303671244744297e-02
7.899493614276152653e-02
1.905313468679599442e-01
3.764940665143560183e-01
6.235059334856437596e-01
8.094686531320401945e-01
9.210050638572384596e-01
9.737769632875525883e-01
9.952831657517092756e-01
1.000000000000000000e+00
1.000000000000000000e+00
9.999999999999997780e-01
9.952831657517092756e-01
9.514513694085431350e-01
8.361292627379416365e-01
6.302755230970017442e-01
3.697244769029978673e-01
1.638707372620582248e-01
4.854863059145694132e-02
4.716834248290446840e-03
1.960671128272205401e-16
1.960671128272205401e-16
1.960671128272205401e-16
0.000000000000000000e+00
0.000000000000000000e+00
0.000000000000000000e+00
0.000000000000000000e+00
0.000000000000000000e+00
1.960671128272205401e-16
1.960671128272205401e-16
0.000000000000000000e+00
4.716834248290446840e-03
4.854863059145694132e-02
1.638707372620582248e-01
3.697244769029979228e-01
6.302755230970021882e-01
8.361292627379415254e-01
9.514513694085429130e-01
9.952831657517096087e-01
9.156441428432999796e-01
6.787917976031510037e-01
6.787917976031512257e-01
9.156441428433002017e-01
9.999999999999997780e-01
9.952831657517094976e-01
9.514513694085431350e-01
8.361292627379416365e-01
6.602169787708893622e-01
4.396618075558104133e-01
2.697662658722281837e-01
1.616513557265917556e-01
1.087035300072412419e-01
8.435585715669978446e-02
8.435585715669963180e-02
8.435585715669982609e-02
8.435585715669978446e-02
8.435585715669972895e-02
8.435585715669978446e-02
8.435585715669972895e-02
8.435585715669972895e-02
1.087035300072411448e-01
1.616513557265917000e-01
2.697662658722281837e-01
4.396618075558104133e-01
6.602169787708893622e-01
8.361292627379416365e-01
9.514513694085431350e-01
9.952831657517094976e-01
9.999999999999997780e-01
9.999999999999997780e-01
1.000000000000000000e+00
1.000000000000000000e+00
9.952831657517096087e-01
9.514513694085429130e-01
8.361292627379416365e-01
6.302755230970016331e-01
3.697244769029978673e-01
1.638707372620581137e-01
4.854863059145684417e-02
4.716834248290544852e-03
0.000000000000000000e+00
2.941006692408307978e-16
0.000000000000000000e+00
0.000000000000000000e+00
0.000000000000000000e+00
0.000000000000000000e+00
0.000000000000000000e+00
0.000000000000000000e+00
0.000000000000000000e+00
0.000000000000000000e+00
0.000000000000000000e+00
1.960671128272205401e-16
1.960671128272205401e-16
4.716834248290544852e-03
4.854863059145684417e-02
1.638707372620581693e-01
3.697244769029982558e-01
6.302755230970016331e-01
8.361292627379416365e-01
9.514513694085429130e-01
9.102435681612304208e-01
6.787917976031510037e-01
6.787917976031510037e-01
9.156441428432999796e-01
1.000000000000000000e+00
1.000000000000000000e+00
9.952831657517092756e-01
9.514513694085431350e-01
8.699683348019477958e-01
7.366629174893072340e-01
5.908868341374654554e-01
4.396618075558104133e-01
3.601776760860507798e-01
3.212082023968490518e-01
3.212082023968487743e-01
3.212082023968487188e-01
3.212082023968485522e-01
3.212082023968487743e-01
3.212082023968490518e-01
3.212082023968487188e-01
3.212082023968487188e-01
3.601776760860510573e-01
4.396618075558100247e-01
5.908868341374654554e-01
7.366629174893072340e-01
8.699683348019481288e-01
9.514513694085431350e-01
9.952831657517096087e-01
1.000000000000000000e+00
1.000000000000000000e+00
9.999999999999997780e-01
1.000000000000000000e+00
9.952831657517092756e-01
9.514513694085428019e-01
8.361292627379413034e-01
6.302755230970017442e-01
3.697244769029979228e-01
1.638707372620581137e-01
4.854863059145703846e-02
4.716834248290740876e-03
0.000000000000000000e+00
0.000000000000000000e+00
0.000000000000000000e+00
0.000000000000000000e+00
0.000000000000000000e+00
0.000000000000000000e+00
0.000000000000000000e+00
0.000000000000000000e+00
0.000000000000000000e+00
0.000000000000000000e+00
0.000000000000000000e+00
1.960671128272205401e-16
0.000000000000000000e+00
0.000000000000000000e+00
1.960671128272205401e-16
4.716834248290642864e-03
4.854863059145703846e-02
1.638707372620580305e-01
3.697244769029978118e-01
6.302755230970016331e-01
8.361292627379413034e-01
8.604430541721845849e-01
6.721524347750477135e-01
6.787917976031513367e-01
9.156441428433002017e-01
1.000000000000000000e+00
9.999999999999997780e-01
9.999999999999997780e-01
9.952831657517094976e-01
9.737769632875525883e-01
9.156441428432999796e-01
8.117455322707813892e-01
6.947326598706420331e-01
6.028500690714125865e-01
5.655085769953058783e-01
5.655085769953058783e-01
5.655085769953057673e-01
5.655085769953056563e-01
5.655085769953058783e-01
5.655085769953062114e-01
5.655085769953058783e-01
5.655085769953056563e-01
6.028500690714122534e-01
6.947326598706422551e-01
8.117455322707813892e-01
9.156441428432999796e-01
9.737769632875525883e-01
9.952831657517094976e-01
1.000000000000000000e+00
9.999999999999997780e-01
1.000000000000000000e+00
9.952831657517090536e-01
9.737769632875525883e-01
9.210050638572380155e-01
8.094686531320400835e-01
6.235059334856437596e-01
3.697244769029978673e-01
1.638707372620581137e-01
4.854863059145694132e-02
4.716834248290642864e-03
0.000000000000000000e+00
1.960671128272205401e-16
1.960671128272205401e-16
1.960671128272205401e-16
0.000000000000000000e+00
9.803355641361027003e-17
0.000000000000000000e+00
0.000000000000000000e+00
0.000000000000000000e+00
0.000000000000000000e+00
0.000000000000000000e+00
1.960671128272205401e-16
0.000000000000000000e+00
0.000000000000000000e+00
0.000000000000000000e+00
1.960671128272205401e-16
0.000000000000000000e+00
4.716834248290544852e-03
4.854863059145703846e-02
1.638707372620580305e-01
3.697244769029979228e-01
6.235059334856437596e-01
7.037590792402230733e-01
5.723787722962829783e-01
6.398223239139489982e-01
8.912964699927587997e-01
9.952831657517090536e-01
1.000000000000000000e+00
1.000000000000000000e+00
9.999999999999997780e-01
9.952831657517094976e-01
9.463254291157333631e-01
8.383486442734083832e-01
7.012973800090037679e-01
6.028500690714122534e-01
5.655085769953055452e-01
5.655085769953056563e-01
5.655085769953058783e-01
5.655085769953058783e-01
5.655085769953056563e-01
5.655085769953059893e-01
5.655085769953056563e-01
5.655085769953055452e-01
6.028500690714122534e-01
7.012973800090037679e-01
8.383486442734082722e-01
9.463254291157333631e-01
9.952831657517092756e-01
9.999999999999997780e-01
1.000000000000000000e+00
1.000000000000000000e+00
9.952831657517090536e-01
9.514513694085429130e-01
8.699683348019482398e-01
7.366629174893070120e-01
5.603381924441893647e-01
3.397830212291105267e-01
1.638707372620580305e-01
4.854863059145703846e-02
4.716834248290740876e-03
1.960671128272205401e-16
0.000000000000000000e+00
0.000000000000000000e+00
0.000000000000000000e+00
0.000000000000000000e+00
0.000000000000000000e+00
0.000000000000000000e+00
0.000000000000000000e+00
0.000000000000000000e+00
0.000000000000000000e+00
9.803355641361027003e-17
9.803355641361027003e-17
0.000000000000000000e+00
1.960671128272205401e-16
0.000000000000000000e+00
0.000000000000000000e+00
1.960671128272205401e-16
0.000000000000000000e+00
0.000000000000000000e+00
4.716834248290544852e-03
4.854863059145694132e-02
1.638707372620580305e-01
3.397830212291105823e-01
4.517249731593835915e-01
3.883883973597182515e-01
5.296437440138221930e-01
8.033887726182326050e-01
9.514513694085431350e-01
9.952831657517092756e-01
1.000000000000000000e+00
9.952831657517092756e-01
9.514513694085431350e-01
8.361292627379418585e-01
6.602169787708894733e-01
4.703562559861778625e-01
3.601776760860505577e-01
3.212082023968487743e-01
3.212082023968492184e-01
3.212082023968492184e-01
3.212082023968487743e-01
3.212082023968491074e-01
3.212082023968487743e-01
3.212082023968487743e-01
3.212082023968486633e-01
3.601776760860505577e-01
4.703562559861778625e-01
6.602169787708893622e-01
8.361292627379416365e-01
9.514513694085428019e-01
9.952831657517092756e-01
1.000000000000000000e+00
9.952831657517090536e-01
9.514513694085431350e-01
8.361292627379418585e-01
6.602169787708893622e-01
4.396618075558103023e-01
2.633370825106925994e-01
1.300316651980517046e-01
4.854863059145684417e-02
4.716834248290740876e-03
0.000000000000000000e+00
0.000000000000000000e+00
0.000000000000000000e+00
0.000000000000000000e+00
1.960671128272205401e-16
0.000000000000000000e+00
0.000000000000000000e+00
0.000000000000000000e+00
0.000000000000000000e+00
1.960671128272205401e-16
0.000000000000000000e+00
0.000000000000000000e+00
0.000000000000000000e+00
0.000000000000000000e+00
0.000000000000000000e+00
0.000000000000000000e+00
0.000000000000000000e+00
0.000000000000000000e+00
0.000000000000000000e+00
0.000000000000000000e+00
0.000000000000000000e+00
4.716834248290348829e-03
4.854863059145694132e-02
1.300316651980516214e-01
1.928129272156525464e-01
1.720365086096804774e-01
3.397830212291105267e-01
6.235059334856437596e-01
8.361292627379415254e-01
9.463254291157334741e-01
9.688338987709557149e-01
9.210050638572377935e-01
8.094686531320400835e-01
6.235059334856437596e-01
3.764940665143558518e-01
1.966112273817673117e-01
1.087035300072409921e-01
8.435585715669992324e-02
8.435585715669963180e-02
8.435585715670002038e-02
8.435585715669982609e-02
8.435585715669982609e-02
8.435585715669982609e-02
8.435585715669978446e-02
8.435585715669982609e-02
1.087035300072409921e-01
1.966112273817672007e-01
3.764940665143558518e-01
6.235059334856437596e-01
8.094686531320396394e-01
9.210050638572382375e-01
9.688338987709557149e-01
9.463254291157334741e-01
8.361292627379415254e-01
6.302755230970017442e-01
3.764940665143559073e-01
1.905313468679598332e-01
7.899493614276158204e-02
2.622303671244734583e-02
4.716834248290544852e-03
0.000000000000000000e+00
0.000000000000000000e+00
0.000000000000000000e+00
0.000000000000000000e+00
1.960671128272205401e-16
0.000000000000000000e+00
0.000000000000000000e+00
0.000000000000000000e+00
0.000000000000000000e+00
0.000000000000000000e+00
0.000000000000000000e+00
0.000000000000000000e+00
0.000000000000000000e+00
0.000000000000000000e+00
0.000000000000000000e+00
0.000000000000000000e+00
0.000000000000000000e+00
0.000000000000000000e+00
0.000000000000000000e+00
0.000000000000000000e+00
0.000000000000000000e+00
0.000000000000000000e+00
0.000000000000000000e+00
4.716834248290446840e-03
2.622303671244734583e-02
5.047071085630211451e-02
5.047071085630221166e-02
1.638707372620581693e-01
3.697244769029979228e-01
6.235059334856437596e-01
7.759268483232714120e-01
8.117455322707812782e-01
7.302337341277717053e-01
5.603381924441892536e-01
3.397830212291103047e-01
1.638707372620581137e-01
4.854863059145664295e-02
4.716834248290544852e-03
0.000000000000000000e+00
0.000000000000000000e+00
0.000000000000000000e+00
0.000000000000000000e+00
0.000000000000000000e+00
0.000000000000000000e+00
0.000000000000000000e+00
0.000000000000000000e+00
4.716834248290544852e-03
4.854863059145674703e-02
1.638707372620582248e-01
3.397830212291101382e-01
5.603381924441892536e-01
7.302337341277712612e-01
8.117455322707813892e-01
7.759268483232710789e-01
6.235059334856437596e-01
3.697244769029976452e-01
1.638707372620580305e-01
4.854863059145684417e-02
4.716834248290544852e-03
0.000000000000000000e+00
0.000000000000000000e+00
9.803355641361027003e-17
0.000000000000000000e+00
0.000000000000000000e+00
0.000000000000000000e+00
0.000000000000000000e+00
1.960671128272205401e-16
1.960671128272205401e-16
0.000000000000000000e+00
0.000000000000000000e+00
0.000000000000000000e+00
0.000000000000000000e+00
0.000000000000000000e+00
0.000000000000000000e+00
0.000000000000000000e+00
0.000000000000000000e+00
9.803355641361027003e-17
0.000000000000000000e+00
0.000000000000000000e+00
1.960671128272205401e-16
0.000000000000000000e+00
0.000000000000000000e+00
0.000000000000000000e+00
0.000000000000000000e+00
0.000000000000000000e+00
0.000000000000000000e+00
0.000000000000000000e+00
0.000000000000000000e+00
4.854863059145694132e-02
1.638707372620581693e-01
3.397830212291104157e-01
4.893671556090528618e-01
5.201406293551855686e-01
4.091131658625342671e-01
2.633370825106925994e-01
1.300316651980518157e-01
4.854863059145694132e-02
4.716834248290544852e-03
1.960671128272205401e-16
0.000000000000000000e+00
0.000000000000000000e+00
0.000000000000000000e+00
0.000000000000000000e+00
0.000000000000000000e+00
1.960671128272205401e-16
0.000000000000000000e+00
0.000000000000000000e+00
1.960671128272205401e-16
4.716834248290642864e-03
4.854863059145694132e-02
1.300316651980520100e-01
2.633370825106925994e-01
4.091131658625343781e-01
5.201406293551854576e-01
4.893671556090524732e-01
3.397830212291101937e-01
1.638707372620579750e-01
4.854863059145694132e-02
4.716834248290544852e-03
0.000000000000000000e+00
0.000000000000000000e+00
0.000000000000000000e+00
0.000000000000000000e+00
0.000000000000000000e+00
1.960671128272205401e-16
0.000000000000000000e+00
0.000000000000000000e+00
0.000000000000000000e+00
1.960671128272205401e-16
0.000000000000000000e+00
9.803355641361027003e-17
0.000000000000000000e+00
0.000000000000000000e+00
0.000000000000000000e+00
0.000000000000000000e+00
0.000000000000000000e+00
0.000000000000000000e+00
0.000000000000000000e+00
0.000000000000000000e+00
0.000000000000000000e+00
0.000000000000000000e+00
0.000000000000000000e+00
0.000000000000000000e+00
0.000000000000000000e+00
0.000000000000000000e+00
0.000000000000000000e+00
0.000000000000000000e+00
0.000000000000000000e+00
0.000000000000000000e+00
4.716834248290740876e-03
4.854863059145703846e-02
1.300316651980518989e-01
1.989051913823746132e-01
2.050300663792750944e-01
1.557716506130001344e-01
7.899493614276152653e-02
2.622303671244754011e-02
4.716834248290544852e-03
0.000000000000000000e+00
1.960671128272205401e-16
0.000000000000000000e+00
0.000000000000000000e+00
0.000000000000000000e+00
0.000000000000000000e+00
0.000000000000000000e+00
0.000000000000000000e+00
0.000000000000000000e+00
0.000000000000000000e+00
0.000000000000000000e+00
0.000000000000000000e+00
4.716834248290446840e-03
2.622303671244773787e-02
7.899493614276113795e-02
1.557716506130001344e-01
2.050300663792752331e-01
1.989051913823745577e-01
1.300316651980517046e-01
4.854863059145684417e-02
4.716834248290544852e-03
0.000000000000000000e+00
0.000000000000000000e+00
0.000000000000000000e+00
0.000000000000000000e+00
0.000000000000000000e+00
0.000000000000000000e+00
0.000000000000000000e+00
0.000000000000000000e+00
0.000000000000000000e+00
0.000000000000000000e+00
9.803355641361027003e-17
0.000000000000000000e+00
0.000000000000000000e+00
0.000000000000000000e+00
0.000000000000000000e+00
0.000000000000000000e+00
0.000000000000000000e+00
0.000000000000000000e+00
0.000000000000000000e+00
9.803355641361027003e-17
0.000000000000000000e+00
0.000000000000000000e+00
0.000000000000000000e+00
0.000000000000000000e+00
0.000000000000000000e+00
0.000000000000000000e+00
0.000000000000000000e+00
0.000000000000000000e+00
0.000000000000000000e+00
0.000000000000000000e+00
0.000000000000000000e+00
0.000000000000000000e+00
9.475272424815864639e-03
5.367457088426639406e-02
1.052442215287092975e-01
1.052442215287092003e-01
5.367457088426678263e-02
9.475272424815767494e-03
0.000000000000000000e+00
0.000000000000000000e+00
0.000000000000000000e+00
0.000000000000000000e+00
0.000000000000000000e+00
0.000000000000000000e+00
0.000000000000000000e+00
0.000000000000000000e+00
1.960671128272205401e-16
0.000000000000000000e+00
0.000000000000000000e+00
0.000000000000000000e+00
0.000000000000000000e+00
0.000000000000000000e+00
0.000000000000000000e+00
0.000000000000000000e+00
9.475272424815767494e-03
5.367457088426668549e-02
1.052442215287094363e-01
1.052442215287092003e-01
5.367457088426639406e-02
9.475272424815668615e-03
0.000000000000000000e+00
0.000000000000000000e+00
0.000000000000000000e+00
0.000000000000000000e+00
0.000000000000000000e+00
0.000000000000000000e+00
9.803355641361027003e-17
9.803355641361027003e-17
0.000000000000000000e+00
9.803355641361027003e-17
0.000000000000000000e+00
0.000000000000000000e+00
0.000000000000000000e+00
0.000000000000000000e+00
0.000000000000000000e+00
0.000000000000000000e+00
0.000000000000000000e+00
0.000000000000000000e+00
0.000000000000000000e+00
9.803355641361027003e-17
0.000000000000000000e+00
0.000000000000000000e+00
0.000000000000000000e+00
0.000000000000000000e+00
0.000000000000000000e+00
0.000000000000000000e+00
0.000000000000000000e+00
0.000000000000000000e+00
0.000000000000000000e+00
0.000000000000000000e+00
0.000000000000000000e+00
0.000000000000000000e+00
4.716834248290544852e-03
4.854863059145703846e-02
1.300316651980518157e-01
1.989051913823746132e-01
2.050300663792749001e-01
1.557716506129997180e-01
7.899493614276158204e-02
2.622303671244764073e-02
4.716834248290740876e-03
1.960671128272205401e-16
0.000000000000000000e+00
0.000000000000000000e+00
0.000000000000000000e+00
0.000000000000000000e+00
0.000000000000000000e+00
1.960671128272205401e-16
1.960671128272205401e-16
0.000000000000000000e+00
0.000000000000000000e+00
0.000000000000000000e+00
0.000000000000000000e+00
4.716834248290544852e-03
2.622303671244754011e-02
7.899493614276177633e-02
1.557716506129997180e-01
2.050300663792750944e-01
1.989051913823744744e-01
1.300316651980517046e-01
4.854863059145694132e-02
4.716834248290446840e-03
0.000000000000000000e+00
0.000000000000000000e+00
0.000000000000000000e+00
0.000000000000000000e+00
0.000000000000000000e+00
0.000000000000000000e+00
0.000000000000000000e+00
0.000000000000000000e+00
0.000000000000000000e+00
1.960671128272205401e-16
0.000000000000000000e+00
0.000000000000000000e+00
0.000000000000000000e+00
0.000000000000000000e+00
0.000000000000000000e+00
0.000000000000000000e+00
0.000000000000000000e+00
0.000000000000000000e+00
9.803355641361027003e-17
0.000000000000000000e+00
0.000000000000000000e+00
0.000000000000000000e+00
0.000000000000000000e+00
0.000000000000000000e+00
0.000000000000000000e+00
0.000000000000000000e+00
0.000000000000000000e+00
0.000000000000000000e+00
0.000000000000000000e+00
0.000000000000000000e+00
0.000000000000000000e+00
4.854863059145694132e-02
1.638707372620582248e-01
3.397830212291104157e-01
4.893671556090526953e-01
5.201406293551857907e-01
4.091131658625346001e-01
2.633370825106928770e-01
1.300316651980518157e-01
4.854863059145694132e-02
4.716834248290446840e-03
0.000000000000000000e+00
0.000000000000000000e+00
0.000000000000000000e+00
0.000000000000000000e+00
0.000000000000000000e+00
1.960671128272205401e-16
1.960671128272205401e-16
0.000000000000000000e+00
0.000000000000000000e+00
0.000000000000000000e+00
4.716834248290544852e-03
4.854863059145703846e-02
1.300316651980516491e-01
2.633370825106925994e-01
4.091131658625348222e-01
5.201406293551855686e-01
4.893671556090525843e-01
3.397830212291103047e-01
1.638707372620580305e-01
4.854863059145674703e-02
4.716834248290544852e-03
0.000000000000000000e+00
0.000000000000000000e+00
0.000000000000000000e+00
0.000000000000000000e+00
0.000000000000000000e+00
0.000000000000000000e+00
0.000000000000000000e+00
0.000000000000000000e+00
9.803355641361027003e-17
0.000000000000000000e+00
0.000000000000000000e+00
0.000000000000000000e+00
0.000000000000000000e+00
0.000000000000000000e+00
0.000000000000000000e+00
0.000000000000000000e+00
0.000000000000000000e+00
0.000000000000000000e+00
9.803355641361027003e-17
0.000000000000000000e+00
0.000000000000000000e+00
0.000000000000000000e+00
0.000000000000000000e+00
0.000000000000000000e+00
9.803355641361027003e-17
0.000000000000000000e+00
0.000000000000000000e+00
0.000000000000000000e+00
0.000000000000000000e+00
0.000000000000000000e+00
1.638707372620581137e-01
3.697244769029979228e-01
6.235059334856440927e-01
7.759268483232708569e-01
8.117455322707817222e-01
7.302337341277719274e-01
5.603381924441896977e-01
3.397830212291109708e-01
1.638707372620582248e-01
4.854863059145684417e-02
4.716834248290446840e-03
0.000000000000000000e+00
0.000000000000000000e+00
0.000000000000000000e+00
0.000000000000000000e+00
1.960671128272205401e-16
0.000000000000000000e+00
0.000000000000000000e+00
0.000000000000000000e+00
4.716834248290544852e-03
4.854863059145674703e-02
1.638707372620581137e-01
3.397830212291105823e-01
5.603381924441895867e-01
7.302337341277715943e-01
8.117455322707820553e-01
7.759268483232706348e-01
6.235059334856437596e-01
3.697244769029979228e-01
1.638707372620579750e-01
4.854863059145684417e-02
4.716834248290544852e-03
0.000000000000000000e+00
0.000000000000000000e+00
0.000000000000000000e+00
0.000000000000000000e+00
0.000000000000000000e+00
0.000000000000000000e+00
1.960671128272205401e-16
0.000000000000000000e+00
1.960671128272205401e-16
0.000000000000000000e+00
0.000000000000000000e+00
0.000000000000000000e+00
0.000000000000000000e+00
0.000000000000000000e+00
0.000000000000000000e+00
0.000000000000000000e+00
0.000000000000000000e+00
9.803355641361027003e-17
0.000000000000000000e+00
0.000000000000000000e+00
0.000000000000000000e+00
0.000000000000000000e+00
0.000000000000000000e+00
0.000000000000000000e+00
0.000000000000000000e+00
0.000000000000000000e+00
0.000000000000000000e+00
0.000000000000000000e+00
0.000000000000000000e+00
3.397830212291104157e-01
6.235059334856439817e-01
8.361292627379416365e-01
9.463254291157333631e-01
9.688338987709559369e-01
9.210050638572384596e-01
8.094686531320400835e-01
6.235059334856440927e-01
3.764940665143560183e-01
1.966112273817672562e-01
1.087035300072411448e-01
8.435585715669978446e-02
8.435585715669963180e-02
8.435585715669992324e-02
8.435585715669972895e-02
8.435585715669982609e-02
8.435585715669982609e-02
8.435585715669972895e-02
8.435585715669953466e-02
1.087035300072412419e-01
1.966112273817672007e-01
3.764940665143564069e-01
6.235059334856437596e-01
8.094686531320400835e-01
9.210050638572384596e-01
9.688338987709561589e-01
9.463254291157331410e-01
8.361292627379416365e-01
6.302755230970017442e-01
3.764940665143560183e-01
1.905313468679598332e-01
7.899493614276142939e-02
2.622303671244724868e-02
4.716834248290446840e-03
0.000000000000000000e+00
0.000000000000000000e+00
0.000000000000000000e+00
0.000000000000000000e+00
0.000000000000000000e+00
1.960671128272205401e-16
1.960671128272205401e-16
0.000000000000000000e+00
0.000000000000000000e+00
0.000000000000000000e+00
0.000000000000000000e+00
0.000000000000000000e+00
0.000000000000000000e+00
0.000000000000000000e+00
9.803355641361027003e-17
0.000000000000000000e+00
0.000000000000000000e+00
0.000000000000000000e+00
0.000000000000000000e+00
0.000000000000000000e+00
0.000000000000000000e+00
0.000000000000000000e+00
0.000000000000000000e+00
4.716834248290544852e-03
2.622303671244724868e-02
5.047071085630211451e-02
5.047071085630211451e-02
5.296437440138221930e-01
8.033887726182327160e-01
9.514513694085431350e-01
9.952831657517096087e-01
1.000000000000000000e+00
9.952831657517096087e-01
9.514513694085431350e-01
8.361292627379418585e-01
6.602169787708892512e-01
4.703562559861776404e-01
3.601776760860507243e-01
3.212082023968487743e-01
3.212082023968487188e-01
3.212082023968485522e-01
3.212082023968485522e-01
3.212082023968488853e-01
3.212082023968487188e-01
3.212082023968487188e-01
3.212082023968488853e-01
3.601776760860505577e-01
4.703562559861776404e-01
6.602169787708893622e-01
8.361292627379420805e-01
9.514513694085431350e-01
9.952831657517092756e-01
1.000000000000000000e+00
9.952831657517092756e-01
9.514513694085429130e-01
8.361292627379419695e-01
6.602169787708896953e-01
4.396618075558103023e-01
2.633370825106924329e-01
1.300316651980517046e-01
4.854863059145674703e-02
4.716834248290544852e-03
0.000000000000000000e+00
0.000000000000000000e+00
0.000000000000000000e+00
0.000000000000000000e+00
9.803355641361027003e-17
1.960671128272205401e-16
0.000000000000000000e+00
0.000000000000000000e+00
0.000000000000000000e+00
9.803355641361027003e-17
0.000000000000000000e+00
0.000000000000000000e+00
0.000000000000000000e+00
0.000000000000000000e+00
9.803355641361027003e-17
0.000000000000000000e+00
0.000000000000000000e+00
0.000000000000000000e+00
0.000000000000000000e+00
0.000000000000000000e+00
0.000000000000000000e+00
4.716834248290544852e-03
4.854863059145694132e-02
1.300316651980517602e-01
1.928129272156524354e-01
1.720365086096804774e-01
6.398223239139489982e-01
8.912964699927585777e-01
9.952831657517094976e-01
1.000000000000000000e+00
1.000000000000000000e+00
1.000000000000000000e+00
9.952831657517096087e-01
9.463254291157334741e-01
8.383486442734082722e-01
7.012973800090034349e-01
6.028500690714121424e-01
5.655085769953059893e-01
5.655085769953056563e-01
5.655085769953056563e-01
5.655085769953056563e-01
5.655085769953055452e-01
5.655085769953055452e-01
5.655085769953056563e-01
5.655085769953059893e-01
6.028500690714122534e-01
7.012973800090034349e-01
8.383486442734083832e-01
9.463254291157333631e-01
9.952831657517092756e-01
1.000000000000000000e+00
1.000000000000000000e+00
1.000000000000000000e+00
9.952831657517092756e-01
9.514513694085429130e-01
8.699683348019482398e-01
7.366629174893072340e-01
5.603381924441892536e-01
3.397830212291104157e-01
1.638707372620580305e-01
4.854863059145694132e-02
4.716834248290544852e-03
0.000000000000000000e+00
0.000000000000000000e+00
9.803355641361027003e-17
0.000000000000000000e+00
1.960671128272205401e-16
0.000000000000000000e+00
0.000000000000000000e+00
0.000000000000000000e+00
9.803355641361027003e-17
0.000000000000000000e+00
0.000000000000000000e+00
0.000000000000000000e+00
0.000000000000000000e+00
1.960671128272205401e-16
0.000000000000000000e+00
0.000000000000000000e+00
0.000000000000000000e+00
0.000000000000000000e+00
0.000000000000000000e+00
4.716834248290544852e-03
4.854863059145694132e-02
1.638707372620581137e-01
3.397830212291104157e-01
4.517249731593834250e-01
3.883883973597181405e-01
6.787917976031508926e-01
9.156441428433002017e-01
9.999999999999997780e-01
9.999999999999997780e-01
1.000000000000000000e+00
9.952831657517092756e-01
9.737769632875525883e-01
9.156441428433002017e-01
8.117455322707813892e-01
6.947326598706422551e-01
6.028500690714120314e-01
5.655085769953058783e-01
5.655085769953059893e-01
5.655085769953059893e-01
5.655085769953058783e-01
5.655085769953058783e-01
5.655085769953057673e-01
5.655085769953057673e-01
5.655085769953058783e-01
6.028500690714121424e-01
6.947326598706420331e-01
8.117455322707812782e-01
9.156441428432999796e-01
9.737769632875525883e-01
9.952831657517092756e-01
1.000000000000000000e+00
9.999999999999995559e-01
9.999999999999997780e-01
9.952831657517090536e-01
9.737769632875521442e-01
9.210050638572384596e-01
8.094686531320398615e-01
6.235059334856437596e-01
3.697244769029979228e-01
1.638707372620580305e-01
4.854863059145694132e-02
4.716834248290544852e-03
0.000000000000000000e+00
0.000000000000000000e+00
9.803355641361027003e-17
1.960671128272205401e-16
0.000000000000000000e+00
0.000000000000000000e+00
0.000000000000000000e+00
0.000000000000000000e+00
0.000000000000000000e+00
0.000000000000000000e+00
0.000000000000000000e+00
0.000000000000000000e+00
0.000000000000000000e+00
0.000000000000000000e+00
0.000000000000000000e+00
0.000000000000000000e+00
0.000000000000000000e+00
4.716834248290544852e-03
4.854863059145694132e-02
1.638707372620581137e-01
3.697244769029981448e-01
6.235059334856436486e-01
7.037590792402226292e-01
5.723787722962828672e-01
6.787917976031510037e-01
9.156441428433004237e-01
1.000000000000000000e+00
1.000000000000000000e+00
9.952831657517092756e-01
9.514513694085431350e-01
8.699683348019481288e-01
7.366629174893077892e-01
5.908868341374652333e-01
4.396618075558104688e-01
3.601776760860510573e-01
3.212082023968486633e-01
3.212082023968489408e-01
3.212082023968487743e-01
3.212082023968490518e-01
3.212082023968490518e-01
3.212082023968487743e-01
3.212082023968486633e-01
3.212082023968487188e-01
3.601776760860510573e-01
4.396618075558104133e-01
5.908868341374654554e-01
7.366629174893075671e-01
8.699683348019482398e-01
9.514513694085431350e-01
9.952831657517094976e-01
1.000000000000000000e+00
1.000000000000000000e+00
1.000000000000000000e+00
9.999999999999997780e-01
9.952831657517092756e-01
9.514513694085428019e-01
8.361292627379419695e-01
6.302755230970017442e-01
3.697244769029978673e-01
1.638707372620582248e-01
4.854863059145694132e-02
4.716834248290446840e-03
1.960671128272205401e-16
0.000000000000000000e+00
0.000000000000000000e+00
9.803355641361027003e-17
0.000000000000000000e+00
0.000000000000000000e+00
0.000000000000000000e+00
0.000000000000000000e+00
0.000000000000000000e+00
0.000000000000000000e+00
0.000000000000000000e+00
1.960671128272205401e-16
0.000000000000000000e+00
0.000000000000000000e+00
2.941006692408307978e-16
4.716834248290446840e-03
4.854863059145703846e-02
1.638707372620582248e-01
3.697244769029978673e-01
6.302755230970019662e-01
8.361292627379418585e-01
8.604430541721845849e-01
6.721524347750477135e-01
6.787917976031512257e-01
9.156441428432999796e-01
1.000000000000000000e+00
9.952831657517092756e-01
9.514513694085428019e-01
8.361292627379416365e-01
6.602169787708893622e-01
4.396618075558106908e-01
2.697662658722282947e-01
1.616513557265918943e-01
1.087035300072412419e-01
8.435585715670002038e-02
8.435585715669978446e-02
8.435585715669972895e-02
8.435585715669963180e-02
8.435585715669972895e-02
8.435585715669953466e-02
8.435585715669963180e-02
8.435585715670002038e-02
1.087035300072414362e-01
1.616513557265917556e-01
2.697662658722284612e-01
4.396618075558103023e-01
6.602169787708894733e-01
8.361292627379415254e-01
9.514513694085431350e-01
9.952831657517092756e-01
9.999999999999997780e-01
9.999999999999997780e-01
1.000000000000000000e+00
1.000000000000000000e+00
9.952831657517092756e-01
9.514513694085428019e-01
8.361292627379416365e-01
6.302755230970019662e-01
3.697244769029979228e-01
1.638707372620582248e-01
4.854863059145694132e-02
4.716834248290740876e-03
0.000000000000000000e+00
1.960671128272205401e-16
0.000000000000000000e+00
0.000000000000000000e+00
0.000000000000000000e+00
0.000000000000000000e+00
0.000000000000000000e+00
0.000000000000000000e+00
0.000000000000000000e+00
0.000000000000000000e+00
0.000000000000000000e+00
0.000000000000000000e+00
0.000000000000000000e+00
4.716834248290740876e-03
4.854863059145694132e-02
1.638707372620581137e-01
3.697244769029980338e-01
6.302755230970019662e-01
8.361292627379416365e-01
9.514513694085428019e-01
9.102435681612304208e-01
6.787917976031510037e-01
6.787917976031510037e-01
9.102435681612301988e-01
9.737769632875525883e-01
9.210050638572385706e-01
8.094686531320396394e-01
6.235059334856437596e-01
3.764940665143560183e-01
1.905313468679602218e-01
7.899493614276183184e-02
2.622303671244754011e-02
4.716834248290838888e-03
0.000000000000000000e+00
0.000000000000000000e+00
0.000000000000000000e+00
0.000000000000000000e+00
0.000000000000000000e+00
0.000000000000000000e+00
0.000000000000000000e+00
0.000000000000000000e+00
4.716834248290838888e-03
2.622303671244744297e-02
7.899493614276158204e-02
1.905313468679598055e-01
3.764940665143561294e-01
6.235059334856437596e-01
8.094686531320399725e-01
9.210050638572382375e-01
9.737769632875525883e-01
9.952831657517092756e-01
1.000000000000000000e+00
1.000000000000000000e+00
9.999999999999995559e-01
9.952831657517096087e-01
9.514513694085429130e-01
8.361292627379415254e-01
6.302755230970019662e-01
3.697244769029980338e-01
1.638707372620580305e-01
4.854863059145694132e-02
4.716834248290642864e-03
1.960671128272205401e-16
0.000000000000000000e+00
0.000000000000000000e+00
0.000000000000000000e+00
0.000000000000000000e+00
0.000000000000000000e+00
0.000000000000000000e+00
0.000000000000000000e+00
0.000000000000000000e+00
0.000000000000000000e+00
0.000000000000000000e+00
4.716834248290544852e-03
4.854863059145703846e-02
1.638707372620581137e-01
3.697244769029979228e-01
6.302755230970019662e-01
8.361292627379419695e-01
9.514513694085431350e-01
9.952831657517096087e-01
9.156441428433002017e-01
6.787917976031512257e-01
6.721524347750478245e-01
8.604430541721842518e-01
8.699683348019482398e-01
7.366629174893072340e-01
5.603381924441896977e-01
3.397830212291105267e-01
1.638707372620583358e-01
4.854863059145713561e-02
4.716834248290544852e-03
0.000000000000000000e+00
0.000000000000000000e+00
0.000000000000000000e+00
0.000000000000000000e+00
0.000000000000000000e+00
0.000000000000000000e+00
0.000000000000000000e+00
0.000000000000000000e+00
0.000000000000000000e+00
1.960671128272205401e-16
0.000000000000000000e+00
0.000000000000000000e+00
4.716834248290740876e-03
4.854863059145694132e-02
1.638707372620583358e-01
3.397830212291105823e-01
5.603381924441898088e-01
7.366629174893070120e-01
8.699683348019483509e-01
9.514513694085431350e-01
9.952831657517092756e-01
9.999999999999997780e-01
9.999999999999997780e-01
1.000000000000000000e+00
9.952831657517096087e-01
9.514513694085431350e-01
8.361292627379419695e-01
6.302755230970017442e-01
3.697244769029981448e-01
1.638707372620582248e-01
4.854863059145694132e-02
4.716834248290838888e-03
0.000000000000000000e+00
0.000000000000000000e+00
0.000000000000000000e+00
0.000000000000000000e+00
0.000000000000000000e+00
0.000000000000000000e+00
0.000000000000000000e+00
0.000000000000000000e+00
0.000000000000000000e+00
4.716834248290740876e-03
4.854863059145703846e-02
1.638707372620582248e-01
3.697244769029982558e-01
6.302755230970019662e-01
8.361292627379419695e-01
9.514513694085431350e-01
9.952831657517096087e-01
1.000000000000000000e+00
9.156441428433002017e-01
6.787917976031510037e-01
6.122196854144781319e-01
7.326536148977043084e-01
6.602169787708892512e-01
4.396618075558103023e-01
2.633370825106926549e-01
1.300316651980516491e-01
4.854863059145684417e-02
4.716834248290740876e-03
0.000000000000000000e+00
1.960671128272205401e-16
0.000000000000000000e+00
0.000000000000000000e+00
0.000000000000000000e+00
0.000000000000000000e+00
0.000000000000000000e+00
0.000000000000000000e+00
0.000000000000000000e+00
0.000000000000000000e+00
0.000000000000000000e+00
0.000000000000000000e+00
0.000000000000000000e+00
0.000000000000000000e+00
4.716834248290348829e-03
4.854863059145694132e-02
1.300316651980516491e-01
2.633370825106928770e-01
4.396618075558103023e-01
6.602169787708893622e-01
8.361292627379416365e-01
9.514513694085431350e-01
9.952831657517092756e-01
9.999999999999997780e-01
9.999999999999997780e-01
1.000000000000000000e+00
9.952831657517092756e-01
9.514513694085431350e-01
8.361292627379419695e-01
6.302755230970016331e-01
3.697244769029978673e-01
1.638707372620584191e-01
4.854863059145713561e-02
4.716834248290544852e-03
0.000000000000000000e+00
0.000000000000000000e+00
0.000000000000000000e+00
0.000000000000000000e+00
0.000000000000000000e+00
0.000000000000000000e+00
0.000000000000000000e+00
4.716834248290544852e-03
4.854863059145694132e-02
1.638707372620583358e-01
3.697244769029979228e-01
6.302755230970019662e-01
8.361292627379419695e-01
9.514513694085431350e-01
9.952831657517092756e-01
9.999999999999997780e-01
9.999999999999997780e-01
9.156441428433002017e-01
6.787917976031510037e-01
4.683782561148307488e-01
5.155637325317351527e-01
3.764940665143561294e-01
1.905313468679600275e-01
7.899493614276142939e-02
2.622303671244734583e-02
4.716834248290544852e-03
1.960671128272205401e-16
0.000000000000000000e+00
0.000000000000000000e+00
0.000000000000000000e+00
0.000000000000000000e+00
0.000000000000000000e+00
0.000000000000000000e+00
0.000000000000000000e+00
1.960671128272205401e-16
0.000000000000000000e+00
0.000000000000000000e+00
0.000000000000000000e+00
0.000000000000000000e+00
0.000000000000000000e+00
0.000000000000000000e+00
1.960671128272205401e-16
4.716834248290544852e-03
2.622303671244754011e-02
7.899493614276167919e-02
1.905313468679599442e-01
3.764940665143561849e-01
6.302755230970017442e-01
8.361292627379416365e-01
9.514513694085431350e-01
9.952831657517092756e-01
1.000000000000000000e+00
1.000000000000000000e+00
9.999999999999997780e-01
9.952831657517092756e-01
9.514513694085431350e-01
8.361292627379415254e-01
6.235059334856440927e-01
3.397830212291105823e-01
1.300316651980518989e-01
2.622303671244754011e-02
0.000000000000000000e+00
0.000000000000000000e+00
0.000000000000000000e+00
0.000000000000000000e+00
0.000000000000000000e+00
0.000000000000000000e+00
0.000000000000000000e+00
2.622303671244754011e-02
1.300316651980518157e-01
3.397830212291103047e-01
6.235059334856440927e-01
8.361292627379420805e-01
9.514513694085431350e-01
9.952831657517092756e-01
1.000000000000000000e+00
9.999999999999997780e-01
9.999999999999997780e-01
9.156441428432999796e-01
6.787917976031510037e-01
2.810919788490303661e-01
2.657507200835804717e-01
1.638707372620582248e-01
4.854863059145694132e-02
4.716834248290544852e-03
0.000000000000000000e+00
0.000000000000000000e+00
0.000000000000000000e+00
0.000000000000000000e+00
0.000000000000000000e+00
0.000000000000000000e+00
0.000000000000000000e+00
0.000000000000000000e+00
0.000000000000000000e+00
0.000000000000000000e+00
0.000000000000000000e+00
0.000000000000000000e+00
0.000000000000000000e+00
0.000000000000000000e+00
0.000000000000000000e+00
0.000000000000000000e+00
0.000000000000000000e+00
0.000000000000000000e+00
0.000000000000000000e+00
0.000000000000000000e+00
4.716834248290642864e-03
4.854863059145694132e-02
1.638707372620580305e-01
3.697244769029979228e-01
6.235059334856437596e-01
8.033887726182324940e-01
8.912964699927587997e-01
9.156441428433002017e-01
9.156441428433002017e-01
9.156441428432999796e-01
9.156441428432999796e-01
9.102435681612306428e-01
8.604430541721845849e-01
7.037590792402226292e-01
4.517249731593834250e-01
1.928129272156524354e-01
5.047071085630211451e-02
0.000000000000000000e+00
0.000000000000000000e+00
0.000000000000000000e+00
0.000000000000000000e+00
0.000000000000000000e+00
0.000000000000000000e+00
0.000000000000000000e+00
5.047071085630221166e-02
1.928129272156524354e-01
4.517249731593833140e-01
7.037590792402226292e-01
8.604430541721843628e-01
9.102435681612304208e-01
9.156441428432999796e-01
9.156441428433002017e-01
9.156441428433002017e-01
9.156441428432999796e-01
8.262548810375511810e-01
6.028500690714121424e-01
1.128906795117566586e-01
9.952240248772480091e-02
4.854863059145694132e-02
4.716834248290544852e-03
0.000000000000000000e+00
0.000000000000000000e+00
1.960671128272205401e-16
1.960671128272205401e-16
0.000000000000000000e+00
0.000000000000000000e+00
0.000000000000000000e+00
0.000000000000000000e+00
0.000000000000000000e+00
0.000000000000000000e+00
0.000000000000000000e+00
0.000000000000000000e+00
0.000000000000000000e+00
0.000000000000000000e+00
0.000000000000000000e+00
0.000000000000000000e+00
0.000000000000000000e+00
0.000000000000000000e+00
1.960671128272205401e-16
1.960671128272205401e-16
0.000000000000000000e+00
0.000000000000000000e+00
4.716834248290544852e-03
4.854863059145694132e-02
1.638707372620580305e-01
3.397830212291103047e-01
5.296437440138221930e-01
6.398223239139486651e-01
6.787917976031512257e-01
6.787917976031510037e-01
6.787917976031508926e-01
6.787917976031513367e-01
6.787917976031508926e-01
6.721524347750477135e-01
5.723787722962829783e-01
3.883883973597182515e-01
1.720365086096806717e-01
5.047071085630211451e-02
0.000000000000000000e+00
0.000000000000000000e+00
0.000000000000000000e+00
0.000000000000000000e+00
0.000000000000000000e+00
0.000000000000000000e+00
0.000000000000000000e+00
5.047071085630230880e-02
1.720365086096805607e-01
3.883883973597182515e-01
5.723787722962829783e-01
6.721524347750478245e-01
6.787917976031510037e-01
6.787917976031515588e-01
6.787917976031508926e-01
6.787917976031510037e-01
6.787917976031512257e-01
6.028500690714121424e-01
4.282351210116380757e-01
