2.920859941812486982e-01
4.068609302563785390e-01
4.587937045032103311e-01
4.587937045032104422e-01
4.587937045032103311e-01
4.587937045032103311e-01
4.587937045032104422e-01
4.587937045032104422e-01
4.587937045032104422e-01
4.587937045032103867e-01
4.587937045032103311e-01
4.587937045032104422e-01
4.587937045032105532e-01
4.587937045032104422e-01
4.587937045032106642e-01
4.587937045032104422e-01
4.587937045032103311e-01
4.587937045032103867e-01
4.587937045032106642e-01
4.587937045032101646e-01
4.587937045032104422e-01
4.587937045032103867e-01
4.587937045032105532e-01
4.587937045032103311e-01
4.587937045032107197e-01
4.587937045032106642e-01
4.587937045032104422e-01
4.587937045032104422e-01
4.587937045032103311e-01
4.587937045032104422e-01
4.587937045032104422e-01
4.434303241266649431e-01
4.127791146772167852e-01
3.670836597997256812e-01
3.254069490478926907e-01
2.868954398262794636e-01
2.549822317207348643e-01
2.209578824947068532e-01
1.957991854970429768e-01
1.850126105031283941e-01
1.825994351177293584e-01
1.825994351177291919e-01
1.825994351177291364e-01
1.825994351177291919e-01
1.825994351177291919e-01
1.825994351177293584e-01
1.825994351177291919e-01
1.825994351177293029e-01
1.825994351177293029e-01
1.825994351177293029e-01
1.825994351177291919e-01
1.850126105031283386e-01
1.957991854970429768e-01
2.209578824947068532e-01
2.549822317207348643e-01
2.868954398262795746e-01
3.254069490478926907e-01
3.670836597997257922e-01
4.127791146772167852e-01
3.916008744627731963e-01
2.920859941812485872e-01
4.068609302563783170e-01
5.664569098290521687e-01
6.384968870315361755e-01
6.384968870315360645e-01
6.384968870315361755e-01
6.384968870315362865e-01
6.384968870315362865e-01
6.384968870315360645e-01
6.384968870315362865e-01
6.384968870315362865e-01
6.384968870315362865e-01
6.384968870315362865e-01
6.384968870315362865e-01
6.384968870315362865e-01
6.384968870315362865e-01
6.384968870315362865e-01
6.384968870315360645e-01
6.384968870315362865e-01
6.384968870315362865e-01
6.384968870315362865e-01
6.384968870315362865e-01
6.384968870315362865e-01
6.384968870315362865e-01
6.384968870315361755e-01
6.384968870315362865e-01
6.384968870315362865e-01
6.384968870315360645e-01
6.384968870315362865e-01
6.384968870315362865e-01
6.384968870315362865e-01
6.384968870315362865e-01
6.269149581789698056e-01
6.027804737126650769e-01
5.721954148598573653e-01
5.324849014650695489e-01
4.899431031356935584e-01
4.294553571763711775e-01
3.631340178681235487e-01
3.030526451410015532e-01
2.683175005044569073e-01
2.546235103643085251e-01
2.546235103643083031e-01
2.546235103643083031e-01
2.546235103643084696e-01
2.546235103643084696e-01
2.546235103643084696e-01
2.546235103643084696e-01
2.546235103643083586e-01
2.546235103643084696e-01
2.546235103643083031e-01
2.546235103643084696e-01
2.683175005044567962e-01
3.030526451410014421e-01
3.631340178681235487e-01
4.294553571763713440e-01
4.899431031356936694e-01
5.324849014650695489e-01
5.721954148598573653e-01
6.027804737126650769e-01
5.547332775746862676e-01
4.068609302563782615e-01
4.587937045032103311e-01
6.384968870315361755e-01
7.137389219885811320e-01
7.137389219885810210e-01
7.137389219885810210e-01
7.137389219885811320e-01
7.137389219885811320e-01
7.137389219885810210e-01
7.137389219885810210e-01
7.137389219885811320e-01
7.137389219885811320e-01
7.137389219885811320e-01
7.137389219885811320e-01
7.137389219885810210e-01
7.137389219885811320e-01
7.137389219885811320e-01
7.137389219885810210e-01
7.137389219885811320e-01
7.137389219885813541e-01
7.137389219885811320e-01
7.137389219885810210e-01
7.137389219885809100e-01
7.137389219885810210e-01
7.137389219885810210e-01
7.137389219885814651e-01
7.137389219885813541e-01
7.137389219885809100e-01
7.137389219885813541e-01
7.137389219885811320e-01
7.137389219885810210e-01
7.137389219885810210e-01
7.112005503671339213e-01
6.998690448005292497e-01
6.849665641726367937e-01
6.620575016853897932e-01
6.329210482166719443e-01
5.638203937209141925e-01
4.688899923693257699e-01
3.690349310889427525e-01
3.124711936018455538e-01
2.862610780114187570e-01
2.862610780114186459e-01
2.862610780114185904e-01
2.862610780114187015e-01
2.862610780114187015e-01
2.862610780114187570e-01
2.862610780114187015e-01
2.862610780114187570e-01
2.862610780114187015e-01
2.862610780114187570e-01
2.862610780114187015e-01
3.124711936018454428e-01
3.690349310889427525e-01
4.688899923693258809e-01
5.638203937209143035e-01
6.329210482166721663e-01
6.620575016853897932e-01
6.849665641726370158e-01
6.998690448005294718e-01
6.358984228636325176e-01
4.587937045032103311e-01
4.587937045032103867e-01
6.384968870315361755e-01
7.137389219885811320e-01
7.137389219885813541e-01
7.137389219885810210e-01
7.137389219885810210e-01
7.137389219885813541e-01
7.137389219885810210e-01
7.137389219885811320e-01
7.137389219885810210e-01
7.137389219885811320e-01
7.137389219885813541e-01
7.137389219885811320e-01
7.137389219885811320e-01
7.137389219885813541e-01
7.137389219885813541e-01
7.137389219885813541e-01
7.137389219885813541e-01
7.137389219885813541e-01
7.137389219885811320e-01
7.137389219885810210e-01
7.137389219885810210e-01
7.137389219885811320e-01
7.137389219885811320e-01
7.137389219885813541e-01
7.137389219885813541e-01
7.137389219885810210e-01
7.137389219885813541e-01
7.137389219885810210e-01
7.137389219885810210e-01
7.137389219885811320e-01
7.137389219885810210e-01
7.137389219885811320e-01
7.137389219885811320e-01
7.086597295697241172e-01
6.744991809575204833e-01
5.934571582009887658e-01
4.841767134682449791e-01
3.780284342027372957e-01
3.124711936018454428e-01
2.862610780114188125e-01
2.862610780114185904e-01
2.862610780114185349e-01
2.862610780114185904e-01
2.862610780114187015e-01
2.862610780114187570e-01
2.862610780114187015e-01
2.862610780114186459e-01
2.862610780114187015e-01
2.862610780114187015e-01
2.862610780114187570e-01
3.124711936018453873e-01
3.780284342027373512e-01
4.841767134682450902e-01
5.934571582009889879e-01
6.744991809575208164e-01
7.086597295697241172e-01
7.137389219885814651e-01
7.137389219885810210e-01
6.384968870315361755e-01
4.587937045032103311e-01
4.587937045032103311e-01
6.384968870315362865e-01
7.137389219885811320e-01
7.137389219885813541e-01
7.137389219885810210e-01
7.137389219885810210e-01
7.137389219885811320e-01
7.137389219885810210e-01
7.137389219885810210e-01
7.137389219885813541e-01
7.137389219885813541e-01
7.137389219885811320e-01
7.137389219885811320e-01
7.137389219885810210e-01
7.137389219885810210e-01
7.137389219885810210e-01
7.137389219885810210e-01
7.137389219885811320e-01
7.137389219885811320e-01
7.137389219885813541e-01
7.137389219885810210e-01
7.137389219885809100e-01
7.137389219885810210e-01
7.137389219885810210e-01
7.137389219885813541e-01
7.137389219885813541e-01
7.137389219885813541e-01
7.137389219885811320e-01
7.137389219885813541e-01
7.137389219885810210e-01
7.137389219885810210e-01
7.137389219885810210e-01
7.137389219885813541e-01
7.112005503671341433e-01
6.884914004288140710e-01
6.345440749113723244e-01
5.474761989412871843e-01
4.381586915990457465e-01
3.503294776598188109e-01
3.001309551994706393e-01
2.862610780114187570e-01
2.862610780114186459e-01
2.862610780114186459e-01
2.862610780114186459e-01
2.862610780114186459e-01
2.862610780114187570e-01
2.862610780114186459e-01
2.862610780114186459e-01
2.862610780114187015e-01
2.862610780114187015e-01
2.862610780114187015e-01
3.001309551994704727e-01
3.503294776598188109e-01
4.381586915990456910e-01
5.474761989412871843e-01
6.345440749113725465e-01
6.884914004288138489e-01
7.112005503671341433e-01
7.137389219885811320e-01
6.384968870315361755e-01
4.587937045032103311e-01
4.587937045032103311e-01
6.384968870315361755e-01
7.137389219885809100e-01
7.137389219885810210e-01
7.137389219885813541e-01
7.137389219885810210e-01
7.137389219885811320e-01
7.137389219885813541e-01
7.137389219885810210e-01
7.137389219885813541e-01
7.137389219885815761e-01
7.137389219885813541e-01
7.137389219885813541e-01
7.137389219885814651e-01
7.137389219885813541e-01
7.137389219885813541e-01
7.137389219885814651e-01
7.137389219885811320e-01
7.137389219885814651e-01
7.137389219885815761e-01
7.137389219885813541e-01
7.137389219885811320e-01
7.137389219885814651e-01
7.137389219885811320e-01
7.137389219885813541e-01
7.137389219885814651e-01
7.137389219885810210e-01
7.137389219885811320e-01
7.137389219885811320e-01
7.137389219885811320e-01
7.137389219885813541e-01
7.137389219885810210e-01
7.137389219885811320e-01
7.024181121082082591e-01
6.611858944369538582e-01
5.771722030662902458e-01
4.642671635914060180e-01
3.680568306895599662e-01
3.115085995711859290e-01
2.887994496328658567e-01
2.862610780114188125e-01
2.862610780114186459e-01
2.862610780114187015e-01
2.862610780114186459e-01
2.862610780114187015e-01
2.862610780114187570e-01
2.862610780114187570e-01
2.862610780114187015e-01
2.862610780114187570e-01
2.862610780114187015e-01
2.862610780114187570e-01
2.887994496328656346e-01
3.115085995711860956e-01
3.680568306895599662e-01
4.642671635914060180e-01
5.771722030662902458e-01
6.611858944369537472e-01
7.024181121082083701e-01
7.137389219885811320e-01
6.384968870315361755e-01
4.587937045032103867e-01
4.587937045032106642e-01
6.384968870315361755e-01
7.137389219885811320e-01
7.137389219885814651e-01
7.137389219885810210e-01
7.137389219885811320e-01
7.137389219885813541e-01
7.137389219885809100e-01
7.137389219885811320e-01
7.137389219885811320e-01
7.137389219885814651e-01
7.137389219885813541e-01
7.137389219885811320e-01
7.137389219885813541e-01
7.137389219885811320e-01
7.137389219885811320e-01
7.137389219885814651e-01
7.137389219885811320e-01
7.137389219885813541e-01
7.137389219885814651e-01
7.137389219885811320e-01
7.137389219885813541e-01
7.137389219885811320e-01
7.137389219885813541e-01
7.137389219885813541e-01
7.137389219885814651e-01
7.137389219885813541e-01
7.137389219885813541e-01
7.137389219885814651e-01
7.137389219885811320e-01
7.137389219885813541e-01
7.137389219885813541e-01
7.137389219885813541e-01
6.989102342651708488e-01
6.460055337233548967e-01
5.492223633628493529e-01
4.425363210862073848e-01
3.520456861189007469e-01
3.026823499838288134e-01
2.887994496328659677e-01
2.862610780114189235e-01
2.862610780114186459e-01
2.862610780114186459e-01
2.862610780114185904e-01
2.862610780114188125e-01
2.862610780114188125e-01
2.862610780114187570e-01
2.862610780114185904e-01
2.862610780114187570e-01
2.862610780114187570e-01
2.862610780114187570e-01
2.887994496328656902e-01
3.026823499838288134e-01
3.520456861189007469e-01
4.425363210862073293e-01
5.492223633628493529e-01
6.460055337233545636e-01
6.989102342651709598e-01
7.137389219885811320e-01
6.384968870315362865e-01
4.587937045032103867e-01
4.587937045032103867e-01
6.384968870315362865e-01
7.137389219885811320e-01
7.137389219885810210e-01
7.137389219885813541e-01
7.137389219885809100e-01
7.137389219885813541e-01
7.137389219885810210e-01
7.137389219885806879e-01
7.137389219885814651e-01
7.137389219885815761e-01
7.137389219885813541e-01
7.137389219885814651e-01
7.137389219885814651e-01
7.137389219885813541e-01
7.137389219885811320e-01
7.137389219885811320e-01
7.137389219885813541e-01
7.137389219885814651e-01
7.137389219885815761e-01
7.137389219885814651e-01
7.137389219885806879e-01
7.137389219885811320e-01
7.137389219885813541e-01
7.137389219885811320e-01
7.137389219885814651e-01
7.137389219885810210e-01
7.137389219885813541e-01
7.137389219885810210e-01
7.137389219885814651e-01
7.137389219885811320e-01
7.137389219885813541e-01
7.137389219885813541e-01
7.024181121082084811e-01
6.611858944369537472e-01
5.888630994495478443e-01
4.913095337441523158e-01
4.101508222283826166e-01
3.503294776598189220e-01
3.115085995711860956e-01
2.887994496328659677e-01
2.862610780114185349e-01
2.862610780114185904e-01
2.862610780114187015e-01
2.862610780114187015e-01
2.862610780114187570e-01
2.862610780114187015e-01
2.862610780114186459e-01
2.862610780114186459e-01
2.862610780114185349e-01
2.887994496328658567e-01
3.115085995711859290e-01
3.503294776598188109e-01
4.101508222283825611e-01
4.913095337441525934e-01
5.888630994495479554e-01
6.611858944369537472e-01
7.024181121082087031e-01
7.137389219885810210e-01
6.384968870315361755e-01
4.587937045032103867e-01
4.587937045032103867e-01
6.384968870315362865e-01
7.137389219885813541e-01
7.137389219885811320e-01
7.137389219885810210e-01
7.137389219885811320e-01
7.137389219885815761e-01
7.137389219885811320e-01
7.137389219885811320e-01
7.137389219885813541e-01
7.137389219885813541e-01
7.137389219885811320e-01
7.137389219885811320e-01
7.137389219885815761e-01
7.137389219885810210e-01
7.137389219885809100e-01
7.137389219885815761e-01
7.137389219885811320e-01
7.137389219885811320e-01
7.137389219885811320e-01
7.137389219885810210e-01
7.137389219885810210e-01
7.137389219885811320e-01
7.137389219885814651e-01
7.137389219885813541e-01
7.137389219885811320e-01
7.137389219885811320e-01
7.137389219885813541e-01
7.137389219885813541e-01
7.137389219885813541e-01
7.137389219885815761e-01
7.137389219885813541e-01
7.137389219885813541e-01
7.112005503671341433e-01
6.884914004288140710e-01
6.496705223401813001e-01
5.924716444817718086e-01
5.230896253507519855e-01
4.381586915990459130e-01
3.654559250886275090e-01
3.115085995711860956e-01
2.887994496328655236e-01
2.862610780114187015e-01
2.862610780114187570e-01
2.862610780114187570e-01
2.862610780114187015e-01
2.862610780114187570e-01
2.862610780114188125e-01
2.862610780114187570e-01
2.887994496328658567e-01
3.115085995711858180e-01
3.654559250886273425e-01
4.381586915990456910e-01
5.230896253507519855e-01
5.924716444817719196e-01
6.496705223401811891e-01
6.884914004288140710e-01
7.112005503671341433e-01
7.137389219885813541e-01
6.384968870315361755e-01
4.587937045032103311e-01
4.587937045032104422e-01
6.384968870315361755e-01
7.137389219885813541e-01
7.137389219885813541e-01
7.137389219885809100e-01
7.137389219885810210e-01
7.137389219885814651e-01
7.137389219885814651e-01
7.137389219885810210e-01
7.137389219885811320e-01
7.137389219885810210e-01
7.137389219885814651e-01
7.137389219885814651e-01
7.137389219885814651e-01
7.137389219885815761e-01
7.137389219885814651e-01
7.137389219885813541e-01
7.137389219885814651e-01
7.137389219885816871e-01
7.137389219885810210e-01
7.137389219885810210e-01
7.137389219885809100e-01
7.137389219885814651e-01
7.137389219885813541e-01
7.137389219885811320e-01
7.137389219885811320e-01
7.137389219885815761e-01
7.137389219885813541e-01
7.137389219885813541e-01
7.137389219885811320e-01
7.137389219885813541e-01
7.137389219885813541e-01
7.137389219885811320e-01
7.137389219885810210e-01
7.112005503671341433e-01
6.998690448005295828e-01
6.735322387927248355e-01
6.229516258554665953e-01
5.474761989412872953e-01
4.498877968503822711e-01
3.654559250886275090e-01
3.115085995711855404e-01
2.887994496328654681e-01
2.862610780114187570e-01
2.862610780114187015e-01
2.862610780114188125e-01
2.862610780114186459e-01
2.862610780114187015e-01
2.887994496328655236e-01
3.115085995711858180e-01
3.654559250886273425e-01
4.498877968503821601e-01
5.474761989412874064e-01
6.229516258554665953e-01
6.735322387927248355e-01
6.998690448005295828e-01
7.112005503671341433e-01
7.137389219885813541e-01
7.137389219885813541e-01
6.384968870315362865e-01
4.587937045032106642e-01
4.587937045032101646e-01
6.384968870315361755e-01
7.137389219885811320e-01
7.137389219885810210e-01
7.137389219885809100e-01
7.137389219885810210e-01
7.137389219885813541e-01
7.137389219885814651e-01
7.137389219885810210e-01
7.137389219885810210e-01
7.137389219885811320e-01
7.137389219885814651e-01
7.137389219885811320e-01
7.137389219885815761e-01
7.137389219885813541e-01
7.137389219885814651e-01
7.137389219885814651e-01
7.137389219885813541e-01
7.137389219885813541e-01
7.137389219885810210e-01
7.137389219885810210e-01
7.137389219885810210e-01
7.137389219885811320e-01
7.137389219885810210e-01
7.137389219885810210e-01
7.137389219885813541e-01
7.137389219885810210e-01
7.137389219885810210e-01
7.137389219885810210e-01
7.137389219885811320e-01
7.137389219885810210e-01
7.137389219885813541e-01
7.137389219885810210e-01
7.137389219885811320e-01
7.137389219885813541e-01
7.137389219885813541e-01
7.112005503671341433e-01
6.884914004288139600e-01
6.345440749113725465e-01
5.501122031496177289e-01
4.498877968503822711e-01
3.654559250886271204e-01
3.115085995711858180e-01
2.887994496328655791e-01
2.862610780114187570e-01
2.862610780114188125e-01
2.862610780114187015e-01
2.887994496328656346e-01
3.115085995711860956e-01
3.654559250886272315e-01
4.498877968503822711e-01
5.501122031496176179e-01
6.345440749113725465e-01
6.884914004288138489e-01
7.112005503671341433e-01
7.137389219885813541e-01
7.137389219885811320e-01
7.137389219885814651e-01
7.137389219885810210e-01
6.384968870315361755e-01
4.587937045032105532e-01
4.587937045032106642e-01
6.384968870315361755e-01
7.137389219885813541e-01
7.137389219885811320e-01
7.137389219885810210e-01
7.137389219885810210e-01
7.137389219885815761e-01
7.137389219885813541e-01
7.137389219885811320e-01
7.137389219885813541e-01
7.137389219885813541e-01
7.137389219885813541e-01
7.137389219885810210e-01
7.137389219885810210e-01
7.137389219885813541e-01
7.137389219885810210e-01
7.137389219885811320e-01
7.137389219885810210e-01
7.137389219885815761e-01
7.137389219885811320e-01
7.137389219885811320e-01
7.137389219885810210e-01
7.137389219885813541e-01
7.137389219885813541e-01
7.137389219885810210e-01
7.137389219885813541e-01
7.137389219885811320e-01
7.137389219885810210e-01
7.137389219885813541e-01
7.137389219885811320e-01
7.137389219885811320e-01
7.137389219885811320e-01
7.137389219885810210e-01
7.137389219885811320e-01
7.137389219885813541e-01
7.137389219885810210e-01
7.137389219885813541e-01
7.112005503671341433e-01
6.884914004288140710e-01
6.345440749113725465e-01
5.474761989412872953e-01
4.381586915990455244e-01
3.503294776598185889e-01
3.001309551994705282e-01
2.862610780114187015e-01
2.862610780114186459e-01
2.862610780114187015e-01
3.001309551994705282e-01
3.503294776598188109e-01
4.381586915990456910e-01
5.474761989412872953e-01
6.345440749113724355e-01
6.884914004288140710e-01
7.112005503671341433e-01
7.137389219885811320e-01
7.137389219885810210e-01
7.137389219885810210e-01
7.137389219885813541e-01
7.137389219885813541e-01
6.384968870315362865e-01
4.587937045032103311e-01
4.587937045032105532e-01
6.384968870315362865e-01
7.137389219885811320e-01
7.137389219885813541e-01
7.137389219885809100e-01
7.137389219885810210e-01
7.137389219885811320e-01
7.137389219885810210e-01
7.137389219885810210e-01
7.137389219885810210e-01
7.137389219885816871e-01
7.137389219885813541e-01
7.137389219885813541e-01
7.137389219885811320e-01
7.137389219885814651e-01
7.137389219885814651e-01
7.137389219885810210e-01
7.137389219885811320e-01
7.137389219885813541e-01
7.137389219885815761e-01
7.137389219885811320e-01
7.137389219885811320e-01
7.137389219885810210e-01
7.137389219885810210e-01
7.137389219885813541e-01
7.137389219885811320e-01
7.137389219885814651e-01
7.137389219885813541e-01
7.137389219885811320e-01
7.137389219885811320e-01
7.137389219885810210e-01
7.137389219885811320e-01
7.137389219885811320e-01
7.137389219885811320e-01
7.137389219885813541e-01
7.137389219885810210e-01
7.137389219885811320e-01
7.137389219885811320e-01
7.112005503671343654e-01
6.884914004288139600e-01
6.229516258554669283e-01
5.230896253507515414e-01
4.075283555182278028e-01
3.264677612072749979e-01
2.887994496328655236e-01
2.862610780114187570e-01
2.887994496328656902e-01
3.264677612072749979e-01
4.075283555182279138e-01
5.230896253507517635e-01
6.229516258554669283e-01
6.884914004288138489e-01
7.112005503671341433e-01
7.137389219885813541e-01
7.137389219885810210e-01
7.137389219885810210e-01
7.137389219885811320e-01
7.137389219885813541e-01
7.137389219885811320e-01
6.384968870315360645e-01
4.587937045032103867e-01
4.587937045032104422e-01
6.384968870315362865e-01
7.137389219885810210e-01
7.137389219885813541e-01
7.137389219885810210e-01
7.137389219885810210e-01
7.137389219885814651e-01
7.137389219885810210e-01
7.137389219885811320e-01
7.137389219885814651e-01
7.137389219885811320e-01
7.137389219885811320e-01
7.137389219885810210e-01
7.137389219885814651e-01
7.137389219885813541e-01
7.137389219885811320e-01
7.137389219885813541e-01
7.137389219885810210e-01
7.137389219885811320e-01
7.137389219885810210e-01
7.137389219885815761e-01
7.137389219885810210e-01
7.137389219885810210e-01
7.137389219885813541e-01
7.137389219885811320e-01
7.137389219885811320e-01
7.137389219885811320e-01
7.137389219885810210e-01
7.137389219885813541e-01
7.137389219885811320e-01
7.137389219885813541e-01
7.137389219885813541e-01
7.137389219885811320e-01
7.137389219885810210e-01
7.137389219885813541e-01
7.137389219885811320e-01
7.137389219885811320e-01
7.137389219885813541e-01
7.137389219885813541e-01
7.112005503671341433e-01
6.735322387927251686e-01
5.898491777716167173e-01
4.651579449871762750e-01
3.618799431554575174e-01
3.001309551994705282e-01
2.862610780114187015e-01
3.001309551994704727e-01
3.618799431554575730e-01
4.651579449871762750e-01
5.898491777716168283e-01
6.735322387927250576e-01
7.112005503671341433e-01
7.137389219885813541e-01
7.137389219885813541e-01
7.137389219885811320e-01
7.137389219885811320e-01
7.137389219885811320e-01
7.137389219885813541e-01
7.137389219885810210e-01
6.384968870315360645e-01
4.587937045032104422e-01
4.587937045032103311e-01
6.384968870315362865e-01
7.137389219885810210e-01
7.137389219885813541e-01
7.137389219885810210e-01
7.137389219885811320e-01
7.137389219885814651e-01
7.137389219885811320e-01
7.137389219885813541e-01
7.137389219885811320e-01
7.137389219885813541e-01
7.137389219885810210e-01
7.137389219885813541e-01
7.137389219885813541e-01
7.137389219885810210e-01
7.137389219885810210e-01
7.137389219885811320e-01
7.137389219885811320e-01
7.137389219885813541e-01
7.137389219885810210e-01
7.137389219885810210e-01
7.137389219885813541e-01
7.137389219885813541e-01
7.137389219885813541e-01
7.137389219885813541e-01
7.137389219885811320e-01
7.137389219885811320e-01
7.137389219885813541e-01
7.137389219885813541e-01
7.137389219885813541e-01
7.137389219885813541e-01
7.137389219885810210e-01
7.137389219885810210e-01
7.137389219885810210e-01
7.137389219885813541e-01
7.137389219885811320e-01
7.137389219885813541e-01
7.137389219885811320e-01
7.137389219885810210e-01
7.137389219885813541e-01
6.973176500161714086e-01
6.239314790995109661e-01
5.076975929149606381e-01
3.832462485001175700e-01
3.124711936018453873e-01
2.862610780114189235e-01
3.124711936018452763e-01
3.832462485001176811e-01
5.076975929149606381e-01
6.239314790995111881e-01
6.973176500161711866e-01
7.137389219885811320e-01
7.137389219885811320e-01
7.137389219885811320e-01
7.137389219885810210e-01
7.137389219885810210e-01
7.137389219885810210e-01
7.137389219885814651e-01
7.137389219885811320e-01
6.384968870315360645e-01
4.587937045032103311e-01
4.587937045032104422e-01
6.384968870315362865e-01
7.137389219885810210e-01
7.137389219885813541e-01
7.137389219885810210e-01
7.137389219885811320e-01
7.137389219885813541e-01
7.137389219885811320e-01
7.137389219885813541e-01
7.137389219885810210e-01
7.137389219885810210e-01
7.137389219885809100e-01
7.137389219885814651e-01
7.137389219885811320e-01
7.137389219885810210e-01
7.137389219885810210e-01
7.137389219885811320e-01
7.137389219885814651e-01
7.137389219885813541e-01
7.137389219885807989e-01
7.137389219885807989e-01
7.137389219885810210e-01
7.137389219885811320e-01
7.137389219885811320e-01
7.137389219885813541e-01
7.137389219885813541e-01
7.137389219885810210e-01
7.137389219885813541e-01
7.137389219885811320e-01
7.137389219885811320e-01
7.137389219885811320e-01
7.137389219885813541e-01
7.137389219885810210e-01
7.137389219885810210e-01
7.137389219885811320e-01
7.137389219885810210e-01
7.137389219885810210e-01
7.137389219885811320e-01
7.137389219885811320e-01
7.137389219885814651e-01
6.973176500161714086e-01
6.239314790995110771e-01
5.076975929149606381e-01
3.832462485001175145e-01
3.124711936018454428e-01
2.862610780114188125e-01
3.124711936018454428e-01
3.832462485001176811e-01
5.076975929149608602e-01
6.239314790995110771e-01
6.973176500161711866e-01
7.137389219885811320e-01
7.137389219885811320e-01
7.137389219885811320e-01
7.137389219885810210e-01
7.137389219885810210e-01
7.137389219885810210e-01
7.137389219885813541e-01
7.137389219885811320e-01
6.384968870315360645e-01
4.587937045032102756e-01
4.587937045032103311e-01
6.384968870315361755e-01
7.137389219885807989e-01
7.137389219885810210e-01
7.137389219885810210e-01
7.137389219885809100e-01
7.137389219885813541e-01
7.137389219885810210e-01
7.137389219885810210e-01
7.137389219885810210e-01
7.137389219885813541e-01
7.137389219885811320e-01
7.137389219885813541e-01
7.137389219885811320e-01
7.137389219885814651e-01
7.137389219885813541e-01
7.137389219885810210e-01
7.137389219885813541e-01
7.137389219885813541e-01
7.137389219885813541e-01
7.137389219885811320e-01
7.137389219885810210e-01
7.137389219885810210e-01
7.137389219885810210e-01
7.137389219885811320e-01
7.137389219885813541e-01
7.137389219885809100e-01
7.137389219885810210e-01
7.137389219885811320e-01
7.137389219885813541e-01
7.137389219885811320e-01
7.137389219885813541e-01
7.137389219885811320e-01
7.137389219885811320e-01
7.137389219885813541e-01
7.137389219885813541e-01
7.137389219885809100e-01
7.137389219885811320e-01
7.137389219885813541e-01
7.112005503671341433e-01
6.735322387927248355e-01
5.898491777716167173e-01
4.651579449871762750e-01
3.618799431554575730e-01
3.001309551994705282e-01
2.862610780114187015e-01
3.001309551994704727e-01
3.618799431554576840e-01
4.651579449871762195e-01
5.898491777716168283e-01
6.735322387927248355e-01
7.112005503671341433e-01
7.137389219885813541e-01
7.137389219885810210e-01
7.137389219885810210e-01
7.137389219885810210e-01
7.137389219885811320e-01
7.137389219885814651e-01
7.137389219885813541e-01
6.384968870315361755e-01
4.587937045032101646e-01
4.587937045032101646e-01
6.384968870315360645e-01
7.137389219885809100e-01
7.137389219885813541e-01
7.137389219885810210e-01
7.137389219885810210e-01
7.137389219885813541e-01
7.137389219885813541e-01
7.137389219885811320e-01
7.137389219885810210e-01
7.137389219885813541e-01
7.137389219885810210e-01
7.137389219885815761e-01
7.137389219885811320e-01
7.137389219885810210e-01
7.137389219885810210e-01
7.137389219885811320e-01
7.137389219885814651e-01
7.137389219885811320e-01
7.137389219885811320e-01
7.137389219885810210e-01
7.137389219885814651e-01
7.137389219885813541e-01
7.137389219885811320e-01
7.137389219885811320e-01
7.137389219885811320e-01
7.137389219885811320e-01
7.137389219885810210e-01
7.137389219885813541e-01
7.137389219885813541e-01
7.137389219885811320e-01
7.137389219885811320e-01
7.137389219885811320e-01
7.137389219885810210e-01
7.137389219885813541e-01
7.137389219885811320e-01
7.137389219885811320e-01
7.137389219885810210e-01
7.112005503671341433e-01
6.884914004288139600e-01
6.229516258554667063e-01
5.230896253507518745e-01
4.075283555182276918e-01
3.264677612072749979e-01
2.887994496328659677e-01
2.862610780114187015e-01
2.887994496328659677e-01
3.264677612072749979e-01
4.075283555182279138e-01
5.230896253507519855e-01
6.229516258554667063e-01
6.884914004288139600e-01
7.112005503671343654e-01
7.137389219885811320e-01
7.137389219885811320e-01
7.137389219885813541e-01
7.137389219885811320e-01
7.137389219885813541e-01
7.137389219885810210e-01
6.384968870315360645e-01
4.587937045032103867e-01
4.587937045032103311e-01
6.384968870315361755e-01
7.137389219885810210e-01
7.137389219885811320e-01
7.137389219885810210e-01
7.137389219885810210e-01
7.137389219885814651e-01
7.137389219885811320e-01
7.137389219885810210e-01
7.137389219885809100e-01
7.137389219885811320e-01
7.137389219885813541e-01
7.137389219885811320e-01
7.137389219885813541e-01
7.137389219885813541e-01
7.137389219885811320e-01
7.137389219885813541e-01
7.137389219885813541e-01
7.137389219885813541e-01
7.137389219885813541e-01
7.137389219885810210e-01
7.137389219885811320e-01
7.137389219885811320e-01
7.137389219885813541e-01
7.137389219885813541e-01
7.137389219885813541e-01
7.137389219885811320e-01
7.137389219885813541e-01
7.137389219885813541e-01
7.137389219885810210e-01
7.137389219885813541e-01
7.137389219885813541e-01
7.137389219885811320e-01
7.137389219885813541e-01
7.137389219885813541e-01
7.137389219885810210e-01
7.137389219885811320e-01
7.112005503671340323e-01
6.884914004288140710e-01
6.345440749113726575e-01
5.474761989412875174e-01
4.381586915990456355e-01
3.503294776598185889e-01
3.001309551994704727e-01
2.862610780114185349e-01
2.862610780114188125e-01
2.862610780114185349e-01
3.001309551994705282e-01
3.503294776598188109e-01
4.381586915990457465e-01
5.474761989412874064e-01
6.345440749113724355e-01
6.884914004288140710e-01
7.112005503671340323e-01
7.137389219885810210e-01
7.137389219885810210e-01
7.137389219885813541e-01
7.137389219885814651e-01
7.137389219885811320e-01
6.384968870315360645e-01
4.587937045032103311e-01
4.587937045032100536e-01
6.384968870315362865e-01
7.137389219885809100e-01
7.137389219885813541e-01
7.137389219885813541e-01
7.137389219885810210e-01
7.137389219885814651e-01
7.137389219885811320e-01
7.137389219885813541e-01
7.137389219885811320e-01
7.137389219885814651e-01
7.137389219885814651e-01
7.137389219885810210e-01
7.137389219885810210e-01
7.137389219885810210e-01
7.137389219885810210e-01
7.137389219885809100e-01
7.137389219885811320e-01
7.137389219885814651e-01
7.137389219885813541e-01
7.137389219885810210e-01
7.137389219885813541e-01
7.137389219885811320e-01
7.137389219885813541e-01
7.137389219885811320e-01
7.137389219885814651e-01
7.137389219885813541e-01
7.137389219885811320e-01
7.137389219885811320e-01
7.137389219885810210e-01
7.137389219885811320e-01
7.137389219885813541e-01
7.137389219885810210e-01
7.137389219885810210e-01
7.137389219885813541e-01
7.137389219885811320e-01
7.112005503671341433e-01
6.884914004288138489e-01
6.345440749113725465e-01
5.501122031496176179e-01
4.498877968503822711e-01
3.654559250886271760e-01
3.115085995711857070e-01
2.887994496328655791e-01
2.862610780114189235e-01
2.862610780114187570e-01
2.862610780114187570e-01
2.887994496328658567e-01
3.115085995711858180e-01
3.654559250886271760e-01
4.498877968503822711e-01
5.501122031496177289e-01
6.345440749113725465e-01
6.884914004288138489e-01
7.112005503671340323e-01
7.137389219885810210e-01
7.137389219885811320e-01
7.137389219885813541e-01
7.137389219885811320e-01
6.384968870315362865e-01
4.587937045032103311e-01
4.587937045032103867e-01
6.384968870315362865e-01
7.137389219885809100e-01
7.137389219885810210e-01
7.137389219885810210e-01
7.137389219885810210e-01
7.137389219885813541e-01
7.137389219885811320e-01
7.137389219885813541e-01
7.137389219885811320e-01
7.137389219885813541e-01
7.137389219885810210e-01
7.137389219885814651e-01
7.137389219885815761e-01
7.137389219885811320e-01
7.137389219885810210e-01
7.137389219885815761e-01
7.137389219885815761e-01
7.137389219885811320e-01
7.137389219885810210e-01
7.137389219885810210e-01
7.137389219885811320e-01
7.137389219885813541e-01
7.137389219885813541e-01
7.137389219885813541e-01
7.137389219885813541e-01
7.137389219885810210e-01
7.137389219885813541e-01
7.137389219885810210e-01
7.137389219885811320e-01
7.137389219885810210e-01
7.137389219885811320e-01
7.137389219885809100e-01
7.137389219885810210e-01
7.112005503671341433e-01
6.998690448005294718e-01
6.735322387927248355e-01
6.229516258554669283e-01
5.474761989412874064e-01
4.498877968503822711e-01
3.654559250886275645e-01
3.115085995711858180e-01
2.887994496328656346e-01
2.862610780114185904e-01
2.862610780114186459e-01
2.862610780114187015e-01
2.862610780114186459e-01
2.862610780114185904e-01
2.887994496328658567e-01
3.115085995711857070e-01
3.654559250886273425e-01
4.498877968503821045e-01
5.474761989412874064e-01
6.229516258554669283e-01
6.735322387927248355e-01
6.998690448005294718e-01
7.112005503671341433e-01
7.137389219885813541e-01
7.137389219885809100e-01
6.384968870315360645e-01
4.587937045032105532e-01
4.587937045032103867e-01
6.384968870315362865e-01
7.137389219885809100e-01
7.137389219885811320e-01
7.137389219885810210e-01
7.137389219885810210e-01
7.137389219885811320e-01
7.137389219885813541e-01
7.137389219885810210e-01
7.137389219885807989e-01
7.137389219885810210e-01
7.137389219885813541e-01
7.137389219885813541e-01
7.137389219885813541e-01
7.137389219885810210e-01
7.137389219885810210e-01
7.137389219885811320e-01
7.137389219885813541e-01
7.137389219885814651e-01
7.137389219885809100e-01
7.137389219885810210e-01
7.137389219885811320e-01
7.137389219885813541e-01
7.137389219885810210e-01
7.137389219885813541e-01
7.137389219885811320e-01
7.137389219885810210e-01
7.137389219885810210e-01
7.137389219885813541e-01
7.137389219885811320e-01
7.137389219885813541e-01
7.137389219885814651e-01
7.137389219885811320e-01
7.112005503671341433e-01
6.884914004288140710e-01
6.496705223401813001e-01
5.924716444817718086e-01
5.230896253507517635e-01
4.381586915990457465e-01
3.654559250886275090e-01
3.115085995711862066e-01
2.887994496328655236e-01
2.862610780114185904e-01
2.862610780114185904e-01
2.862610780114186459e-01
2.862610780114188125e-01
2.862610780114185349e-01
2.862610780114187015e-01
2.862610780114187015e-01
2.887994496328655236e-01
3.115085995711859290e-01
3.654559250886275090e-01
4.381586915990458575e-01
5.230896253507517635e-01
5.924716444817718086e-01
6.496705223401813001e-01
6.884914004288140710e-01
7.112005503671343654e-01
7.137389219885811320e-01
6.384968870315361755e-01
4.587937045032103867e-01
4.587937045032104422e-01
6.384968870315362865e-01
7.137389219885811320e-01
7.137389219885811320e-01
7.137389219885810210e-01
7.137389219885813541e-01
7.137389219885814651e-01
7.137389219885811320e-01
7.137389219885809100e-01
7.137389219885810210e-01
7.137389219885810210e-01
7.137389219885813541e-01
7.137389219885811320e-01
7.137389219885813541e-01
7.137389219885810210e-01
7.137389219885810210e-01
7.137389219885811320e-01
7.137389219885811320e-01
7.137389219885814651e-01
7.137389219885810210e-01
7.137389219885811320e-01
7.137389219885810210e-01
7.137389219885810210e-01
7.137389219885813541e-01
7.137389219885815761e-01
7.137389219885810210e-01
7.137389219885810210e-01
7.137389219885811320e-01
7.137389219885811320e-01
7.137389219885811320e-01
7.137389219885813541e-01
7.137389219885813541e-01
7.137389219885811320e-01
7.024181121082083701e-01
6.611858944369538582e-01
5.888630994495477333e-01
4.913095337441524268e-01
4.101508222283826166e-01
3.503294776598189220e-01
3.115085995711862066e-01
2.887994496328659677e-01
2.862610780114185349e-01
2.862610780114187015e-01
2.862610780114184239e-01
2.862610780114187015e-01
2.862610780114187570e-01
2.862610780114185904e-01
2.862610780114185904e-01
2.862610780114187015e-01
2.862610780114185349e-01
2.887994496328658567e-01
3.115085995711858180e-01
3.503294776598188109e-01
4.101508222283827276e-01
4.913095337441524268e-01
5.888630994495477333e-01
6.611858944369537472e-01
7.024181121082087031e-01
7.137389219885811320e-01
6.384968870315362865e-01
4.587937045032103867e-01
4.587937045032103867e-01
6.384968870315363976e-01
7.137389219885809100e-01
7.137389219885811320e-01
7.137389219885811320e-01
7.137389219885811320e-01
7.137389219885815761e-01
7.137389219885813541e-01
7.137389219885814651e-01
7.137389219885810210e-01
7.137389219885813541e-01
7.137389219885814651e-01
7.137389219885813541e-01
7.137389219885813541e-01
7.137389219885813541e-01
7.137389219885811320e-01
7.137389219885813541e-01
7.137389219885813541e-01
7.137389219885815761e-01
7.137389219885811320e-01
7.137389219885810210e-01
7.137389219885811320e-01
7.137389219885813541e-01
7.137389219885813541e-01
7.137389219885813541e-01
7.137389219885813541e-01
7.137389219885811320e-01
7.137389219885813541e-01
7.137389219885814651e-01
7.137389219885810210e-01
7.137389219885813541e-01
7.137389219885813541e-01
7.137389219885810210e-01
6.989102342651706268e-01
6.460055337233548967e-01
5.492223633628492419e-01
4.425363210862076069e-01
3.520456861189011355e-01
3.026823499838288134e-01
2.887994496328658567e-01
2.862610780114189235e-01
2.862610780114185904e-01
2.862610780114187015e-01
2.862610780114187015e-01
2.862610780114187570e-01
2.862610780114187570e-01
2.862610780114187015e-01
2.862610780114189235e-01
2.862610780114189235e-01
2.862610780114187570e-01
2.862610780114187015e-01
2.887994496328658567e-01
3.026823499838289244e-01
3.520456861189008579e-01
4.425363210862075514e-01
5.492223633628492419e-01
6.460055337233547856e-01
6.989102342651708488e-01
7.137389219885811320e-01
6.384968870315361755e-01
4.587937045032103311e-01
4.587937045032104422e-01
6.384968870315362865e-01
7.137389219885811320e-01
7.137389219885811320e-01
7.137389219885810210e-01
7.137389219885811320e-01
7.137389219885814651e-01
7.137389219885813541e-01
7.137389219885811320e-01
7.137389219885807989e-01
7.137389219885813541e-01
7.137389219885810210e-01
7.137389219885813541e-01
7.137389219885813541e-01
7.137389219885811320e-01
7.137389219885811320e-01
7.137389219885811320e-01
7.137389219885813541e-01
7.137389219885813541e-01
7.137389219885811320e-01
7.137389219885809100e-01
7.137389219885810210e-01
7.137389219885813541e-01
7.137389219885811320e-01
7.137389219885813541e-01
7.137389219885813541e-01
7.137389219885810210e-01
7.137389219885813541e-01
7.137389219885811320e-01
7.137389219885813541e-01
7.137389219885811320e-01
7.137389219885813541e-01
7.137389219885810210e-01
7.024181121082084811e-01
6.611858944369540803e-01
5.771722030662903569e-01
4.642671635914060180e-01
3.680568306895599662e-01
3.115085995711862066e-01
2.887994496328656902e-01
2.862610780114188125e-01
2.862610780114187015e-01
2.862610780114185349e-01
2.862610780114186459e-01
2.862610780114187015e-01
2.862610780114189235e-01
2.862610780114186459e-01
2.862610780114186459e-01
2.862610780114186459e-01
2.862610780114186459e-01
2.862610780114187015e-01
2.887994496328655791e-01
3.115085995711862066e-01
3.680568306895599662e-01
4.642671635914060180e-01
5.771722030662904679e-01
6.611858944369539692e-01
7.024181121082088142e-01
7.137389219885811320e-01
6.384968870315361755e-01
4.587937045032103867e-01
4.587937045032104422e-01
6.384968870315362865e-01
7.137389219885809100e-01
7.137389219885811320e-01
7.137389219885813541e-01
7.137389219885811320e-01
7.137389219885814651e-01
7.137389219885811320e-01
7.137389219885811320e-01
7.137389219885813541e-01
7.137389219885811320e-01
7.137389219885813541e-01
7.137389219885815761e-01
7.137389219885813541e-01
7.137389219885813541e-01
7.137389219885813541e-01
7.137389219885811320e-01
7.137389219885813541e-01
7.137389219885814651e-01
7.137389219885810210e-01
7.137389219885814651e-01
7.137389219885813541e-01
7.137389219885811320e-01
7.137389219885813541e-01
7.137389219885814651e-01
7.137389219885813541e-01
7.137389219885813541e-01
7.137389219885811320e-01
7.137389219885813541e-01
7.137389219885810210e-01
7.137389219885814651e-01
7.137389219885813541e-01
7.137389219885813541e-01
7.112005503671340323e-01
6.884914004288140710e-01
6.345440749113724355e-01
5.474761989412874064e-01
4.381586915990458575e-01
3.503294776598189220e-01
3.001309551994706393e-01
2.862610780114188125e-01
2.862610780114186459e-01
2.862610780114186459e-01
2.862610780114187015e-01
2.862610780114187570e-01
2.862610780114188125e-01
2.862610780114187015e-01
2.862610780114188125e-01
2.862610780114188125e-01
2.862610780114187015e-01
2.862610780114189235e-01
3.001309551994705282e-01
3.503294776598188109e-01
4.381586915990458575e-01
5.474761989412874064e-01
6.345440749113725465e-01
6.884914004288139600e-01
7.112005503671341433e-01
7.137389219885813541e-01
6.384968870315361755e-01
4.587937045032103311e-01
4.587937045032103311e-01
6.384968870315362865e-01
7.137389219885810210e-01
7.137389219885813541e-01
7.137389219885810210e-01
7.137389219885810210e-01
7.137389219885813541e-01
7.137389219885810210e-01
7.137389219885810210e-01
7.137389219885810210e-01
7.137389219885811320e-01
7.137389219885813541e-01
7.137389219885813541e-01
7.137389219885813541e-01
7.137389219885814651e-01
7.137389219885814651e-01
7.137389219885813541e-01
7.137389219885813541e-01
7.137389219885814651e-01
7.137389219885811320e-01
7.137389219885810210e-01
7.137389219885809100e-01
7.137389219885809100e-01
7.137389219885809100e-01
7.137389219885811320e-01
7.137389219885810210e-01
7.137389219885810210e-01
7.137389219885813541e-01
7.137389219885811320e-01
7.137389219885811320e-01
7.137389219885810210e-01
7.137389219885811320e-01
7.137389219885810210e-01
7.137389219885811320e-01
7.086597295697241172e-01
6.744991809575208164e-01
5.934571582009892099e-01
4.841767134682449791e-01
3.780284342027372957e-01
3.124711936018452763e-01
2.862610780114189235e-01
2.862610780114186459e-01
2.862610780114186459e-01
2.862610780114184239e-01
2.862610780114187015e-01
2.862610780114188125e-01
2.862610780114186459e-01
2.862610780114187570e-01
2.862610780114187015e-01
2.862610780114187015e-01
2.862610780114188125e-01
3.124711936018452207e-01
3.780284342027375177e-01
4.841767134682449236e-01
5.934571582009892099e-01
6.744991809575208164e-01
7.086597295697241172e-01
7.137389219885813541e-01
7.137389219885810210e-01
6.384968870315360645e-01
4.587937045032103311e-01
4.587937045032106642e-01
6.384968870315362865e-01
7.137389219885807989e-01
7.137389219885811320e-01
7.137389219885810210e-01
7.137389219885811320e-01
7.137389219885813541e-01
7.137389219885814651e-01
7.137389219885811320e-01
7.137389219885811320e-01
7.137389219885815761e-01
7.137389219885814651e-01
7.137389219885813541e-01
7.137389219885813541e-01
7.137389219885810210e-01
7.137389219885810210e-01
7.137389219885813541e-01
7.137389219885814651e-01
7.137389219885816871e-01
7.137389219885813541e-01
7.137389219885811320e-01
7.137389219885811320e-01
7.137389219885814651e-01
7.137389219885811320e-01
7.137389219885813541e-01
7.137389219885813541e-01
7.137389219885811320e-01
7.137389219885811320e-01
7.137389219885809100e-01
7.137389219885810210e-01
7.137389219885810210e-01
7.112005503671341433e-01
6.998690448005290277e-01
6.849665641726367937e-01
6.620575016853897932e-01
6.329210482166721663e-01
5.638203937209143035e-01
4.688899923693257143e-01
3.690349310889424195e-01
3.124711936018455538e-01
2.862610780114187015e-01
2.862610780114186459e-01
2.862610780114187570e-01
2.862610780114186459e-01
2.862610780114188125e-01
2.862610780114189235e-01
2.862610780114188125e-01
2.862610780114189235e-01
2.862610780114187570e-01
2.862610780114188125e-01
2.862610780114186459e-01
3.124711936018453873e-01
3.690349310889425305e-01
4.688899923693257143e-01
5.638203937209143035e-01
6.329210482166722773e-01
6.620575016853897932e-01
6.849665641726371268e-01
6.998690448005290277e-01
6.358984228636325176e-01
4.587937045032103311e-01
4.587937045032103867e-01
6.384968870315362865e-01
7.137389219885811320e-01
7.137389219885811320e-01
7.137389219885813541e-01
7.137389219885811320e-01
7.137389219885811320e-01
7.137389219885810210e-01
7.137389219885814651e-01
7.137389219885809100e-01
7.137389219885811320e-01
7.137389219885813541e-01
7.137389219885814651e-01
7.137389219885813541e-01
7.137389219885814651e-01
7.137389219885813541e-01
7.137389219885810210e-01
7.137389219885813541e-01
7.137389219885813541e-01
7.137389219885813541e-01
7.137389219885810210e-01
7.137389219885814651e-01
7.137389219885810210e-01
7.137389219885810210e-01
7.137389219885814651e-01
7.137389219885814651e-01
7.137389219885811320e-01
7.137389219885814651e-01
7.137389219885811320e-01
7.112005503671341433e-01
6.998690448005294718e-01
6.735322387927248355e-01
6.381200568445423160e-01
6.051179016883448947e-01
5.655637641979628372e-01
5.230896253507519855e-01
4.625194904368533644e-01
3.958656344305654939e-01
3.352631603442699504e-01
3.001309551994708058e-01
2.862610780114187570e-01
2.862610780114185349e-01
2.862610780114186459e-01
2.862610780114187015e-01
2.862610780114187570e-01
2.862610780114189790e-01
2.862610780114187015e-01
2.862610780114189235e-01
2.862610780114187015e-01
2.862610780114185349e-01
2.862610780114186459e-01
3.001309551994706948e-01
3.352631603442700614e-01
3.958656344305654939e-01
4.625194904368533644e-01
5.230896253507517635e-01
5.655637641979626151e-01
6.051179016883448947e-01
6.381200568445423160e-01
5.974430539186874611e-01
4.444205564758597071e-01
4.587937045032104422e-01
6.384968870315365086e-01
7.137389219885809100e-01
7.137389219885813541e-01
7.137389219885809100e-01
7.137389219885810210e-01
7.137389219885816871e-01
7.137389219885811320e-01
7.137389219885811320e-01
7.137389219885810210e-01
7.137389219885814651e-01
7.137389219885811320e-01
7.137389219885811320e-01
7.137389219885815761e-01
7.137389219885811320e-01
7.137389219885813541e-01
7.137389219885815761e-01
7.137389219885813541e-01
7.137389219885813541e-01
7.137389219885810210e-01
7.137389219885810210e-01
7.137389219885813541e-01
7.137389219885811320e-01
7.137389219885815761e-01
7.137389219885813541e-01
7.137389219885813541e-01
7.137389219885810210e-01
7.137389219885813541e-01
7.112005503671343654e-01
6.884914004288140710e-01
6.496705223401813001e-01
5.924716444817718086e-01
5.348420550128235584e-01
4.769103746492481255e-01
4.344362358020372183e-01
3.948820983116553274e-01
3.618799431554576840e-01
3.264677612072749979e-01
3.001309551994705282e-01
2.887994496328658567e-01
2.862610780114189235e-01
2.862610780114187015e-01
2.862610780114188125e-01
2.862610780114186459e-01
2.862610780114188125e-01
2.862610780114189235e-01
2.862610780114188125e-01
2.862610780114188125e-01
2.862610780114188125e-01
2.862610780114186459e-01
2.862610780114188125e-01
2.887994496328656346e-01
3.001309551994705282e-01
3.264677612072751089e-01
3.618799431554576840e-01
3.948820983116552719e-01
4.344362358020371073e-01
4.769103746492480700e-01
5.348420550128234474e-01
5.153485928771084357e-01
3.931541201582877121e-01
4.587937045032103311e-01
6.384968870315366196e-01
7.137389219885811320e-01
7.137389219885810210e-01
7.137389219885809100e-01
7.137389219885813541e-01
7.137389219885814651e-01
7.137389219885814651e-01
7.137389219885810210e-01
7.137389219885810210e-01
7.137389219885811320e-01
7.137389219885817981e-01
7.137389219885811320e-01
7.137389219885810210e-01
7.137389219885814651e-01
7.137389219885813541e-01
7.137389219885810210e-01
7.137389219885813541e-01
7.137389219885819092e-01
7.137389219885809100e-01
7.137389219885811320e-01
7.137389219885810210e-01
7.137389219885814651e-01
7.137389219885813541e-01
7.137389219885814651e-01
7.137389219885811320e-01
7.137389219885810210e-01
7.137389219885814651e-01
6.998690448005295828e-01
6.496705223401813001e-01
5.735556762631872640e-01
4.795507327166459999e-01
4.101508222283827276e-01
3.644786431499614232e-01
3.379424983146102068e-01
3.150334358273629842e-01
3.001309551994703617e-01
2.887994496328656902e-01
2.862610780114188125e-01
2.862610780114189790e-01
2.862610780114188125e-01
2.862610780114185904e-01
2.862610780114186459e-01
2.862610780114187570e-01
2.862610780114189235e-01
2.862610780114190345e-01
2.862610780114187570e-01
2.862610780114189235e-01
2.862610780114186459e-01
2.862610780114187570e-01
2.862610780114187570e-01
2.862610780114187570e-01
2.862610780114187015e-01
2.887994496328658567e-01
3.001309551994703617e-01
3.150334358273629842e-01
3.379424983146101513e-01
3.644786431499616453e-01
4.101508222283826166e-01
4.024660710245389073e-01
3.176024865890672011e-01
4.434303241266649986e-01
6.269149581789698056e-01
7.112005503671340323e-01
7.137389219885810210e-01
7.137389219885813541e-01
7.137389219885811320e-01
7.137389219885815761e-01
7.137389219885811320e-01
7.137389219885814651e-01
7.137389219885813541e-01
7.137389219885813541e-01
7.137389219885813541e-01
7.137389219885814651e-01
7.137389219885815761e-01
7.137389219885814651e-01
7.137389219885811320e-01
7.137389219885815761e-01
7.137389219885815761e-01
7.137389219885813541e-01
7.137389219885811320e-01
7.137389219885813541e-01
7.137389219885814651e-01
7.137389219885811320e-01
7.137389219885813541e-01
7.137389219885814651e-01
7.137389219885815761e-01
7.137389219885810210e-01
7.112005503671341433e-01
6.735322387927248355e-01
5.924716444817719196e-01
4.795507327166459999e-01
3.886698368615441046e-01
3.264677612072751089e-01
3.001309551994705282e-01
2.887994496328659677e-01
2.862610780114188125e-01
2.862610780114188125e-01
2.862610780114187570e-01
2.862610780114188125e-01
2.862610780114188125e-01
2.862610780114187570e-01
2.862610780114185904e-01
2.862610780114186459e-01
2.862610780114187570e-01
2.862610780114189235e-01
2.862610780114189235e-01
2.862610780114187015e-01
2.862610780114189790e-01
2.862610780114187570e-01
2.862610780114187015e-01
2.862610780114187570e-01
2.862610780114187570e-01
2.862610780114189235e-01
2.862610780114189235e-01
2.862610780114188125e-01
2.862610780114187570e-01
2.887994496328658567e-01
3.001309551994707503e-01
3.264677612072749979e-01
3.154052933185569896e-01
2.387869252121663788e-01
4.127791146772168962e-01
6.027804737126654100e-01
6.998690448005292497e-01
7.137389219885813541e-01
7.137389219885809100e-01
7.137389219885810210e-01
7.137389219885816871e-01
7.137389219885811320e-01
7.137389219885811320e-01
7.137389219885810210e-01
7.137389219885814651e-01
7.137389219885811320e-01
7.137389219885811320e-01
7.137389219885815761e-01
7.137389219885811320e-01
7.137389219885813541e-01
7.137389219885815761e-01
7.137389219885813541e-01
7.137389219885813541e-01
7.137389219885810210e-01
7.137389219885810210e-01
7.137389219885813541e-01
7.137389219885811320e-01
7.137389219885815761e-01
7.137389219885813541e-01
7.137389219885813541e-01
7.137389219885810210e-01
6.998690448005294718e-01
6.381200568445425381e-01
5.348420550128235584e-01
4.101508222283828387e-01
3.264677612072749979e-01
2.887994496328658567e-01
2.862610780114187570e-01
2.862610780114187570e-01
2.862610780114187570e-01
2.862610780114187570e-01
2.862610780114187015e-01
2.862610780114187570e-01
2.862610780114188125e-01
2.862610780114189235e-01
2.862610780114187015e-01
2.862610780114188125e-01
2.862610780114186459e-01
2.862610780114188125e-01
2.862610780114189235e-01
2.862610780114188125e-01
2.862610780114188125e-01
2.862610780114188125e-01
2.862610780114186459e-01
2.862610780114188125e-01
2.862610780114186459e-01
2.862610780114187570e-01
2.862610780114187570e-01
2.862610780114187570e-01
2.862610780114187015e-01
2.862610780114187570e-01
2.862610780114188125e-01
2.887994496328656346e-01
2.657999470743455106e-01
1.967129348107858888e-01
3.670836597997256812e-01
5.721954148598578094e-01
6.849665641726370158e-01
7.137389219885810210e-01
7.112005503671340323e-01
7.024181121082087031e-01
6.989102342651711819e-01
7.024181121082088142e-01
7.112005503671341433e-01
7.137389219885810210e-01
7.137389219885811320e-01
7.137389219885817981e-01
7.137389219885811320e-01
7.137389219885810210e-01
7.137389219885814651e-01
7.137389219885813541e-01
7.137389219885810210e-01
7.137389219885813541e-01
7.137389219885819092e-01
7.137389219885809100e-01
7.137389219885811320e-01
7.112005503671341433e-01
7.024181121082088142e-01
6.989102342651709598e-01
7.024181121082088142e-01
7.112005503671341433e-01
7.137389219885810210e-01
6.849665641726371268e-01
6.051179016883448947e-01
4.769103746492481255e-01
3.644786431499614232e-01
3.001309551994704172e-01
2.862610780114185904e-01
2.862610780114187015e-01
2.862610780114187015e-01
2.862610780114186459e-01
2.862610780114185904e-01
2.862610780114187015e-01
2.862610780114188125e-01
2.862610780114189790e-01
2.862610780114188125e-01
2.862610780114185904e-01
2.862610780114186459e-01
2.862610780114187570e-01
2.862610780114189235e-01
2.862610780114190345e-01
2.862610780114187570e-01
2.862610780114189235e-01
2.862610780114186459e-01
2.862610780114187570e-01
2.862610780114187570e-01
2.862610780114187570e-01
2.862610780114187015e-01
2.862610780114187570e-01
2.862610780114184239e-01
2.862610780114185904e-01
2.862610780114187570e-01
2.862610780114190345e-01
2.862610780114186459e-01
2.546235103643083586e-01
1.825994351177291919e-01
3.254069490478925797e-01
5.324849014650696599e-01
6.620575016853896821e-01
7.086597295697240062e-01
6.884914004288140710e-01
6.611858944369537472e-01
6.460055337233551187e-01
6.611858944369537472e-01
6.884914004288141820e-01
7.112005503671341433e-01
7.137389219885813541e-01
7.137389219885813541e-01
7.137389219885814651e-01
7.137389219885815761e-01
7.137389219885814651e-01
7.137389219885811320e-01
7.137389219885815761e-01
7.137389219885815761e-01
7.137389219885813541e-01
7.137389219885811320e-01
7.112005503671343654e-01
6.884914004288141820e-01
6.611858944369537472e-01
6.460055337233548967e-01
6.611858944369539692e-01
6.884914004288144040e-01
7.086597295697240062e-01
6.620575016853900152e-01
5.655637641979629482e-01
4.344362358020371628e-01
3.379424983146101513e-01
2.887994496328659677e-01
2.862610780114187570e-01
2.862610780114187570e-01
2.862610780114189235e-01
2.862610780114188125e-01
2.862610780114188125e-01
2.862610780114187570e-01
2.862610780114188125e-01
2.862610780114188125e-01
2.862610780114187570e-01
2.862610780114185904e-01
2.862610780114186459e-01
2.862610780114187570e-01
2.862610780114189235e-01
2.862610780114189235e-01
2.862610780114187015e-01
2.862610780114189790e-01
2.862610780114187570e-01
2.862610780114187015e-01
2.862610780114187570e-01
2.862610780114187570e-01
2.862610780114189235e-01
2.862610780114189235e-01
2.862610780114188125e-01
2.862610780114187570e-01
2.862610780114187570e-01
2.862610780114188125e-01
2.862610780114187015e-01
2.546235103643085251e-01
1.825994351177292474e-01
2.868954398262794636e-01
4.899431031356937249e-01
6.329210482166721663e-01
6.744991809575210384e-01
6.345440749113723244e-01
5.771722030662900238e-01
5.492223633628495749e-01
5.888630994495476223e-01
6.496705223401809670e-01
6.998690448005290277e-01
7.137389219885811320e-01
7.137389219885813541e-01
7.137389219885813541e-01
7.137389219885813541e-01
7.137389219885814651e-01
7.137389219885814651e-01
7.137389219885813541e-01
7.137389219885813541e-01
7.137389219885814651e-01
7.137389219885811320e-01
6.998690448005294718e-01
6.496705223401808560e-01
5.888630994495476223e-01
5.492223633628487978e-01
5.771722030662902458e-01
6.345440749113725465e-01
6.744991809575208164e-01
6.329210482166723883e-01
5.230896253507520965e-01
3.948820983116553274e-01
3.150334358273630952e-01
2.862610780114186459e-01
2.862610780114186459e-01
2.862610780114187570e-01
2.862610780114187570e-01
2.862610780114187570e-01
2.862610780114189235e-01
2.862610780114186459e-01
2.862610780114187015e-01
2.862610780114187015e-01
2.862610780114190345e-01
2.862610780114186459e-01
2.862610780114186459e-01
2.862610780114184239e-01
2.862610780114187015e-01
2.862610780114188125e-01
2.862610780114186459e-01
2.862610780114187570e-01
2.862610780114187015e-01
2.862610780114187015e-01
2.862610780114188125e-01
2.862610780114185349e-01
2.862610780114189235e-01
2.862610780114185904e-01
2.862610780114187570e-01
2.862610780114186459e-01
2.862610780114187570e-01
2.862610780114188125e-01
2.862610780114185349e-01
2.546235103643083031e-01
1.825994351177291919e-01
2.549822317207350308e-01
4.294553571763715105e-01
5.638203937209140815e-01
5.934571582009892099e-01
5.474761989412871843e-01
4.642671635914061290e-01
4.425363210862078844e-01
4.913095337441529264e-01
5.924716444817719196e-01
6.735322387927247245e-01
7.112005503671343654e-01
7.137389219885814651e-01
7.137389219885813541e-01
7.137389219885813541e-01
7.137389219885810210e-01
7.137389219885810210e-01
7.137389219885813541e-01
7.137389219885814651e-01
7.137389219885816871e-01
7.112005503671343654e-01
6.735322387927250576e-01
5.924716444817719196e-01
4.913095337441529264e-01
4.425363210862077734e-01
4.642671635914062400e-01
5.474761989412876284e-01
5.934571582009892099e-01
5.638203937209145256e-01
4.625194904368532534e-01
3.618799431554575174e-01
3.001309551994704172e-01
2.862610780114187015e-01
2.862610780114185904e-01
2.862610780114187570e-01
2.862610780114187570e-01
2.862610780114186459e-01
2.862610780114187015e-01
2.862610780114186459e-01
2.862610780114185904e-01
2.862610780114188125e-01
2.862610780114187015e-01
2.862610780114187570e-01
2.862610780114187570e-01
2.862610780114186459e-01
2.862610780114188125e-01
2.862610780114189235e-01
2.862610780114188125e-01
2.862610780114189235e-01
2.862610780114187570e-01
2.862610780114188125e-01
2.862610780114186459e-01
2.862610780114186459e-01
2.862610780114186459e-01
2.862610780114186459e-01
2.862610780114187015e-01
2.862610780114187570e-01
2.862610780114187570e-01
2.862610780114189235e-01
2.862610780114185349e-01
2.546235103643082476e-01
1.825994351177291919e-01
2.209578824947068532e-01
3.631340178681234376e-01
4.688899923693257699e-01
4.841767134682450902e-01
4.381586915990459130e-01
3.680568306895599662e-01
3.520456861189007469e-01
4.101508222283827276e-01
5.230896253507520965e-01
6.229516258554663732e-01
6.884914004288139600e-01
7.112005503671343654e-01
7.137389219885814651e-01
7.137389219885813541e-01
7.137389219885814651e-01
7.137389219885813541e-01
7.137389219885810210e-01
7.137389219885813541e-01
7.112005503671343654e-01
6.884914004288140710e-01
6.229516258554665953e-01
5.230896253507520965e-01
4.101508222283825611e-01
3.520456861189007469e-01
3.680568306895602437e-01
4.381586915990460795e-01
4.841767134682450902e-01
4.688899923693259919e-01
3.958656344305653829e-01
3.264677612072752200e-01
2.887994496328658567e-01
2.862610780114187570e-01
2.862610780114186459e-01
2.862610780114188125e-01
2.862610780114186459e-01
2.862610780114188125e-01
2.862610780114186459e-01
2.862610780114188125e-01
2.862610780114186459e-01
2.862610780114189235e-01
2.862610780114189235e-01
2.862610780114186459e-01
2.862610780114186459e-01
2.862610780114187015e-01
2.862610780114187570e-01
2.862610780114189790e-01
2.862610780114187015e-01
2.862610780114189235e-01
2.862610780114187015e-01
2.862610780114185349e-01
2.862610780114186459e-01
2.862610780114189235e-01
2.862610780114188125e-01
2.862610780114189235e-01
2.862610780114186459e-01
2.862610780114186459e-01
2.862610780114185904e-01
2.862610780114189235e-01
2.862610780114187015e-01
2.546235103643083031e-01
1.825994351177293584e-01
1.957991854970429213e-01
3.030526451410015532e-01
3.690349310889425305e-01
3.780284342027373512e-01
3.503294776598186999e-01
3.115085995711862066e-01
3.026823499838290354e-01
3.503294776598189220e-01
4.381586915990461351e-01
5.474761989412871843e-01
6.345440749113725465e-01
6.884914004288141820e-01
7.112005503671343654e-01
7.137389219885813541e-01
7.137389219885813541e-01
7.137389219885811320e-01
7.137389219885813541e-01
7.112005503671343654e-01
6.884914004288144040e-01
6.345440749113726575e-01
5.474761989412871843e-01
4.381586915990459130e-01
3.503294776598190330e-01
3.026823499838288134e-01
3.115085995711863176e-01
3.503294776598189220e-01
3.780284342027373512e-01
3.690349310889427525e-01
3.352631603442701724e-01
3.001309551994706393e-01
2.862610780114187570e-01
2.862610780114187570e-01
2.862610780114187015e-01
2.862610780114187570e-01
2.862610780114189235e-01
2.862610780114187570e-01
2.862610780114189235e-01
2.862610780114189790e-01
2.862610780114189235e-01
2.862610780114187570e-01
2.862610780114189235e-01
2.862610780114187015e-01
2.862610780114188125e-01
2.862610780114188125e-01
2.862610780114189235e-01
2.862610780114189235e-01
2.862610780114187015e-01
2.862610780114189235e-01
2.862610780114189235e-01
2.862610780114187570e-01
2.862610780114187015e-01
2.862610780114189235e-01
2.862610780114190345e-01
2.862610780114189235e-01
2.862610780114187015e-01
2.862610780114187015e-01
2.862610780114187570e-01
2.862610780114189235e-01
2.862610780114187570e-01
2.546235103643083586e-01
1.825994351177291919e-01
1.850126105031283386e-01
2.683175005044567962e-01
3.124711936018452207e-01
3.124711936018454983e-01
3.001309551994704172e-01
2.887994496328656346e-01
2.887994496328658567e-01
3.115085995711860956e-01
3.654559250886275090e-01
4.498877968503819935e-01
5.501122031496179510e-01
6.345440749113725465e-01
6.884914004288140710e-01
7.112005503671343654e-01
7.137389219885811320e-01
7.137389219885811320e-01
7.112005503671341433e-01
6.884914004288140710e-01
6.345440749113728796e-01
5.501122031496178399e-01
4.498877968503820490e-01
3.654559250886273425e-01
3.115085995711860956e-01
2.887994496328656346e-01
2.887994496328658567e-01
3.001309551994707503e-01
3.124711936018453873e-01
3.124711936018454428e-01
3.001309551994705282e-01
2.887994496328658567e-01
2.862610780114187570e-01
2.862610780114189235e-01
2.862610780114187015e-01
2.862610780114187570e-01
2.862610780114188125e-01
2.862610780114187570e-01
2.862610780114187570e-01
2.862610780114187570e-01
2.862610780114189235e-01
2.862610780114187015e-01
2.862610780114189790e-01
2.862610780114188125e-01
2.862610780114186459e-01
2.862610780114186459e-01
2.862610780114188125e-01
2.862610780114189235e-01
2.862610780114186459e-01
2.862610780114186459e-01
2.862610780114186459e-01
2.862610780114187570e-01
2.862610780114188125e-01
2.862610780114187015e-01
2.862610780114190345e-01
2.862610780114187570e-01
2.862610780114187570e-01
2.862610780114188125e-01
2.862610780114187570e-01
2.862610780114189235e-01
2.862610780114189235e-01
2.546235103643083586e-01
1.825994351177293029e-01
1.825994351177293584e-01
2.546235103643084696e-01
2.862610780114185349e-01
2.862610780114187570e-01
2.862610780114189235e-01
2.862610780114187570e-01
2.862610780114190345e-01
2.887994496328656346e-01
3.115085995711860956e-01
3.654559250886275090e-01
4.498877968503821601e-01
5.474761989412874064e-01
6.229516258554671504e-01
6.735322387927251686e-01
6.973176500161714086e-01
6.973176500161714086e-01
6.735322387927250576e-01
6.229516258554671504e-01
5.474761989412875174e-01
4.498877968503821045e-01
3.654559250886276200e-01
3.115085995711860956e-01
2.887994496328655236e-01
2.862610780114189235e-01
2.862610780114190345e-01
2.862610780114190900e-01
2.862610780114188125e-01
2.862610780114186459e-01
2.862610780114188125e-01
2.862610780114188125e-01
2.862610780114190345e-01
2.862610780114187570e-01
2.862610780114189235e-01
2.862610780114187570e-01
2.862610780114189235e-01
2.862610780114187570e-01
2.862610780114190345e-01
2.862610780114188125e-01
2.862610780114188125e-01
2.862610780114188125e-01
2.862610780114189790e-01
2.862610780114187570e-01
2.862610780114187570e-01
2.862610780114187015e-01
2.862610780114189235e-01
2.862610780114188125e-01
2.862610780114187015e-01
2.862610780114188125e-01
2.862610780114188125e-01
2.862610780114188125e-01
2.862610780114189235e-01
2.862610780114187570e-01
2.862610780114187570e-01
2.862610780114188125e-01
2.862610780114189235e-01
2.862610780114187015e-01
2.862610780114189235e-01
2.862610780114188125e-01
2.862610780114189790e-01
2.546235103643082476e-01
1.825994351177291919e-01
1.825994351177293029e-01
2.546235103643085251e-01
2.862610780114184239e-01
2.862610780114185904e-01
2.862610780114186459e-01
2.862610780114185349e-01
2.862610780114187570e-01
2.862610780114189235e-01
2.887994496328658567e-01
3.115085995711858180e-01
3.654559250886274535e-01
4.381586915990456910e-01
5.230896253507520965e-01
5.898491777716174944e-01
6.239314790995111881e-01
6.239314790995110771e-01
5.898491777716174944e-01
5.230896253507522076e-01
4.381586915990459130e-01
3.654559250886272315e-01
3.115085995711860956e-01
2.887994496328656346e-01
2.862610780114187570e-01
2.862610780114187570e-01
2.862610780114187015e-01
2.862610780114189235e-01
2.862610780114186459e-01
2.862610780114188125e-01
2.862610780114187015e-01
2.862610780114186459e-01
2.862610780114187015e-01
2.862610780114187570e-01
2.862610780114185349e-01
2.862610780114185349e-01
2.862610780114187570e-01
2.862610780114189235e-01
2.862610780114187570e-01
2.862610780114187570e-01
2.862610780114187015e-01
2.862610780114187570e-01
2.862610780114189790e-01
2.862610780114187015e-01
2.862610780114187570e-01
2.862610780114185904e-01
2.862610780114186459e-01
2.862610780114187015e-01
2.862610780114186459e-01
2.862610780114187015e-01
2.862610780114189235e-01
2.862610780114186459e-01
2.862610780114187570e-01
2.862610780114186459e-01
2.862610780114188125e-01
2.862610780114188125e-01
2.862610780114186459e-01
2.862610780114187570e-01
2.862610780114186459e-01
2.862610780114187570e-01
2.862610780114185349e-01
2.546235103643081921e-01
1.825994351177293029e-01
1.825994351177291919e-01
2.546235103643083586e-01
2.862610780114184239e-01
2.862610780114186459e-01
2.862610780114184239e-01
2.862610780114186459e-01
2.862610780114186459e-01
2.862610780114187570e-01
2.862610780114186459e-01
2.887994496328653571e-01
3.115085995711860956e-01
3.503294776598188109e-01
4.075283555182280248e-01
4.651579449871763861e-01
5.076975929149606381e-01
5.076975929149606381e-01
4.651579449871764416e-01
4.075283555182280248e-01
3.503294776598193105e-01
3.115085995711855960e-01
2.887994496328656346e-01
2.862610780114189235e-01
2.862610780114187570e-01
2.862610780114185349e-01
2.862610780114190345e-01
2.862610780114187570e-01
2.862610780114186459e-01
2.862610780114186459e-01
2.862610780114186459e-01
2.862610780114187570e-01
2.862610780114187015e-01
2.862610780114189235e-01
2.862610780114187570e-01
2.862610780114186459e-01
2.862610780114187570e-01
2.862610780114187570e-01
2.862610780114186459e-01
2.862610780114185904e-01
2.862610780114185349e-01
2.862610780114187570e-01
2.862610780114189235e-01
2.862610780114186459e-01
2.862610780114185904e-01
2.862610780114185904e-01
2.862610780114186459e-01
2.862610780114188125e-01
2.862610780114185349e-01
2.862610780114187015e-01
2.862610780114187015e-01
2.862610780114186459e-01
2.862610780114187015e-01
2.862610780114189235e-01
2.862610780114187015e-01
2.862610780114185349e-01
2.862610780114185904e-01
2.862610780114186459e-01
2.862610780114186459e-01
2.862610780114187015e-01
2.862610780114187570e-01
2.546235103643082476e-01
1.825994351177293029e-01
1.825994351177291919e-01
2.546235103643082476e-01
2.862610780114185349e-01
2.862610780114186459e-01
2.862610780114184239e-01
2.862610780114187015e-01
2.862610780114189235e-01
2.862610780114187570e-01
2.862610780114185349e-01
2.862610780114184239e-01
2.887994496328655791e-01
3.001309551994706948e-01
3.264677612072751089e-01
3.618799431554576840e-01
3.832462485001175700e-01
3.832462485001175700e-01
3.618799431554575730e-01
3.264677612072752200e-01
3.001309551994708058e-01
2.887994496328656902e-01
2.862610780114186459e-01
2.862610780114186459e-01
2.862610780114185349e-01
2.862610780114187570e-01
2.862610780114189790e-01
2.862610780114186459e-01
2.862610780114186459e-01
2.862610780114187570e-01
2.862610780114187570e-01
2.862610780114187570e-01
2.862610780114186459e-01
2.862610780114187570e-01
2.862610780114189235e-01
2.862610780114187570e-01
2.862610780114187015e-01
2.862610780114187015e-01
2.862610780114185904e-01
2.862610780114186459e-01
2.862610780114187570e-01
2.862610780114189235e-01
2.862610780114189235e-01
2.862610780114185349e-01
2.862610780114187015e-01
2.862610780114184239e-01
2.862610780114187015e-01
2.862610780114187570e-01
2.862610780114185904e-01
2.862610780114185904e-01
2.862610780114187015e-01
2.862610780114185349e-01
2.862610780114187570e-01
2.862610780114186459e-01
2.862610780114187570e-01
2.862610780114185904e-01
2.862610780114185904e-01
2.862610780114185349e-01
2.862610780114187015e-01
2.862610780114189235e-01
2.862610780114189235e-01
2.546235103643083586e-01
1.825994351177291919e-01
1.825994351177291364e-01
2.546235103643083586e-01
2.862610780114185349e-01
2.862610780114189235e-01
2.862610780114186459e-01
2.862610780114185904e-01
2.862610780114187570e-01
2.862610780114186459e-01
2.862610780114187570e-01
2.862610780114185349e-01
2.862610780114187570e-01
2.862610780114184239e-01
2.887994496328659677e-01
3.001309551994705282e-01
3.124711936018452763e-01
3.124711936018452763e-01
3.001309551994705282e-01
2.887994496328660787e-01
2.862610780114187570e-01
2.862610780114186459e-01
2.862610780114185904e-01
2.862610780114190345e-01
2.862610780114189790e-01
2.862610780114186459e-01
2.862610780114186459e-01
2.862610780114187570e-01
2.862610780114189235e-01
2.862610780114187570e-01
2.862610780114189235e-01
2.862610780114187570e-01
2.862610780114187570e-01
2.862610780114189235e-01
2.862610780114186459e-01
2.862610780114186459e-01
2.862610780114188125e-01
2.862610780114187570e-01
2.862610780114186459e-01
2.862610780114187570e-01
2.862610780114187570e-01
2.862610780114189235e-01
2.862610780114187570e-01
2.862610780114188125e-01
2.862610780114185904e-01
2.862610780114186459e-01
2.862610780114189235e-01
2.862610780114187015e-01
2.862610780114189235e-01
2.862610780114187015e-01
2.862610780114187570e-01
2.862610780114187570e-01
2.862610780114187570e-01
2.862610780114187570e-01
2.862610780114188125e-01
2.862610780114186459e-01
2.862610780114185349e-01
2.862610780114187015e-01
2.862610780114187570e-01
2.862610780114189235e-01
2.862610780114186459e-01
2.546235103643083586e-01
1.825994351177293029e-01
1.825994351177291919e-01
2.546235103643082476e-01
2.862610780114186459e-01
2.862610780114189235e-01
2.862610780114185904e-01
2.862610780114188125e-01
2.862610780114189235e-01
2.862610780114186459e-01
2.862610780114185349e-01
2.862610780114184239e-01
2.862610780114187570e-01
2.862610780114189235e-01
2.862610780114185349e-01
2.862610780114187570e-01
2.862610780114189235e-01
2.862610780114187570e-01
2.862610780114187570e-01
2.862610780114187015e-01
2.862610780114189235e-01
2.862610780114187015e-01
2.862610780114185904e-01
2.862610780114187570e-01
2.862610780114187570e-01
2.862610780114187570e-01
2.862610780114189235e-01
2.862610780114187015e-01
2.862610780114190345e-01
2.862610780114189235e-01
2.862610780114188125e-01
2.862610780114187570e-01
2.862610780114188125e-01
2.862610780114189235e-01
2.862610780114187570e-01
2.862610780114189235e-01
2.862610780114189790e-01
2.862610780114187015e-01
2.862610780114189235e-01
2.862610780114186459e-01
2.862610780114189235e-01
2.862610780114189235e-01
2.862610780114189790e-01
2.862610780114186459e-01
2.862610780114185904e-01
2.862610780114187015e-01
2.862610780114185349e-01
2.862610780114188125e-01
2.862610780114185349e-01
2.862610780114187570e-01
2.862610780114187015e-01
2.862610780114187570e-01
2.862610780114188125e-01
2.862610780114187570e-01
2.862610780114189235e-01
2.862610780114186459e-01
2.862610780114186459e-01
2.862610780114186459e-01
2.862610780114188125e-01
2.862610780114189235e-01
2.862610780114189235e-01
2.546235103643083031e-01
1.825994351177291364e-01
1.825994351177290531e-01
2.546235103643084696e-01
2.862610780114185349e-01
2.862610780114188125e-01
2.862610780114186459e-01
2.862610780114187570e-01
2.862610780114190345e-01
2.862610780114186459e-01
2.862610780114189235e-01
2.862610780114185349e-01
2.862610780114189235e-01
2.862610780114187570e-01
2.887994496328655791e-01
3.001309551994705282e-01
3.124711936018454428e-01
3.124711936018454428e-01
3.001309551994704172e-01
2.887994496328656346e-01
2.862610780114187570e-01
2.862610780114188125e-01
2.862610780114187570e-01
2.862610780114189790e-01
2.862610780114186459e-01
2.862610780114187570e-01
2.862610780114189235e-01
2.862610780114190345e-01
2.862610780114188125e-01
2.862610780114187570e-01
2.862610780114187570e-01
2.862610780114187015e-01
2.862610780114186459e-01
2.862610780114189235e-01
2.862610780114185904e-01
2.862610780114187570e-01
2.862610780114187570e-01
2.862610780114187570e-01
2.862610780114186459e-01
2.862610780114186459e-01
2.862610780114187570e-01
2.862610780114186459e-01
2.862610780114186459e-01
2.862610780114186459e-01
2.862610780114186459e-01
2.862610780114187015e-01
2.862610780114189235e-01
2.862610780114187570e-01
2.862610780114186459e-01
2.862610780114187570e-01
2.862610780114185904e-01
2.862610780114186459e-01
2.862610780114186459e-01
2.862610780114187015e-01
2.862610780114189235e-01
2.862610780114186459e-01
2.862610780114185349e-01
2.862610780114185349e-01
2.862610780114187570e-01
2.862610780114188125e-01
2.862610780114187570e-01
2.546235103643084696e-01
1.825994351177291364e-01
1.825994351177291364e-01
2.546235103643083031e-01
2.862610780114187015e-01
2.862610780114187570e-01
2.862610780114185904e-01
2.862610780114187570e-01
2.862610780114189235e-01
2.862610780114187570e-01
2.862610780114187570e-01
2.862610780114186459e-01
2.887994496328658567e-01
3.001309551994704172e-01
3.264677612072752200e-01
3.618799431554576285e-01
3.832462485001174590e-01
3.832462485001174590e-01
3.618799431554576840e-01
3.264677612072751089e-01
3.001309551994706948e-01
2.887994496328655791e-01
2.862610780114185904e-01
2.862610780114188125e-01
2.862610780114189235e-01
2.862610780114186459e-01
2.862610780114187570e-01
2.862610780114187570e-01
2.862610780114187570e-01
2.862610780114189235e-01
2.862610780114188125e-01
2.862610780114187015e-01
2.862610780114187570e-01
2.862610780114187015e-01
2.862610780114185349e-01
2.862610780114187015e-01
2.862610780114187570e-01
2.862610780114187570e-01
2.862610780114187570e-01
2.862610780114186459e-01
2.862610780114187015e-01
2.862610780114187570e-01
2.862610780114187570e-01
2.862610780114186459e-01
2.862610780114185904e-01
2.862610780114187570e-01
2.862610780114186459e-01
2.862610780114189235e-01
2.862610780114185904e-01
2.862610780114187570e-01
2.862610780114185904e-01
2.862610780114187570e-01
2.862610780114186459e-01
2.862610780114187570e-01
2.862610780114186459e-01
2.862610780114186459e-01
2.862610780114184239e-01
2.862610780114185904e-01
2.862610780114185349e-01
2.862610780114187570e-01
2.862610780114186459e-01
2.546235103643081366e-01
1.825994351177291364e-01
1.825994351177292474e-01
2.546235103643082476e-01
2.862610780114187015e-01
2.862610780114187015e-01
2.862610780114185349e-01
2.862610780114185349e-01
2.862610780114187570e-01
2.862610780114187570e-01
2.862610780114186459e-01
2.887994496328652461e-01
3.115085995711859290e-01
3.503294776598185889e-01
4.075283555182281914e-01
4.651579449871764416e-01
5.076975929149606381e-01
5.076975929149606381e-01
4.651579449871764416e-01
4.075283555182281914e-01
3.503294776598189220e-01
3.115085995711857070e-01
2.887994496328654681e-01
2.862610780114185904e-01
2.862610780114187570e-01
2.862610780114186459e-01
2.862610780114188125e-01
2.862610780114188125e-01
2.862610780114187015e-01
2.862610780114188125e-01
2.862610780114186459e-01
2.862610780114187570e-01
2.862610780114187570e-01
2.862610780114187015e-01
2.862610780114187015e-01
2.862610780114187570e-01
2.862610780114187570e-01
2.862610780114185349e-01
2.862610780114186459e-01
2.862610780114186459e-01
2.862610780114187570e-01
2.862610780114190345e-01
2.862610780114189235e-01
2.862610780114186459e-01
2.862610780114187570e-01
2.862610780114187015e-01
2.862610780114187015e-01
2.862610780114188125e-01
2.862610780114187015e-01
2.862610780114187570e-01
2.862610780114188125e-01
2.862610780114187015e-01
2.862610780114187570e-01
2.862610780114189235e-01
2.862610780114187570e-01
2.862610780114186459e-01
2.862610780114186459e-01
2.862610780114185349e-01
2.862610780114186459e-01
2.862610780114189235e-01
2.862610780114187570e-01
2.546235103643083031e-01
1.825994351177290531e-01
1.825994351177291919e-01
2.546235103643083586e-01
2.862610780114184239e-01
2.862610780114185904e-01
2.862610780114186459e-01
2.862610780114186459e-01
2.862610780114187570e-01
2.862610780114186459e-01
2.887994496328656902e-01
3.115085995711858180e-01
3.654559250886274535e-01
4.381586915990459130e-01
5.230896253507522076e-01
5.898491777716172724e-01
6.239314790995115212e-01
6.239314790995114102e-01
5.898491777716171613e-01
5.230896253507522076e-01
4.381586915990460795e-01
3.654559250886274535e-01
3.115085995711858180e-01
2.887994496328656902e-01
2.862610780114187015e-01
2.862610780114186459e-01
2.862610780114187570e-01
2.862610780114189235e-01
2.862610780114187570e-01
2.862610780114188125e-01
2.862610780114187570e-01
2.862610780114188125e-01
2.862610780114187570e-01
2.862610780114188125e-01
2.862610780114187570e-01
2.862610780114187570e-01
2.862610780114187570e-01
2.862610780114189790e-01
2.862610780114187570e-01
2.862610780114186459e-01
2.862610780114188125e-01
2.862610780114187015e-01
2.862610780114189235e-01
2.862610780114185349e-01
2.862610780114186459e-01
2.862610780114187570e-01
2.862610780114187570e-01
2.862610780114187015e-01
2.862610780114185904e-01
2.862610780114187570e-01
2.862610780114187015e-01
2.862610780114185904e-01
2.862610780114188125e-01
2.862610780114186459e-01
2.862610780114187570e-01
2.862610780114186459e-01
2.862610780114187015e-01
2.862610780114187015e-01
2.862610780114189235e-01
2.862610780114189235e-01
2.862610780114188125e-01
2.546235103643083586e-01
1.825994351177291364e-01
1.825994351177295527e-01
2.546235103643083586e-01
2.862610780114188125e-01
2.862610780114186459e-01
2.862610780114186459e-01
2.862610780114185349e-01
2.862610780114189235e-01
2.887994496328659677e-01
3.115085995711858180e-01
3.654559250886275090e-01
4.498877968503823266e-01
5.474761989412874064e-01
6.229516258554665953e-01
6.735322387927248355e-01
6.973176500161714086e-01
6.973176500161711866e-01
6.735322387927250576e-01
6.229516258554665953e-01
5.474761989412877394e-01
4.498877968503822711e-01
3.654559250886276200e-01
3.115085995711857070e-01
2.887994496328659677e-01
2.862610780114187570e-01
2.862610780114187015e-01
2.862610780114189235e-01
2.862610780114187570e-01
2.862610780114186459e-01
2.862610780114189235e-01
2.862610780114187570e-01
2.862610780114187570e-01
2.862610780114187570e-01
2.862610780114187570e-01
2.862610780114186459e-01
2.862610780114187570e-01
2.862610780114187570e-01
2.862610780114187570e-01
2.862610780114187570e-01
2.862610780114187570e-01
2.862610780114189235e-01
2.862610780114189235e-01
2.862610780114186459e-01
2.862610780114187015e-01
2.862610780114187570e-01
2.862610780114188125e-01
2.862610780114187570e-01
2.862610780114187015e-01
2.862610780114187570e-01
2.862610780114187570e-01
2.862610780114187015e-01
2.862610780114189235e-01
2.862610780114186459e-01
2.862610780114187570e-01
2.862610780114187015e-01
2.862610780114186459e-01
2.862610780114187570e-01
2.862610780114187015e-01
2.862610780114186459e-01
2.862610780114188125e-01
2.546235103643083586e-01
1.825994351177291919e-01
1.850126105031284496e-01
2.683175005044568517e-01
3.124711936018453873e-01
3.124711936018456093e-01
3.001309551994704172e-01
2.887994496328656902e-01
2.887994496328658567e-01
3.115085995711858180e-01
3.654559250886273425e-01
4.498877968503821045e-01
5.501122031496181730e-01
6.345440749113725465e-01
6.884914004288140710e-01
7.112005503671341433e-01
7.137389219885814651e-01
7.137389219885814651e-01
7.112005503671341433e-01
6.884914004288139600e-01
6.345440749113728796e-01
5.501122031496180620e-01
4.498877968503823266e-01
3.654559250886273425e-01
3.115085995711857070e-01
2.887994496328656346e-01
2.887994496328658567e-01
3.001309551994705282e-01
3.124711936018457759e-01
3.124711936018454983e-01
3.001309551994705282e-01
2.887994496328658567e-01
2.862610780114187015e-01
2.862610780114186459e-01
2.862610780114187570e-01
2.862610780114187570e-01
2.862610780114187570e-01
2.862610780114187015e-01
2.862610780114187570e-01
2.862610780114187570e-01
2.862610780114190345e-01
2.862610780114186459e-01
2.862610780114190345e-01
2.862610780114185349e-01
2.862610780114187015e-01
2.862610780114187570e-01
2.862610780114186459e-01
2.862610780114189235e-01
2.862610780114187015e-01
2.862610780114187015e-01
2.862610780114187570e-01
2.862610780114186459e-01
2.862610780114187570e-01
2.862610780114186459e-01
2.862610780114190345e-01
2.862610780114188125e-01
2.862610780114186459e-01
2.862610780114187570e-01
2.862610780114187570e-01
2.862610780114189235e-01
2.862610780114187570e-01
2.546235103643081921e-01
1.825994351177291919e-01
1.957991854970429768e-01
3.030526451410013866e-01
3.690349310889425305e-01
3.780284342027375177e-01
3.503294776598186999e-01
3.115085995711860956e-01
3.026823499838288134e-01
3.503294776598188109e-01
4.381586915990460240e-01
5.474761989412875174e-01
6.345440749113724355e-01
6.884914004288139600e-01
7.112005503671341433e-01
7.137389219885814651e-01
7.137389219885813541e-01
7.137389219885811320e-01
7.137389219885813541e-01
7.112005503671341433e-01
6.884914004288139600e-01
6.345440749113723244e-01
5.474761989412877394e-01
4.381586915990456910e-01
3.503294776598188109e-01
3.026823499838287024e-01
3.115085995711860956e-01
3.503294776598189220e-01
3.780284342027376843e-01
3.690349310889426415e-01
3.352631603442699504e-01
3.001309551994704172e-01
2.862610780114187570e-01
2.862610780114188125e-01
2.862610780114186459e-01
2.862610780114189235e-01
2.862610780114187570e-01
2.862610780114187570e-01
2.862610780114187570e-01
2.862610780114189790e-01
2.862610780114187570e-01
2.862610780114186459e-01
2.862610780114189790e-01
2.862610780114185904e-01
2.862610780114186459e-01
2.862610780114188125e-01
2.862610780114187570e-01
2.862610780114188125e-01
2.862610780114187015e-01
2.862610780114187570e-01
2.862610780114186459e-01
2.862610780114186459e-01
2.862610780114189235e-01
2.862610780114186459e-01
2.862610780114189235e-01
2.862610780114187015e-01
2.862610780114189235e-01
2.862610780114189235e-01
2.862610780114187570e-01
2.862610780114187570e-01
2.862610780114187570e-01
2.546235103643084696e-01
1.825994351177292474e-01
2.209578824947068532e-01
3.631340178681234376e-01
4.688899923693259364e-01
4.841767134682449791e-01
4.381586915990457465e-01
3.680568306895600772e-01
3.520456861189013575e-01
4.101508222283828942e-01
5.230896253507519855e-01
6.229516258554669283e-01
6.884914004288140710e-01
7.112005503671341433e-01
7.137389219885811320e-01
7.137389219885815761e-01
7.137389219885810210e-01
7.137389219885809100e-01
7.137389219885815761e-01
7.137389219885811320e-01
7.112005503671341433e-01
6.884914004288139600e-01
6.229516258554669283e-01
5.230896253507518745e-01
4.101508222283828387e-01
3.520456861189011355e-01
3.680568306895601327e-01
4.381586915990459130e-01
4.841767134682450902e-01
4.688899923693261029e-01
3.958656344305654939e-01
3.264677612072751089e-01
2.887994496328660787e-01
2.862610780114187570e-01
2.862610780114187570e-01
2.862610780114187570e-01
2.862610780114186459e-01
2.862610780114189235e-01
2.862610780114187570e-01
2.862610780114187570e-01
2.862610780114187570e-01
2.862610780114187570e-01
2.862610780114187570e-01
2.862610780114186459e-01
2.862610780114187015e-01
2.862610780114189235e-01
2.862610780114187570e-01
2.862610780114187015e-01
2.862610780114187570e-01
2.862610780114188125e-01
2.862610780114187570e-01
2.862610780114187570e-01
2.862610780114187570e-01
2.862610780114187570e-01
2.862610780114187015e-01
2.862610780114187570e-01
2.862610780114186459e-01
2.862610780114187570e-01
2.862610780114187570e-01
2.862610780114189235e-01
2.862610780114187015e-01
2.546235103643081921e-01
1.825994351177291919e-01
2.549822317207349198e-01
4.294553571763711775e-01
5.638203937209145256e-01
5.934571582009893209e-01
5.474761989412870733e-01
4.642671635914060180e-01
4.425363210862078289e-01
4.913095337441528709e-01
5.924716444817718086e-01
6.735322387927250576e-01
7.112005503671341433e-01
7.137389219885814651e-01
7.137389219885814651e-01
7.137389219885814651e-01
7.137389219885815761e-01
7.137389219885814651e-01
7.137389219885813541e-01
7.137389219885814651e-01
7.137389219885816871e-01
7.112005503671341433e-01
6.735322387927248355e-01
5.924716444817716976e-01
4.913095337441528709e-01
4.425363210862076624e-01
4.642671635914061290e-01
5.474761989412872953e-01
5.934571582009895430e-01
5.638203937209146366e-01
4.625194904368535864e-01
3.618799431554576840e-01
3.001309551994706948e-01
2.862610780114187570e-01
2.862610780114187570e-01
2.862610780114187015e-01
2.862610780114187015e-01
2.862610780114187570e-01
2.862610780114185904e-01
2.862610780114185904e-01
2.862610780114187570e-01
2.862610780114187570e-01
2.862610780114187570e-01
2.862610780114184239e-01
2.862610780114184239e-01
2.862610780114189235e-01
2.862610780114187015e-01
2.862610780114188125e-01
2.862610780114186459e-01
2.862610780114187015e-01
2.862610780114185349e-01
2.862610780114186459e-01
2.862610780114187570e-01
2.862610780114187015e-01
2.862610780114189235e-01
2.862610780114186459e-01
2.862610780114186459e-01
2.862610780114187570e-01
2.862610780114187570e-01
2.862610780114189235e-01
2.862610780114187570e-01
2.546235103643081921e-01
1.825994351177293584e-01
2.868954398262794636e-01
4.899431031356935584e-01
6.329210482166722773e-01
6.744991809575208164e-01
6.345440749113724355e-01
5.771722030662902458e-01
5.492223633628493529e-01
5.888630994495479554e-01
6.496705223401809670e-01
6.998690448005294718e-01
7.137389219885811320e-01
7.137389219885814651e-01
7.137389219885811320e-01
7.137389219885815761e-01
7.137389219885815761e-01
7.137389219885814651e-01
7.137389219885814651e-01
7.137389219885813541e-01
7.137389219885813541e-01
7.137389219885810210e-01
6.998690448005294718e-01
6.496705223401809670e-01
5.888630994495477333e-01
5.492223633628493529e-01
5.771722030662902458e-01
6.345440749113728796e-01
6.744991809575208164e-01
6.329210482166721663e-01
5.230896253507518745e-01
3.948820983116554939e-01
3.150334358273630952e-01
2.862610780114189235e-01
2.862610780114186459e-01
2.862610780114189235e-01
2.862610780114186459e-01
2.862610780114189235e-01
2.862610780114187015e-01
2.862610780114186459e-01
2.862610780114188125e-01
2.862610780114187570e-01
2.862610780114187570e-01
2.862610780114185904e-01
2.862610780114187570e-01
2.862610780114187015e-01
2.862610780114187570e-01
2.862610780114188125e-01
2.862610780114187015e-01
2.862610780114186459e-01
2.862610780114189235e-01
2.862610780114187015e-01
2.862610780114187570e-01
2.862610780114187570e-01
2.862610780114189235e-01
2.862610780114186459e-01
2.862610780114187015e-01
2.862610780114189235e-01
2.862610780114186459e-01
2.862610780114189235e-01
2.862610780114188125e-01
2.546235103643082476e-01
1.825994351177293029e-01
3.254069490478926907e-01
5.324849014650695489e-01
6.620575016853896821e-01
7.086597295697241172e-01
6.884914004288140710e-01
6.611858944369538582e-01
6.460055337233547856e-01
6.611858944369538582e-01
6.884914004288138489e-01
7.112005503671343654e-01
7.137389219885815761e-01
7.137389219885813541e-01
7.137389219885813541e-01
7.137389219885814651e-01
7.137389219885813541e-01
7.137389219885813541e-01
7.137389219885814651e-01
7.137389219885814651e-01
7.137389219885814651e-01
7.137389219885815761e-01
7.112005503671343654e-01
6.884914004288139600e-01
6.611858944369539692e-01
6.460055337233547856e-01
6.611858944369538582e-01
6.884914004288141820e-01
7.086597295697241172e-01
6.620575016853896821e-01
5.655637641979629482e-01
4.344362358020369408e-01
3.379424983146101513e-01
2.887994496328655236e-01
2.862610780114186459e-01
2.862610780114187570e-01
2.862610780114186459e-01
2.862610780114186459e-01
2.862610780114187570e-01
2.862610780114187570e-01
2.862610780114187015e-01
2.862610780114187570e-01
2.862610780114188125e-01
2.862610780114186459e-01
2.862610780114187015e-01
2.862610780114186459e-01
2.862610780114187015e-01
2.862610780114187570e-01
2.862610780114187570e-01
2.862610780114187015e-01
2.862610780114187570e-01
2.862610780114187015e-01
2.862610780114187570e-01
2.862610780114186459e-01
2.862610780114188125e-01
2.862610780114187570e-01
2.862610780114186459e-01
2.862610780114187015e-01
2.862610780114186459e-01
2.862610780114187570e-01
2.862610780114186459e-01
2.546235103643085251e-01
1.825994351177291919e-01
3.670836597997260142e-01
5.721954148598572543e-01
6.849665641726370158e-01
7.137389219885814651e-01
7.112005503671341433e-01
7.024181121082084811e-01
6.989102342651707378e-01
7.024181121082082591e-01
7.112005503671341433e-01
7.137389219885811320e-01
7.137389219885814651e-01
7.137389219885813541e-01
7.137389219885811320e-01
7.137389219885815761e-01
7.137389219885811320e-01
7.137389219885811320e-01
7.137389219885814651e-01
7.137389219885811320e-01
7.137389219885813541e-01
7.137389219885814651e-01
7.137389219885811320e-01
7.112005503671343654e-01
7.024181121082082591e-01
6.989102342651709598e-01
7.024181121082087031e-01
7.112005503671341433e-01
7.137389219885813541e-01
6.849665641726371268e-01
6.051179016883445616e-01
4.769103746492478479e-01
3.644786431499616453e-01
3.001309551994704172e-01
2.862610780114186459e-01
2.862610780114187570e-01
2.862610780114189235e-01
2.862610780114187570e-01
2.862610780114184239e-01
2.862610780114187015e-01
2.862610780114187570e-01
2.862610780114187570e-01
2.862610780114189235e-01
2.862610780114186459e-01
2.862610780114186459e-01
2.862610780114185904e-01
2.862610780114188125e-01
2.862610780114188125e-01
2.862610780114187570e-01
2.862610780114185904e-01
2.862610780114187570e-01
2.862610780114187570e-01
2.862610780114187570e-01
2.862610780114187015e-01
2.862610780114190345e-01
2.862610780114187570e-01
2.862610780114185349e-01
2.862610780114187570e-01
2.862610780114187570e-01
2.862610780114187570e-01
2.862610780114187570e-01
2.546235103643082476e-01
1.825994351177291919e-01
4.127791146772168407e-01
6.027804737126650769e-01
6.998690448005295828e-01
7.137389219885813541e-01
7.137389219885813541e-01
7.137389219885809100e-01
7.137389219885813541e-01
7.137389219885813541e-01
7.137389219885809100e-01
7.137389219885814651e-01
7.137389219885815761e-01
7.137389219885815761e-01
7.137389219885814651e-01
7.137389219885814651e-01
7.137389219885813541e-01
7.137389219885814651e-01
7.137389219885814651e-01
7.137389219885815761e-01
7.137389219885814651e-01
7.137389219885815761e-01
7.137389219885814651e-01
7.137389219885809100e-01
7.137389219885811320e-01
7.137389219885813541e-01
7.137389219885811320e-01
7.137389219885814651e-01
7.137389219885810210e-01
6.998690448005294718e-01
6.381200568445423160e-01
5.348420550128235584e-01
4.101508222283828387e-01
3.264677612072753310e-01
2.887994496328656346e-01
2.862610780114187570e-01
2.862610780114187015e-01
2.862610780114187015e-01
2.862610780114186459e-01
2.862610780114186459e-01
2.862610780114188125e-01
2.862610780114188125e-01
2.862610780114189235e-01
2.862610780114185349e-01
2.862610780114185904e-01
2.862610780114187015e-01
2.862610780114187015e-01
2.862610780114187570e-01
2.862610780114187015e-01
2.862610780114186459e-01
2.862610780114186459e-01
2.862610780114186459e-01
2.862610780114189235e-01
2.862610780114187015e-01
2.862610780114188125e-01
2.862610780114187015e-01
2.862610780114188125e-01
2.862610780114187570e-01
2.862610780114187570e-01
2.862610780114187015e-01
2.887994496328656902e-01
2.657999470743453996e-01
1.967129348107859999e-01
3.916008744627733629e-01
5.547332775746863787e-01
6.358984228636326286e-01
6.384968870315362865e-01
6.384968870315362865e-01
6.384968870315363976e-01
6.384968870315363976e-01
6.384968870315362865e-01
6.384968870315362865e-01
6.384968870315363976e-01
6.384968870315363976e-01
6.384968870315363976e-01
6.384968870315363976e-01
6.384968870315362865e-01
6.384968870315363976e-01
6.384968870315363976e-01
6.384968870315362865e-01
6.384968870315363976e-01
6.384968870315365086e-01
6.384968870315363976e-01
6.384968870315362865e-01
6.384968870315361755e-01
6.384968870315362865e-01
6.384968870315362865e-01
6.384968870315366196e-01
6.384968870315365086e-01
6.384968870315361755e-01
6.358984228636327396e-01
5.974430539186875722e-01
5.153485928771083247e-01
4.024660710245390183e-01
3.154052933185567675e-01
2.657999470743453996e-01
2.546235103643084696e-01
2.546235103643084696e-01
2.546235103643085251e-01
2.546235103643083031e-01
2.546235103643084696e-01
2.546235103643086362e-01
2.546235103643086362e-01
2.546235103643085806e-01
2.546235103643084696e-01
2.546235103643083031e-01
2.546235103643085251e-01
2.546235103643084696e-01
2.546235103643086362e-01
2.546235103643084696e-01
2.546235103643085251e-01
2.546235103643084696e-01
2.546235103643085251e-01
2.546235103643084696e-01
2.546235103643084696e-01
2.546235103643086362e-01
2.546235103643085251e-01
2.546235103643083586e-01
2.546235103643085251e-01
2.546235103643084696e-01
2.546235103643085251e-01
2.657999470743453996e-01
2.482289337386590355e-01
1.903244469104395931e-01
2.920859941812485872e-01
4.068609302563783170e-01
4.587937045032103311e-01
4.587937045032104422e-01
4.587937045032103311e-01
4.587937045032104422e-01
4.587937045032106642e-01
4.587937045032103311e-01
4.587937045032104422e-01
4.587937045032103311e-01
4.587937045032104422e-01
4.587937045032106642e-01
4.587937045032103867e-01
4.587937045032104422e-01
4.587937045032104422e-01
4.587937045032104422e-01
4.587937045032104422e-01
4.587937045032106642e-01
4.587937045032107197e-01
4.587937045032104422e-01
4.587937045032103867e-01
4.587937045032103867e-01
4.587937045032103867e-01
4.587937045032104422e-01
4.587937045032106642e-01
4.587937045032107752e-01
4.587937045032103867e-01
4.587937045032105532e-01
4.444205564758593185e-01
3.931541201582875456e-01
3.176024865890672566e-01
2.387869252121662400e-01
1.967129348107859999e-01
1.825994351177291919e-01
1.825994351177291919e-01
1.825994351177291919e-01
1.825994351177291364e-01
1.825994351177291919e-01
1.825994351177291919e-01
1.825994351177291919e-01
1.825994351177293029e-01
1.825994351177291364e-01
1.825994351177291364e-01
1.825994351177291919e-01
1.825994351177291919e-01
1.825994351177293029e-01
1.825994351177291919e-01
1.825994351177291919e-01
1.825994351177291919e-01
1.825994351177291919e-01
1.825994351177293029e-01
1.825994351177291919e-01
1.825994351177293584e-01
1.825994351177293029e-01
1.825994351177291919e-01
1.825994351177293029e-01
1.825994351177291919e-01
1.825994351177292474e-01
1.967129348107859999e-01
1.903244469104393710e-01
1.586884653883621210e-01
