1.023776186403962786e-16
1.023776186403962786e-16
1.023776186403962786e-16
1.023776186403962786e-16
0.000000000000000000e+00
4.840357287271473963e-03
2.686012916382147023e-02
8.057736452095626278e-02
1.929221956209872246e-01
3.481748123667940398e-01
5.292858527370264410e-01
6.382509082901749453e-01
6.768826044064951697e-01
6.768826044064951697e-01
6.768826044064953917e-01
6.768826044064952807e-01
6.768826044064953917e-01
6.768826044064951697e-01
6.382509082901749453e-01
5.292858527370264410e-01
3.481748123667940398e-01
1.929221956209872246e-01
8.057736452095637381e-02
2.686012916382147023e-02
4.840357287271576311e-03
1.023776186403962786e-16
1.023776186403962786e-16
1.023776186403962786e-16
0.000000000000000000e+00
2.875397651238007293e-02
1.148722669837693722e-01
2.832704785687189530e-01
4.687598576825378616e-01
6.109234683364521690e-01
6.702959772059312593e-01
6.768826044064952807e-01
6.768826044064951697e-01
6.768826044064951697e-01
6.768826044064948366e-01
6.382509082901747233e-01
5.292858527370266630e-01
3.415394880310254622e-01
1.661923646659285436e-01
4.963748989232348585e-02
4.840357287271473963e-03
1.023776186403962786e-16
4.840357287271473963e-03
4.963748989232348585e-02
1.661923646659286269e-01
3.415394880310254622e-01
5.292858527370264410e-01
6.382509082901747233e-01
6.768826044064951697e-01
6.768826044064951697e-01
6.768826044064953917e-01
6.768826044064953917e-01
6.702959772059312593e-01
6.109234683364521690e-01
4.687598576825377505e-01
2.832704785687189530e-01
1.148722669837691640e-01
1.023776186403962786e-16
1.023776186403962786e-16
0.000000000000000000e+00
1.023776186403962786e-16
4.840357287271370747e-03
4.963748989232338177e-02
1.321603566007128749e-01
2.656044005125994256e-01
4.403828648800297563e-01
6.518251876332058492e-01
8.009915145467574327e-01
8.893562082319536044e-01
9.139884809172867941e-01
9.139884809172867941e-01
9.139884809172869051e-01
9.139884809172867941e-01
9.139884809172867941e-01
9.139884809172870161e-01
8.893562082319536044e-01
8.009915145467574327e-01
6.518251876332057382e-01
4.403828648800297563e-01
2.656044005125994811e-01
1.321603566007129860e-01
4.963748989232348585e-02
4.840357287271576311e-03
0.000000000000000000e+00
0.000000000000000000e+00
0.000000000000000000e+00
2.184834526701938048e-02
1.013643652272065016e-01
2.680071644486496374e-01
5.153753902981176305e-01
7.304045711755120518e-01
8.582473930325168476e-01
9.085180742209593152e-01
9.139884809172864610e-01
9.139884809172865721e-01
9.139884809172867941e-01
8.893562082319533824e-01
8.009915145467572106e-01
6.220940704378827846e-01
3.712036876622499260e-01
1.661923646659286269e-01
4.963748989232348585e-02
9.719361960710267562e-03
4.963748989232348585e-02
1.661923646659286269e-01
3.712036876622499815e-01
6.220940704378827846e-01
8.009915145467569886e-01
8.893562082319533824e-01
9.139884809172867941e-01
9.139884809172866831e-01
9.139884809172865721e-01
9.085180742209593152e-01
8.582473930325168476e-01
7.304045711755120518e-01
5.153753902981176305e-01
2.680071644486496374e-01
1.013643652272064460e-01
1.023776186403962786e-16
1.023776186403962786e-16
4.840357287271473963e-03
2.686012916382136614e-02
8.057736452095626278e-02
1.929221956209870859e-01
3.481748123667939843e-01
5.596171351199697996e-01
7.343955994874004078e-01
8.678396433992872083e-01
9.503625101076763615e-01
9.951596427127284983e-01
9.999999999999995559e-01
9.999999999999997780e-01
1.000000000000000000e+00
9.999999999999997780e-01
9.999999999999997780e-01
9.999999999999997780e-01
9.951596427127284983e-01
9.503625101076763615e-01
8.678396433992867642e-01
7.343955994874006299e-01
5.596171351199702437e-01
3.481748123667940953e-01
1.929221956209872246e-01
8.057736452095637381e-02
2.686012916382126553e-02
4.840357287271370747e-03
1.023776186403962786e-16
4.840357287271576311e-03
4.963748989232348585e-02
1.661923646659286269e-01
3.779059295621170489e-01
6.584605119689743713e-01
8.678396433992869863e-01
9.731398708361785888e-01
1.000000000000000000e+00
1.000000000000000000e+00
9.999999999999997780e-01
9.951596427127282762e-01
9.503625101076765835e-01
8.338076353340713176e-01
6.220940704378827846e-01
3.415394880310255732e-01
1.321603566007128749e-01
5.485610869863767614e-02
1.321603566007128749e-01
3.415394880310255732e-01
6.220940704378831176e-01
8.338076353340713176e-01
9.503625101076765835e-01
9.951596427127282762e-01
1.000000000000000000e+00
9.999999999999997780e-01
1.000000000000000000e+00
9.731398708361785888e-01
8.678396433992872083e-01
6.584605119689743713e-01
3.779059295621169379e-01
1.661923646659282661e-01
4.963748989232338177e-02
1.023776186403962786e-16
1.023776186403962786e-16
2.686012916382136614e-02
9.927966303980945151e-02
2.374107005328232878e-01
4.335861384135768493e-01
6.518251876332056272e-01
8.070778043790127754e-01
9.194226354790437927e-01
9.731398708361785888e-01
9.951596427127287203e-01
1.000000000000000000e+00
9.999999999999997780e-01
1.000000000000000000e+00
9.999999999999997780e-01
1.000000000000000000e+00
1.000000000000000000e+00
9.999999999999997780e-01
9.999999999999997780e-01
9.951596427127284983e-01
9.731398708361785888e-01
9.194226354790436817e-01
8.070778043790128864e-01
6.518251876332058492e-01
4.335861384135770158e-01
2.374107005328235376e-01
9.927966303980940987e-02
2.686012916382136614e-02
0.000000000000000000e+00
0.000000000000000000e+00
4.840357287271473963e-03
4.963748989232322911e-02
1.929221956209872246e-01
4.403828648800300338e-01
7.343955994874001858e-01
9.194226354790440148e-01
9.951596427127282762e-01
9.999999999999997780e-01
9.999999999999997780e-01
1.000000000000000000e+00
9.951596427127287203e-01
9.451438913013623377e-01
7.735406893812255547e-01
4.894958884158956969e-01
2.013040039374993928e-01
1.071486962825159983e-01
2.013040039374993928e-01
4.894958884158956969e-01
7.735406893812255547e-01
9.451438913013623377e-01
9.951596427127284983e-01
1.000000000000000000e+00
1.000000000000000000e+00
9.999999999999997780e-01
9.951596427127284983e-01
9.194226354790440148e-01
7.343955994874004078e-01
4.403828648800298673e-01
1.929221956209872246e-01
4.963748989232338177e-02
4.840357287271473963e-03
1.023776186403962786e-16
4.840357287271576311e-03
8.057736452095626278e-02
2.374107005328234266e-01
4.897574509325483549e-01
7.057254913309045641e-01
8.678396433992867642e-01
9.503625101076765835e-01
9.951596427127284983e-01
1.000000000000000000e+00
9.999999999999997780e-01
1.000000000000000000e+00
1.000000000000000000e+00
1.000000000000000000e+00
1.000000000000000000e+00
1.000000000000000000e+00
1.000000000000000000e+00
1.000000000000000000e+00
9.999999999999997780e-01
9.999999999999997780e-01
9.999999999999997780e-01
9.951596427127282762e-01
9.503625101076765835e-01
8.678396433992872083e-01
7.057254913309048971e-01
4.897574509325486325e-01
2.374107005328234821e-01
8.057736452095626278e-02
4.840357287271473963e-03
0.000000000000000000e+00
2.047552372807925571e-16
4.840357287271473963e-03
8.057736452095611013e-02
2.656044005125994811e-01
5.596171351199697996e-01
8.070778043790127754e-01
9.503625101076765835e-01
9.951596427127282762e-01
1.000000000000000000e+00
9.999999999999997780e-01
1.000000000000000000e+00
9.680898571192869673e-01
8.093579515677378211e-01
5.198970466514194477e-01
2.074307553489925238e-01
1.071486962825159567e-01
2.074307553489925238e-01
5.198970466514194477e-01
8.093579515677379321e-01
9.680898571192871893e-01
1.000000000000000000e+00
9.999999999999997780e-01
1.000000000000000000e+00
9.951596427127282762e-01
9.503625101076768056e-01
8.070778043790126643e-01
5.596171351199701327e-01
2.656044005125994811e-01
8.057736452095620727e-02
4.840357287271473963e-03
0.000000000000000000e+00
4.840357287271576311e-03
4.963748989232333320e-02
1.929221956209873357e-01
4.335861384135768493e-01
7.057254913309048971e-01
8.872444421265106573e-01
9.731398708361785888e-01
9.951596427127284983e-01
1.000000000000000000e+00
9.999999999999997780e-01
1.000000000000000000e+00
1.000000000000000000e+00
9.999999999999997780e-01
1.000000000000000000e+00
1.000000000000000000e+00
1.000000000000000000e+00
1.000000000000000000e+00
1.000000000000000000e+00
1.000000000000000000e+00
1.000000000000000000e+00
9.999999999999997780e-01
1.000000000000000000e+00
9.951596427127284983e-01
9.731398708361785888e-01
8.872444421265106573e-01
7.057254913309050082e-01
4.335861384135767382e-01
1.929221956209873357e-01
4.963748989232348585e-02
4.840357287271473963e-03
0.000000000000000000e+00
2.047552372807925571e-16
2.686012916382126553e-02
1.321603566007127639e-01
3.415394880310256287e-01
6.220940704378831176e-01
8.338076353340710956e-01
9.503625101076765835e-01
9.951596427127284983e-01
9.999999999999997780e-01
9.951596427127287203e-01
9.194226354790436817e-01
7.279962325020035152e-01
4.101805740362394759e-01
1.580582707082953675e-01
5.485610869863757205e-02
1.580582707082953675e-01
4.101805740362394759e-01
7.279962325020037373e-01
9.194226354790436817e-01
9.951596427127284983e-01
9.999999999999997780e-01
9.951596427127287203e-01
9.503625101076765835e-01
8.338076353340713176e-01
6.220940704378831176e-01
3.415394880310256287e-01
1.321603566007130415e-01
2.686012916382136614e-02
0.000000000000000000e+00
0.000000000000000000e+00
2.686012916382136614e-02
1.321603566007129860e-01
3.481748123667940398e-01
6.518251876332058492e-01
8.678396433992872083e-01
9.731398708361785888e-01
9.999999999999997780e-01
1.000000000000000000e+00
1.000000000000000000e+00
1.000000000000000000e+00
9.999999999999997780e-01
1.000000000000000000e+00
1.000000000000000000e+00
1.000000000000000000e+00
1.000000000000000000e+00
1.000000000000000000e+00
1.000000000000000000e+00
9.999999999999997780e-01
1.000000000000000000e+00
9.999999999999997780e-01
9.999999999999997780e-01
1.000000000000000000e+00
9.999999999999997780e-01
1.000000000000000000e+00
9.731398708361785888e-01
8.678396433992874304e-01
6.518251876332058492e-01
3.481748123667940398e-01
1.321603566007128749e-01
2.686012916382147023e-02
2.047552372807925571e-16
1.023776186403962786e-16
4.840357287271268398e-03
4.963748989232348585e-02
1.661923646659285436e-01
3.779059295621171599e-01
6.584605119689743713e-01
8.678396433992867642e-01
9.731398708361782557e-01
9.951596427127287203e-01
9.503625101076765835e-01
8.070778043790128864e-01
5.596171351199696886e-01
2.656044005125993701e-01
8.057736452095626278e-02
9.719361960710267562e-03
8.057736452095626278e-02
2.656044005125993701e-01
5.596171351199699107e-01
8.070778043790126643e-01
9.503625101076763615e-01
9.951596427127287203e-01
9.731398708361785888e-01
8.678396433992867642e-01
6.584605119689743713e-01
3.779059295621171599e-01
1.661923646659286269e-01
4.963748989232338177e-02
4.840357287271473963e-03
0.000000000000000000e+00
1.023776186403962786e-16
8.057736452095637381e-02
2.656044005125994256e-01
5.596171351199702437e-01
8.070778043790128864e-01
9.503625101076763615e-01
9.951596427127284983e-01
9.999999999999997780e-01
1.000000000000000000e+00
9.999999999999997780e-01
1.000000000000000000e+00
9.999999999999995559e-01
1.000000000000000000e+00
9.999999999999997780e-01
1.000000000000000000e+00
1.000000000000000000e+00
1.000000000000000000e+00
9.999999999999997780e-01
1.000000000000000000e+00
9.999999999999997780e-01
9.999999999999997780e-01
9.999999999999997780e-01
1.000000000000000000e+00
1.000000000000000000e+00
9.999999999999997780e-01
9.951596427127287203e-01
9.503625101076765835e-01
8.070778043790127754e-01
5.596171351199701327e-01
2.656044005125993701e-01
8.057736452095590196e-02
4.840357287271576311e-03
0.000000000000000000e+00
1.023776186403962786e-16
4.840357287271473963e-03
4.963748989232338177e-02
1.929221956209869193e-01
4.403828648800299783e-01
7.343955994874004078e-01
9.139884809172867941e-01
9.451438913013623377e-01
8.338076353340715396e-01
6.220940704378831176e-01
3.415394880310254622e-01
1.321603566007128749e-01
2.686012916382136614e-02
0.000000000000000000e+00
2.686012916382136614e-02
1.321603566007128749e-01
3.415394880310253511e-01
6.220940704378831176e-01
8.338076353340715396e-01
9.451438913013621157e-01
9.139884809172867941e-01
7.343955994874008519e-01
4.403828648800299783e-01
1.929221956209870859e-01
4.963748989232348585e-02
4.840357287271268398e-03
2.047552372807925571e-16
2.047552372807925571e-16
0.000000000000000000e+00
1.929221956209871969e-01
4.403828648800303114e-01
7.343955994874006299e-01
9.194226354790437927e-01
9.951596427127284983e-01
1.000000000000000000e+00
9.999999999999997780e-01
1.000000000000000000e+00
1.000000000000000000e+00
9.999999999999997780e-01
1.000000000000000000e+00
1.000000000000000000e+00
1.000000000000000000e+00
1.000000000000000000e+00
1.000000000000000000e+00
1.000000000000000000e+00
1.000000000000000000e+00
1.000000000000000000e+00
9.999999999999997780e-01
1.000000000000000000e+00
9.999999999999997780e-01
1.000000000000000000e+00
1.000000000000000000e+00
9.999999999999997780e-01
1.000000000000000000e+00
9.951596427127284983e-01
9.194226354790436817e-01
7.343955994874004078e-01
4.403828648800296452e-01
1.929221956209866695e-01
4.963748989232348585e-02
4.840357287271473963e-03
0.000000000000000000e+00
0.000000000000000000e+00
4.840357287271370747e-03
8.057736452095631829e-02
2.720037674979960962e-01
5.898194259637602466e-01
8.093579515677381542e-01
8.360359379071915509e-01
6.584605119689743713e-01
3.779059295621167158e-01
1.661923646659285436e-01
4.963748989232348585e-02
4.840357287271473963e-03
1.023776186403962786e-16
4.840357287271473963e-03
4.963748989232338177e-02
1.661923646659286269e-01
3.779059295621169379e-01
6.584605119689743713e-01
8.360359379071913288e-01
8.093579515677382652e-01
5.898194259637603576e-01
2.720037674979962072e-01
8.057736452095631829e-02
4.840357287271370747e-03
1.023776186403962786e-16
0.000000000000000000e+00
0.000000000000000000e+00
0.000000000000000000e+00
3.481748123667941508e-01
6.518251876332060712e-01
8.678396433992872083e-01
9.731398708361785888e-01
9.999999999999997780e-01
9.999999999999997780e-01
1.000000000000000000e+00
1.000000000000000000e+00
1.000000000000000000e+00
1.000000000000000000e+00
1.000000000000000000e+00
1.000000000000000000e+00
9.999999999999995559e-01
9.999999999999997780e-01
9.999999999999997780e-01
9.999999999999997780e-01
9.999999999999995559e-01
9.999999999999997780e-01
1.000000000000000000e+00
1.000000000000000000e+00
9.999999999999997780e-01
1.000000000000000000e+00
1.000000000000000000e+00
1.000000000000000000e+00
9.999999999999997780e-01
1.000000000000000000e+00
9.731398708361785888e-01
8.678396433992869863e-01
6.518251876332057382e-01
3.481748123667940953e-01
1.321603566007130415e-01
2.686012916382116145e-02
0.000000000000000000e+00
0.000000000000000000e+00
0.000000000000000000e+00
2.686012916382136614e-02
1.639640620928084769e-01
4.403828648800299783e-01
6.927058836634852890e-01
6.992261023052398494e-01
4.707141472629736700e-01
1.990084854532427616e-01
4.963748989232338177e-02
4.840357287271473963e-03
1.023776186403962786e-16
1.023776186403962786e-16
1.023776186403962786e-16
4.840357287271473963e-03
4.963748989232338177e-02
1.990084854532428171e-01
4.707141472629736145e-01
6.992261023052395164e-01
6.927058836634852890e-01
4.403828648800298673e-01
1.639640620928084769e-01
2.686012916382147023e-02
0.000000000000000000e+00
0.000000000000000000e+00
0.000000000000000000e+00
1.023776186403962786e-16
0.000000000000000000e+00
5.292858527370264410e-01
8.009915145467569886e-01
9.503625101076765835e-01
9.951596427127287203e-01
9.999999999999995559e-01
9.999999999999997780e-01
1.000000000000000000e+00
1.000000000000000000e+00
1.000000000000000000e+00
9.999999999999997780e-01
1.000000000000000000e+00
1.000000000000000000e+00
1.000000000000000000e+00
1.000000000000000000e+00
1.000000000000000000e+00
1.000000000000000000e+00
1.000000000000000000e+00
1.000000000000000000e+00
1.000000000000000000e+00
1.000000000000000000e+00
9.999999999999997780e-01
1.000000000000000000e+00
9.999999999999997780e-01
1.000000000000000000e+00
1.000000000000000000e+00
9.999999999999997780e-01
9.951596427127284983e-01
9.503625101076765835e-01
8.009915145467572106e-01
5.292858527370264410e-01
2.288022873744709473e-01
5.682750608289453831e-02
0.000000000000000000e+00
0.000000000000000000e+00
0.000000000000000000e+00
4.840357287271370747e-03
1.106437917680463262e-01
3.617490917098250547e-01
6.016528077673840569e-01
6.016528077673840569e-01
3.617490917098253322e-01
1.106437917680462707e-01
4.840357287271473963e-03
1.023776186403962786e-16
1.023776186403962786e-16
2.047552372807925571e-16
1.023776186403962786e-16
1.023776186403962786e-16
4.840357287271473963e-03
1.106437917680463817e-01
3.617490917098252212e-01
6.016528077673837238e-01
6.016528077673841679e-01
3.617490917098251657e-01
1.106437917680463262e-01
4.840357287271473963e-03
0.000000000000000000e+00
0.000000000000000000e+00
0.000000000000000000e+00
0.000000000000000000e+00
0.000000000000000000e+00
6.382509082901749453e-01
8.893562082319536044e-01
9.951596427127284983e-01
1.000000000000000000e+00
1.000000000000000000e+00
1.000000000000000000e+00
1.000000000000000000e+00
9.999999999999997780e-01
1.000000000000000000e+00
9.999999999999997780e-01
1.000000000000000000e+00
1.000000000000000000e+00
9.999999999999997780e-01
9.999999999999997780e-01
1.000000000000000000e+00
1.000000000000000000e+00
9.999999999999997780e-01
9.999999999999997780e-01
1.000000000000000000e+00
1.000000000000000000e+00
9.999999999999997780e-01
9.999999999999997780e-01
1.000000000000000000e+00
1.000000000000000000e+00
1.000000000000000000e+00
1.000000000000000000e+00
9.999999999999997780e-01
9.951596427127282762e-01
8.893562082319538264e-01
6.382509082901749453e-01
2.940259489680989713e-01
8.057736452095611013e-02
0.000000000000000000e+00
0.000000000000000000e+00
0.000000000000000000e+00
0.000000000000000000e+00
8.601151908271308100e-02
3.231173955935046083e-01
5.647276296278487262e-01
5.647276296278486152e-01
3.231173955935046638e-01
8.601151908271308100e-02
0.000000000000000000e+00
1.023776186403962786e-16
1.023776186403962786e-16
2.047552372807925571e-16
1.023776186403962786e-16
1.023776186403962786e-16
1.023776186403962786e-16
8.601151908271327529e-02
3.231173955935046083e-01
5.647276296278483931e-01
5.647276296278488372e-01
3.231173955935047748e-01
8.601151908271312263e-02
1.023776186403962786e-16
0.000000000000000000e+00
0.000000000000000000e+00
0.000000000000000000e+00
0.000000000000000000e+00
0.000000000000000000e+00
6.768826044064951697e-01
9.139884809172866831e-01
1.000000000000000000e+00
1.000000000000000000e+00
1.000000000000000000e+00
1.000000000000000000e+00
1.000000000000000000e+00
1.000000000000000000e+00
1.000000000000000000e+00
1.000000000000000000e+00
9.999999999999997780e-01
1.000000000000000000e+00
1.000000000000000000e+00
1.000000000000000000e+00
1.000000000000000000e+00
1.000000000000000000e+00
1.000000000000000000e+00
1.000000000000000000e+00
1.000000000000000000e+00
1.000000000000000000e+00
1.000000000000000000e+00
1.000000000000000000e+00
1.000000000000000000e+00
9.999999999999997780e-01
1.000000000000000000e+00
1.000000000000000000e+00
1.000000000000000000e+00
1.000000000000000000e+00
9.139884809172866831e-01
6.768826044064951697e-01
3.231173955935047748e-01
8.601151908271308100e-02
0.000000000000000000e+00
0.000000000000000000e+00
1.023776186403962786e-16
0.000000000000000000e+00
8.601151908271312263e-02
3.231173955935046083e-01
5.647276296278486152e-01
5.647276296278486152e-01
3.231173955935049968e-01
8.601151908271308100e-02
0.000000000000000000e+00
1.023776186403962786e-16
1.023776186403962786e-16
1.023776186403962786e-16
1.023776186403962786e-16
1.023776186403962786e-16
2.047552372807925571e-16
8.601151908271323365e-02
3.231173955935046638e-01
5.647276296278483931e-01
5.647276296278486152e-01
3.231173955935046083e-01
8.601151908271308100e-02
1.023776186403962786e-16
0.000000000000000000e+00
0.000000000000000000e+00
0.000000000000000000e+00
0.000000000000000000e+00
0.000000000000000000e+00
6.768826044064950587e-01
9.139884809172867941e-01
9.999999999999997780e-01
9.999999999999997780e-01
1.000000000000000000e+00
9.999999999999995559e-01
1.000000000000000000e+00
1.000000000000000000e+00
1.000000000000000000e+00
1.000000000000000000e+00
1.000000000000000000e+00
1.000000000000000000e+00
1.000000000000000000e+00
1.000000000000000000e+00
1.000000000000000000e+00
1.000000000000000000e+00
1.000000000000000000e+00
1.000000000000000000e+00
9.999999999999997780e-01
1.000000000000000000e+00
1.000000000000000000e+00
9.999999999999997780e-01
9.999999999999997780e-01
9.999999999999997780e-01
9.999999999999997780e-01
1.000000000000000000e+00
9.999999999999995559e-01
9.999999999999995559e-01
9.139884809172864610e-01
6.768826044064948366e-01
3.231173955935046083e-01
8.601151908271308100e-02
0.000000000000000000e+00
0.000000000000000000e+00
1.023776186403962786e-16
1.023776186403962786e-16
8.601151908271312263e-02
3.231173955935045528e-01
5.647276296278485042e-01
5.647276296278487262e-01
3.231173955935047748e-01
8.601151908271308100e-02
0.000000000000000000e+00
1.023776186403962786e-16
0.000000000000000000e+00
1.023776186403962786e-16
1.023776186403962786e-16
1.023776186403962786e-16
1.023776186403962786e-16
8.601151908271327529e-02
3.231173955935046638e-01
5.647276296278483931e-01
5.647276296278486152e-01
3.231173955935046083e-01
8.601151908271312263e-02
2.047552372807925571e-16
0.000000000000000000e+00
0.000000000000000000e+00
0.000000000000000000e+00
0.000000000000000000e+00
0.000000000000000000e+00
6.768826044064951697e-01
9.139884809172869051e-01
1.000000000000000000e+00
1.000000000000000000e+00
1.000000000000000000e+00
1.000000000000000000e+00
1.000000000000000000e+00
9.999999999999997780e-01
1.000000000000000000e+00
9.999999999999997780e-01
1.000000000000000000e+00
1.000000000000000000e+00
1.000000000000000000e+00
9.999999999999997780e-01
9.999999999999997780e-01
1.000000000000000000e+00
1.000000000000000000e+00
9.999999999999997780e-01
1.000000000000000000e+00
1.000000000000000000e+00
9.999999999999997780e-01
1.000000000000000000e+00
9.999999999999997780e-01
9.999999999999997780e-01
1.000000000000000000e+00
1.000000000000000000e+00
1.000000000000000000e+00
9.999999999999997780e-01
9.139884809172865721e-01
6.768826044064951697e-01
3.231173955935046083e-01
8.601151908271323365e-02
0.000000000000000000e+00
0.000000000000000000e+00
0.000000000000000000e+00
0.000000000000000000e+00
8.601151908271312263e-02
3.231173955935046083e-01
5.647276296278486152e-01
5.647276296278483931e-01
3.231173955935048858e-01
8.601151908271308100e-02
0.000000000000000000e+00
1.023776186403962786e-16
0.000000000000000000e+00
1.023776186403962786e-16
1.023776186403962786e-16
1.023776186403962786e-16
1.023776186403962786e-16
8.601151908271312263e-02
3.231173955935046083e-01
5.647276296278483931e-01
5.647276296278486152e-01
3.231173955935046083e-01
8.601151908271312263e-02
2.047552372807925571e-16
0.000000000000000000e+00
0.000000000000000000e+00
0.000000000000000000e+00
0.000000000000000000e+00
0.000000000000000000e+00
6.768826044064951697e-01
9.139884809172865721e-01
1.000000000000000000e+00
1.000000000000000000e+00
1.000000000000000000e+00
9.999999999999997780e-01
1.000000000000000000e+00
1.000000000000000000e+00
1.000000000000000000e+00
9.999999999999997780e-01
1.000000000000000000e+00
1.000000000000000000e+00
1.000000000000000000e+00
1.000000000000000000e+00
1.000000000000000000e+00
1.000000000000000000e+00
1.000000000000000000e+00
1.000000000000000000e+00
1.000000000000000000e+00
1.000000000000000000e+00
1.000000000000000000e+00
9.999999999999997780e-01
1.000000000000000000e+00
1.000000000000000000e+00
9.999999999999997780e-01
1.000000000000000000e+00
9.999999999999995559e-01
1.000000000000000000e+00
9.139884809172865721e-01
6.768826044064950587e-01
3.231173955935044972e-01
8.601151908271312263e-02
0.000000000000000000e+00
0.000000000000000000e+00
1.023776186403962786e-16
0.000000000000000000e+00
8.601151908271312263e-02
3.231173955935046083e-01
5.647276296278487262e-01
5.647276296278486152e-01
3.231173955935049968e-01
8.601151908271308100e-02
0.000000000000000000e+00
1.023776186403962786e-16
1.023776186403962786e-16
1.023776186403962786e-16
1.023776186403962786e-16
1.023776186403962786e-16
1.023776186403962786e-16
8.601151908271323365e-02
3.231173955935047748e-01
5.647276296278483931e-01
5.647276296278486152e-01
3.231173955935047748e-01
8.601151908271308100e-02
1.023776186403962786e-16
0.000000000000000000e+00
0.000000000000000000e+00
0.000000000000000000e+00
0.000000000000000000e+00
0.000000000000000000e+00
6.768826044064951697e-01
9.139884809172866831e-01
9.999999999999997780e-01
9.999999999999997780e-01
1.000000000000000000e+00
9.999999999999997780e-01
1.000000000000000000e+00
9.999999999999997780e-01
9.999999999999997780e-01
9.999999999999995559e-01
1.000000000000000000e+00
9.999999999999997780e-01
9.999999999999997780e-01
1.000000000000000000e+00
9.999999999999997780e-01
1.000000000000000000e+00
1.000000000000000000e+00
9.999999999999997780e-01
9.999999999999995559e-01
1.000000000000000000e+00
9.999999999999995559e-01
1.000000000000000000e+00
1.000000000000000000e+00
1.000000000000000000e+00
1.000000000000000000e+00
1.000000000000000000e+00
1.000000000000000000e+00
9.999999999999997780e-01
9.139884809172864610e-01
6.768826044064951697e-01
3.231173955935046083e-01
8.601151908271308100e-02
0.000000000000000000e+00
0.000000000000000000e+00
1.023776186403962786e-16
1.023776186403962786e-16
8.601151908271312263e-02
3.231173955935047748e-01
5.647276296278483931e-01
5.647276296278485042e-01
3.231173955935048858e-01
8.601151908271308100e-02
0.000000000000000000e+00
1.023776186403962786e-16
1.023776186403962786e-16
1.023776186403962786e-16
1.023776186403962786e-16
1.023776186403962786e-16
1.023776186403962786e-16
8.601151908271327529e-02
3.231173955935046638e-01
5.647276296278482821e-01
5.647276296278486152e-01
3.231173955935048858e-01
8.601151908271308100e-02
2.047552372807925571e-16
0.000000000000000000e+00
0.000000000000000000e+00
0.000000000000000000e+00
0.000000000000000000e+00
0.000000000000000000e+00
6.768826044064951697e-01
9.139884809172867941e-01
1.000000000000000000e+00
1.000000000000000000e+00
1.000000000000000000e+00
1.000000000000000000e+00
1.000000000000000000e+00
9.999999999999997780e-01
1.000000000000000000e+00
1.000000000000000000e+00
9.999999999999997780e-01
9.999999999999997780e-01
1.000000000000000000e+00
1.000000000000000000e+00
1.000000000000000000e+00
1.000000000000000000e+00
1.000000000000000000e+00
1.000000000000000000e+00
9.999999999999997780e-01
1.000000000000000000e+00
1.000000000000000000e+00
9.999999999999997780e-01
1.000000000000000000e+00
9.999999999999997780e-01
1.000000000000000000e+00
1.000000000000000000e+00
9.999999999999997780e-01
1.000000000000000000e+00
9.139884809172864610e-01
6.768826044064952807e-01
3.231173955935046083e-01
8.601151908271312263e-02
0.000000000000000000e+00
0.000000000000000000e+00
2.047552372807925571e-16
1.023776186403962786e-16
8.601151908271312263e-02
3.231173955935046638e-01
5.647276296278486152e-01
5.647276296278483931e-01
3.231173955935047748e-01
8.601151908271308100e-02
0.000000000000000000e+00
0.000000000000000000e+00
1.023776186403962786e-16
1.023776186403962786e-16
1.023776186403962786e-16
1.023776186403962786e-16
1.023776186403962786e-16
8.601151908271327529e-02
3.231173955935046638e-01
5.647276296278480601e-01
5.647276296278485042e-01
3.231173955935048858e-01
8.601151908271308100e-02
2.047552372807925571e-16
0.000000000000000000e+00
0.000000000000000000e+00
1.023776186403962786e-16
0.000000000000000000e+00
0.000000000000000000e+00
6.382509082901745012e-01
8.893562082319538264e-01
9.951596427127284983e-01
1.000000000000000000e+00
1.000000000000000000e+00
1.000000000000000000e+00
9.999999999999997780e-01
1.000000000000000000e+00
1.000000000000000000e+00
9.999999999999997780e-01
1.000000000000000000e+00
1.000000000000000000e+00
9.999999999999997780e-01
9.999999999999997780e-01
9.999999999999997780e-01
1.000000000000000000e+00
9.999999999999997780e-01
9.999999999999997780e-01
1.000000000000000000e+00
1.000000000000000000e+00
9.999999999999997780e-01
9.999999999999997780e-01
9.999999999999997780e-01
9.999999999999997780e-01
9.999999999999997780e-01
1.000000000000000000e+00
1.000000000000000000e+00
9.951596427127282762e-01
8.893562082319531603e-01
6.382509082901747233e-01
2.940259489680989713e-01
8.057736452095626278e-02
0.000000000000000000e+00
0.000000000000000000e+00
2.047552372807925571e-16
2.047552372807925571e-16
8.601151908271327529e-02
3.231173955935046083e-01
5.647276296278487262e-01
5.647276296278483931e-01
3.231173955935047748e-01
8.601151908271308100e-02
0.000000000000000000e+00
1.023776186403962786e-16
1.023776186403962786e-16
1.023776186403962786e-16
1.023776186403962786e-16
1.023776186403962786e-16
1.023776186403962786e-16
8.601151908271323365e-02
3.231173955935047748e-01
5.647276296278482821e-01
5.647276296278486152e-01
3.231173955935047748e-01
8.601151908271323365e-02
2.047552372807925571e-16
0.000000000000000000e+00
0.000000000000000000e+00
0.000000000000000000e+00
0.000000000000000000e+00
0.000000000000000000e+00
5.292858527370262189e-01
8.009915145467572106e-01
9.503625101076763615e-01
9.951596427127284983e-01
9.999999999999997780e-01
9.999999999999995559e-01
9.999999999999997780e-01
9.999999999999997780e-01
1.000000000000000000e+00
9.999999999999997780e-01
9.999999999999997780e-01
1.000000000000000000e+00
9.999999999999997780e-01
9.999999999999997780e-01
1.000000000000000000e+00
1.000000000000000000e+00
1.000000000000000000e+00
1.000000000000000000e+00
1.000000000000000000e+00
9.999999999999997780e-01
9.999999999999997780e-01
9.999999999999997780e-01
1.000000000000000000e+00
1.000000000000000000e+00
9.999999999999993339e-01
1.000000000000000000e+00
9.951596427127284983e-01
9.503625101076765835e-01
8.009915145467572106e-01
5.292858527370263300e-01
2.288022873744710306e-01
5.682750608289479505e-02
0.000000000000000000e+00
0.000000000000000000e+00
0.000000000000000000e+00
4.840357287271473963e-03
1.106437917680463262e-01
3.617490917098252212e-01
6.016528077673840569e-01
6.016528077673841679e-01
3.617490917098253322e-01
1.106437917680463262e-01
4.840357287271473963e-03
1.023776186403962786e-16
1.023776186403962786e-16
2.047552372807925571e-16
1.023776186403962786e-16
1.023776186403962786e-16
4.840357287271473963e-03
1.106437917680465344e-01
3.617490917098252767e-01
6.016528077673839459e-01
6.016528077673841679e-01
3.617490917098252767e-01
1.106437917680462707e-01
4.840357287271576311e-03
0.000000000000000000e+00
0.000000000000000000e+00
0.000000000000000000e+00
0.000000000000000000e+00
0.000000000000000000e+00
3.481748123667939843e-01
6.518251876332056272e-01
8.678396433992867642e-01
9.731398708361785888e-01
1.000000000000000000e+00
9.999999999999995559e-01
9.999999999999997780e-01
9.999999999999997780e-01
9.999999999999997780e-01
9.999999999999997780e-01
9.999999999999997780e-01
1.000000000000000000e+00
1.000000000000000000e+00
1.000000000000000000e+00
1.000000000000000000e+00
1.000000000000000000e+00
1.000000000000000000e+00
1.000000000000000000e+00
1.000000000000000000e+00
1.000000000000000000e+00
9.999999999999997780e-01
9.999999999999997780e-01
9.999999999999997780e-01
9.999999999999997780e-01
9.999999999999997780e-01
1.000000000000000000e+00
9.731398708361785888e-01
8.678396433992867642e-01
6.518251876332055161e-01
3.481748123667939843e-01
1.321603566007127362e-01
2.686012916382136614e-02
0.000000000000000000e+00
0.000000000000000000e+00
0.000000000000000000e+00
2.686012916382136614e-02
1.639640620928084769e-01
4.403828648800297563e-01
6.927058836634852890e-01
6.992261023052396274e-01
4.707141472629736700e-01
1.990084854532427616e-01
4.963748989232338177e-02
4.840357287271473963e-03
1.023776186403962786e-16
1.023776186403962786e-16
1.023776186403962786e-16
4.840357287271473963e-03
4.963748989232338177e-02
1.990084854532427616e-01
4.707141472629736145e-01
6.992261023052399604e-01
6.927058836634856220e-01
4.403828648800298673e-01
1.639640620928083936e-01
2.686012916382147023e-02
0.000000000000000000e+00
0.000000000000000000e+00
1.023776186403962786e-16
0.000000000000000000e+00
0.000000000000000000e+00
1.929221956209872246e-01
4.403828648800298673e-01
7.343955994874001858e-01
9.194226354790440148e-01
9.951596427127284983e-01
9.999999999999997780e-01
9.999999999999997780e-01
9.999999999999995559e-01
1.000000000000000000e+00
9.999999999999995559e-01
1.000000000000000000e+00
1.000000000000000000e+00
1.000000000000000000e+00
1.000000000000000000e+00
1.000000000000000000e+00
1.000000000000000000e+00
9.999999999999997780e-01
1.000000000000000000e+00
9.999999999999997780e-01
1.000000000000000000e+00
9.999999999999995559e-01
1.000000000000000000e+00
9.999999999999997780e-01
1.000000000000000000e+00
9.999999999999995559e-01
9.951596427127284983e-01
9.194226354790437927e-01
7.343955994874001858e-01
4.403828648800294787e-01
1.929221956209871969e-01
4.963748989232338177e-02
4.840357287271473963e-03
0.000000000000000000e+00
0.000000000000000000e+00
4.840357287271473963e-03
8.057736452095620727e-02
2.720037674979961517e-01
5.898194259637603576e-01
8.093579515677381542e-01
8.360359379071913288e-01
6.584605119689742603e-01
3.779059295621167158e-01
1.661923646659284326e-01
4.963748989232338177e-02
4.840357287271473963e-03
1.023776186403962786e-16
4.840357287271473963e-03
4.963748989232338177e-02
1.661923646659285436e-01
3.779059295621169379e-01
6.584605119689743713e-01
8.360359379071913288e-01
8.093579515677381542e-01
5.898194259637603576e-01
2.720037674979961517e-01
8.057736452095626278e-02
4.840357287271370747e-03
0.000000000000000000e+00
1.023776186403962786e-16
0.000000000000000000e+00
0.000000000000000000e+00
8.057736452095626278e-02
2.656044005125993701e-01
5.596171351199696886e-01
8.070778043790129974e-01
9.503625101076763615e-01
9.951596427127282762e-01
9.999999999999997780e-01
9.999999999999997780e-01
9.999999999999997780e-01
9.999999999999995559e-01
1.000000000000000000e+00
1.000000000000000000e+00
9.999999999999997780e-01
9.999999999999997780e-01
9.999999999999997780e-01
9.999999999999997780e-01
1.000000000000000000e+00
9.999999999999997780e-01
9.999999999999997780e-01
1.000000000000000000e+00
9.999999999999997780e-01
9.999999999999997780e-01
1.000000000000000000e+00
9.999999999999997780e-01
9.951596427127284983e-01
9.503625101076765835e-01
8.070778043790127754e-01
5.596171351199696886e-01
2.656044005125992036e-01
8.057736452095620727e-02
4.840357287271370747e-03
0.000000000000000000e+00
0.000000000000000000e+00
4.840357287271370747e-03
4.963748989232333320e-02
1.929221956209870303e-01
4.403828648800298673e-01
7.343955994874004078e-01
9.139884809172866831e-01
9.451438913013623377e-01
8.338076353340715396e-01
6.220940704378827846e-01
3.415394880310252956e-01
1.321603566007128749e-01
2.686012916382136614e-02
1.023776186403962786e-16
2.686012916382147023e-02
1.321603566007128749e-01
3.415394880310254622e-01
6.220940704378827846e-01
8.338076353340713176e-01
9.451438913013621157e-01
9.139884809172866831e-01
7.343955994874004078e-01
4.403828648800298673e-01
1.929221956209870859e-01
4.963748989232322911e-02
4.840357287271370747e-03
0.000000000000000000e+00
0.000000000000000000e+00
0.000000000000000000e+00
2.686012916382157084e-02
1.321603566007130415e-01
3.481748123667941508e-01
6.518251876332060712e-01
8.678396433992869863e-01
9.731398708361785888e-01
1.000000000000000000e+00
9.999999999999995559e-01
1.000000000000000000e+00
9.999999999999997780e-01
1.000000000000000000e+00
9.999999999999997780e-01
9.999999999999997780e-01
1.000000000000000000e+00
1.000000000000000000e+00
9.999999999999997780e-01
1.000000000000000000e+00
9.999999999999997780e-01
9.999999999999997780e-01
1.000000000000000000e+00
1.000000000000000000e+00
1.000000000000000000e+00
9.999999999999997780e-01
1.000000000000000000e+00
9.731398708361785888e-01
8.678396433992874304e-01
6.518251876332058492e-01
3.481748123667939288e-01
1.321603566007126807e-01
2.686012916382136614e-02
0.000000000000000000e+00
1.023776186403962786e-16
4.840357287271576311e-03
4.963748989232338177e-02
1.661923646659284326e-01
3.779059295621169379e-01
6.584605119689742603e-01
8.678396433992867642e-01
9.731398708361785888e-01
9.951596427127284983e-01
9.503625101076765835e-01
8.070778043790128864e-01
5.596171351199696886e-01
2.656044005125993701e-01
8.057736452095620727e-02
9.719361960710369910e-03
8.057736452095626278e-02
2.656044005125993701e-01
5.596171351199701327e-01
8.070778043790128864e-01
9.503625101076763615e-01
9.951596427127284983e-01
9.731398708361785888e-01
8.678396433992867642e-01
6.584605119689742603e-01
3.779059295621169379e-01
1.661923646659284326e-01
4.963748989232338177e-02
4.840357287271576311e-03
0.000000000000000000e+00
0.000000000000000000e+00
4.840357287271576311e-03
4.963748989232338177e-02
1.929221956209870303e-01
4.335861384135773489e-01
7.057254913309048971e-01
8.872444421265104353e-01
9.731398708361785888e-01
9.951596427127284983e-01
1.000000000000000000e+00
1.000000000000000000e+00
1.000000000000000000e+00
9.999999999999995559e-01
9.999999999999997780e-01
9.999999999999997780e-01
9.999999999999997780e-01
1.000000000000000000e+00
1.000000000000000000e+00
9.999999999999997780e-01
9.999999999999993339e-01
1.000000000000000000e+00
1.000000000000000000e+00
9.999999999999997780e-01
9.951596427127284983e-01
9.731398708361785888e-01
8.872444421265106573e-01
7.057254913309051192e-01
4.335861384135774599e-01
1.929221956209870303e-01
4.963748989232333320e-02
4.840357287271473963e-03
1.023776186403962786e-16
1.023776186403962786e-16
2.686012916382126553e-02
1.321603566007127639e-01
3.415394880310254622e-01
6.220940704378827846e-01
8.338076353340709845e-01
9.503625101076765835e-01
9.951596427127284983e-01
9.999999999999997780e-01
9.951596427127287203e-01
9.194226354790436817e-01
7.279962325020037373e-01
4.101805740362394759e-01
1.580582707082953675e-01
5.485610869863767614e-02
1.580582707082954785e-01
4.101805740362394759e-01
7.279962325020039593e-01
9.194226354790436817e-01
9.951596427127284983e-01
1.000000000000000000e+00
9.951596427127284983e-01
9.503625101076765835e-01
8.338076353340710956e-01
6.220940704378831176e-01
3.415394880310253511e-01
1.321603566007128749e-01
2.686012916382147023e-02
1.023776186403962786e-16
1.023776186403962786e-16
1.023776186403962786e-16
4.840357287271473963e-03
8.057736452095641544e-02
2.374107005328235376e-01
4.897574509325485770e-01
7.057254913309048971e-01
8.678396433992872083e-01
9.503625101076763615e-01
9.951596427127284983e-01
9.999999999999997780e-01
9.999999999999997780e-01
9.999999999999997780e-01
1.000000000000000000e+00
1.000000000000000000e+00
9.999999999999997780e-01
1.000000000000000000e+00
9.999999999999997780e-01
9.999999999999997780e-01
9.999999999999997780e-01
9.999999999999997780e-01
9.999999999999997780e-01
9.951596427127282762e-01
9.503625101076765835e-01
8.678396433992872083e-01
7.057254913309048971e-01
4.897574509325487435e-01
2.374107005328233710e-01
8.057736452095647095e-02
4.840357287271268398e-03
0.000000000000000000e+00
0.000000000000000000e+00
4.840357287271370747e-03
8.057736452095616564e-02
2.656044005125992591e-01
5.596171351199697996e-01
8.070778043790128864e-01
9.503625101076763615e-01
9.951596427127284983e-01
1.000000000000000000e+00
1.000000000000000000e+00
1.000000000000000000e+00
9.680898571192871893e-01
8.093579515677381542e-01
5.198970466514194477e-01
2.074307553489925238e-01
1.071486962825159983e-01
2.074307553489925793e-01
5.198970466514194477e-01
8.093579515677381542e-01
9.680898571192874114e-01
1.000000000000000000e+00
9.999999999999997780e-01
1.000000000000000000e+00
9.951596427127282762e-01
9.503625101076765835e-01
8.070778043790128864e-01
5.596171351199697996e-01
2.656044005125994256e-01
8.057736452095616564e-02
4.840357287271576311e-03
1.023776186403962786e-16
0.000000000000000000e+00
0.000000000000000000e+00
2.686012916382136614e-02
9.927966303980929885e-02
2.374107005328232878e-01
4.335861384135769048e-01
6.518251876332062933e-01
8.070778043790123313e-01
9.194226354790437927e-01
9.731398708361785888e-01
9.951596427127282762e-01
9.999999999999997780e-01
9.999999999999997780e-01
9.999999999999997780e-01
9.999999999999997780e-01
9.999999999999997780e-01
9.999999999999997780e-01
9.999999999999995559e-01
9.999999999999997780e-01
9.951596427127282762e-01
9.731398708361785888e-01
9.194226354790437927e-01
8.070778043790126643e-01
6.518251876332058492e-01
4.335861384135771823e-01
2.374107005328237319e-01
9.927966303980945151e-02
2.686012916382147023e-02
1.023776186403962786e-16
0.000000000000000000e+00
4.840357287271473963e-03
4.963748989232333320e-02
1.929221956209873357e-01
4.403828648800303114e-01
7.343955994874001858e-01
9.194226354790436817e-01
9.951596427127282762e-01
9.999999999999997780e-01
9.999999999999997780e-01
9.999999999999997780e-01
9.951596427127287203e-01
9.451438913013625598e-01
7.735406893812255547e-01
4.894958884158956969e-01
2.013040039374993928e-01
1.071486962825159983e-01
2.013040039374995038e-01
4.894958884158955859e-01
7.735406893812257767e-01
9.451438913013627818e-01
9.951596427127284983e-01
9.999999999999997780e-01
9.999999999999997780e-01
9.999999999999997780e-01
9.951596427127284983e-01
9.194226354790436817e-01
7.343955994874001858e-01
4.403828648800300338e-01
1.929221956209875855e-01
4.963748989232348585e-02
4.840357287271370747e-03
0.000000000000000000e+00
0.000000000000000000e+00
4.840357287271473963e-03
2.686012916382136614e-02
8.057736452095626278e-02
1.929221956209870859e-01
3.481748123667940953e-01
5.596171351199697996e-01
7.343955994874001858e-01
8.678396433992869863e-01
9.503625101076765835e-01
9.951596427127282762e-01
9.999999999999997780e-01
1.000000000000000000e+00
9.999999999999997780e-01
1.000000000000000000e+00
1.000000000000000000e+00
9.999999999999997780e-01
9.951596427127282762e-01
9.503625101076765835e-01
8.678396433992867642e-01
7.343955994874004078e-01
5.596171351199699107e-01
3.481748123667941508e-01
1.929221956209871414e-01
8.057736452095652646e-02
2.686012916382126553e-02
4.840357287271473963e-03
0.000000000000000000e+00
4.840357287271268398e-03
4.963748989232348585e-02
1.661923646659286269e-01
3.779059295621169379e-01
6.584605119689743713e-01
8.678396433992867642e-01
9.731398708361782557e-01
9.999999999999995559e-01
1.000000000000000000e+00
9.999999999999997780e-01
9.951596427127282762e-01
9.503625101076768056e-01
8.338076353340713176e-01
6.220940704378827846e-01
3.415394880310255732e-01
1.321603566007128749e-01
5.485610869863767614e-02
1.321603566007129860e-01
3.415394880310255732e-01
6.220940704378831176e-01
8.338076353340713176e-01
9.503625101076763615e-01
9.951596427127284983e-01
9.999999999999997780e-01
1.000000000000000000e+00
1.000000000000000000e+00
9.731398708361785888e-01
8.678396433992867642e-01
6.584605119689743713e-01
3.779059295621169379e-01
1.661923646659286824e-01
4.963748989232348585e-02
0.000000000000000000e+00
0.000000000000000000e+00
0.000000000000000000e+00
1.023776186403962786e-16
4.840357287271473963e-03
4.963748989232322911e-02
1.321603566007128749e-01
2.656044005125994811e-01
4.403828648800298673e-01
6.518251876332058492e-01
8.009915145467572106e-01
8.893562082319536044e-01
9.139884809172865721e-01
9.139884809172866831e-01
9.139884809172867941e-01
9.139884809172867941e-01
9.139884809172869051e-01
9.139884809172866831e-01
8.893562082319533824e-01
8.009915145467572106e-01
6.518251876332055161e-01
4.403828648800300338e-01
2.656044005125993701e-01
1.321603566007128749e-01
4.963748989232348585e-02
4.840357287271678660e-03
0.000000000000000000e+00
0.000000000000000000e+00
4.840357287271473963e-03
4.963748989232338177e-02
1.661923646659284326e-01
3.712036876622496484e-01
6.287963123377494634e-01
8.338076353340715396e-01
9.503625101076759174e-01
9.951596427127282762e-01
1.000000000000000000e+00
9.999999999999997780e-01
9.951596427127284983e-01
9.503625101076763615e-01
8.338076353340715396e-01
6.287963123377501296e-01
3.712036876622499815e-01
1.661923646659286269e-01
4.963748989232348585e-02
9.719361960710369910e-03
4.963748989232348585e-02
1.661923646659286269e-01
3.712036876622502590e-01
6.287963123377501296e-01
8.338076353340715396e-01
9.503625101076765835e-01
9.951596427127287203e-01
1.000000000000000000e+00
1.000000000000000000e+00
9.951596427127284983e-01
9.503625101076763615e-01
8.338076353340713176e-01
6.287963123377495744e-01
3.712036876622500370e-01
1.661923646659284326e-01
2.875397651238007293e-02
2.184834526701938048e-02
4.840357287271473963e-03
2.047552372807925571e-16
1.023776186403962786e-16
4.840357287271473963e-03
2.686012916382147023e-02
8.057736452095626278e-02
1.929221956209871414e-01
3.481748123667940953e-01
5.292858527370266630e-01
6.382509082901749453e-01
6.768826044064952807e-01
6.768826044064951697e-01
6.768826044064953917e-01
6.768826044064953917e-01
6.768826044064953917e-01
6.768826044064953917e-01
6.382509082901749453e-01
5.292858527370266630e-01
3.481748123667941508e-01
1.929221956209871414e-01
8.057736452095626278e-02
2.686012916382147023e-02
4.840357287271473963e-03
2.047552372807925571e-16
1.023776186403962786e-16
4.840357287271678660e-03
4.963748989232348585e-02
1.661923646659284326e-01
3.712036876622498704e-01
6.287963123377499075e-01
8.338076353340709845e-01
9.503625101076763615e-01
9.951596427127282762e-01
1.000000000000000000e+00
9.999999999999997780e-01
1.000000000000000000e+00
9.731398708361785888e-01
8.678396433992867642e-01
6.584605119689747044e-01
3.779059295621169379e-01
1.661923646659284326e-01
4.963748989232333320e-02
4.840357287271473963e-03
1.023776186403962786e-16
4.840357287271473963e-03
4.963748989232348585e-02
1.661923646659286824e-01
3.779059295621171599e-01
6.584605119689743713e-01
8.678396433992872083e-01
9.731398708361785888e-01
1.000000000000000000e+00
9.999999999999997780e-01
9.999999999999997780e-01
9.951596427127282762e-01
9.503625101076763615e-01
8.338076353340710956e-01
6.220940704378831176e-01
3.415394880310253511e-01
1.148722669837692195e-01
1.013643652272065987e-01
4.963748989232353442e-02
4.840357287271473963e-03
2.047552372807925571e-16
0.000000000000000000e+00
0.000000000000000000e+00
4.840357287271370747e-03
4.963748989232333320e-02
1.321603566007128749e-01
2.288022873744710306e-01
2.940259489680989713e-01
3.231173955935047748e-01
3.231173955935049968e-01
3.231173955935047748e-01
3.231173955935049968e-01
3.231173955935047748e-01
3.231173955935048858e-01
2.940259489680991933e-01
2.288022873744710306e-01
1.321603566007127362e-01
4.963748989232353442e-02
4.840357287271576311e-03
2.047552372807925571e-16
1.023776186403962786e-16
3.071328559211888233e-16
4.840357287271678660e-03
4.963748989232353442e-02
1.661923646659286269e-01
3.712036876622498704e-01
6.287963123377499075e-01
8.338076353340710956e-01
9.503625101076763615e-01
9.951596427127284983e-01
9.999999999999997780e-01
9.999999999999997780e-01
1.000000000000000000e+00
9.951596427127284983e-01
9.194226354790435707e-01
7.343955994874006299e-01
4.403828648800300338e-01
1.929221956209870303e-01
4.963748989232338177e-02
4.840357287271370747e-03
1.023776186403962786e-16
1.023776186403962786e-16
1.023776186403962786e-16
4.840357287271473963e-03
4.963748989232348585e-02
1.929221956209871414e-01
4.403828648800298673e-01
7.343955994874004078e-01
9.194226354790436817e-01
9.951596427127284983e-01
1.000000000000000000e+00
1.000000000000000000e+00
1.000000000000000000e+00
9.951596427127282762e-01
9.503625101076763615e-01
8.009915145467572106e-01
5.292858527370263300e-01
2.832704785687189530e-01
2.680071644486498594e-01
1.661923646659286269e-01
4.963748989232338177e-02
4.840357287271473963e-03
0.000000000000000000e+00
2.047552372807925571e-16
1.023776186403962786e-16
4.840357287271370747e-03
2.686012916382147023e-02
5.682750608289494770e-02
8.057736452095620727e-02
8.601151908271308100e-02
8.601151908271308100e-02
8.601151908271308100e-02
8.601151908271327529e-02
8.601151908271327529e-02
8.601151908271312263e-02
8.057736452095637381e-02
5.682750608289499628e-02
2.686012916382136614e-02
4.840357287271370747e-03
2.047552372807925571e-16
0.000000000000000000e+00
0.000000000000000000e+00
4.840357287271781009e-03
4.963748989232348585e-02
1.661923646659286824e-01
3.712036876622499815e-01
6.287963123377499075e-01
8.338076353340713176e-01
9.503625101076759174e-01
9.951596427127284983e-01
1.000000000000000000e+00
9.999999999999995559e-01
1.000000000000000000e+00
9.951596427127282762e-01
9.503625101076763615e-01
8.070778043790126643e-01
5.596171351199697996e-01
2.656044005125994811e-01
8.057736452095620727e-02
4.840357287271473963e-03
0.000000000000000000e+00
0.000000000000000000e+00
1.023776186403962786e-16
1.023776186403962786e-16
0.000000000000000000e+00
4.840357287271576311e-03
8.057736452095637381e-02
2.656044005125992591e-01
5.596171351199699107e-01
8.070778043790127754e-01
9.503625101076765835e-01
9.951596427127282762e-01
1.000000000000000000e+00
9.999999999999995559e-01
9.999999999999995559e-01
9.951596427127282762e-01
8.893562082319538264e-01
6.382509082901749453e-01
4.687598576825376395e-01
5.153753902981176305e-01
3.779059295621169379e-01
1.929221956209872246e-01
8.057736452095626278e-02
2.686012916382136614e-02
4.840357287271473963e-03
1.023776186403962786e-16
0.000000000000000000e+00
1.023776186403962786e-16
1.023776186403962786e-16
0.000000000000000000e+00
1.023776186403962786e-16
0.000000000000000000e+00
2.047552372807925571e-16
3.071328559211888233e-16
3.071328559211888233e-16
2.047552372807925571e-16
1.023776186403962786e-16
2.047552372807925571e-16
1.023776186403962786e-16
1.023776186403962786e-16
1.023776186403962786e-16
4.840357287271576311e-03
2.686012916382136614e-02
8.057736452095647095e-02
1.929221956209872246e-01
3.779059295621171599e-01
6.287963123377497965e-01
8.338076353340713176e-01
9.503625101076763615e-01
9.951596427127284983e-01
9.999999999999995559e-01
9.999999999999997780e-01
9.999999999999997780e-01
9.951596427127284983e-01
9.503625101076763615e-01
8.338076353340713176e-01
6.220940704378831176e-01
3.415394880310256287e-01
1.321603566007130692e-01
2.686012916382136614e-02
1.023776186403962786e-16
0.000000000000000000e+00
1.023776186403962786e-16
1.023776186403962786e-16
1.023776186403962786e-16
1.023776186403962786e-16
2.047552372807925571e-16
2.686012916382136614e-02
1.321603566007128749e-01
3.415394880310254622e-01
6.220940704378831176e-01
8.338076353340713176e-01
9.503625101076763615e-01
9.951596427127284983e-01
9.999999999999997780e-01
9.999999999999997780e-01
9.999999999999997780e-01
9.139884809172867941e-01
6.768826044064952807e-01
6.109234683364521690e-01
7.304045711755120518e-01
6.584605119689743713e-01
4.403828648800300338e-01
2.656044005125995366e-01
1.321603566007127639e-01
4.963748989232338177e-02
4.840357287271370747e-03
0.000000000000000000e+00
1.023776186403962786e-16
0.000000000000000000e+00
0.000000000000000000e+00
1.023776186403962786e-16
3.071328559211888233e-16
2.047552372807925571e-16
1.023776186403962786e-16
2.047552372807925571e-16
1.023776186403962786e-16
0.000000000000000000e+00
0.000000000000000000e+00
0.000000000000000000e+00
2.047552372807925571e-16
4.840357287271576311e-03
4.963748989232348585e-02
1.321603566007128749e-01
2.656044005125997032e-01
4.403828648800302004e-01
6.584605119689747044e-01
8.338076353340715396e-01
9.503625101076763615e-01
9.951596427127284983e-01
9.999999999999997780e-01
9.999999999999997780e-01
1.000000000000000000e+00
9.951596427127284983e-01
9.503625101076763615e-01
8.338076353340717617e-01
6.287963123377501296e-01
3.712036876622498704e-01
1.661923646659286269e-01
4.963748989232353442e-02
4.840357287271473963e-03
1.023776186403962786e-16
0.000000000000000000e+00
1.023776186403962786e-16
0.000000000000000000e+00
0.000000000000000000e+00
1.023776186403962786e-16
1.023776186403962786e-16
4.840357287271473963e-03
4.963748989232338177e-02
1.661923646659285436e-01
3.712036876622499815e-01
6.287963123377499075e-01
8.338076353340715396e-01
9.503625101076765835e-01
9.951596427127287203e-01
9.999999999999997780e-01
9.999999999999997780e-01
9.139884809172867941e-01
6.768826044064951697e-01
6.702959772059314814e-01
8.582473930325170697e-01
8.678396433992872083e-01
7.343955994874001858e-01
5.596171351199696886e-01
3.415394880310253511e-01
1.661923646659286269e-01
4.963748989232348585e-02
4.840357287271473963e-03
1.023776186403962786e-16
2.047552372807925571e-16
0.000000000000000000e+00
1.023776186403962786e-16
0.000000000000000000e+00
1.023776186403962786e-16
2.047552372807925571e-16
2.047552372807925571e-16
1.023776186403962786e-16
2.047552372807925571e-16
2.047552372807925571e-16
1.023776186403962786e-16
4.840357287271370747e-03
4.963748989232353442e-02
1.661923646659284326e-01
3.415394880310252956e-01
5.596171351199701327e-01
7.343955994874006299e-01
8.678396433992872083e-01
9.503625101076763615e-01
9.951596427127287203e-01
9.999999999999997780e-01
9.999999999999995559e-01
1.000000000000000000e+00
9.951596427127284983e-01
9.503625101076763615e-01
8.338076353340715396e-01
6.287963123377496855e-01
3.712036876622501480e-01
1.661923646659286269e-01
4.963748989232348585e-02
4.840357287271576311e-03
0.000000000000000000e+00
2.047552372807925571e-16
0.000000000000000000e+00
1.023776186403962786e-16
0.000000000000000000e+00
1.023776186403962786e-16
1.023776186403962786e-16
2.047552372807925571e-16
2.047552372807925571e-16
4.840357287271473963e-03
4.963748989232348585e-02
1.661923646659285436e-01
3.712036876622501480e-01
6.287963123377496855e-01
8.338076353340717617e-01
9.503625101076763615e-01
9.951596427127281652e-01
9.999999999999997780e-01
9.139884809172867941e-01
6.768826044064951697e-01
6.768826044064950587e-01
9.085180742209593152e-01
9.731398708361785888e-01
9.194226354790436817e-01
8.070778043790126643e-01
6.220940704378827846e-01
3.779059295621171599e-01
1.929221956209870303e-01
8.057736452095620727e-02
2.686012916382136614e-02
4.840357287271473963e-03
0.000000000000000000e+00
0.000000000000000000e+00
1.023776186403962786e-16
1.023776186403962786e-16
0.000000000000000000e+00
1.023776186403962786e-16
0.000000000000000000e+00
0.000000000000000000e+00
4.840357287271473963e-03
2.686012916382136614e-02
8.057736452095620727e-02
1.929221956209871414e-01
3.779059295621170489e-01
6.220940704378827846e-01
8.070778043790129974e-01
9.194226354790437927e-01
9.731398708361785888e-01
9.951596427127284983e-01
1.000000000000000000e+00
1.000000000000000000e+00
9.999999999999997780e-01
9.951596427127284983e-01
9.503625101076765835e-01
8.338076353340713176e-01
6.287963123377497965e-01
3.712036876622498704e-01
1.661923646659286269e-01
4.963748989232338177e-02
4.840357287271268398e-03
2.047552372807925571e-16
2.047552372807925571e-16
2.047552372807925571e-16
0.000000000000000000e+00
1.023776186403962786e-16
0.000000000000000000e+00
0.000000000000000000e+00
1.023776186403962786e-16
2.047552372807925571e-16
2.047552372807925571e-16
1.023776186403962786e-16
4.840357287271268398e-03
4.963748989232338177e-02
1.661923646659286269e-01
3.712036876622499260e-01
6.287963123377501296e-01
8.338076353340710956e-01
9.503625101076763615e-01
9.951596427127287203e-01
9.139884809172865721e-01
6.768826044064951697e-01
6.768826044064952807e-01
9.139884809172867941e-01
9.999999999999997780e-01
9.951596427127284983e-01
9.503625101076765835e-01
8.338076353340713176e-01
6.584605119689743713e-01
4.403828648800299783e-01
2.720037674979960962e-01
1.639640620928084769e-01
1.106437917680464234e-01
8.601151908271308100e-02
8.601151908271292834e-02
8.601151908271323365e-02
8.601151908271308100e-02
8.601151908271308100e-02
8.601151908271308100e-02
8.601151908271308100e-02
8.601151908271308100e-02
1.106437917680463262e-01
1.639640620928084769e-01
2.720037674979960962e-01
4.403828648800299783e-01
6.584605119689743713e-01
8.338076353340713176e-01
9.503625101076768056e-01
9.951596427127284983e-01
9.999999999999997780e-01
9.999999999999997780e-01
1.000000000000000000e+00
1.000000000000000000e+00
9.951596427127287203e-01
9.503625101076763615e-01
8.338076353340713176e-01
6.287963123377496855e-01
3.712036876622498704e-01
1.661923646659285436e-01
4.963748989232333320e-02
4.840357287271473963e-03
0.000000000000000000e+00
4.095104745615851142e-16
0.000000000000000000e+00
1.023776186403962786e-16
0.000000000000000000e+00
1.023776186403962786e-16
0.000000000000000000e+00
1.023776186403962786e-16
1.023776186403962786e-16
1.023776186403962786e-16
1.023776186403962786e-16
2.047552372807925571e-16
2.047552372807925571e-16
4.840357287271473963e-03
4.963748989232333320e-02
1.661923646659286269e-01
3.712036876622502035e-01
6.287963123377496855e-01
8.338076353340713176e-01
9.503625101076763615e-01
9.085180742209593152e-01
6.768826044064951697e-01
6.768826044064951697e-01
9.139884809172865721e-01
1.000000000000000000e+00
1.000000000000000000e+00
9.951596427127284983e-01
9.503625101076765835e-01
8.678396433992867642e-01
7.343955994874004078e-01
5.898194259637605796e-01
4.403828648800299783e-01
3.617490917098252212e-01
3.231173955935049968e-01
3.231173955935046638e-01
3.231173955935046083e-01
3.231173955935044972e-01
3.231173955935046638e-01
3.231173955935049968e-01
3.231173955935046083e-01
3.231173955935046083e-01
3.617490917098254433e-01
4.403828648800295342e-01
5.898194259637603576e-01
7.343955994874001858e-01
8.678396433992869863e-01
9.503625101076765835e-01
9.951596427127287203e-01
1.000000000000000000e+00
1.000000000000000000e+00
9.999999999999997780e-01
1.000000000000000000e+00
9.951596427127284983e-01
9.503625101076763615e-01
8.338076353340707625e-01
6.287963123377497965e-01
3.712036876622499260e-01
1.661923646659285436e-01
4.963748989232353442e-02
4.840357287271576311e-03
0.000000000000000000e+00
0.000000000000000000e+00
1.023776186403962786e-16
0.000000000000000000e+00
1.023776186403962786e-16
0.000000000000000000e+00
1.023776186403962786e-16
1.023776186403962786e-16
1.023776186403962786e-16
1.023776186403962786e-16
1.023776186403962786e-16
2.047552372807925571e-16
0.000000000000000000e+00
0.000000000000000000e+00
2.047552372807925571e-16
4.840357287271473963e-03
4.963748989232353442e-02
1.661923646659284326e-01
3.712036876622497594e-01
6.287963123377496855e-01
8.338076353340708735e-01
8.582473930325172917e-01
6.702959772059311483e-01
6.768826044064953917e-01
9.139884809172867941e-01
1.000000000000000000e+00
9.999999999999997780e-01
9.999999999999997780e-01
9.951596427127284983e-01
9.731398708361785888e-01
9.139884809172866831e-01
8.093579515677381542e-01
6.927058836634852890e-01
6.016528077673846120e-01
5.647276296278486152e-01
5.647276296278486152e-01
5.647276296278485042e-01
5.647276296278483931e-01
5.647276296278486152e-01
5.647276296278488372e-01
5.647276296278486152e-01
5.647276296278483931e-01
6.016528077673841679e-01
6.927058836634856220e-01
8.093579515677381542e-01
9.139884809172866831e-01
9.731398708361785888e-01
9.951596427127284983e-01
1.000000000000000000e+00
9.999999999999997780e-01
1.000000000000000000e+00
9.951596427127282762e-01
9.731398708361785888e-01
9.194226354790433486e-01
8.070778043790128864e-01
6.220940704378827846e-01
3.712036876622498704e-01
1.661923646659285436e-01
4.963748989232338177e-02
4.840357287271473963e-03
0.000000000000000000e+00
2.047552372807925571e-16
2.047552372807925571e-16
2.047552372807925571e-16
0.000000000000000000e+00
2.047552372807925571e-16
0.000000000000000000e+00
1.023776186403962786e-16
1.023776186403962786e-16
1.023776186403962786e-16
0.000000000000000000e+00
2.047552372807925571e-16
1.023776186403962786e-16
0.000000000000000000e+00
1.023776186403962786e-16
3.071328559211888233e-16
0.000000000000000000e+00
4.840357287271473963e-03
4.963748989232348585e-02
1.661923646659284326e-01
3.712036876622499260e-01
6.220940704378827846e-01
7.016717314654014048e-01
5.715189769339507064e-01
6.382509082901745012e-01
8.893562082319536044e-01
9.951596427127282762e-01
1.000000000000000000e+00
1.000000000000000000e+00
9.999999999999997780e-01
9.951596427127284983e-01
9.451438913013623377e-01
8.360359379071915509e-01
6.992261023052399604e-01
6.016528077673841679e-01
5.647276296278482821e-01
5.647276296278483931e-01
5.647276296278486152e-01
5.647276296278486152e-01
5.647276296278483931e-01
5.647276296278487262e-01
5.647276296278483931e-01
5.647276296278482821e-01
6.016528077673841679e-01
6.992261023052399604e-01
8.360359379071914399e-01
9.451438913013623377e-01
9.951596427127284983e-01
9.999999999999997780e-01
1.000000000000000000e+00
1.000000000000000000e+00
9.951596427127282762e-01
9.503625101076763615e-01
8.678396433992872083e-01
7.343955994873999638e-01
5.596171351199697996e-01
3.415394880310254622e-01
1.661923646659284326e-01
4.963748989232353442e-02
4.840357287271576311e-03
3.071328559211888233e-16
1.023776186403962786e-16
1.023776186403962786e-16
1.023776186403962786e-16
1.023776186403962786e-16
1.023776186403962786e-16
0.000000000000000000e+00
0.000000000000000000e+00
1.023776186403962786e-16
1.023776186403962786e-16
2.047552372807925571e-16
2.047552372807925571e-16
1.023776186403962786e-16
3.071328559211888233e-16
0.000000000000000000e+00
0.000000000000000000e+00
2.047552372807925571e-16
0.000000000000000000e+00
1.023776186403962786e-16
4.840357287271473963e-03
4.963748989232338177e-02
1.661923646659284326e-01
3.415394880310255732e-01
4.523046863199828294e-01
3.896782705122676660e-01
5.292858527370264410e-01
8.009915145467572106e-01
9.503625101076768056e-01
9.951596427127284983e-01
1.000000000000000000e+00
9.951596427127284983e-01
9.503625101076765835e-01
8.338076353340715396e-01
6.584605119689743713e-01
4.707141472629736145e-01
3.617490917098249992e-01
3.231173955935046638e-01
3.231173955935050524e-01
3.231173955935050524e-01
3.231173955935046638e-01
3.231173955935049968e-01
3.231173955935046638e-01
3.231173955935046638e-01
3.231173955935045528e-01
3.617490917098249992e-01
4.707141472629736145e-01
6.584605119689743713e-01
8.338076353340713176e-01
9.503625101076763615e-01
9.951596427127284983e-01
1.000000000000000000e+00
9.951596427127282762e-01
9.503625101076768056e-01
8.338076353340715396e-01
6.584605119689743713e-01
4.403828648800298673e-01
2.656044005125994811e-01
1.321603566007127639e-01
4.963748989232333320e-02
4.840357287271576311e-03
1.023776186403962786e-16
1.023776186403962786e-16
1.023776186403962786e-16
1.023776186403962786e-16
3.071328559211888233e-16
1.023776186403962786e-16
0.000000000000000000e+00
1.023776186403962786e-16
0.000000000000000000e+00
2.047552372807925571e-16
1.023776186403962786e-16
1.023776186403962786e-16
1.023776186403962786e-16
1.023776186403962786e-16
1.023776186403962786e-16
0.000000000000000000e+00
0.000000000000000000e+00
1.023776186403962786e-16
0.000000000000000000e+00
1.023776186403962786e-16
1.023776186403962786e-16
4.840357287271268398e-03
4.963748989232338177e-02
1.321603566007126807e-01
1.952065740347785072e-01
1.743866811073698508e-01
3.415394880310254622e-01
6.220940704378827846e-01
8.338076353340710956e-01
9.451438913013625598e-01
9.680898571192871893e-01
9.194226354790432376e-01
8.070778043790128864e-01
6.220940704378827846e-01
3.779059295621167158e-01
1.990084854532427616e-01
1.106437917680461736e-01
8.601151908271327529e-02
8.601151908271292834e-02
8.601151908271333080e-02
8.601151908271312263e-02
8.601151908271312263e-02
8.601151908271323365e-02
8.601151908271308100e-02
8.601151908271312263e-02
1.106437917680461736e-01
1.990084854532426506e-01
3.779059295621167158e-01
6.220940704378827846e-01
8.070778043790123313e-01
9.194226354790436817e-01
9.680898571192871893e-01
9.451438913013625598e-01
8.338076353340710956e-01
6.287963123377497965e-01
3.779059295621168824e-01
1.929221956209870859e-01
8.057736452095626278e-02
2.686012916382136614e-02
4.840357287271473963e-03
0.000000000000000000e+00
1.023776186403962786e-16
0.000000000000000000e+00
0.000000000000000000e+00
2.047552372807925571e-16
1.023776186403962786e-16
1.023776186403962786e-16
0.000000000000000000e+00
1.023776186403962786e-16
0.000000000000000000e+00
1.023776186403962786e-16
1.023776186403962786e-16
1.023776186403962786e-16
1.023776186403962786e-16
1.023776186403962786e-16
1.023776186403962786e-16
0.000000000000000000e+00
0.000000000000000000e+00
0.000000000000000000e+00
0.000000000000000000e+00
0.000000000000000000e+00
1.023776186403962786e-16
0.000000000000000000e+00
4.840357287271370747e-03
2.686012916382136614e-02
5.159479179137068522e-02
5.159479179137073379e-02
1.661923646659286269e-01
3.712036876622499815e-01
6.220940704378827846e-01
7.735406893812262208e-01
8.093579515677378211e-01
7.279962325020037373e-01
5.596171351199696886e-01
3.415394880310253511e-01
1.661923646659285436e-01
4.963748989232317360e-02
4.840357287271473963e-03
0.000000000000000000e+00
1.023776186403962786e-16
1.023776186403962786e-16
1.023776186403962786e-16
1.023776186403962786e-16
1.023776186403962786e-16
0.000000000000000000e+00
0.000000000000000000e+00
4.840357287271473963e-03
4.963748989232322911e-02
1.661923646659286269e-01
3.415394880310251846e-01
5.596171351199696886e-01
7.279962325020034042e-01
8.093579515677381542e-01
7.735406893812257767e-01
6.220940704378827846e-01
3.712036876622496484e-01
1.661923646659284881e-01
4.963748989232333320e-02
4.840357287271370747e-03
0.000000000000000000e+00
0.000000000000000000e+00
2.047552372807925571e-16
1.023776186403962786e-16
1.023776186403962786e-16
1.023776186403962786e-16
1.023776186403962786e-16
2.047552372807925571e-16
3.071328559211888233e-16
0.000000000000000000e+00
1.023776186403962786e-16
0.000000000000000000e+00
1.023776186403962786e-16
1.023776186403962786e-16
1.023776186403962786e-16
1.023776186403962786e-16
1.023776186403962786e-16
2.047552372807925571e-16
0.000000000000000000e+00
0.000000000000000000e+00
2.047552372807925571e-16
1.023776186403962786e-16
0.000000000000000000e+00
0.000000000000000000e+00
0.000000000000000000e+00
0.000000000000000000e+00
0.000000000000000000e+00
1.023776186403962786e-16
0.000000000000000000e+00
4.963748989232338177e-02
1.661923646659286269e-01
3.415394880310253511e-01
4.894958884158960299e-01
5.198970466514194477e-01
4.101805740362391983e-01
2.656044005125994811e-01
1.321603566007128749e-01
4.963748989232338177e-02
4.840357287271473963e-03
2.047552372807925571e-16
1.023776186403962786e-16
1.023776186403962786e-16
1.023776186403962786e-16
1.023776186403962786e-16
1.023776186403962786e-16
2.047552372807925571e-16
0.000000000000000000e+00
1.023776186403962786e-16
2.047552372807925571e-16
4.840357287271473963e-03
4.963748989232348585e-02
1.321603566007130692e-01
2.656044005125994811e-01
4.101805740362393093e-01
5.198970466514193367e-01
4.894958884158956969e-01
3.415394880310252401e-01
1.661923646659283771e-01
4.963748989232338177e-02
4.840357287271473963e-03
1.023776186403962786e-16
0.000000000000000000e+00
0.000000000000000000e+00
0.000000000000000000e+00
0.000000000000000000e+00
2.047552372807925571e-16
0.000000000000000000e+00
1.023776186403962786e-16
0.000000000000000000e+00
2.047552372807925571e-16
0.000000000000000000e+00
2.047552372807925571e-16
0.000000000000000000e+00
1.023776186403962786e-16
1.023776186403962786e-16
1.023776186403962786e-16
1.023776186403962786e-16
1.023776186403962786e-16
1.023776186403962786e-16
0.000000000000000000e+00
0.000000000000000000e+00
1.023776186403962786e-16
0.000000000000000000e+00
0.000000000000000000e+00
0.000000000000000000e+00
0.000000000000000000e+00
0.000000000000000000e+00
0.000000000000000000e+00
1.023776186403962786e-16
1.023776186403962786e-16
4.840357287271576311e-03
4.963748989232353442e-02
1.321603566007129860e-01
2.013040039374995593e-01
2.074307553489927458e-01
1.580582707082954785e-01
8.057736452095616564e-02
2.686012916382147023e-02
4.840357287271473963e-03
0.000000000000000000e+00
2.047552372807925571e-16
0.000000000000000000e+00
0.000000000000000000e+00
0.000000000000000000e+00
0.000000000000000000e+00
0.000000000000000000e+00
1.023776186403962786e-16
1.023776186403962786e-16
0.000000000000000000e+00
1.023776186403962786e-16
1.023776186403962786e-16
4.840357287271268398e-03
2.686012916382167492e-02
8.057736452095580482e-02
1.580582707082954785e-01
2.074307553489928291e-01
2.013040039374995038e-01
1.321603566007127639e-01
4.963748989232333320e-02
4.840357287271473963e-03
0.000000000000000000e+00
0.000000000000000000e+00
0.000000000000000000e+00
0.000000000000000000e+00
1.023776186403962786e-16
1.023776186403962786e-16
1.023776186403962786e-16
0.000000000000000000e+00
0.000000000000000000e+00
1.023776186403962786e-16
2.047552372807925571e-16
0.000000000000000000e+00
0.000000000000000000e+00
0.000000000000000000e+00
1.023776186403962786e-16
1.023776186403962786e-16
0.000000000000000000e+00
1.023776186403962786e-16
1.023776186403962786e-16
2.047552372807925571e-16
0.000000000000000000e+00
0.000000000000000000e+00
0.000000000000000000e+00
0.000000000000000000e+00
0.000000000000000000e+00
1.023776186403962786e-16
0.000000000000000000e+00
0.000000000000000000e+00
1.023776186403962786e-16
1.023776186403962786e-16
1.023776186403962786e-16
0.000000000000000000e+00
9.719361960710369910e-03
5.485610869863741940e-02
1.071486962825161093e-01
1.071486962825159567e-01
5.485610869863773165e-02
9.719361960710267562e-03
1.023776186403962786e-16
0.000000000000000000e+00
0.000000000000000000e+00
0.000000000000000000e+00
0.000000000000000000e+00
0.000000000000000000e+00
1.023776186403962786e-16
1.023776186403962786e-16
3.071328559211888233e-16
1.023776186403962786e-16
0.000000000000000000e+00
0.000000000000000000e+00
1.023776186403962786e-16
0.000000000000000000e+00
0.000000000000000000e+00
1.023776186403962786e-16
9.719361960710165213e-03
5.485610869863767614e-02
1.071486962825162065e-01
1.071486962825159567e-01
5.485610869863732225e-02
9.719361960710165213e-03
1.023776186403962786e-16
0.000000000000000000e+00
0.000000000000000000e+00
0.000000000000000000e+00
0.000000000000000000e+00
1.023776186403962786e-16
2.047552372807925571e-16
2.047552372807925571e-16
0.000000000000000000e+00
2.047552372807925571e-16
1.023776186403962786e-16
1.023776186403962786e-16
0.000000000000000000e+00
1.023776186403962786e-16
0.000000000000000000e+00
1.023776186403962786e-16
0.000000000000000000e+00
0.000000000000000000e+00
1.023776186403962786e-16
2.047552372807925571e-16
1.023776186403962786e-16
0.000000000000000000e+00
0.000000000000000000e+00
1.023776186403962786e-16
0.000000000000000000e+00
0.000000000000000000e+00
1.023776186403962786e-16
0.000000000000000000e+00
0.000000000000000000e+00
0.000000000000000000e+00
1.023776186403962786e-16
1.023776186403962786e-16
4.840357287271370747e-03
4.963748989232348585e-02
1.321603566007128749e-01
2.013040039374995593e-01
2.074307553489925238e-01
1.580582707082950067e-01
8.057736452095626278e-02
2.686012916382157084e-02
4.840357287271576311e-03
3.071328559211888233e-16
1.023776186403962786e-16
1.023776186403962786e-16
0.000000000000000000e+00
1.023776186403962786e-16
0.000000000000000000e+00
2.047552372807925571e-16
2.047552372807925571e-16
0.000000000000000000e+00
0.000000000000000000e+00
1.023776186403962786e-16
1.023776186403962786e-16
4.840357287271473963e-03
2.686012916382147023e-02
8.057736452095641544e-02
1.580582707082950067e-01
2.074307553489927458e-01
2.013040039374993928e-01
1.321603566007127639e-01
4.963748989232348585e-02
4.840357287271370747e-03
0.000000000000000000e+00
0.000000000000000000e+00
0.000000000000000000e+00
0.000000000000000000e+00
0.000000000000000000e+00
1.023776186403962786e-16
0.000000000000000000e+00
0.000000000000000000e+00
0.000000000000000000e+00
2.047552372807925571e-16
1.023776186403962786e-16
1.023776186403962786e-16
1.023776186403962786e-16
0.000000000000000000e+00
1.023776186403962786e-16
0.000000000000000000e+00
0.000000000000000000e+00
1.023776186403962786e-16
2.047552372807925571e-16
1.023776186403962786e-16
0.000000000000000000e+00
0.000000000000000000e+00
0.000000000000000000e+00
0.000000000000000000e+00
0.000000000000000000e+00
1.023776186403962786e-16
0.000000000000000000e+00
0.000000000000000000e+00
0.000000000000000000e+00
1.023776186403962786e-16
1.023776186403962786e-16
4.963748989232338177e-02
1.661923646659286269e-01
3.415394880310253511e-01
4.894958884158958079e-01
5.198970466514195587e-01
4.101805740362396424e-01
2.656044005125997032e-01
1.321603566007128749e-01
4.963748989232338177e-02
4.840357287271268398e-03
1.023776186403962786e-16
0.000000000000000000e+00
0.000000000000000000e+00
1.023776186403962786e-16
1.023776186403962786e-16
3.071328559211888233e-16
2.047552372807925571e-16
1.023776186403962786e-16
1.023776186403962786e-16
0.000000000000000000e+00
4.840357287271473963e-03
4.963748989232353442e-02
1.321603566007127362e-01
2.656044005125994811e-01
4.101805740362397534e-01
5.198970466514194477e-01
4.894958884158956969e-01
3.415394880310253511e-01
1.661923646659284326e-01
4.963748989232322911e-02
4.840357287271370747e-03
0.000000000000000000e+00
0.000000000000000000e+00
0.000000000000000000e+00
0.000000000000000000e+00
1.023776186403962786e-16
1.023776186403962786e-16
0.000000000000000000e+00
1.023776186403962786e-16
2.047552372807925571e-16
0.000000000000000000e+00
0.000000000000000000e+00
1.023776186403962786e-16
0.000000000000000000e+00
1.023776186403962786e-16
0.000000000000000000e+00
1.023776186403962786e-16
1.023776186403962786e-16
1.023776186403962786e-16
2.047552372807925571e-16
0.000000000000000000e+00
1.023776186403962786e-16
1.023776186403962786e-16
0.000000000000000000e+00
0.000000000000000000e+00
2.047552372807925571e-16
0.000000000000000000e+00
0.000000000000000000e+00
0.000000000000000000e+00
0.000000000000000000e+00
0.000000000000000000e+00
1.661923646659285436e-01
3.712036876622499815e-01
6.220940704378831176e-01
7.735406893812255547e-01
8.093579515677382652e-01
7.279962325020039593e-01
5.596171351199701327e-01
3.415394880310260173e-01
1.661923646659286269e-01
4.963748989232333320e-02
4.840357287271370747e-03
0.000000000000000000e+00
0.000000000000000000e+00
1.023776186403962786e-16
0.000000000000000000e+00
2.047552372807925571e-16
0.000000000000000000e+00
0.000000000000000000e+00
1.023776186403962786e-16
4.840357287271473963e-03
4.963748989232322911e-02
1.661923646659285436e-01
3.415394880310256287e-01
5.596171351199699107e-01
7.279962325020037373e-01
8.093579515677384872e-01
7.735406893812253326e-01
6.220940704378827846e-01
3.712036876622499260e-01
1.661923646659283771e-01
4.963748989232333320e-02
4.840357287271370747e-03
0.000000000000000000e+00
0.000000000000000000e+00
0.000000000000000000e+00
0.000000000000000000e+00
0.000000000000000000e+00
0.000000000000000000e+00
2.047552372807925571e-16
0.000000000000000000e+00
2.047552372807925571e-16
0.000000000000000000e+00
1.023776186403962786e-16
0.000000000000000000e+00
1.023776186403962786e-16
1.023776186403962786e-16
1.023776186403962786e-16
1.023776186403962786e-16
1.023776186403962786e-16
2.047552372807925571e-16
1.023776186403962786e-16
0.000000000000000000e+00
1.023776186403962786e-16
0.000000000000000000e+00
0.000000000000000000e+00
0.000000000000000000e+00
0.000000000000000000e+00
0.000000000000000000e+00
0.000000000000000000e+00
0.000000000000000000e+00
0.000000000000000000e+00
3.415394880310253511e-01
6.220940704378831176e-01
8.338076353340713176e-01
9.451438913013623377e-01
9.680898571192874114e-01
9.194226354790436817e-01
8.070778043790128864e-01
6.220940704378831176e-01
3.779059295621169379e-01
1.990084854532427061e-01
1.106437917680463262e-01
8.601151908271308100e-02
8.601151908271292834e-02
8.601151908271327529e-02
8.601151908271308100e-02
8.601151908271312263e-02
8.601151908271312263e-02
8.601151908271308100e-02
8.601151908271287283e-02
1.106437917680464234e-01
1.990084854532426506e-01
3.779059295621173264e-01
6.220940704378827846e-01
8.070778043790128864e-01
9.194226354790437927e-01
9.680898571192876334e-01
9.451438913013623377e-01
8.338076353340713176e-01
6.287963123377497965e-01
3.779059295621169379e-01
1.929221956209870303e-01
8.057736452095611013e-02
2.686012916382116145e-02
4.840357287271268398e-03
0.000000000000000000e+00
1.023776186403962786e-16
0.000000000000000000e+00
0.000000000000000000e+00
1.023776186403962786e-16
3.071328559211888233e-16
2.047552372807925571e-16
1.023776186403962786e-16
1.023776186403962786e-16
0.000000000000000000e+00
1.023776186403962786e-16
1.023776186403962786e-16
1.023776186403962786e-16
1.023776186403962786e-16
2.047552372807925571e-16
1.023776186403962786e-16
0.000000000000000000e+00
0.000000000000000000e+00
1.023776186403962786e-16
0.000000000000000000e+00
0.000000000000000000e+00
0.000000000000000000e+00
0.000000000000000000e+00
4.840357287271370747e-03
2.686012916382116145e-02
5.159479179137073379e-02
5.159479179137068522e-02
5.292858527370264410e-01
8.009915145467572106e-01
9.503625101076765835e-01
9.951596427127287203e-01
1.000000000000000000e+00
9.951596427127287203e-01
9.503625101076768056e-01
8.338076353340715396e-01
6.584605119689742603e-01
4.707141472629733925e-01
3.617490917098251657e-01
3.231173955935046638e-01
3.231173955935046083e-01
3.231173955935044972e-01
3.231173955935044972e-01
3.231173955935047748e-01
3.231173955935046083e-01
3.231173955935046083e-01
3.231173955935047748e-01
3.617490917098249992e-01
4.707141472629733925e-01
6.584605119689743713e-01
8.338076353340717617e-01
9.503625101076765835e-01
9.951596427127284983e-01
1.000000000000000000e+00
9.951596427127282762e-01
9.503625101076763615e-01
8.338076353340715396e-01
6.584605119689747044e-01
4.403828648800298673e-01
2.656044005125993701e-01
1.321603566007127639e-01
4.963748989232322911e-02
4.840357287271473963e-03
1.023776186403962786e-16
1.023776186403962786e-16
0.000000000000000000e+00
1.023776186403962786e-16
2.047552372807925571e-16
2.047552372807925571e-16
0.000000000000000000e+00
1.023776186403962786e-16
0.000000000000000000e+00
2.047552372807925571e-16
1.023776186403962786e-16
1.023776186403962786e-16
1.023776186403962786e-16
1.023776186403962786e-16
2.047552372807925571e-16
1.023776186403962786e-16
0.000000000000000000e+00
1.023776186403962786e-16
0.000000000000000000e+00
0.000000000000000000e+00
0.000000000000000000e+00
4.840357287271370747e-03
4.963748989232348585e-02
1.321603566007128194e-01
1.952065740347783962e-01
1.743866811073698508e-01
6.382509082901745012e-01
8.893562082319533824e-01
9.951596427127284983e-01
1.000000000000000000e+00
1.000000000000000000e+00
1.000000000000000000e+00
9.951596427127287203e-01
9.451438913013627818e-01
8.360359379071914399e-01
6.992261023052396274e-01
6.016528077673840569e-01
5.647276296278487262e-01
5.647276296278483931e-01
5.647276296278483931e-01
5.647276296278483931e-01
5.647276296278482821e-01
5.647276296278482821e-01
5.647276296278483931e-01
5.647276296278487262e-01
6.016528077673841679e-01
6.992261023052396274e-01
8.360359379071915509e-01
9.451438913013623377e-01
9.951596427127282762e-01
1.000000000000000000e+00
1.000000000000000000e+00
1.000000000000000000e+00
9.951596427127284983e-01
9.503625101076763615e-01
8.678396433992872083e-01
7.343955994874004078e-01
5.596171351199696886e-01
3.415394880310253511e-01
1.661923646659284326e-01
4.963748989232338177e-02
4.840357287271473963e-03
1.023776186403962786e-16
0.000000000000000000e+00
2.047552372807925571e-16
1.023776186403962786e-16
2.047552372807925571e-16
0.000000000000000000e+00
1.023776186403962786e-16
0.000000000000000000e+00
2.047552372807925571e-16
1.023776186403962786e-16
1.023776186403962786e-16
1.023776186403962786e-16
1.023776186403962786e-16
2.047552372807925571e-16
1.023776186403962786e-16
1.023776186403962786e-16
1.023776186403962786e-16
0.000000000000000000e+00
0.000000000000000000e+00
4.840357287271473963e-03
4.963748989232338177e-02
1.661923646659285436e-01
3.415394880310253511e-01
4.523046863199827183e-01
3.896782705122675550e-01
6.768826044064950587e-01
9.139884809172867941e-01
9.999999999999997780e-01
9.999999999999997780e-01
1.000000000000000000e+00
9.951596427127282762e-01
9.731398708361785888e-01
9.139884809172869051e-01
8.093579515677381542e-01
6.927058836634856220e-01
6.016528077673839459e-01
5.647276296278486152e-01
5.647276296278487262e-01
5.647276296278487262e-01
5.647276296278486152e-01
5.647276296278486152e-01
5.647276296278485042e-01
5.647276296278485042e-01
5.647276296278486152e-01
6.016528077673840569e-01
6.927058836634852890e-01
8.093579515677379321e-01
9.139884809172866831e-01
9.731398708361785888e-01
9.951596427127282762e-01
1.000000000000000000e+00
9.999999999999995559e-01
9.999999999999997780e-01
9.951596427127282762e-01
9.731398708361782557e-01
9.194226354790436817e-01
8.070778043790126643e-01
6.220940704378827846e-01
3.712036876622499815e-01
1.661923646659284326e-01
4.963748989232348585e-02
4.840357287271473963e-03
0.000000000000000000e+00
1.023776186403962786e-16
2.047552372807925571e-16
2.047552372807925571e-16
1.023776186403962786e-16
1.023776186403962786e-16
1.023776186403962786e-16
1.023776186403962786e-16
1.023776186403962786e-16
1.023776186403962786e-16
1.023776186403962786e-16
1.023776186403962786e-16
1.023776186403962786e-16
1.023776186403962786e-16
0.000000000000000000e+00
1.023776186403962786e-16
0.000000000000000000e+00
4.840357287271473963e-03
4.963748989232338177e-02
1.661923646659285436e-01
3.712036876622501480e-01
6.220940704378826736e-01
7.016717314654010718e-01
5.715189769339505954e-01
6.768826044064951697e-01
9.139884809172872382e-01
1.000000000000000000e+00
1.000000000000000000e+00
9.951596427127284983e-01
9.503625101076765835e-01
8.678396433992869863e-01
7.343955994874008519e-01
5.898194259637602466e-01
4.403828648800300338e-01
3.617490917098254433e-01
3.231173955935045528e-01
3.231173955935048858e-01
3.231173955935046638e-01
3.231173955935049968e-01
3.231173955935049968e-01
3.231173955935046638e-01
3.231173955935045528e-01
3.231173955935046083e-01
3.617490917098254433e-01
4.403828648800299783e-01
5.898194259637605796e-01
7.343955994874006299e-01
8.678396433992872083e-01
9.503625101076765835e-01
9.951596427127284983e-01
1.000000000000000000e+00
1.000000000000000000e+00
1.000000000000000000e+00
9.999999999999997780e-01
9.951596427127284983e-01
9.503625101076763615e-01
8.338076353340715396e-01
6.287963123377497965e-01
3.712036876622498704e-01
1.661923646659286269e-01
4.963748989232348585e-02
4.840357287271268398e-03
2.047552372807925571e-16
1.023776186403962786e-16
1.023776186403962786e-16
2.047552372807925571e-16
0.000000000000000000e+00
0.000000000000000000e+00
1.023776186403962786e-16
1.023776186403962786e-16
0.000000000000000000e+00
1.023776186403962786e-16
1.023776186403962786e-16
3.071328559211888233e-16
0.000000000000000000e+00
0.000000000000000000e+00
4.095104745615851142e-16
4.840357287271370747e-03
4.963748989232353442e-02
1.661923646659286269e-01
3.712036876622498704e-01
6.287963123377499075e-01
8.338076353340715396e-01
8.582473930325172917e-01
6.702959772059312593e-01
6.768826044064952807e-01
9.139884809172866831e-01
1.000000000000000000e+00
9.951596427127284983e-01
9.503625101076763615e-01
8.338076353340713176e-01
6.584605119689743713e-01
4.403828648800302004e-01
2.720037674979961517e-01
1.639640620928086989e-01
1.106437917680464234e-01
8.601151908271333080e-02
8.601151908271308100e-02
8.601151908271308100e-02
8.601151908271292834e-02
8.601151908271308100e-02
8.601151908271287283e-02
8.601151908271287283e-02
8.601151908271333080e-02
1.106437917680466315e-01
1.639640620928085879e-01
2.720037674979963738e-01
4.403828648800298673e-01
6.584605119689743713e-01
8.338076353340710956e-01
9.503625101076765835e-01
9.951596427127282762e-01
9.999999999999997780e-01
9.999999999999997780e-01
1.000000000000000000e+00
1.000000000000000000e+00
9.951596427127282762e-01
9.503625101076763615e-01
8.338076353340713176e-01
6.287963123377499075e-01
3.712036876622499815e-01
1.661923646659286269e-01
4.963748989232348585e-02
4.840357287271576311e-03
1.023776186403962786e-16
2.047552372807925571e-16
0.000000000000000000e+00
1.023776186403962786e-16
0.000000000000000000e+00
1.023776186403962786e-16
1.023776186403962786e-16
0.000000000000000000e+00
0.000000000000000000e+00
0.000000000000000000e+00
1.023776186403962786e-16
1.023776186403962786e-16
0.000000000000000000e+00
4.840357287271576311e-03
4.963748989232348585e-02
1.661923646659285436e-01
3.712036876622500370e-01
6.287963123377499075e-01
8.338076353340713176e-01
9.503625101076763615e-01
9.085180742209593152e-01
6.768826044064951697e-01
6.768826044064951697e-01
9.085180742209593152e-01
9.731398708361785888e-01
9.194226354790439038e-01
8.070778043790123313e-01
6.220940704378827846e-01
3.779059295621170489e-01
1.929221956209874467e-01
8.057736452095647095e-02
2.686012916382147023e-02
4.840357287271781009e-03
0.000000000000000000e+00
0.000000000000000000e+00
1.023776186403962786e-16
0.000000000000000000e+00
0.000000000000000000e+00
0.000000000000000000e+00
0.000000000000000000e+00
0.000000000000000000e+00
4.840357287271678660e-03
2.686012916382136614e-02
8.057736452095626278e-02
1.929221956209869193e-01
3.779059295621170489e-01
6.220940704378827846e-01
8.070778043790127754e-01
9.194226354790436817e-01
9.731398708361785888e-01
9.951596427127284983e-01
1.000000000000000000e+00
1.000000000000000000e+00
9.999999999999995559e-01
9.951596427127287203e-01
9.503625101076763615e-01
8.338076353340709845e-01
6.287963123377499075e-01
3.712036876622500370e-01
1.661923646659284881e-01
4.963748989232348585e-02
4.840357287271473963e-03
2.047552372807925571e-16
0.000000000000000000e+00
1.023776186403962786e-16
0.000000000000000000e+00
1.023776186403962786e-16
1.023776186403962786e-16
0.000000000000000000e+00
0.000000000000000000e+00
0.000000000000000000e+00
1.023776186403962786e-16
1.023776186403962786e-16
4.840357287271473963e-03
4.963748989232348585e-02
1.661923646659285436e-01
3.712036876622499260e-01
6.287963123377499075e-01
8.338076353340715396e-01
9.503625101076765835e-01
9.951596427127287203e-01
9.139884809172867941e-01
6.768826044064952807e-01
6.702959772059314814e-01
8.582473930325168476e-01
8.678396433992872083e-01
7.343955994874001858e-01
5.596171351199701327e-01
3.415394880310254622e-01
1.661923646659286824e-01
4.963748989232368708e-02
4.840357287271473963e-03
1.023776186403962786e-16
0.000000000000000000e+00
1.023776186403962786e-16
0.000000000000000000e+00
1.023776186403962786e-16
0.000000000000000000e+00
1.023776186403962786e-16
1.023776186403962786e-16
0.000000000000000000e+00
2.047552372807925571e-16
0.000000000000000000e+00
0.000000000000000000e+00
4.840357287271576311e-03
4.963748989232338177e-02
1.661923646659287379e-01
3.415394880310255732e-01
5.596171351199702437e-01
7.343955994874001858e-01
8.678396433992874304e-01
9.503625101076765835e-01
9.951596427127284983e-01
9.999999999999997780e-01
9.999999999999997780e-01
1.000000000000000000e+00
9.951596427127287203e-01
9.503625101076765835e-01
8.338076353340715396e-01
6.287963123377497965e-01
3.712036876622501480e-01
1.661923646659286269e-01
4.963748989232338177e-02
4.840357287271678660e-03
0.000000000000000000e+00
1.023776186403962786e-16
0.000000000000000000e+00
1.023776186403962786e-16
0.000000000000000000e+00
0.000000000000000000e+00
1.023776186403962786e-16
0.000000000000000000e+00
0.000000000000000000e+00
4.840357287271576311e-03
4.963748989232348585e-02
1.661923646659286269e-01
3.712036876622502035e-01
6.287963123377499075e-01
8.338076353340715396e-01
9.503625101076765835e-01
9.951596427127287203e-01
1.000000000000000000e+00
9.139884809172869051e-01
6.768826044064951697e-01
6.109234683364520579e-01
7.304045711755120518e-01
6.584605119689742603e-01
4.403828648800298673e-01
2.656044005125995366e-01
1.321603566007127362e-01
4.963748989232333320e-02
4.840357287271576311e-03
0.000000000000000000e+00
2.047552372807925571e-16
1.023776186403962786e-16
0.000000000000000000e+00
0.000000000000000000e+00
1.023776186403962786e-16
1.023776186403962786e-16
0.000000000000000000e+00
1.023776186403962786e-16
0.000000000000000000e+00
1.023776186403962786e-16
0.000000000000000000e+00
0.000000000000000000e+00
0.000000000000000000e+00
4.840357287271268398e-03
4.963748989232338177e-02
1.321603566007127362e-01
2.656044005125997032e-01
4.403828648800298673e-01
6.584605119689743713e-01
8.338076353340713176e-01
9.503625101076765835e-01
9.951596427127284983e-01
9.999999999999997780e-01
9.999999999999997780e-01
1.000000000000000000e+00
9.951596427127282762e-01
9.503625101076765835e-01
8.338076353340715396e-01
6.287963123377496855e-01
3.712036876622498704e-01
1.661923646659289044e-01
4.963748989232368708e-02
4.840357287271473963e-03
0.000000000000000000e+00
0.000000000000000000e+00
1.023776186403962786e-16
0.000000000000000000e+00
0.000000000000000000e+00
0.000000000000000000e+00
0.000000000000000000e+00
4.840357287271473963e-03
4.963748989232338177e-02
1.661923646659286824e-01
3.712036876622499815e-01
6.287963123377499075e-01
8.338076353340715396e-01
9.503625101076765835e-01
9.951596427127284983e-01
9.999999999999997780e-01
9.999999999999997780e-01
9.139884809172867941e-01
6.768826044064951697e-01
4.687598576825377505e-01
5.153753902981176305e-01
3.779059295621170489e-01
1.929221956209872246e-01
8.057736452095611013e-02
2.686012916382126553e-02
4.840357287271473963e-03
2.047552372807925571e-16
0.000000000000000000e+00
1.023776186403962786e-16
0.000000000000000000e+00
1.023776186403962786e-16
0.000000000000000000e+00
1.023776186403962786e-16
1.023776186403962786e-16
3.071328559211888233e-16
1.023776186403962786e-16
1.023776186403962786e-16
1.023776186403962786e-16
1.023776186403962786e-16
0.000000000000000000e+00
0.000000000000000000e+00
2.047552372807925571e-16
4.840357287271473963e-03
2.686012916382147023e-02
8.057736452095637381e-02
1.929221956209871414e-01
3.779059295621171599e-01
6.287963123377497965e-01
8.338076353340713176e-01
9.503625101076765835e-01
9.951596427127282762e-01
1.000000000000000000e+00
1.000000000000000000e+00
9.999999999999997780e-01
9.951596427127282762e-01
9.503625101076765835e-01
8.338076353340710956e-01
6.220940704378831176e-01
3.415394880310255732e-01
1.321603566007129860e-01
2.686012916382147023e-02
0.000000000000000000e+00
0.000000000000000000e+00
1.023776186403962786e-16
0.000000000000000000e+00
0.000000000000000000e+00
1.023776186403962786e-16
1.023776186403962786e-16
2.686012916382147023e-02
1.321603566007128749e-01
3.415394880310252956e-01
6.220940704378831176e-01
8.338076353340717617e-01
9.503625101076765835e-01
9.951596427127284983e-01
1.000000000000000000e+00
9.999999999999997780e-01
9.999999999999997780e-01
9.139884809172865721e-01
6.768826044064951697e-01
2.832704785687188975e-01
2.680071644486498039e-01
1.661923646659286269e-01
4.963748989232338177e-02
4.840357287271473963e-03
0.000000000000000000e+00
0.000000000000000000e+00
0.000000000000000000e+00
0.000000000000000000e+00
0.000000000000000000e+00
1.023776186403962786e-16
0.000000000000000000e+00
0.000000000000000000e+00
0.000000000000000000e+00
0.000000000000000000e+00
0.000000000000000000e+00
0.000000000000000000e+00
0.000000000000000000e+00
1.023776186403962786e-16
0.000000000000000000e+00
0.000000000000000000e+00
0.000000000000000000e+00
0.000000000000000000e+00
1.023776186403962786e-16
1.023776186403962786e-16
4.840357287271473963e-03
4.963748989232338177e-02
1.661923646659284881e-01
3.712036876622499815e-01
6.220940704378827846e-01
8.009915145467569886e-01
8.893562082319536044e-01
9.139884809172867941e-01
9.139884809172867941e-01
9.139884809172866831e-01
9.139884809172866831e-01
9.085180742209596483e-01
8.582473930325172917e-01
7.016717314654010718e-01
4.523046863199827183e-01
1.952065740347783962e-01
5.159479179137073379e-02
0.000000000000000000e+00
0.000000000000000000e+00
1.023776186403962786e-16
0.000000000000000000e+00
0.000000000000000000e+00
0.000000000000000000e+00
1.023776186403962786e-16
5.159479179137073379e-02
1.952065740347783962e-01
4.523046863199826628e-01
7.016717314654010718e-01
8.582473930325170697e-01
9.085180742209593152e-01
9.139884809172866831e-01
9.139884809172867941e-01
9.139884809172867941e-01
9.139884809172866831e-01
8.238995738736422103e-01
6.016528077673840569e-01
1.148722669837691640e-01
1.013643652272063905e-01
4.963748989232338177e-02
4.840357287271473963e-03
0.000000000000000000e+00
0.000000000000000000e+00
2.047552372807925571e-16
2.047552372807925571e-16
0.000000000000000000e+00
0.000000000000000000e+00
1.023776186403962786e-16
0.000000000000000000e+00
0.000000000000000000e+00
0.000000000000000000e+00
1.023776186403962786e-16
1.023776186403962786e-16
0.000000000000000000e+00
0.000000000000000000e+00
1.023776186403962786e-16
1.023776186403962786e-16
0.000000000000000000e+00
0.000000000000000000e+00
2.047552372807925571e-16
2.047552372807925571e-16
0.000000000000000000e+00
0.000000000000000000e+00
4.840357287271473963e-03
4.963748989232338177e-02
1.661923646659284326e-01
3.415394880310253511e-01
5.292858527370264410e-01
6.382509082901742792e-01
6.768826044064952807e-01
6.768826044064951697e-01
6.768826044064950587e-01
6.768826044064953917e-01
6.768826044064950587e-01
6.702959772059311483e-01
5.715189769339507064e-01
3.896782705122676660e-01
1.743866811073700451e-01
5.159479179137068522e-02
0.000000000000000000e+00
0.000000000000000000e+00
1.023776186403962786e-16
1.023776186403962786e-16
0.000000000000000000e+00
1.023776186403962786e-16
1.023776186403962786e-16
5.159479179137083787e-02
1.743866811073699619e-01
3.896782705122676660e-01
5.715189769339507064e-01
6.702959772059314814e-01
6.768826044064951697e-01
6.768826044064956138e-01
6.768826044064950587e-01
6.768826044064951697e-01
6.768826044064952807e-01
6.016528077673840569e-01
4.290879067680969938e-01
