4.270356055721760136e-01
6.045328966702417928e-01
6.814675595571259015e-01
6.814675595571260125e-01
6.814675595571261235e-01
6.814675595571260125e-01
6.814675595571261235e-01
6.814675595571259015e-01
6.814675595571259015e-01
6.814675595571259015e-01
6.814675595571261235e-01
6.814675595571261235e-01
6.814675595571261235e-01
6.814675595571260125e-01
6.814675595571261235e-01
6.814675595571259015e-01
6.814675595571261235e-01
6.814675595571260125e-01
6.814675595571261235e-01
6.814675595571260125e-01
6.814675595571259015e-01
6.814675595571257904e-01
6.814675595571259015e-01
6.814675595571259015e-01
6.814675595571259015e-01
6.814675595571259015e-01
6.814675595571259015e-01
6.814675595571259015e-01
6.420283886097447601e-01
5.301474351442603261e-01
3.373192050157355348e-01
1.606535778786437052e-01
4.706006835638445324e-02
4.549070073179741457e-03
9.301717104653790482e-17
9.301717104653790482e-17
9.301717104653790482e-17
0.000000000000000000e+00
0.000000000000000000e+00
0.000000000000000000e+00
9.301717104653790482e-17
0.000000000000000000e+00
9.301717104653790482e-17
0.000000000000000000e+00
0.000000000000000000e+00
9.301717104653790482e-17
9.301717104653790482e-17
0.000000000000000000e+00
9.301717104653790482e-17
9.301717104653790482e-17
0.000000000000000000e+00
0.000000000000000000e+00
0.000000000000000000e+00
1.860343420930758096e-16
9.301717104653790482e-17
0.000000000000000000e+00
9.301717104653790482e-17
4.549070073179741457e-03
4.706006835638445324e-02
9.698760161376053512e-02
1.101594626985468311e-01
6.045328966702416817e-01
8.295217774268012212e-01
9.179183387010160233e-01
9.179183387010162454e-01
9.179183387010162454e-01
9.179183387010162454e-01
9.179183387010162454e-01
9.179183387010160233e-01
9.179183387010160233e-01
9.179183387010162454e-01
9.179183387010162454e-01
9.179183387010162454e-01
9.179183387010162454e-01
9.179183387010162454e-01
9.179183387010162454e-01
9.179183387010162454e-01
9.179183387010162454e-01
9.179183387010162454e-01
9.179183387010162454e-01
9.179183387010162454e-01
9.179183387010162454e-01
9.179183387010160233e-01
9.179183387010160233e-01
9.179183387010162454e-01
9.179183387010160233e-01
9.179183387010162454e-01
9.179183387010160233e-01
9.179183387010160233e-01
8.939694357128594726e-01
8.067206822335358796e-01
6.254891531809607663e-01
3.676471348976608766e-01
1.606535778786436219e-01
4.706006835638445324e-02
4.549070073179741457e-03
0.000000000000000000e+00
9.301717104653790482e-17
0.000000000000000000e+00
0.000000000000000000e+00
0.000000000000000000e+00
9.301717104653790482e-17
0.000000000000000000e+00
9.301717104653790482e-17
0.000000000000000000e+00
9.301717104653790482e-17
9.301717104653790482e-17
9.301717104653790482e-17
0.000000000000000000e+00
0.000000000000000000e+00
9.301717104653790482e-17
0.000000000000000000e+00
9.301717104653790482e-17
0.000000000000000000e+00
9.301717104653790482e-17
0.000000000000000000e+00
9.301717104653790482e-17
4.549070073179741457e-03
4.706006835638445324e-02
1.606535778786434832e-01
2.625981833678411315e-01
2.780454263354353861e-01
6.814675595571259015e-01
9.179183387010162454e-01
9.999999999999997780e-01
9.999999999999997780e-01
1.000000000000000000e+00
1.000000000000000000e+00
1.000000000000000000e+00
9.999999999999997780e-01
9.999999999999996669e-01
1.000000000000000000e+00
9.999999999999997780e-01
9.999999999999997780e-01
1.000000000000000000e+00
9.999999999999996669e-01
9.999999999999997780e-01
9.999999999999996669e-01
9.999999999999997780e-01
9.999999999999997780e-01
9.999999999999997780e-01
9.999999999999997780e-01
1.000000000000000000e+00
9.999999999999997780e-01
9.999999999999996669e-01
1.000000000000000000e+00
9.999999999999997780e-01
1.000000000000000000e+00
9.999999999999997780e-01
9.999999999999997780e-01
9.954509299268202716e-01
9.529399316436153455e-01
8.393464221213565724e-01
6.323528651023393454e-01
3.745108468190389561e-01
1.872101016880248214e-01
7.682280585524477179e-02
2.535488543167871769e-02
4.549070073179741457e-03
0.000000000000000000e+00
0.000000000000000000e+00
0.000000000000000000e+00
9.301717104653790482e-17
0.000000000000000000e+00
0.000000000000000000e+00
0.000000000000000000e+00
0.000000000000000000e+00
9.301717104653790482e-17
0.000000000000000000e+00
0.000000000000000000e+00
0.000000000000000000e+00
9.301717104653790482e-17
0.000000000000000000e+00
0.000000000000000000e+00
0.000000000000000000e+00
9.301717104653790482e-17
4.549070073179741457e-03
2.535488543167871769e-02
7.682280585524467464e-02
1.872101016880246827e-01
3.745108468190389561e-01
5.158288251891864906e-01
4.678412041197735904e-01
6.814675595571259015e-01
9.179183387010160233e-01
1.000000000000000000e+00
1.000000000000000000e+00
1.000000000000000000e+00
1.000000000000000000e+00
9.999999999999997780e-01
9.999999999999997780e-01
1.000000000000000000e+00
1.000000000000000000e+00
1.000000000000000000e+00
1.000000000000000000e+00
1.000000000000000000e+00
1.000000000000000000e+00
1.000000000000000000e+00
1.000000000000000000e+00
1.000000000000000000e+00
1.000000000000000000e+00
1.000000000000000000e+00
9.999999999999997780e-01
1.000000000000000000e+00
9.999999999999997780e-01
1.000000000000000000e+00
9.999999999999997780e-01
9.999999999999997780e-01
9.999999999999997780e-01
9.999999999999997780e-01
9.999999999999997780e-01
1.000000000000000000e+00
9.954509299268202716e-01
9.529399316436155676e-01
8.393464221213562393e-01
6.626807949842644652e-01
4.386473750340130762e-01
2.601698509553261873e-01
1.270920813056494458e-01
4.706006835638445324e-02
4.549070073179648649e-03
0.000000000000000000e+00
0.000000000000000000e+00
9.301717104653790482e-17
0.000000000000000000e+00
0.000000000000000000e+00
0.000000000000000000e+00
0.000000000000000000e+00
9.301717104653790482e-17
0.000000000000000000e+00
0.000000000000000000e+00
0.000000000000000000e+00
9.301717104653790482e-17
0.000000000000000000e+00
0.000000000000000000e+00
0.000000000000000000e+00
4.549070073179741457e-03
4.706006835638445324e-02
1.270920813056494458e-01
2.601698509553260763e-01
4.386473750340128541e-01
6.626807949842643541e-01
7.357961349610186996e-01
6.140411096411103609e-01
6.814675595571259015e-01
9.179183387010159123e-01
9.999999999999994449e-01
1.000000000000000000e+00
9.999999999999997780e-01
1.000000000000000000e+00
1.000000000000000000e+00
1.000000000000000000e+00
9.999999999999997780e-01
1.000000000000000000e+00
1.000000000000000000e+00
1.000000000000000000e+00
1.000000000000000000e+00
9.999999999999997780e-01
9.999999999999997780e-01
9.999999999999997780e-01
1.000000000000000000e+00
1.000000000000000000e+00
1.000000000000000000e+00
1.000000000000000000e+00
9.999999999999997780e-01
9.999999999999997780e-01
9.999999999999997780e-01
9.999999999999997780e-01
9.999999999999997780e-01
9.999999999999997780e-01
1.000000000000000000e+00
9.999999999999994449e-01
9.999999999999994449e-01
1.000000000000000000e+00
9.954509299268202716e-01
9.529399316436151235e-01
8.729079186943504709e-01
7.398301490446734796e-01
5.613526249659871459e-01
3.373192050157351463e-01
1.606535778786434832e-01
4.706006835638426589e-02
4.549070073179741457e-03
0.000000000000000000e+00
0.000000000000000000e+00
0.000000000000000000e+00
0.000000000000000000e+00
0.000000000000000000e+00
0.000000000000000000e+00
0.000000000000000000e+00
0.000000000000000000e+00
0.000000000000000000e+00
0.000000000000000000e+00
0.000000000000000000e+00
0.000000000000000000e+00
0.000000000000000000e+00
4.549070073179648649e-03
4.706006835638445324e-02
1.606535778786434832e-01
3.373192050157351463e-01
5.613526249659871459e-01
7.398301490446734796e-01
8.729079186943501378e-01
8.634782038243848934e-01
6.747551101168289822e-01
6.814675595571260125e-01
9.179183387010162454e-01
1.000000000000000000e+00
9.999999999999997780e-01
9.999999999999997780e-01
9.999999999999997780e-01
9.999999999999997780e-01
1.000000000000000000e+00
9.999999999999997780e-01
1.000000000000000000e+00
1.000000000000000000e+00
1.000000000000000000e+00
1.000000000000000000e+00
1.000000000000000000e+00
9.999999999999997780e-01
1.000000000000000000e+00
1.000000000000000000e+00
1.000000000000000000e+00
1.000000000000000000e+00
1.000000000000000000e+00
1.000000000000000000e+00
9.999999999999997780e-01
1.000000000000000000e+00
9.999999999999997780e-01
9.999999999999994449e-01
9.999999999999997780e-01
9.999999999999997780e-01
9.999999999999997780e-01
9.999999999999997780e-01
9.999999999999997780e-01
1.000000000000000000e+00
9.954509299268202716e-01
9.746451145683212580e-01
9.231771941447551866e-01
8.127898983119751231e-01
6.254891531809607663e-01
3.676471348976604880e-01
1.606535778786434832e-01
4.706006835638445324e-02
4.549070073179554974e-03
9.301717104653790482e-17
0.000000000000000000e+00
0.000000000000000000e+00
0.000000000000000000e+00
0.000000000000000000e+00
0.000000000000000000e+00
0.000000000000000000e+00
0.000000000000000000e+00
0.000000000000000000e+00
9.301717104653790482e-17
0.000000000000000000e+00
4.549070073179648649e-03
4.706006835638426589e-02
1.606535778786436219e-01
3.676471348976605991e-01
6.254891531809607663e-01
8.127898983119750120e-01
9.231771941447547425e-01
9.746451145683211470e-01
9.126152766862929422e-01
6.814675595571261235e-01
6.814675595571259015e-01
9.179183387010162454e-01
1.000000000000000000e+00
9.999999999999997780e-01
1.000000000000000000e+00
1.000000000000000000e+00
1.000000000000000000e+00
9.999999999999996669e-01
9.999999999999997780e-01
1.000000000000000000e+00
9.999999999999997780e-01
1.000000000000000000e+00
9.999999999999997780e-01
9.999999999999997780e-01
9.999999999999997780e-01
9.999999999999997780e-01
9.999999999999997780e-01
9.999999999999997780e-01
1.000000000000000000e+00
9.999999999999997780e-01
1.000000000000000000e+00
9.999999999999996669e-01
9.999999999999997780e-01
1.000000000000000000e+00
9.999999999999997780e-01
9.999999999999997780e-01
9.999999999999997780e-01
1.000000000000000000e+00
9.999999999999996669e-01
1.000000000000000000e+00
9.999999999999997780e-01
1.000000000000000000e+00
1.000000000000000000e+00
9.954509299268202716e-01
9.529399316436155676e-01
8.393464221213562393e-01
6.323528651023393454e-01
3.745108468190387896e-01
1.932793177664639539e-01
1.060305642871400417e-01
8.208166129898375463e-02
8.208166129898369912e-02
8.208166129898351870e-02
8.208166129898369912e-02
8.208166129898351870e-02
8.208166129898369912e-02
8.208166129898361585e-02
8.208166129898351870e-02
8.208166129898369912e-02
8.208166129898375463e-02
8.208166129898369912e-02
1.060305642871401804e-01
1.932793177664638151e-01
3.745108468190390671e-01
6.323528651023393454e-01
8.393464221213563503e-01
9.529399316436155676e-01
9.954509299268202716e-01
1.000000000000000000e+00
9.179183387010160233e-01
6.814675595571260125e-01
6.814675595571259015e-01
9.179183387010160233e-01
1.000000000000000000e+00
1.000000000000000000e+00
1.000000000000000000e+00
9.999999999999997780e-01
9.999999999999997780e-01
9.999999999999997780e-01
9.999999999999997780e-01
1.000000000000000000e+00
9.999999999999994449e-01
9.999999999999996669e-01
9.999999999999994449e-01
9.999999999999994449e-01
9.999999999999994449e-01
9.999999999999992228e-01
9.999999999999994449e-01
9.999999999999996669e-01
9.999999999999997780e-01
9.999999999999994449e-01
9.999999999999997780e-01
9.999999999999996669e-01
9.999999999999997780e-01
9.999999999999997780e-01
9.999999999999996669e-01
1.000000000000000000e+00
1.000000000000000000e+00
9.999999999999997780e-01
1.000000000000000000e+00
1.000000000000000000e+00
9.999999999999997780e-01
1.000000000000000000e+00
1.000000000000000000e+00
9.999999999999997780e-01
9.954509299268202716e-01
9.529399316436155676e-01
8.393464221213560172e-01
6.626807949842643541e-01
4.698525648557396739e-01
3.579716113902547403e-01
3.185324404428739875e-01
3.185324404428738210e-01
3.185324404428738210e-01
3.185324404428738210e-01
3.185324404428738765e-01
3.185324404428739875e-01
3.185324404428739320e-01
3.185324404428738765e-01
3.185324404428739320e-01
3.185324404428739875e-01
3.185324404428739320e-01
3.579716113902548513e-01
4.698525648557395074e-01
6.626807949842643541e-01
8.393464221213562393e-01
9.529399316436155676e-01
9.954509299268202716e-01
9.999999999999997780e-01
1.000000000000000000e+00
9.179183387010162454e-01
6.814675595571259015e-01
6.814675595571260125e-01
9.179183387010162454e-01
1.000000000000000000e+00
1.000000000000000000e+00
1.000000000000000000e+00
9.999999999999997780e-01
9.999999999999997780e-01
9.999999999999994449e-01
1.000000000000000000e+00
1.000000000000000000e+00
9.999999999999997780e-01
1.000000000000000000e+00
9.999999999999997780e-01
9.999999999999997780e-01
9.999999999999997780e-01
9.999999999999996669e-01
9.999999999999997780e-01
9.999999999999997780e-01
1.000000000000000000e+00
9.999999999999997780e-01
9.999999999999997780e-01
9.999999999999997780e-01
9.999999999999997780e-01
9.999999999999997780e-01
9.999999999999994449e-01
1.000000000000000000e+00
1.000000000000000000e+00
9.999999999999997780e-01
9.999999999999996669e-01
1.000000000000000000e+00
1.000000000000000000e+00
1.000000000000000000e+00
9.999999999999997780e-01
9.999999999999997780e-01
1.000000000000000000e+00
9.954509299268200495e-01
9.529399316436155676e-01
8.729079186943504709e-01
7.768991971243464079e-01
7.110481370911926335e-01
6.814675595571261235e-01
6.814675595571259015e-01
6.814675595571259015e-01
6.814675595571259015e-01
6.814675595571259015e-01
6.814675595571259015e-01
6.814675595571259015e-01
6.814675595571259015e-01
6.814675595571259015e-01
6.814675595571261235e-01
6.814675595571261235e-01
7.110481370911929666e-01
7.768991971243464079e-01
8.729079186943504709e-01
9.529399316436155676e-01
9.954509299268202716e-01
1.000000000000000000e+00
9.999999999999997780e-01
1.000000000000000000e+00
9.179183387010162454e-01
6.814675595571261235e-01
6.814675595571259015e-01
9.179183387010162454e-01
1.000000000000000000e+00
1.000000000000000000e+00
1.000000000000000000e+00
1.000000000000000000e+00
9.999999999999997780e-01
1.000000000000000000e+00
1.000000000000000000e+00
1.000000000000000000e+00
1.000000000000000000e+00
1.000000000000000000e+00
9.999999999999997780e-01
9.999999999999997780e-01
9.999999999999996669e-01
9.999999999999994449e-01
9.999999999999997780e-01
9.999999999999997780e-01
9.999999999999997780e-01
9.999999999999996669e-01
1.000000000000000000e+00
9.999999999999997780e-01
9.999999999999997780e-01
9.999999999999997780e-01
9.999999999999997780e-01
1.000000000000000000e+00
1.000000000000000000e+00
1.000000000000000000e+00
1.000000000000000000e+00
1.000000000000000000e+00
1.000000000000000000e+00
1.000000000000000000e+00
1.000000000000000000e+00
1.000000000000000000e+00
1.000000000000000000e+00
9.999999999999997780e-01
9.954509299268202716e-01
9.746451145683209250e-01
9.460513777880507069e-01
9.231771941447551866e-01
9.179183387010162454e-01
9.179183387010162454e-01
9.179183387010159123e-01
9.179183387010162454e-01
9.179183387010160233e-01
9.179183387010162454e-01
9.179183387010160233e-01
9.179183387010162454e-01
9.179183387010160233e-01
9.179183387010162454e-01
9.179183387010162454e-01
9.231771941447551866e-01
9.460513777880504849e-01
9.746451145683211470e-01
9.954509299268202716e-01
1.000000000000000000e+00
1.000000000000000000e+00
1.000000000000000000e+00
1.000000000000000000e+00
9.179183387010162454e-01
6.814675595571259015e-01
6.814675595571259015e-01
9.179183387010160233e-01
1.000000000000000000e+00
1.000000000000000000e+00
9.999999999999997780e-01
1.000000000000000000e+00
1.000000000000000000e+00
1.000000000000000000e+00
1.000000000000000000e+00
1.000000000000000000e+00
9.999999999999997780e-01
9.999999999999997780e-01
9.999999999999996669e-01
9.999999999999996669e-01
9.999999999999996669e-01
9.999999999999994449e-01
9.999999999999996669e-01
1.000000000000000000e+00
9.999999999999997780e-01
9.999999999999997780e-01
9.999999999999997780e-01
9.999999999999997780e-01
1.000000000000000000e+00
1.000000000000000000e+00
9.999999999999997780e-01
1.000000000000000000e+00
1.000000000000000000e+00
9.999999999999997780e-01
9.999999999999997780e-01
1.000000000000000000e+00
1.000000000000000000e+00
1.000000000000000000e+00
1.000000000000000000e+00
1.000000000000000000e+00
9.999999999999997780e-01
1.000000000000000000e+00
1.000000000000000000e+00
1.000000000000000000e+00
1.000000000000000000e+00
9.999999999999997780e-01
9.999999999999997780e-01
1.000000000000000000e+00
9.999999999999997780e-01
9.999999999999997780e-01
9.999999999999997780e-01
1.000000000000000000e+00
1.000000000000000000e+00
9.999999999999997780e-01
9.999999999999997780e-01
1.000000000000000000e+00
1.000000000000000000e+00
1.000000000000000000e+00
1.000000000000000000e+00
1.000000000000000000e+00
1.000000000000000000e+00
1.000000000000000000e+00
1.000000000000000000e+00
1.000000000000000000e+00
1.000000000000000000e+00
9.179183387010162454e-01
6.814675595571261235e-01
6.814675595571259015e-01
9.179183387010162454e-01
1.000000000000000000e+00
1.000000000000000000e+00
1.000000000000000000e+00
1.000000000000000000e+00
1.000000000000000000e+00
1.000000000000000000e+00
1.000000000000000000e+00
1.000000000000000000e+00
9.999999999999997780e-01
1.000000000000000000e+00
1.000000000000000000e+00
9.999999999999997780e-01
9.999999999999997780e-01
9.999999999999996669e-01
9.999999999999997780e-01
9.999999999999997780e-01
9.999999999999997780e-01
9.999999999999997780e-01
1.000000000000000000e+00
9.999999999999997780e-01
1.000000000000000000e+00
1.000000000000000000e+00
1.000000000000000000e+00
1.000000000000000000e+00
1.000000000000000000e+00
1.000000000000000000e+00
9.999999999999997780e-01
1.000000000000000000e+00
1.000000000000000000e+00
1.000000000000000000e+00
1.000000000000000000e+00
1.000000000000000000e+00
1.000000000000000000e+00
1.000000000000000000e+00
1.000000000000000000e+00
9.999999999999997780e-01
1.000000000000000000e+00
9.999999999999997780e-01
1.000000000000000000e+00
9.999999999999997780e-01
1.000000000000000000e+00
1.000000000000000000e+00
1.000000000000000000e+00
1.000000000000000000e+00
9.999999999999997780e-01
1.000000000000000000e+00
1.000000000000000000e+00
1.000000000000000000e+00
1.000000000000000000e+00
9.999999999999997780e-01
9.999999999999997780e-01
1.000000000000000000e+00
1.000000000000000000e+00
1.000000000000000000e+00
1.000000000000000000e+00
9.999999999999997780e-01
1.000000000000000000e+00
9.179183387010162454e-01
6.814675595571259015e-01
6.814675595571257904e-01
9.179183387010162454e-01
9.999999999999997780e-01
1.000000000000000000e+00
9.999999999999997780e-01
1.000000000000000000e+00
1.000000000000000000e+00
1.000000000000000000e+00
9.999999999999997780e-01
1.000000000000000000e+00
1.000000000000000000e+00
1.000000000000000000e+00
9.999999999999997780e-01
9.999999999999997780e-01
9.999999999999997780e-01
9.999999999999996669e-01
1.000000000000000000e+00
9.999999999999997780e-01
9.999999999999997780e-01
9.999999999999997780e-01
1.000000000000000000e+00
9.999999999999994449e-01
1.000000000000000000e+00
9.999999999999997780e-01
9.999999999999997780e-01
1.000000000000000000e+00
1.000000000000000000e+00
9.999999999999997780e-01
1.000000000000000000e+00
1.000000000000000000e+00
1.000000000000000000e+00
1.000000000000000000e+00
1.000000000000000000e+00
1.000000000000000000e+00
1.000000000000000000e+00
1.000000000000000000e+00
1.000000000000000000e+00
1.000000000000000000e+00
1.000000000000000000e+00
1.000000000000000000e+00
1.000000000000000000e+00
1.000000000000000000e+00
9.999999999999997780e-01
1.000000000000000000e+00
9.999999999999997780e-01
1.000000000000000000e+00
1.000000000000000000e+00
1.000000000000000000e+00
1.000000000000000000e+00
1.000000000000000000e+00
1.000000000000000000e+00
1.000000000000000000e+00
9.999999999999997780e-01
1.000000000000000000e+00
1.000000000000000000e+00
1.000000000000000000e+00
1.000000000000000000e+00
1.000000000000000000e+00
1.000000000000000000e+00
9.179183387010162454e-01
6.814675595571259015e-01
6.814675595571259015e-01
9.179183387010162454e-01
1.000000000000000000e+00
1.000000000000000000e+00
9.999999999999997780e-01
1.000000000000000000e+00
1.000000000000000000e+00
9.999999999999996669e-01
1.000000000000000000e+00
1.000000000000000000e+00
1.000000000000000000e+00
1.000000000000000000e+00
9.999999999999997780e-01
1.000000000000000000e+00
1.000000000000000000e+00
9.999999999999997780e-01
1.000000000000000000e+00
1.000000000000000000e+00
1.000000000000000000e+00
1.000000000000000000e+00
1.000000000000000000e+00
1.000000000000000000e+00
9.999999999999997780e-01
9.999999999999997780e-01
9.999999999999996669e-01
1.000000000000000000e+00
1.000000000000000000e+00
1.000000000000000000e+00
1.000000000000000000e+00
1.000000000000000000e+00
1.000000000000000000e+00
1.000000000000000000e+00
1.000000000000000000e+00
1.000000000000000000e+00
1.000000000000000000e+00
1.000000000000000000e+00
1.000000000000000000e+00
9.999999999999997780e-01
9.999999999999997780e-01
1.000000000000000000e+00
1.000000000000000000e+00
1.000000000000000000e+00
9.999999999999997780e-01
1.000000000000000000e+00
1.000000000000000000e+00
1.000000000000000000e+00
1.000000000000000000e+00
1.000000000000000000e+00
1.000000000000000000e+00
1.000000000000000000e+00
1.000000000000000000e+00
1.000000000000000000e+00
9.999999999999997780e-01
1.000000000000000000e+00
1.000000000000000000e+00
1.000000000000000000e+00
1.000000000000000000e+00
1.000000000000000000e+00
1.000000000000000000e+00
9.179183387010162454e-01
6.814675595571259015e-01
6.814675595571259015e-01
9.179183387010162454e-01
1.000000000000000000e+00
9.999999999999997780e-01
9.999999999999997780e-01
9.999999999999997780e-01
1.000000000000000000e+00
9.999999999999996669e-01
9.999999999999997780e-01
1.000000000000000000e+00
1.000000000000000000e+00
9.999999999999997780e-01
1.000000000000000000e+00
9.999999999999997780e-01
9.999999999999997780e-01
9.999999999999994449e-01
9.999999999999997780e-01
1.000000000000000000e+00
9.999999999999997780e-01
9.999999999999997780e-01
1.000000000000000000e+00
9.999999999999997780e-01
1.000000000000000000e+00
1.000000000000000000e+00
9.999999999999997780e-01
1.000000000000000000e+00
9.999999999999997780e-01
9.999999999999997780e-01
9.999999999999997780e-01
1.000000000000000000e+00
1.000000000000000000e+00
1.000000000000000000e+00
9.999999999999997780e-01
1.000000000000000000e+00
1.000000000000000000e+00
1.000000000000000000e+00
9.999999999999997780e-01
1.000000000000000000e+00
1.000000000000000000e+00
9.999999999999997780e-01
1.000000000000000000e+00
1.000000000000000000e+00
9.999999999999996669e-01
9.999999999999997780e-01
9.999999999999997780e-01
9.999999999999997780e-01
9.999999999999997780e-01
9.999999999999997780e-01
9.999999999999997780e-01
1.000000000000000000e+00
1.000000000000000000e+00
1.000000000000000000e+00
9.999999999999997780e-01
1.000000000000000000e+00
1.000000000000000000e+00
1.000000000000000000e+00
1.000000000000000000e+00
9.999999999999997780e-01
1.000000000000000000e+00
9.179183387010162454e-01
6.814675595571257904e-01
6.814675595571259015e-01
9.179183387010162454e-01
1.000000000000000000e+00
9.999999999999997780e-01
1.000000000000000000e+00
1.000000000000000000e+00
1.000000000000000000e+00
9.999999999999997780e-01
9.999999999999997780e-01
1.000000000000000000e+00
9.999999999999997780e-01
9.999999999999997780e-01
9.999999999999997780e-01
9.999999999999997780e-01
9.999999999999997780e-01
9.999999999999994449e-01
9.999999999999997780e-01
9.999999999999997780e-01
9.999999999999997780e-01
1.000000000000000000e+00
9.999999999999997780e-01
9.999999999999994449e-01
9.999999999999997780e-01
1.000000000000000000e+00
9.999999999999997780e-01
1.000000000000000000e+00
1.000000000000000000e+00
1.000000000000000000e+00
9.999999999999996669e-01
1.000000000000000000e+00
1.000000000000000000e+00
1.000000000000000000e+00
1.000000000000000000e+00
1.000000000000000000e+00
1.000000000000000000e+00
1.000000000000000000e+00
1.000000000000000000e+00
1.000000000000000000e+00
1.000000000000000000e+00
9.999999999999997780e-01
1.000000000000000000e+00
1.000000000000000000e+00
1.000000000000000000e+00
1.000000000000000000e+00
1.000000000000000000e+00
1.000000000000000000e+00
9.999999999999997780e-01
1.000000000000000000e+00
1.000000000000000000e+00
1.000000000000000000e+00
1.000000000000000000e+00
9.999999999999996669e-01
1.000000000000000000e+00
1.000000000000000000e+00
9.999999999999997780e-01
9.999999999999997780e-01
1.000000000000000000e+00
9.999999999999997780e-01
1.000000000000000000e+00
9.179183387010162454e-01
6.814675595571260125e-01
6.814675595571259015e-01
9.179183387010160233e-01
1.000000000000000000e+00
9.999999999999997780e-01
9.999999999999997780e-01
1.000000000000000000e+00
1.000000000000000000e+00
1.000000000000000000e+00
1.000000000000000000e+00
1.000000000000000000e+00
1.000000000000000000e+00
1.000000000000000000e+00
1.000000000000000000e+00
1.000000000000000000e+00
1.000000000000000000e+00
9.999999999999997780e-01
1.000000000000000000e+00
1.000000000000000000e+00
1.000000000000000000e+00
1.000000000000000000e+00
1.000000000000000000e+00
9.999999999999994449e-01
9.999999999999997780e-01
9.999999999999997780e-01
9.999999999999994449e-01
1.000000000000000000e+00
1.000000000000000000e+00
1.000000000000000000e+00
9.999999999999996669e-01
1.000000000000000000e+00
1.000000000000000000e+00
1.000000000000000000e+00
1.000000000000000000e+00
9.999999999999997780e-01
1.000000000000000000e+00
9.999999999999997780e-01
1.000000000000000000e+00
9.999999999999997780e-01
9.999999999999997780e-01
1.000000000000000000e+00
1.000000000000000000e+00
1.000000000000000000e+00
9.999999999999996669e-01
9.999999999999997780e-01
9.999999999999997780e-01
9.999999999999997780e-01
9.999999999999997780e-01
1.000000000000000000e+00
1.000000000000000000e+00
1.000000000000000000e+00
1.000000000000000000e+00
1.000000000000000000e+00
9.999999999999997780e-01
1.000000000000000000e+00
1.000000000000000000e+00
1.000000000000000000e+00
1.000000000000000000e+00
9.999999999999997780e-01
9.999999999999997780e-01
9.179183387010162454e-01
6.814675595571260125e-01
6.814675595571259015e-01
9.179183387010162454e-01
9.999999999999997780e-01
1.000000000000000000e+00
1.000000000000000000e+00
1.000000000000000000e+00
1.000000000000000000e+00
9.999999999999997780e-01
1.000000000000000000e+00
1.000000000000000000e+00
9.999999999999997780e-01
1.000000000000000000e+00
9.999999999999997780e-01
9.999999999999997780e-01
9.999999999999997780e-01
9.999999999999997780e-01
9.999999999999997780e-01
1.000000000000000000e+00
1.000000000000000000e+00
9.999999999999997780e-01
9.999999999999997780e-01
1.000000000000000000e+00
9.999999999999997780e-01
1.000000000000000000e+00
1.000000000000000000e+00
1.000000000000000000e+00
9.999999999999997780e-01
9.999999999999994449e-01
1.000000000000000000e+00
1.000000000000000000e+00
1.000000000000000000e+00
1.000000000000000000e+00
1.000000000000000000e+00
1.000000000000000000e+00
1.000000000000000000e+00
9.999999999999997780e-01
9.999999999999997780e-01
1.000000000000000000e+00
9.999999999999997780e-01
1.000000000000000000e+00
1.000000000000000000e+00
1.000000000000000000e+00
9.999999999999997780e-01
1.000000000000000000e+00
1.000000000000000000e+00
1.000000000000000000e+00
1.000000000000000000e+00
1.000000000000000000e+00
9.999999999999997780e-01
1.000000000000000000e+00
1.000000000000000000e+00
1.000000000000000000e+00
9.999999999999997780e-01
1.000000000000000000e+00
9.999999999999997780e-01
9.999999999999997780e-01
1.000000000000000000e+00
9.999999999999997780e-01
1.000000000000000000e+00
9.179183387010162454e-01
6.814675595571260125e-01
6.814675595571259015e-01
9.179183387010162454e-01
1.000000000000000000e+00
9.999999999999997780e-01
1.000000000000000000e+00
1.000000000000000000e+00
1.000000000000000000e+00
1.000000000000000000e+00
1.000000000000000000e+00
1.000000000000000000e+00
1.000000000000000000e+00
1.000000000000000000e+00
9.999999999999997780e-01
9.999999999999997780e-01
9.999999999999997780e-01
9.999999999999997780e-01
9.999999999999997780e-01
9.999999999999997780e-01
1.000000000000000000e+00
1.000000000000000000e+00
9.999999999999997780e-01
1.000000000000000000e+00
1.000000000000000000e+00
1.000000000000000000e+00
9.999999999999994449e-01
1.000000000000000000e+00
9.999999999999997780e-01
9.999999999999997780e-01
9.999999999999996669e-01
1.000000000000000000e+00
1.000000000000000000e+00
1.000000000000000000e+00
9.999999999999997780e-01
1.000000000000000000e+00
9.999999999999997780e-01
9.999999999999997780e-01
1.000000000000000000e+00
9.999999999999997780e-01
1.000000000000000000e+00
1.000000000000000000e+00
1.000000000000000000e+00
1.000000000000000000e+00
9.999999999999997780e-01
1.000000000000000000e+00
9.999999999999997780e-01
1.000000000000000000e+00
1.000000000000000000e+00
1.000000000000000000e+00
1.000000000000000000e+00
1.000000000000000000e+00
1.000000000000000000e+00
9.999999999999997780e-01
1.000000000000000000e+00
1.000000000000000000e+00
1.000000000000000000e+00
1.000000000000000000e+00
1.000000000000000000e+00
1.000000000000000000e+00
1.000000000000000000e+00
9.179183387010160233e-01
6.814675595571261235e-01
6.814675595571259015e-01
9.179183387010162454e-01
9.999999999999997780e-01
9.999999999999997780e-01
1.000000000000000000e+00
1.000000000000000000e+00
1.000000000000000000e+00
1.000000000000000000e+00
1.000000000000000000e+00
1.000000000000000000e+00
9.999999999999997780e-01
1.000000000000000000e+00
9.999999999999997780e-01
9.999999999999997780e-01
9.999999999999997780e-01
9.999999999999996669e-01
9.999999999999997780e-01
1.000000000000000000e+00
9.999999999999997780e-01
9.999999999999997780e-01
9.999999999999997780e-01
9.999999999999997780e-01
1.000000000000000000e+00
1.000000000000000000e+00
9.999999999999997780e-01
1.000000000000000000e+00
1.000000000000000000e+00
9.999999999999997780e-01
9.999999999999997780e-01
1.000000000000000000e+00
1.000000000000000000e+00
1.000000000000000000e+00
1.000000000000000000e+00
1.000000000000000000e+00
1.000000000000000000e+00
9.999999999999997780e-01
9.999999999999997780e-01
9.999999999999997780e-01
1.000000000000000000e+00
1.000000000000000000e+00
1.000000000000000000e+00
1.000000000000000000e+00
9.999999999999997780e-01
1.000000000000000000e+00
1.000000000000000000e+00
1.000000000000000000e+00
1.000000000000000000e+00
1.000000000000000000e+00
1.000000000000000000e+00
1.000000000000000000e+00
1.000000000000000000e+00
1.000000000000000000e+00
9.999999999999997780e-01
1.000000000000000000e+00
9.999999999999997780e-01
1.000000000000000000e+00
1.000000000000000000e+00
9.999999999999997780e-01
1.000000000000000000e+00
9.179183387010162454e-01
6.814675595571261235e-01
6.814675595571255684e-01
9.179183387010162454e-01
9.999999999999997780e-01
1.000000000000000000e+00
1.000000000000000000e+00
1.000000000000000000e+00
1.000000000000000000e+00
9.999999999999997780e-01
9.999999999999997780e-01
1.000000000000000000e+00
1.000000000000000000e+00
1.000000000000000000e+00
1.000000000000000000e+00
1.000000000000000000e+00
1.000000000000000000e+00
9.999999999999997780e-01
1.000000000000000000e+00
1.000000000000000000e+00
1.000000000000000000e+00
1.000000000000000000e+00
9.999999999999997780e-01
9.999999999999992228e-01
9.999999999999997780e-01
1.000000000000000000e+00
9.999999999999997780e-01
1.000000000000000000e+00
1.000000000000000000e+00
9.999999999999997780e-01
9.999999999999997780e-01
1.000000000000000000e+00
1.000000000000000000e+00
1.000000000000000000e+00
9.999999999999997780e-01
1.000000000000000000e+00
1.000000000000000000e+00
9.999999999999997780e-01
9.954509299268199385e-01
9.746451145683212580e-01
9.460513777880504849e-01
9.231771941447551866e-01
9.179183387010162454e-01
9.179183387010162454e-01
9.179183387010160233e-01
9.179183387010162454e-01
9.179183387010162454e-01
9.179183387010162454e-01
9.179183387010160233e-01
9.179183387010162454e-01
9.179183387010160233e-01
9.179183387010162454e-01
9.179183387010162454e-01
9.231771941447551866e-01
9.460513777880502628e-01
9.746451145683214801e-01
9.954509299268202716e-01
9.999999999999997780e-01
1.000000000000000000e+00
9.999999999999997780e-01
1.000000000000000000e+00
9.179183387010162454e-01
6.814675595571260125e-01
6.814675595571255684e-01
9.179183387010162454e-01
1.000000000000000000e+00
1.000000000000000000e+00
9.999999999999997780e-01
1.000000000000000000e+00
9.999999999999997780e-01
9.999999999999997780e-01
9.999999999999997780e-01
1.000000000000000000e+00
9.999999999999996669e-01
9.999999999999997780e-01
9.999999999999997780e-01
9.999999999999997780e-01
9.999999999999996669e-01
9.999999999999994449e-01
9.999999999999997780e-01
9.999999999999996669e-01
9.999999999999996669e-01
9.999999999999996669e-01
9.999999999999997780e-01
9.999999999999997780e-01
9.999999999999997780e-01
9.999999999999997780e-01
9.999999999999997780e-01
1.000000000000000000e+00
9.999999999999997780e-01
1.000000000000000000e+00
9.999999999999997780e-01
1.000000000000000000e+00
1.000000000000000000e+00
9.999999999999997780e-01
1.000000000000000000e+00
9.999999999999997780e-01
1.000000000000000000e+00
9.954509299268202716e-01
9.529399316436155676e-01
8.729079186943504709e-01
7.768991971243465189e-01
7.110481370911926335e-01
6.814675595571261235e-01
6.814675595571260125e-01
6.814675595571259015e-01
6.814675595571259015e-01
6.814675595571259015e-01
6.814675595571261235e-01
6.814675595571260125e-01
6.814675595571259015e-01
6.814675595571260125e-01
6.814675595571261235e-01
6.814675595571261235e-01
7.110481370911928556e-01
7.768991971243461858e-01
8.729079186943506929e-01
9.529399316436155676e-01
9.954509299268202716e-01
1.000000000000000000e+00
1.000000000000000000e+00
1.000000000000000000e+00
9.179183387010162454e-01
6.814675595571259015e-01
6.814675595571259015e-01
9.179183387010160233e-01
1.000000000000000000e+00
1.000000000000000000e+00
9.999999999999997780e-01
1.000000000000000000e+00
9.999999999999997780e-01
9.999999999999997780e-01
9.999999999999997780e-01
1.000000000000000000e+00
1.000000000000000000e+00
1.000000000000000000e+00
1.000000000000000000e+00
1.000000000000000000e+00
1.000000000000000000e+00
9.999999999999997780e-01
1.000000000000000000e+00
1.000000000000000000e+00
1.000000000000000000e+00
1.000000000000000000e+00
1.000000000000000000e+00
9.999999999999994449e-01
9.999999999999997780e-01
9.999999999999997780e-01
9.999999999999997780e-01
9.999999999999997780e-01
1.000000000000000000e+00
1.000000000000000000e+00
9.999999999999997780e-01
9.999999999999997780e-01
1.000000000000000000e+00
1.000000000000000000e+00
9.999999999999997780e-01
9.999999999999997780e-01
9.954509299268202716e-01
9.529399316436155676e-01
8.393464221213562393e-01
6.626807949842643541e-01
4.698525648557398959e-01
3.579716113902547958e-01
3.185324404428740430e-01
3.185324404428739320e-01
3.185324404428738765e-01
3.185324404428739320e-01
3.185324404428738210e-01
3.185324404428739875e-01
3.185324404428739320e-01
3.185324404428738765e-01
3.185324404428738765e-01
3.185324404428739320e-01
3.185324404428739875e-01
3.579716113902547403e-01
4.698525648557396184e-01
6.626807949842646872e-01
8.393464221213565724e-01
9.529399316436155676e-01
9.954509299268202716e-01
9.999999999999997780e-01
9.999999999999997780e-01
9.179183387010162454e-01
6.814675595571260125e-01
6.814675595571259015e-01
9.179183387010162454e-01
9.999999999999997780e-01
1.000000000000000000e+00
9.999999999999997780e-01
1.000000000000000000e+00
9.999999999999997780e-01
9.999999999999997780e-01
1.000000000000000000e+00
1.000000000000000000e+00
1.000000000000000000e+00
1.000000000000000000e+00
9.999999999999997780e-01
1.000000000000000000e+00
1.000000000000000000e+00
9.999999999999997780e-01
1.000000000000000000e+00
1.000000000000000000e+00
1.000000000000000000e+00
1.000000000000000000e+00
1.000000000000000000e+00
9.999999999999997780e-01
1.000000000000000000e+00
9.999999999999997780e-01
1.000000000000000000e+00
1.000000000000000000e+00
1.000000000000000000e+00
9.999999999999997780e-01
9.999999999999997780e-01
1.000000000000000000e+00
1.000000000000000000e+00
1.000000000000000000e+00
1.000000000000000000e+00
9.954509299268202716e-01
9.529399316436157896e-01
8.393464221213565724e-01
6.323528651023393454e-01
3.745108468190387896e-01
1.932793177664639539e-01
1.060305642871400417e-01
8.208166129898383789e-02
8.208166129898369912e-02
8.208166129898351870e-02
8.208166129898369912e-02
8.208166129898361585e-02
8.208166129898369912e-02
8.208166129898369912e-02
8.208166129898369912e-02
8.208166129898369912e-02
8.208166129898369912e-02
8.208166129898389340e-02
1.060305642871400417e-01
1.932793177664637041e-01
3.745108468190390671e-01
6.323528651023393454e-01
8.393464221213562393e-01
9.529399316436157896e-01
9.954509299268202716e-01
1.000000000000000000e+00
9.179183387010160233e-01
6.814675595571261235e-01
6.814675595571259015e-01
9.179183387010162454e-01
1.000000000000000000e+00
1.000000000000000000e+00
9.999999999999997780e-01
1.000000000000000000e+00
9.999999999999997780e-01
9.999999999999997780e-01
1.000000000000000000e+00
1.000000000000000000e+00
1.000000000000000000e+00
1.000000000000000000e+00
1.000000000000000000e+00
1.000000000000000000e+00
1.000000000000000000e+00
1.000000000000000000e+00
1.000000000000000000e+00
1.000000000000000000e+00
1.000000000000000000e+00
1.000000000000000000e+00
9.999999999999997780e-01
9.999999999999997780e-01
9.999999999999997780e-01
9.999999999999996669e-01
9.999999999999997780e-01
9.999999999999997780e-01
9.999999999999996669e-01
9.999999999999997780e-01
9.999999999999997780e-01
1.000000000000000000e+00
1.000000000000000000e+00
9.954509299268202716e-01
9.746451145683211470e-01
9.231771941447551866e-01
8.127898983119751231e-01
6.254891531809610994e-01
3.676471348976605991e-01
1.606535778786435664e-01
4.706006835638454344e-02
4.549070073179648649e-03
9.301717104653790482e-17
0.000000000000000000e+00
0.000000000000000000e+00
0.000000000000000000e+00
0.000000000000000000e+00
0.000000000000000000e+00
0.000000000000000000e+00
0.000000000000000000e+00
0.000000000000000000e+00
0.000000000000000000e+00
9.301717104653790482e-17
4.549070073179648649e-03
4.706006835638445324e-02
1.606535778786437052e-01
3.676471348976606546e-01
6.254891531809610994e-01
8.127898983119750120e-01
9.231771941447551866e-01
9.746451145683211470e-01
9.126152766862927201e-01
6.814675595571259015e-01
6.814675595571259015e-01
9.179183387010162454e-01
1.000000000000000000e+00
1.000000000000000000e+00
1.000000000000000000e+00
9.999999999999997780e-01
9.999999999999997780e-01
9.999999999999997780e-01
9.999999999999997780e-01
1.000000000000000000e+00
1.000000000000000000e+00
1.000000000000000000e+00
1.000000000000000000e+00
1.000000000000000000e+00
1.000000000000000000e+00
1.000000000000000000e+00
1.000000000000000000e+00
1.000000000000000000e+00
1.000000000000000000e+00
1.000000000000000000e+00
1.000000000000000000e+00
9.999999999999997780e-01
1.000000000000000000e+00
9.999999999999997780e-01
9.999999999999997780e-01
1.000000000000000000e+00
1.000000000000000000e+00
9.999999999999997780e-01
9.999999999999997780e-01
1.000000000000000000e+00
9.954509299268202716e-01
9.529399316436157896e-01
8.729079186943504709e-01
7.398301490446737017e-01
5.613526249659871459e-01
3.373192050157352573e-01
1.606535778786434832e-01
4.706006835638445324e-02
4.549070073179741457e-03
0.000000000000000000e+00
1.860343420930758096e-16
0.000000000000000000e+00
0.000000000000000000e+00
0.000000000000000000e+00
0.000000000000000000e+00
9.301717104653790482e-17
0.000000000000000000e+00
0.000000000000000000e+00
0.000000000000000000e+00
0.000000000000000000e+00
9.301717104653790482e-17
0.000000000000000000e+00
4.549070073179648649e-03
4.706006835638464059e-02
1.606535778786437052e-01
3.373192050157352573e-01
5.613526249659871459e-01
7.398301490446737017e-01
8.729079186943504709e-01
8.634782038243851154e-01
6.747551101168290932e-01
6.814675595571259015e-01
9.179183387010160233e-01
1.000000000000000000e+00
1.000000000000000000e+00
9.999999999999997780e-01
1.000000000000000000e+00
1.000000000000000000e+00
9.999999999999997780e-01
1.000000000000000000e+00
1.000000000000000000e+00
9.999999999999997780e-01
9.999999999999997780e-01
9.999999999999997780e-01
9.999999999999997780e-01
9.999999999999997780e-01
9.999999999999994449e-01
9.999999999999997780e-01
9.999999999999997780e-01
9.999999999999997780e-01
9.999999999999997780e-01
1.000000000000000000e+00
1.000000000000000000e+00
9.999999999999996669e-01
1.000000000000000000e+00
9.999999999999997780e-01
9.999999999999997780e-01
1.000000000000000000e+00
9.999999999999997780e-01
1.000000000000000000e+00
9.954509299268202716e-01
9.529399316436151235e-01
8.393464221213562393e-01
6.626807949842646872e-01
4.386473750340128541e-01
2.601698509553262428e-01
1.270920813056495846e-01
4.706006835638445324e-02
4.549070073179741457e-03
0.000000000000000000e+00
0.000000000000000000e+00
9.301717104653790482e-17
0.000000000000000000e+00
0.000000000000000000e+00
0.000000000000000000e+00
0.000000000000000000e+00
9.301717104653790482e-17
0.000000000000000000e+00
0.000000000000000000e+00
0.000000000000000000e+00
0.000000000000000000e+00
0.000000000000000000e+00
0.000000000000000000e+00
0.000000000000000000e+00
4.549070073179741457e-03
4.706006835638445324e-02
1.270920813056494458e-01
2.601698509553260763e-01
4.386473750340129651e-01
6.626807949842644652e-01
7.357961349610186996e-01
6.140411096411103609e-01
6.814675595571259015e-01
9.179183387010160233e-01
9.999999999999997780e-01
1.000000000000000000e+00
1.000000000000000000e+00
1.000000000000000000e+00
1.000000000000000000e+00
9.999999999999996669e-01
9.999999999999997780e-01
9.999999999999997780e-01
9.999999999999997780e-01
9.999999999999997780e-01
9.999999999999997780e-01
1.000000000000000000e+00
9.999999999999997780e-01
9.999999999999997780e-01
9.999999999999996669e-01
9.999999999999997780e-01
1.000000000000000000e+00
9.999999999999996669e-01
9.999999999999997780e-01
9.999999999999997780e-01
9.999999999999997780e-01
1.000000000000000000e+00
9.999999999999997780e-01
9.999999999999997780e-01
1.000000000000000000e+00
9.999999999999997780e-01
9.954509299268202716e-01
9.529399316436155676e-01
8.393464221213563503e-01
6.323528651023393454e-01
3.745108468190390671e-01
1.872101016880246827e-01
7.682280585524477179e-02
2.535488543167880790e-02
4.549070073179554974e-03
0.000000000000000000e+00
0.000000000000000000e+00
0.000000000000000000e+00
9.301717104653790482e-17
0.000000000000000000e+00
0.000000000000000000e+00
0.000000000000000000e+00
0.000000000000000000e+00
9.301717104653790482e-17
0.000000000000000000e+00
0.000000000000000000e+00
0.000000000000000000e+00
0.000000000000000000e+00
0.000000000000000000e+00
0.000000000000000000e+00
0.000000000000000000e+00
9.301717104653790482e-17
4.549070073179741457e-03
2.535488543167871769e-02
7.682280585524449423e-02
1.872101016880246827e-01
3.745108468190389561e-01
5.158288251891864906e-01
4.678412041197735349e-01
6.420283886097450932e-01
8.939694357128598057e-01
9.954509299268202716e-01
1.000000000000000000e+00
1.000000000000000000e+00
1.000000000000000000e+00
1.000000000000000000e+00
1.000000000000000000e+00
1.000000000000000000e+00
9.999999999999997780e-01
1.000000000000000000e+00
1.000000000000000000e+00
1.000000000000000000e+00
1.000000000000000000e+00
1.000000000000000000e+00
1.000000000000000000e+00
1.000000000000000000e+00
1.000000000000000000e+00
1.000000000000000000e+00
1.000000000000000000e+00
9.999999999999997780e-01
9.999999999999997780e-01
1.000000000000000000e+00
1.000000000000000000e+00
1.000000000000000000e+00
1.000000000000000000e+00
1.000000000000000000e+00
9.954509299268202716e-01
9.529399316436155676e-01
8.393464221213565724e-01
6.323528651023393454e-01
3.676471348976608766e-01
1.606535778786436219e-01
4.706006835638445324e-02
4.549070073179741457e-03
0.000000000000000000e+00
0.000000000000000000e+00
0.000000000000000000e+00
0.000000000000000000e+00
0.000000000000000000e+00
1.860343420930758096e-16
0.000000000000000000e+00
0.000000000000000000e+00
0.000000000000000000e+00
0.000000000000000000e+00
9.301717104653790482e-17
9.301717104653790482e-17
0.000000000000000000e+00
0.000000000000000000e+00
0.000000000000000000e+00
0.000000000000000000e+00
0.000000000000000000e+00
0.000000000000000000e+00
9.301717104653790482e-17
0.000000000000000000e+00
0.000000000000000000e+00
4.549070073179741457e-03
4.706006835638445324e-02
1.606535778786436219e-01
2.625981833678412980e-01
2.780454263354354971e-01
5.301474351442599930e-01
8.067206822335362126e-01
9.529399316436153455e-01
9.954509299268202716e-01
9.999999999999997780e-01
1.000000000000000000e+00
1.000000000000000000e+00
9.999999999999997780e-01
1.000000000000000000e+00
1.000000000000000000e+00
1.000000000000000000e+00
1.000000000000000000e+00
1.000000000000000000e+00
1.000000000000000000e+00
1.000000000000000000e+00
1.000000000000000000e+00
1.000000000000000000e+00
1.000000000000000000e+00
1.000000000000000000e+00
1.000000000000000000e+00
9.999999999999997780e-01
9.999999999999997780e-01
1.000000000000000000e+00
1.000000000000000000e+00
9.999999999999997780e-01
9.999999999999997780e-01
9.954509299268202716e-01
9.529399316436151235e-01
8.393464221213562393e-01
6.323528651023394564e-01
3.676471348976604880e-01
1.606535778786437607e-01
4.706006835638445324e-02
4.549070073179741457e-03
1.860343420930758096e-16
9.301717104653790482e-17
0.000000000000000000e+00
0.000000000000000000e+00
9.301717104653790482e-17
0.000000000000000000e+00
1.860343420930758096e-16
0.000000000000000000e+00
0.000000000000000000e+00
0.000000000000000000e+00
9.301717104653790482e-17
9.301717104653790482e-17
9.301717104653790482e-17
9.301717104653790482e-17
0.000000000000000000e+00
0.000000000000000000e+00
0.000000000000000000e+00
0.000000000000000000e+00
0.000000000000000000e+00
9.301717104653790482e-17
9.301717104653790482e-17
0.000000000000000000e+00
0.000000000000000000e+00
4.549070073179741457e-03
4.706006835638445324e-02
9.698760161376053512e-02
1.101594626985467340e-01
3.373192050157355348e-01
6.254891531809607663e-01
8.393464221213563503e-01
9.529399316436157896e-01
9.954509299268202716e-01
1.000000000000000000e+00
1.000000000000000000e+00
1.000000000000000000e+00
9.999999999999997780e-01
1.000000000000000000e+00
9.999999999999997780e-01
1.000000000000000000e+00
9.999999999999997780e-01
9.999999999999997780e-01
9.999999999999997780e-01
9.999999999999997780e-01
9.999999999999997780e-01
9.999999999999997780e-01
1.000000000000000000e+00
9.999999999999997780e-01
9.999999999999996669e-01
9.999999999999997780e-01
1.000000000000000000e+00
1.000000000000000000e+00
1.000000000000000000e+00
9.954509299268202716e-01
9.529399316436155676e-01
8.393464221213560172e-01
6.323528651023394564e-01
3.676471348976605991e-01
1.606535778786434832e-01
4.706006835638454344e-02
4.549070073179741457e-03
9.301717104653790482e-17
1.860343420930758096e-16
9.301717104653790482e-17
0.000000000000000000e+00
0.000000000000000000e+00
0.000000000000000000e+00
0.000000000000000000e+00
1.860343420930758096e-16
9.301717104653790482e-17
0.000000000000000000e+00
0.000000000000000000e+00
0.000000000000000000e+00
9.301717104653790482e-17
9.301717104653790482e-17
9.301717104653790482e-17
0.000000000000000000e+00
9.301717104653790482e-17
0.000000000000000000e+00
0.000000000000000000e+00
0.000000000000000000e+00
1.860343420930758096e-16
0.000000000000000000e+00
0.000000000000000000e+00
0.000000000000000000e+00
0.000000000000000000e+00
4.549070073179741457e-03
2.060368836564510989e-02
2.715262268758978498e-02
1.606535778786437052e-01
3.676471348976605991e-01
6.323528651023394564e-01
8.393464221213563503e-01
9.529399316436155676e-01
9.954509299268202716e-01
9.999999999999997780e-01
1.000000000000000000e+00
1.000000000000000000e+00
1.000000000000000000e+00
1.000000000000000000e+00
1.000000000000000000e+00
9.999999999999997780e-01
9.999999999999997780e-01
1.000000000000000000e+00
9.999999999999997780e-01
9.999999999999997780e-01
1.000000000000000000e+00
1.000000000000000000e+00
1.000000000000000000e+00
1.000000000000000000e+00
9.999999999999997780e-01
1.000000000000000000e+00
1.000000000000000000e+00
9.954509299268202716e-01
9.529399316436155676e-01
8.393464221213562393e-01
6.323528651023391234e-01
3.676471348976604880e-01
1.606535778786438440e-01
4.706006835638445324e-02
4.549070073179834264e-03
9.301717104653790482e-17
0.000000000000000000e+00
1.860343420930758096e-16
1.860343420930758096e-16
0.000000000000000000e+00
0.000000000000000000e+00
0.000000000000000000e+00
0.000000000000000000e+00
1.860343420930758096e-16
0.000000000000000000e+00
0.000000000000000000e+00
0.000000000000000000e+00
0.000000000000000000e+00
9.301717104653790482e-17
9.301717104653790482e-17
9.301717104653790482e-17
9.301717104653790482e-17
9.301717104653790482e-17
0.000000000000000000e+00
0.000000000000000000e+00
0.000000000000000000e+00
1.860343420930758096e-16
9.301717104653790482e-17
9.301717104653790482e-17
0.000000000000000000e+00
9.301717104653790482e-17
0.000000000000000000e+00
0.000000000000000000e+00
9.301717104653790482e-17
4.706006835638445324e-02
1.606535778786437607e-01
3.745108468190389561e-01
6.626807949842646872e-01
8.729079186943501378e-01
9.746451145683212580e-01
1.000000000000000000e+00
9.999999999999997780e-01
1.000000000000000000e+00
1.000000000000000000e+00
1.000000000000000000e+00
1.000000000000000000e+00
1.000000000000000000e+00
1.000000000000000000e+00
1.000000000000000000e+00
1.000000000000000000e+00
1.000000000000000000e+00
1.000000000000000000e+00
1.000000000000000000e+00
1.000000000000000000e+00
9.999999999999997780e-01
9.999999999999997780e-01
1.000000000000000000e+00
1.000000000000000000e+00
9.746451145683212580e-01
8.729079186943504709e-01
6.626807949842646872e-01
3.745108468190385675e-01
1.606535778786436219e-01
4.706006835638464059e-02
4.549070073179648649e-03
1.860343420930758096e-16
0.000000000000000000e+00
0.000000000000000000e+00
9.301717104653790482e-17
9.301717104653790482e-17
0.000000000000000000e+00
0.000000000000000000e+00
0.000000000000000000e+00
0.000000000000000000e+00
9.301717104653790482e-17
0.000000000000000000e+00
0.000000000000000000e+00
0.000000000000000000e+00
0.000000000000000000e+00
9.301717104653790482e-17
9.301717104653790482e-17
9.301717104653790482e-17
9.301717104653790482e-17
0.000000000000000000e+00
9.301717104653790482e-17
0.000000000000000000e+00
0.000000000000000000e+00
9.301717104653790482e-17
9.301717104653790482e-17
0.000000000000000000e+00
0.000000000000000000e+00
0.000000000000000000e+00
9.301717104653790482e-17
0.000000000000000000e+00
0.000000000000000000e+00
4.549070073179741457e-03
4.706006835638445324e-02
1.872101016880249325e-01
4.386473750340132427e-01
7.398301490446738127e-01
9.231771941447552976e-01
9.954509299268204936e-01
1.000000000000000000e+00
9.999999999999997780e-01
1.000000000000000000e+00
9.999999999999997780e-01
1.000000000000000000e+00
9.999999999999997780e-01
9.999999999999997780e-01
9.999999999999997780e-01
9.999999999999997780e-01
9.999999999999997780e-01
9.999999999999997780e-01
1.000000000000000000e+00
9.999999999999997780e-01
9.999999999999996669e-01
9.999999999999997780e-01
1.000000000000000000e+00
9.954509299268204936e-01
9.231771941447552976e-01
7.398301490446737017e-01
4.386473750340130762e-01
1.872101016880244606e-01
4.706006835638445324e-02
4.549070073179741457e-03
0.000000000000000000e+00
1.860343420930758096e-16
9.301717104653790482e-17
0.000000000000000000e+00
1.860343420930758096e-16
9.301717104653790482e-17
0.000000000000000000e+00
0.000000000000000000e+00
0.000000000000000000e+00
0.000000000000000000e+00
9.301717104653790482e-17
0.000000000000000000e+00
0.000000000000000000e+00
0.000000000000000000e+00
0.000000000000000000e+00
9.301717104653790482e-17
9.301717104653790482e-17
9.301717104653790482e-17
0.000000000000000000e+00
9.301717104653790482e-17
9.301717104653790482e-17
0.000000000000000000e+00
0.000000000000000000e+00
1.860343420930758096e-16
0.000000000000000000e+00
0.000000000000000000e+00
0.000000000000000000e+00
0.000000000000000000e+00
0.000000000000000000e+00
0.000000000000000000e+00
9.301717104653790482e-17
9.301717104653790482e-17
4.549070073179741457e-03
7.682280585524477179e-02
2.601698509553260763e-01
5.613526249659871459e-01
8.127898983119751231e-01
9.529399316436153455e-01
9.954509299268202716e-01
1.000000000000000000e+00
1.000000000000000000e+00
1.000000000000000000e+00
1.000000000000000000e+00
9.999999999999997780e-01
9.999999999999997780e-01
1.000000000000000000e+00
9.999999999999997780e-01
9.999999999999997780e-01
1.000000000000000000e+00
1.000000000000000000e+00
1.000000000000000000e+00
1.000000000000000000e+00
9.999999999999997780e-01
9.954509299268202716e-01
9.529399316436155676e-01
8.127898983119753451e-01
5.613526249659868128e-01
2.601698509553262428e-01
7.682280585524467464e-02
4.549070073179741457e-03
1.860343420930758096e-16
9.301717104653790482e-17
1.860343420930758096e-16
9.301717104653790482e-17
0.000000000000000000e+00
1.860343420930758096e-16
9.301717104653790482e-17
0.000000000000000000e+00
0.000000000000000000e+00
0.000000000000000000e+00
0.000000000000000000e+00
9.301717104653790482e-17
0.000000000000000000e+00
0.000000000000000000e+00
0.000000000000000000e+00
0.000000000000000000e+00
9.301717104653790482e-17
9.301717104653790482e-17
9.301717104653790482e-17
9.301717104653790482e-17
9.301717104653790482e-17
9.301717104653790482e-17
0.000000000000000000e+00
0.000000000000000000e+00
1.860343420930758096e-16
9.301717104653790482e-17
9.301717104653790482e-17
9.301717104653790482e-17
9.301717104653790482e-17
0.000000000000000000e+00
0.000000000000000000e+00
9.301717104653790482e-17
1.860343420930758096e-16
0.000000000000000000e+00
2.535488543167871769e-02
1.270920813056496124e-01
3.373192050157355348e-01
6.254891531809607663e-01
8.393464221213565724e-01
9.529399316436151235e-01
9.954509299268202716e-01
1.000000000000000000e+00
9.999999999999997780e-01
9.999999999999997780e-01
9.999999999999997780e-01
9.999999999999997780e-01
9.999999999999997780e-01
9.999999999999994449e-01
9.999999999999997780e-01
9.999999999999997780e-01
9.999999999999997780e-01
9.999999999999997780e-01
1.000000000000000000e+00
9.954509299268202716e-01
9.529399316436151235e-01
8.393464221213565724e-01
6.254891531809605443e-01
3.373192050157355348e-01
1.270920813056496679e-01
2.535488543167862402e-02
0.000000000000000000e+00
9.301717104653790482e-17
0.000000000000000000e+00
9.301717104653790482e-17
9.301717104653790482e-17
0.000000000000000000e+00
1.860343420930758096e-16
9.301717104653790482e-17
0.000000000000000000e+00
0.000000000000000000e+00
0.000000000000000000e+00
0.000000000000000000e+00
9.301717104653790482e-17
0.000000000000000000e+00
0.000000000000000000e+00
0.000000000000000000e+00
9.301717104653790482e-17
9.301717104653790482e-17
9.301717104653790482e-17
9.301717104653790482e-17
0.000000000000000000e+00
9.301717104653790482e-17
9.301717104653790482e-17
0.000000000000000000e+00
0.000000000000000000e+00
1.860343420930758096e-16
9.301717104653790482e-17
0.000000000000000000e+00
9.301717104653790482e-17
9.301717104653790482e-17
0.000000000000000000e+00
0.000000000000000000e+00
9.301717104653790482e-17
0.000000000000000000e+00
9.301717104653790482e-17
4.549070073179741457e-03
4.706006835638445324e-02
1.606535778786437052e-01
3.676471348976604325e-01
6.323528651023394564e-01
8.393464221213557952e-01
9.529399316436151235e-01
9.954509299268199385e-01
9.999999999999997780e-01
9.999999999999997780e-01
9.999999999999997780e-01
1.000000000000000000e+00
9.999999999999997780e-01
9.999999999999997780e-01
9.999999999999996669e-01
9.999999999999997780e-01
1.000000000000000000e+00
9.999999999999996669e-01
9.954509299268199385e-01
9.529399316436153455e-01
8.393464221213560172e-01
6.323528651023394564e-01
3.676471348976602660e-01
1.606535778786436219e-01
4.706006835638426589e-02
4.549070073179554974e-03
0.000000000000000000e+00
0.000000000000000000e+00
0.000000000000000000e+00
9.301717104653790482e-17
0.000000000000000000e+00
0.000000000000000000e+00
9.301717104653790482e-17
0.000000000000000000e+00
0.000000000000000000e+00
0.000000000000000000e+00
0.000000000000000000e+00
0.000000000000000000e+00
9.301717104653790482e-17
0.000000000000000000e+00
0.000000000000000000e+00
0.000000000000000000e+00
0.000000000000000000e+00
9.301717104653790482e-17
0.000000000000000000e+00
9.301717104653790482e-17
0.000000000000000000e+00
0.000000000000000000e+00
0.000000000000000000e+00
0.000000000000000000e+00
0.000000000000000000e+00
9.301717104653790482e-17
9.301717104653790482e-17
0.000000000000000000e+00
0.000000000000000000e+00
0.000000000000000000e+00
0.000000000000000000e+00
0.000000000000000000e+00
0.000000000000000000e+00
9.301717104653790482e-17
0.000000000000000000e+00
0.000000000000000000e+00
4.549070073179741457e-03
4.706006835638445324e-02
1.606535778786434832e-01
3.745108468190392337e-01
6.626807949842643541e-01
8.729079186943501378e-01
9.746451145683212580e-01
1.000000000000000000e+00
1.000000000000000000e+00
1.000000000000000000e+00
1.000000000000000000e+00
1.000000000000000000e+00
1.000000000000000000e+00
1.000000000000000000e+00
1.000000000000000000e+00
1.000000000000000000e+00
1.000000000000000000e+00
9.746451145683211470e-01
8.729079186943504709e-01
6.626807949842646872e-01
3.745108468190391227e-01
1.606535778786434832e-01
4.706006835638445324e-02
4.549070073179741457e-03
9.301717104653790482e-17
0.000000000000000000e+00
0.000000000000000000e+00
0.000000000000000000e+00
1.860343420930758096e-16
0.000000000000000000e+00
0.000000000000000000e+00
9.301717104653790482e-17
9.301717104653790482e-17
0.000000000000000000e+00
0.000000000000000000e+00
0.000000000000000000e+00
0.000000000000000000e+00
9.301717104653790482e-17
0.000000000000000000e+00
0.000000000000000000e+00
0.000000000000000000e+00
0.000000000000000000e+00
1.860343420930758096e-16
9.301717104653790482e-17
9.301717104653790482e-17
0.000000000000000000e+00
0.000000000000000000e+00
9.301717104653790482e-17
0.000000000000000000e+00
0.000000000000000000e+00
1.860343420930758096e-16
9.301717104653790482e-17
0.000000000000000000e+00
9.301717104653790482e-17
9.301717104653790482e-17
9.301717104653790482e-17
0.000000000000000000e+00
9.301717104653790482e-17
0.000000000000000000e+00
1.860343420930758096e-16
0.000000000000000000e+00
9.301717104653790482e-17
4.549070073179554974e-03
4.706006835638445324e-02
1.932793177664637041e-01
4.698525648557395074e-01
7.768991971243465189e-01
9.460513777880507069e-01
1.000000000000000000e+00
1.000000000000000000e+00
9.999999999999997780e-01
1.000000000000000000e+00
1.000000000000000000e+00
9.999999999999997780e-01
1.000000000000000000e+00
1.000000000000000000e+00
1.000000000000000000e+00
1.000000000000000000e+00
9.460513777880504849e-01
7.768991971243465189e-01
4.698525648557398959e-01
1.932793177664638984e-01
4.706006835638473079e-02
4.549070073179648649e-03
1.860343420930758096e-16
0.000000000000000000e+00
0.000000000000000000e+00
0.000000000000000000e+00
0.000000000000000000e+00
1.860343420930758096e-16
9.301717104653790482e-17
0.000000000000000000e+00
9.301717104653790482e-17
0.000000000000000000e+00
0.000000000000000000e+00
0.000000000000000000e+00
0.000000000000000000e+00
0.000000000000000000e+00
0.000000000000000000e+00
0.000000000000000000e+00
0.000000000000000000e+00
0.000000000000000000e+00
0.000000000000000000e+00
9.301717104653790482e-17
9.301717104653790482e-17
0.000000000000000000e+00
0.000000000000000000e+00
0.000000000000000000e+00
0.000000000000000000e+00
0.000000000000000000e+00
0.000000000000000000e+00
0.000000000000000000e+00
1.860343420930758096e-16
0.000000000000000000e+00
9.301717104653790482e-17
0.000000000000000000e+00
1.860343420930758096e-16
0.000000000000000000e+00
9.301717104653790482e-17
0.000000000000000000e+00
0.000000000000000000e+00
0.000000000000000000e+00
0.000000000000000000e+00
0.000000000000000000e+00
4.549070073179741457e-03
1.060305642871401804e-01
3.579716113902547958e-01
7.110481370911929666e-01
9.231771941447552976e-01
1.000000000000000000e+00
1.000000000000000000e+00
1.000000000000000000e+00
1.000000000000000000e+00
1.000000000000000000e+00
1.000000000000000000e+00
1.000000000000000000e+00
1.000000000000000000e+00
1.000000000000000000e+00
1.000000000000000000e+00
9.231771941447551866e-01
7.110481370911929666e-01
3.579716113902550734e-01
1.060305642871401388e-01
4.549070073179741457e-03
9.301717104653790482e-17
0.000000000000000000e+00
0.000000000000000000e+00
9.301717104653790482e-17
0.000000000000000000e+00
0.000000000000000000e+00
0.000000000000000000e+00
0.000000000000000000e+00
0.000000000000000000e+00
9.301717104653790482e-17
9.301717104653790482e-17
0.000000000000000000e+00
0.000000000000000000e+00
0.000000000000000000e+00
0.000000000000000000e+00
0.000000000000000000e+00
0.000000000000000000e+00
0.000000000000000000e+00
0.000000000000000000e+00
0.000000000000000000e+00
1.860343420930758096e-16
0.000000000000000000e+00
9.301717104653790482e-17
0.000000000000000000e+00
9.301717104653790482e-17
9.301717104653790482e-17
0.000000000000000000e+00
0.000000000000000000e+00
9.301717104653790482e-17
0.000000000000000000e+00
9.301717104653790482e-17
9.301717104653790482e-17
9.301717104653790482e-17
9.301717104653790482e-17
0.000000000000000000e+00
0.000000000000000000e+00
9.301717104653790482e-17
9.301717104653790482e-17
0.000000000000000000e+00
9.301717104653790482e-17
1.860343420930758096e-16
9.301717104653790482e-17
8.208166129898369912e-02
3.185324404428739320e-01
6.814675595571259015e-01
9.179183387010164674e-01
1.000000000000000000e+00
1.000000000000000000e+00
1.000000000000000000e+00
1.000000000000000000e+00
1.000000000000000000e+00
1.000000000000000000e+00
1.000000000000000000e+00
1.000000000000000000e+00
1.000000000000000000e+00
1.000000000000000000e+00
9.179183387010162454e-01
6.814675595571260125e-01
3.185324404428739875e-01
8.208166129898369912e-02
9.301717104653790482e-17
1.860343420930758096e-16
2.790515131396136898e-16
0.000000000000000000e+00
0.000000000000000000e+00
1.860343420930758096e-16
0.000000000000000000e+00
0.000000000000000000e+00
0.000000000000000000e+00
0.000000000000000000e+00
9.301717104653790482e-17
1.860343420930758096e-16
0.000000000000000000e+00
0.000000000000000000e+00
9.301717104653790482e-17
9.301717104653790482e-17
0.000000000000000000e+00
0.000000000000000000e+00
0.000000000000000000e+00
9.301717104653790482e-17
0.000000000000000000e+00
1.860343420930758096e-16
0.000000000000000000e+00
0.000000000000000000e+00
9.301717104653790482e-17
0.000000000000000000e+00
9.301717104653790482e-17
9.301717104653790482e-17
0.000000000000000000e+00
1.860343420930758096e-16
1.860343420930758096e-16
1.860343420930758096e-16
9.301717104653790482e-17
9.301717104653790482e-17
0.000000000000000000e+00
0.000000000000000000e+00
9.301717104653790482e-17
0.000000000000000000e+00
0.000000000000000000e+00
0.000000000000000000e+00
0.000000000000000000e+00
1.860343420930758096e-16
0.000000000000000000e+00
8.208166129898383789e-02
3.185324404428737100e-01
6.814675595571255684e-01
9.179183387010164674e-01
1.000000000000000000e+00
1.000000000000000000e+00
1.000000000000000000e+00
1.000000000000000000e+00
1.000000000000000000e+00
9.999999999999997780e-01
1.000000000000000000e+00
1.000000000000000000e+00
1.000000000000000000e+00
1.000000000000000000e+00
9.179183387010162454e-01
6.814675595571253464e-01
3.185324404428738765e-01
8.208166129898383789e-02
0.000000000000000000e+00
1.860343420930758096e-16
0.000000000000000000e+00
0.000000000000000000e+00
0.000000000000000000e+00
0.000000000000000000e+00
0.000000000000000000e+00
0.000000000000000000e+00
0.000000000000000000e+00
0.000000000000000000e+00
0.000000000000000000e+00
0.000000000000000000e+00
0.000000000000000000e+00
0.000000000000000000e+00
0.000000000000000000e+00
0.000000000000000000e+00
0.000000000000000000e+00
0.000000000000000000e+00
0.000000000000000000e+00
0.000000000000000000e+00
0.000000000000000000e+00
9.301717104653790482e-17
0.000000000000000000e+00
9.301717104653790482e-17
9.301717104653790482e-17
9.301717104653790482e-17
9.301717104653790482e-17
0.000000000000000000e+00
0.000000000000000000e+00
0.000000000000000000e+00
1.860343420930758096e-16
0.000000000000000000e+00
0.000000000000000000e+00
0.000000000000000000e+00
0.000000000000000000e+00
0.000000000000000000e+00
0.000000000000000000e+00
0.000000000000000000e+00
9.301717104653790482e-17
0.000000000000000000e+00
0.000000000000000000e+00
0.000000000000000000e+00
0.000000000000000000e+00
8.208166129898375463e-02
3.185324404428738210e-01
6.814675595571255684e-01
9.179183387010160233e-01
9.999999999999996669e-01
9.999999999999997780e-01
9.999999999999997780e-01
9.999999999999997780e-01
9.999999999999996669e-01
9.999999999999994449e-01
9.999999999999997780e-01
9.999999999999996669e-01
9.999999999999996669e-01
9.999999999999996669e-01
9.179183387010160233e-01
6.814675595571255684e-01
3.185324404428738765e-01
8.208166129898383789e-02
0.000000000000000000e+00
9.301717104653790482e-17
0.000000000000000000e+00
0.000000000000000000e+00
0.000000000000000000e+00
0.000000000000000000e+00
0.000000000000000000e+00
0.000000000000000000e+00
0.000000000000000000e+00
0.000000000000000000e+00
0.000000000000000000e+00
0.000000000000000000e+00
0.000000000000000000e+00
0.000000000000000000e+00
0.000000000000000000e+00
0.000000000000000000e+00
0.000000000000000000e+00
0.000000000000000000e+00
0.000000000000000000e+00
0.000000000000000000e+00
0.000000000000000000e+00
9.301717104653790482e-17
0.000000000000000000e+00
0.000000000000000000e+00
0.000000000000000000e+00
0.000000000000000000e+00
0.000000000000000000e+00
0.000000000000000000e+00
0.000000000000000000e+00
1.860343420930758096e-16
9.301717104653790482e-17
0.000000000000000000e+00
0.000000000000000000e+00
0.000000000000000000e+00
0.000000000000000000e+00
0.000000000000000000e+00
0.000000000000000000e+00
0.000000000000000000e+00
0.000000000000000000e+00
0.000000000000000000e+00
0.000000000000000000e+00
0.000000000000000000e+00
0.000000000000000000e+00
8.208166129898383789e-02
3.185324404428738210e-01
6.814675595571255684e-01
9.179183387010162454e-01
1.000000000000000000e+00
1.000000000000000000e+00
1.000000000000000000e+00
1.000000000000000000e+00
1.000000000000000000e+00
9.999999999999997780e-01
1.000000000000000000e+00
1.000000000000000000e+00
1.000000000000000000e+00
1.000000000000000000e+00
9.179183387010162454e-01
6.814675595571255684e-01
3.185324404428739875e-01
8.208166129898375463e-02
0.000000000000000000e+00
9.301717104653790482e-17
9.301717104653790482e-17
0.000000000000000000e+00
0.000000000000000000e+00
9.301717104653790482e-17
0.000000000000000000e+00
9.301717104653790482e-17
9.301717104653790482e-17
0.000000000000000000e+00
9.301717104653790482e-17
9.301717104653790482e-17
0.000000000000000000e+00
0.000000000000000000e+00
9.301717104653790482e-17
0.000000000000000000e+00
0.000000000000000000e+00
0.000000000000000000e+00
0.000000000000000000e+00
9.301717104653790482e-17
0.000000000000000000e+00
1.860343420930758096e-16
9.301717104653790482e-17
0.000000000000000000e+00
0.000000000000000000e+00
9.301717104653790482e-17
9.301717104653790482e-17
9.301717104653790482e-17
0.000000000000000000e+00
9.301717104653790482e-17
9.301717104653790482e-17
0.000000000000000000e+00
0.000000000000000000e+00
0.000000000000000000e+00
0.000000000000000000e+00
0.000000000000000000e+00
0.000000000000000000e+00
9.301717104653790482e-17
0.000000000000000000e+00
1.860343420930758096e-16
0.000000000000000000e+00
3.720686841861516193e-16
9.301717104653790482e-17
8.208166129898369912e-02
3.185324404428732104e-01
6.814675595571259015e-01
9.179183387010162454e-01
9.999999999999997780e-01
1.000000000000000000e+00
9.999999999999997780e-01
9.999999999999997780e-01
9.999999999999997780e-01
9.999999999999997780e-01
9.999999999999997780e-01
1.000000000000000000e+00
1.000000000000000000e+00
9.999999999999997780e-01
9.179183387010160233e-01
6.814675595571260125e-01
3.185324404428734879e-01
8.208166129898397667e-02
0.000000000000000000e+00
2.790515131396136898e-16
9.301717104653790482e-17
9.301717104653790482e-17
0.000000000000000000e+00
1.860343420930758096e-16
0.000000000000000000e+00
0.000000000000000000e+00
9.301717104653790482e-17
0.000000000000000000e+00
0.000000000000000000e+00
9.301717104653790482e-17
0.000000000000000000e+00
0.000000000000000000e+00
9.301717104653790482e-17
0.000000000000000000e+00
0.000000000000000000e+00
0.000000000000000000e+00
0.000000000000000000e+00
0.000000000000000000e+00
0.000000000000000000e+00
0.000000000000000000e+00
0.000000000000000000e+00
0.000000000000000000e+00
0.000000000000000000e+00
0.000000000000000000e+00
9.301717104653790482e-17
0.000000000000000000e+00
0.000000000000000000e+00
9.301717104653790482e-17
0.000000000000000000e+00
9.301717104653790482e-17
0.000000000000000000e+00
9.301717104653790482e-17
1.860343420930758096e-16
9.301717104653790482e-17
0.000000000000000000e+00
0.000000000000000000e+00
0.000000000000000000e+00
0.000000000000000000e+00
0.000000000000000000e+00
9.301717104653790482e-17
9.301717104653790482e-17
8.208166129898383789e-02
3.185324404428739320e-01
6.814675595571255684e-01
9.179183387010162454e-01
1.000000000000000000e+00
1.000000000000000000e+00
9.999999999999997780e-01
9.999999999999997780e-01
9.999999999999997780e-01
9.999999999999997780e-01
9.999999999999997780e-01
9.999999999999997780e-01
1.000000000000000000e+00
1.000000000000000000e+00
9.179183387010162454e-01
6.814675595571259015e-01
3.185324404428740430e-01
8.208166129898383789e-02
0.000000000000000000e+00
1.860343420930758096e-16
0.000000000000000000e+00
0.000000000000000000e+00
0.000000000000000000e+00
0.000000000000000000e+00
0.000000000000000000e+00
0.000000000000000000e+00
9.301717104653790482e-17
9.301717104653790482e-17
0.000000000000000000e+00
9.301717104653790482e-17
0.000000000000000000e+00
0.000000000000000000e+00
9.301717104653790482e-17
9.301717104653790482e-17
0.000000000000000000e+00
0.000000000000000000e+00
0.000000000000000000e+00
0.000000000000000000e+00
0.000000000000000000e+00
9.301717104653790482e-17
0.000000000000000000e+00
9.301717104653790482e-17
0.000000000000000000e+00
9.301717104653790482e-17
9.301717104653790482e-17
0.000000000000000000e+00
0.000000000000000000e+00
0.000000000000000000e+00
1.860343420930758096e-16
0.000000000000000000e+00
1.860343420930758096e-16
1.860343420930758096e-16
9.301717104653790482e-17
0.000000000000000000e+00
0.000000000000000000e+00
0.000000000000000000e+00
0.000000000000000000e+00
9.301717104653790482e-17
0.000000000000000000e+00
9.301717104653790482e-17
9.301717104653790482e-17
8.208166129898375463e-02
3.185324404428737100e-01
6.814675595571261235e-01
9.179183387010164674e-01
9.999999999999997780e-01
1.000000000000000000e+00
9.999999999999997780e-01
9.999999999999997780e-01
9.999999999999997780e-01
9.999999999999996669e-01
9.999999999999997780e-01
1.000000000000000000e+00
9.999999999999997780e-01
1.000000000000000000e+00
9.179183387010162454e-01
6.814675595571259015e-01
3.185324404428738210e-01
8.208166129898397667e-02
0.000000000000000000e+00
1.860343420930758096e-16
0.000000000000000000e+00
0.000000000000000000e+00
0.000000000000000000e+00
9.301717104653790482e-17
0.000000000000000000e+00
9.301717104653790482e-17
0.000000000000000000e+00
0.000000000000000000e+00
0.000000000000000000e+00
0.000000000000000000e+00
0.000000000000000000e+00
0.000000000000000000e+00
1.860343420930758096e-16
0.000000000000000000e+00
9.301717104653790482e-17
0.000000000000000000e+00
9.301717104653790482e-17
2.790515131396136898e-16
9.301717104653790482e-17
2.790515131396136898e-16
9.301717104653790482e-17
0.000000000000000000e+00
1.860343420930758096e-16
1.860343420930758096e-16
9.301717104653790482e-17
0.000000000000000000e+00
0.000000000000000000e+00
9.301717104653790482e-17
1.860343420930758096e-16
0.000000000000000000e+00
1.860343420930758096e-16
9.301717104653790482e-17
9.301717104653790482e-17
9.301717104653790482e-17
0.000000000000000000e+00
0.000000000000000000e+00
9.301717104653790482e-17
1.860343420930758096e-16
9.301717104653790482e-17
0.000000000000000000e+00
9.301717104653790482e-17
8.208166129898375463e-02
3.185324404428733769e-01
6.814675595571257904e-01
9.179183387010162454e-01
1.000000000000000000e+00
9.999999999999997780e-01
1.000000000000000000e+00
9.999999999999997780e-01
9.999999999999997780e-01
9.999999999999994449e-01
9.999999999999997780e-01
1.000000000000000000e+00
9.999999999999997780e-01
9.999999999999997780e-01
9.179183387010162454e-01
6.814675595571259015e-01
3.185324404428739875e-01
8.208166129898375463e-02
0.000000000000000000e+00
1.860343420930758096e-16
9.301717104653790482e-17
0.000000000000000000e+00
0.000000000000000000e+00
9.301717104653790482e-17
0.000000000000000000e+00
0.000000000000000000e+00
0.000000000000000000e+00
0.000000000000000000e+00
9.301717104653790482e-17
9.301717104653790482e-17
0.000000000000000000e+00
0.000000000000000000e+00
0.000000000000000000e+00
0.000000000000000000e+00
0.000000000000000000e+00
9.301717104653790482e-17
0.000000000000000000e+00
9.301717104653790482e-17
0.000000000000000000e+00
9.301717104653790482e-17
9.301717104653790482e-17
9.301717104653790482e-17
9.301717104653790482e-17
1.860343420930758096e-16
1.860343420930758096e-16
9.301717104653790482e-17
0.000000000000000000e+00
0.000000000000000000e+00
0.000000000000000000e+00
9.301717104653790482e-17
9.301717104653790482e-17
0.000000000000000000e+00
0.000000000000000000e+00
9.301717104653790482e-17
0.000000000000000000e+00
9.301717104653790482e-17
0.000000000000000000e+00
0.000000000000000000e+00
0.000000000000000000e+00
3.720686841861516193e-16
0.000000000000000000e+00
8.208166129898375463e-02
3.185324404428738210e-01
6.814675595571253464e-01
9.179183387010160233e-01
9.999999999999996669e-01
9.999999999999996669e-01
9.999999999999997780e-01
9.999999999999996669e-01
9.999999999999997780e-01
9.999999999999994449e-01
9.999999999999997780e-01
9.999999999999997780e-01
9.999999999999997780e-01
1.000000000000000000e+00
9.179183387010160233e-01
6.814675595571255684e-01
3.185324404428742096e-01
8.208166129898383789e-02
0.000000000000000000e+00
3.720686841861516193e-16
0.000000000000000000e+00
0.000000000000000000e+00
0.000000000000000000e+00
0.000000000000000000e+00
0.000000000000000000e+00
1.860343420930758096e-16
9.301717104653790482e-17
0.000000000000000000e+00
0.000000000000000000e+00
0.000000000000000000e+00
0.000000000000000000e+00
0.000000000000000000e+00
1.860343420930758096e-16
0.000000000000000000e+00
1.860343420930758096e-16
9.301717104653790482e-17
0.000000000000000000e+00
1.860343420930758096e-16
0.000000000000000000e+00
3.720686841861516193e-16
9.301717104653790482e-17
1.860343420930758096e-16
1.860343420930758096e-16
2.790515131396136898e-16
1.860343420930758096e-16
0.000000000000000000e+00
1.860343420930758096e-16
0.000000000000000000e+00
9.301717104653790482e-17
0.000000000000000000e+00
0.000000000000000000e+00
0.000000000000000000e+00
0.000000000000000000e+00
9.301717104653790482e-17
0.000000000000000000e+00
0.000000000000000000e+00
0.000000000000000000e+00
0.000000000000000000e+00
0.000000000000000000e+00
9.301717104653790482e-17
9.301717104653790482e-17
8.208166129898369912e-02
3.185324404428738210e-01
6.814675595571259015e-01
9.179183387010162454e-01
1.000000000000000000e+00
1.000000000000000000e+00
1.000000000000000000e+00
1.000000000000000000e+00
1.000000000000000000e+00
9.999999999999997780e-01
1.000000000000000000e+00
1.000000000000000000e+00
1.000000000000000000e+00
1.000000000000000000e+00
9.179183387010162454e-01
6.814675595571255684e-01
3.185324404428739320e-01
8.208166129898375463e-02
0.000000000000000000e+00
9.301717104653790482e-17
0.000000000000000000e+00
0.000000000000000000e+00
0.000000000000000000e+00
2.790515131396136898e-16
9.301717104653790482e-17
9.301717104653790482e-17
9.301717104653790482e-17
0.000000000000000000e+00
1.860343420930758096e-16
0.000000000000000000e+00
0.000000000000000000e+00
0.000000000000000000e+00
0.000000000000000000e+00
0.000000000000000000e+00
0.000000000000000000e+00
0.000000000000000000e+00
0.000000000000000000e+00
0.000000000000000000e+00
0.000000000000000000e+00
0.000000000000000000e+00
0.000000000000000000e+00
0.000000000000000000e+00
0.000000000000000000e+00
0.000000000000000000e+00
0.000000000000000000e+00
0.000000000000000000e+00
0.000000000000000000e+00
9.301717104653790482e-17
9.301717104653790482e-17
9.301717104653790482e-17
2.790515131396136898e-16
0.000000000000000000e+00
0.000000000000000000e+00
9.301717104653790482e-17
9.301717104653790482e-17
0.000000000000000000e+00
0.000000000000000000e+00
0.000000000000000000e+00
0.000000000000000000e+00
9.301717104653790482e-17
0.000000000000000000e+00
8.208166129898383789e-02
3.185324404428738765e-01
6.814675595571255684e-01
9.179183387010162454e-01
9.999999999999996669e-01
1.000000000000000000e+00
1.000000000000000000e+00
9.999999999999997780e-01
9.999999999999997780e-01
9.999999999999996669e-01
9.999999999999997780e-01
9.999999999999997780e-01
9.999999999999997780e-01
9.999999999999997780e-01
9.179183387010162454e-01
6.814675595571259015e-01
3.185324404428739320e-01
8.208166129898397667e-02
9.301717104653790482e-17
0.000000000000000000e+00
0.000000000000000000e+00
0.000000000000000000e+00
0.000000000000000000e+00
9.301717104653790482e-17
0.000000000000000000e+00
0.000000000000000000e+00
9.301717104653790482e-17
0.000000000000000000e+00
0.000000000000000000e+00
9.301717104653790482e-17
0.000000000000000000e+00
0.000000000000000000e+00
9.301717104653790482e-17
0.000000000000000000e+00
9.301717104653790482e-17
0.000000000000000000e+00
9.301717104653790482e-17
9.301717104653790482e-17
0.000000000000000000e+00
1.860343420930758096e-16
9.301717104653790482e-17
0.000000000000000000e+00
9.301717104653790482e-17
1.860343420930758096e-16
9.301717104653790482e-17
9.301717104653790482e-17
0.000000000000000000e+00
9.301717104653790482e-17
9.301717104653790482e-17
1.860343420930758096e-16
0.000000000000000000e+00
9.301717104653790482e-17
0.000000000000000000e+00
0.000000000000000000e+00
0.000000000000000000e+00
9.301717104653790482e-17
0.000000000000000000e+00
1.860343420930758096e-16
0.000000000000000000e+00
1.860343420930758096e-16
4.549070073179741457e-03
1.060305642871401804e-01
3.579716113902547403e-01
7.110481370911926335e-01
9.231771941447551866e-01
9.999999999999997780e-01
9.999999999999997780e-01
9.999999999999997780e-01
9.999999999999997780e-01
9.999999999999997780e-01
9.999999999999996669e-01
1.000000000000000000e+00
9.999999999999997780e-01
9.999999999999997780e-01
9.999999999999997780e-01
9.231771941447552976e-01
7.110481370911926335e-01
3.579716113902548513e-01
1.060305642871400417e-01
4.549070073179741457e-03
2.790515131396136898e-16
0.000000000000000000e+00
9.301717104653790482e-17
0.000000000000000000e+00
1.860343420930758096e-16
0.000000000000000000e+00
0.000000000000000000e+00
0.000000000000000000e+00
0.000000000000000000e+00
0.000000000000000000e+00
0.000000000000000000e+00
0.000000000000000000e+00
0.000000000000000000e+00
0.000000000000000000e+00
0.000000000000000000e+00
0.000000000000000000e+00
0.000000000000000000e+00
0.000000000000000000e+00
0.000000000000000000e+00
0.000000000000000000e+00
9.301717104653790482e-17
0.000000000000000000e+00
0.000000000000000000e+00
0.000000000000000000e+00
0.000000000000000000e+00
0.000000000000000000e+00
0.000000000000000000e+00
0.000000000000000000e+00
9.301717104653790482e-17
1.860343420930758096e-16
0.000000000000000000e+00
9.301717104653790482e-17
0.000000000000000000e+00
0.000000000000000000e+00
0.000000000000000000e+00
0.000000000000000000e+00
9.301717104653790482e-17
0.000000000000000000e+00
2.790515131396136898e-16
0.000000000000000000e+00
4.549070073179741457e-03
4.706006835638426589e-02
1.932793177664640927e-01
4.698525648557393963e-01
7.768991971243465189e-01
9.460513777880507069e-01
9.999999999999997780e-01
1.000000000000000000e+00
1.000000000000000000e+00
1.000000000000000000e+00
1.000000000000000000e+00
9.999999999999997780e-01
1.000000000000000000e+00
1.000000000000000000e+00
1.000000000000000000e+00
1.000000000000000000e+00
9.460513777880504849e-01
7.768991971243464079e-01
4.698525648557396184e-01
1.932793177664638984e-01
4.706006835638417568e-02
4.549070073179741457e-03
0.000000000000000000e+00
9.301717104653790482e-17
0.000000000000000000e+00
0.000000000000000000e+00
9.301717104653790482e-17
9.301717104653790482e-17
1.860343420930758096e-16
0.000000000000000000e+00
0.000000000000000000e+00
0.000000000000000000e+00
9.301717104653790482e-17
0.000000000000000000e+00
0.000000000000000000e+00
0.000000000000000000e+00
9.301717104653790482e-17
0.000000000000000000e+00
0.000000000000000000e+00
0.000000000000000000e+00
0.000000000000000000e+00
9.301717104653790482e-17
0.000000000000000000e+00
0.000000000000000000e+00
0.000000000000000000e+00
0.000000000000000000e+00
0.000000000000000000e+00
0.000000000000000000e+00
0.000000000000000000e+00
9.301717104653790482e-17
1.860343420930758096e-16
0.000000000000000000e+00
0.000000000000000000e+00
0.000000000000000000e+00
0.000000000000000000e+00
0.000000000000000000e+00
9.301717104653790482e-17
0.000000000000000000e+00
9.301717104653790482e-17
0.000000000000000000e+00
4.549070073179834264e-03
4.706006835638445324e-02
1.606535778786437052e-01
3.745108468190385120e-01
6.626807949842641321e-01
8.729079186943504709e-01
9.746451145683212580e-01
9.999999999999997780e-01
1.000000000000000000e+00
9.999999999999997780e-01
9.999999999999997780e-01
9.999999999999997780e-01
9.999999999999996669e-01
9.999999999999997780e-01
9.999999999999997780e-01
1.000000000000000000e+00
9.999999999999997780e-01
9.746451145683212580e-01
8.729079186943504709e-01
6.626807949842641321e-01
3.745108468190385675e-01
1.606535778786436219e-01
4.706006835638445324e-02
4.549070073179741457e-03
0.000000000000000000e+00
0.000000000000000000e+00
0.000000000000000000e+00
0.000000000000000000e+00
9.301717104653790482e-17
9.301717104653790482e-17
0.000000000000000000e+00
0.000000000000000000e+00
0.000000000000000000e+00
0.000000000000000000e+00
0.000000000000000000e+00
0.000000000000000000e+00
0.000000000000000000e+00
0.000000000000000000e+00
0.000000000000000000e+00
0.000000000000000000e+00
0.000000000000000000e+00
0.000000000000000000e+00
0.000000000000000000e+00
9.301717104653790482e-17
0.000000000000000000e+00
0.000000000000000000e+00
9.301717104653790482e-17
0.000000000000000000e+00
9.301717104653790482e-17
0.000000000000000000e+00
0.000000000000000000e+00
1.860343420930758096e-16
0.000000000000000000e+00
9.301717104653790482e-17
9.301717104653790482e-17
0.000000000000000000e+00
9.301717104653790482e-17
9.301717104653790482e-17
0.000000000000000000e+00
0.000000000000000000e+00
4.549070073179648649e-03
4.706006835638445324e-02
1.606535778786437607e-01
3.676471348976605991e-01
6.323528651023389013e-01
8.393464221213562393e-01
9.529399316436153455e-01
9.954509299268204936e-01
9.999999999999997780e-01
9.999999999999997780e-01
9.999999999999997780e-01
9.999999999999997780e-01
9.999999999999996669e-01
9.999999999999994449e-01
9.999999999999997780e-01
9.999999999999997780e-01
9.999999999999997780e-01
9.999999999999994449e-01
9.954509299268204936e-01
9.529399316436153455e-01
8.393464221213562393e-01
6.323528651023391234e-01
3.676471348976605991e-01
1.606535778786438440e-01
4.706006835638445324e-02
4.549070073179741457e-03
0.000000000000000000e+00
9.301717104653790482e-17
9.301717104653790482e-17
9.301717104653790482e-17
1.860343420930758096e-16
0.000000000000000000e+00
0.000000000000000000e+00
9.301717104653790482e-17
0.000000000000000000e+00
0.000000000000000000e+00
9.301717104653790482e-17
0.000000000000000000e+00
9.301717104653790482e-17
0.000000000000000000e+00
0.000000000000000000e+00
0.000000000000000000e+00
0.000000000000000000e+00
1.860343420930758096e-16
9.301717104653790482e-17
9.301717104653790482e-17
9.301717104653790482e-17
9.301717104653790482e-17
0.000000000000000000e+00
9.301717104653790482e-17
0.000000000000000000e+00
0.000000000000000000e+00
0.000000000000000000e+00
9.301717104653790482e-17
0.000000000000000000e+00
9.301717104653790482e-17
0.000000000000000000e+00
0.000000000000000000e+00
9.301717104653790482e-17
0.000000000000000000e+00
1.860343420930758096e-16
2.535488543167871769e-02
1.270920813056494458e-01
3.373192050157357569e-01
6.254891531809609884e-01
8.393464221213563503e-01
9.529399316436155676e-01
9.954509299268202716e-01
1.000000000000000000e+00
9.999999999999997780e-01
9.999999999999997780e-01
9.999999999999996669e-01
9.999999999999996669e-01
9.999999999999996669e-01
9.999999999999994449e-01
9.999999999999996669e-01
1.000000000000000000e+00
9.999999999999997780e-01
9.999999999999994449e-01
9.999999999999997780e-01
9.954509299268200495e-01
9.529399316436157896e-01
8.393464221213565724e-01
6.254891531809609884e-01
3.373192050157355348e-01
1.270920813056494458e-01
2.535488543167853034e-02
0.000000000000000000e+00
1.860343420930758096e-16
1.860343420930758096e-16
9.301717104653790482e-17
9.301717104653790482e-17
0.000000000000000000e+00
0.000000000000000000e+00
0.000000000000000000e+00
9.301717104653790482e-17
0.000000000000000000e+00
9.301717104653790482e-17
0.000000000000000000e+00
9.301717104653790482e-17
0.000000000000000000e+00
0.000000000000000000e+00
0.000000000000000000e+00
0.000000000000000000e+00
9.301717104653790482e-17
0.000000000000000000e+00
0.000000000000000000e+00
0.000000000000000000e+00
0.000000000000000000e+00
0.000000000000000000e+00
0.000000000000000000e+00
0.000000000000000000e+00
9.301717104653790482e-17
9.301717104653790482e-17
0.000000000000000000e+00
9.301717104653790482e-17
9.301717104653790482e-17
0.000000000000000000e+00
9.301717104653790482e-17
0.000000000000000000e+00
0.000000000000000000e+00
4.549070073179554974e-03
7.682280585524486893e-02
2.601698509553261873e-01
5.613526249659868128e-01
8.127898983119745679e-01
9.529399316436153455e-01
9.954509299268202716e-01
9.999999999999997780e-01
1.000000000000000000e+00
1.000000000000000000e+00
1.000000000000000000e+00
1.000000000000000000e+00
1.000000000000000000e+00
9.999999999999997780e-01
1.000000000000000000e+00
1.000000000000000000e+00
1.000000000000000000e+00
1.000000000000000000e+00
1.000000000000000000e+00
1.000000000000000000e+00
9.999999999999997780e-01
9.954509299268202716e-01
9.529399316436153455e-01
8.127898983119745679e-01
5.613526249659868128e-01
2.601698509553260763e-01
7.682280585524449423e-02
4.549070073179648649e-03
9.301717104653790482e-17
0.000000000000000000e+00
9.301717104653790482e-17
9.301717104653790482e-17
0.000000000000000000e+00
9.301717104653790482e-17
0.000000000000000000e+00
0.000000000000000000e+00
0.000000000000000000e+00
0.000000000000000000e+00
0.000000000000000000e+00
9.301717104653790482e-17
0.000000000000000000e+00
0.000000000000000000e+00
0.000000000000000000e+00
0.000000000000000000e+00
9.301717104653790482e-17
0.000000000000000000e+00
9.301717104653790482e-17
0.000000000000000000e+00
9.301717104653790482e-17
9.301717104653790482e-17
0.000000000000000000e+00
0.000000000000000000e+00
1.860343420930758096e-16
9.301717104653790482e-17
0.000000000000000000e+00
1.860343420930758096e-16
0.000000000000000000e+00
0.000000000000000000e+00
9.301717104653790482e-17
0.000000000000000000e+00
4.549070073179648649e-03
4.706006835638445324e-02
1.872101016880249325e-01
4.386473750340125766e-01
7.398301490446738127e-01
9.231771941447551866e-01
9.954509299268202716e-01
9.999999999999997780e-01
9.999999999999997780e-01
1.000000000000000000e+00
9.999999999999997780e-01
1.000000000000000000e+00
1.000000000000000000e+00
9.999999999999997780e-01
9.999999999999997780e-01
9.999999999999997780e-01
9.999999999999997780e-01
9.999999999999997780e-01
1.000000000000000000e+00
9.999999999999997780e-01
1.000000000000000000e+00
9.999999999999996669e-01
9.999999999999997780e-01
9.954509299268204936e-01
9.231771941447551866e-01
7.398301490446737017e-01
4.386473750340125766e-01
1.872101016880245439e-01
4.706006835638435609e-02
4.549070073179741457e-03
9.301717104653790482e-17
0.000000000000000000e+00
1.860343420930758096e-16
0.000000000000000000e+00
0.000000000000000000e+00
0.000000000000000000e+00
0.000000000000000000e+00
0.000000000000000000e+00
0.000000000000000000e+00
0.000000000000000000e+00
9.301717104653790482e-17
0.000000000000000000e+00
0.000000000000000000e+00
0.000000000000000000e+00
0.000000000000000000e+00
9.301717104653790482e-17
9.301717104653790482e-17
0.000000000000000000e+00
0.000000000000000000e+00
9.301717104653790482e-17
0.000000000000000000e+00
9.301717104653790482e-17
0.000000000000000000e+00
0.000000000000000000e+00
0.000000000000000000e+00
0.000000000000000000e+00
0.000000000000000000e+00
0.000000000000000000e+00
0.000000000000000000e+00
0.000000000000000000e+00
0.000000000000000000e+00
4.706006835638445324e-02
1.606535778786436219e-01
3.745108468190391227e-01
6.626807949842646872e-01
8.729079186943506929e-01
9.746451145683211470e-01
9.999999999999997780e-01
1.000000000000000000e+00
9.999999999999997780e-01
1.000000000000000000e+00
9.999999999999994449e-01
9.999999999999997780e-01
9.999999999999997780e-01
9.999999999999996669e-01
9.999999999999996669e-01
9.999999999999994449e-01
9.999999999999994449e-01
9.999999999999997780e-01
9.999999999999997780e-01
9.999999999999994449e-01
9.999999999999997780e-01
9.999999999999997780e-01
9.999999999999997780e-01
1.000000000000000000e+00
9.746451145683209250e-01
8.729079186943504709e-01
6.626807949842647982e-01
3.745108468190387896e-01
1.606535778786437052e-01
4.706006835638454344e-02
4.549070073179648649e-03
0.000000000000000000e+00
0.000000000000000000e+00
0.000000000000000000e+00
0.000000000000000000e+00
0.000000000000000000e+00
0.000000000000000000e+00
0.000000000000000000e+00
0.000000000000000000e+00
0.000000000000000000e+00
9.301717104653790482e-17
9.301717104653790482e-17
0.000000000000000000e+00
0.000000000000000000e+00
0.000000000000000000e+00
0.000000000000000000e+00
0.000000000000000000e+00
0.000000000000000000e+00
0.000000000000000000e+00
0.000000000000000000e+00
0.000000000000000000e+00
0.000000000000000000e+00
0.000000000000000000e+00
9.301717104653790482e-17
0.000000000000000000e+00
0.000000000000000000e+00
0.000000000000000000e+00
0.000000000000000000e+00
0.000000000000000000e+00
9.301717104653790482e-17
0.000000000000000000e+00
9.698760161376063227e-02
2.625981833678411870e-01
5.158288251891867127e-01
7.357961349610186996e-01
8.634782038243852265e-01
9.126152766862929422e-01
9.179183387010162454e-01
9.179183387010162454e-01
9.179183387010159123e-01
9.179183387010162454e-01
9.179183387010162454e-01
9.179183387010162454e-01
9.179183387010162454e-01
9.179183387010159123e-01
9.179183387010162454e-01
9.179183387010159123e-01
9.179183387010162454e-01
9.179183387010162454e-01
9.179183387010162454e-01
9.179183387010156903e-01
9.179183387010162454e-01
9.179183387010160233e-01
9.179183387010159123e-01
9.179183387010162454e-01
9.126152766862929422e-01
8.634782038243852265e-01
7.357961349610185886e-01
5.158288251891864906e-01
2.625981833678412980e-01
9.698760161376090982e-02
2.060368836564473866e-02
0.000000000000000000e+00
9.301717104653790482e-17
0.000000000000000000e+00
0.000000000000000000e+00
0.000000000000000000e+00
0.000000000000000000e+00
0.000000000000000000e+00
0.000000000000000000e+00
0.000000000000000000e+00
0.000000000000000000e+00
0.000000000000000000e+00
0.000000000000000000e+00
0.000000000000000000e+00
0.000000000000000000e+00
9.301717104653790482e-17
0.000000000000000000e+00
0.000000000000000000e+00
0.000000000000000000e+00
9.301717104653790482e-17
0.000000000000000000e+00
0.000000000000000000e+00
0.000000000000000000e+00
1.860343420930758096e-16
0.000000000000000000e+00
9.301717104653790482e-17
0.000000000000000000e+00
0.000000000000000000e+00
9.301717104653790482e-17
9.301717104653790482e-17
0.000000000000000000e+00
1.101594626985467340e-01
2.780454263354353306e-01
4.678412041197738125e-01
6.140411096411101388e-01
6.747551101168289822e-01
6.814675595571260125e-01
6.814675595571255684e-01
6.814675595571257904e-01
6.814675595571259015e-01
6.814675595571260125e-01
6.814675595571260125e-01
6.814675595571260125e-01
6.814675595571261235e-01
6.814675595571261235e-01
6.814675595571261235e-01
6.814675595571260125e-01
6.814675595571260125e-01
6.814675595571259015e-01
6.814675595571260125e-01
6.814675595571255684e-01
6.814675595571260125e-01
6.814675595571257904e-01
6.814675595571259015e-01
6.814675595571260125e-01
6.814675595571255684e-01
6.747551101168290932e-01
6.140411096411100278e-01
4.678412041197733129e-01
2.780454263354353306e-01
1.101594626985467340e-01
2.715262268758987865e-02
0.000000000000000000e+00
9.301717104653790482e-17
0.000000000000000000e+00
0.000000000000000000e+00
0.000000000000000000e+00
0.000000000000000000e+00
0.000000000000000000e+00
0.000000000000000000e+00
0.000000000000000000e+00
9.301717104653790482e-17
0.000000000000000000e+00
0.000000000000000000e+00
0.000000000000000000e+00
0.000000000000000000e+00
9.301717104653790482e-17
9.301717104653790482e-17
0.000000000000000000e+00
0.000000000000000000e+00
9.301717104653790482e-17
0.000000000000000000e+00
0.000000000000000000e+00
0.000000000000000000e+00
0.000000000000000000e+00
9.301717104653790482e-17
0.000000000000000000e+00
0.000000000000000000e+00
0.000000000000000000e+00
0.000000000000000000e+00
9.301717104653790482e-17
0.000000000000000000e+00
