4.283466794571932357e-01
6.026934884455573682e-01
6.785423682837459225e-01
6.785423682837455894e-01
6.785423682837455894e-01
6.785423682837455894e-01
6.785423682837455894e-01
6.785423682837455894e-01
6.785423682837458115e-01
6.785423682837458115e-01
6.785423682837454784e-01
6.785423682837459225e-01
6.785423682837455894e-01
6.785423682837455894e-01
6.785423682837458115e-01
6.785423682837455894e-01
6.785423682837455894e-01
6.785423682837455894e-01
6.785423682837458115e-01
6.785423682837455894e-01
6.785423682837458115e-01
6.785423682837455894e-01
6.785423682837455894e-01
6.785423682837455894e-01
6.785423682837454784e-01
6.785423682837458115e-01
6.785423682837455894e-01
6.785423682837455894e-01
6.785423682837455894e-01
6.785423682837459225e-01
6.785423682837459225e-01
6.396168996967065423e-01
5.602438594160551455e-01
4.397561405839450765e-01
3.305885329449279042e-01
2.329928834083570266e-01
1.560690818815149428e-01
7.920011934860639313e-02
2.630542390455964732e-02
4.732788463899607022e-03
9.856012456766176875e-17
0.000000000000000000e+00
9.856012456766176875e-17
0.000000000000000000e+00
0.000000000000000000e+00
0.000000000000000000e+00
0.000000000000000000e+00
0.000000000000000000e+00
0.000000000000000000e+00
9.856012456766176875e-17
0.000000000000000000e+00
4.732788463899607022e-03
2.630542390455955018e-02
7.920011934860629599e-02
1.560690818815149150e-01
2.329928834083568601e-01
3.305885329449279042e-01
4.397561405839450765e-01
5.602438594160549235e-01
5.628256695318870628e-01
4.283466794571929581e-01
6.026934884455572572e-01
8.259483223885401015e-01
9.154294107526749213e-01
9.154294107526749213e-01
9.154294107526748103e-01
9.154294107526749213e-01
9.154294107526749213e-01
9.154294107526748103e-01
9.154294107526749213e-01
9.154294107526748103e-01
9.154294107526745883e-01
9.154294107526749213e-01
9.154294107526748103e-01
9.154294107526749213e-01
9.154294107526748103e-01
9.154294107526748103e-01
9.154294107526749213e-01
9.154294107526749213e-01
9.154294107526749213e-01
9.154294107526748103e-01
9.154294107526745883e-01
9.154294107526749213e-01
9.154294107526748103e-01
9.154294107526749213e-01
9.154294107526748103e-01
9.154294107526748103e-01
9.154294107526749213e-01
9.154294107526749213e-01
9.154294107526749213e-01
9.154294107526749213e-01
9.154294107526749213e-01
8.910445564468293389e-01
8.380477565502866266e-01
7.670071165916428901e-01
6.694114670550721513e-01
5.602438594160551455e-01
4.024290390632051517e-01
2.353545468606212665e-01
9.769722538241494558e-02
2.630542390455955018e-02
9.856012456766176875e-17
0.000000000000000000e+00
9.856012456766176875e-17
0.000000000000000000e+00
0.000000000000000000e+00
0.000000000000000000e+00
0.000000000000000000e+00
0.000000000000000000e+00
0.000000000000000000e+00
9.856012456766176875e-17
0.000000000000000000e+00
2.630542390455955018e-02
9.769722538241475129e-02
2.353545468606211277e-01
4.024290390632051517e-01
5.602438594160549235e-01
6.694114670550722623e-01
7.670071165916428901e-01
8.380477565502865156e-01
7.990307462296726282e-01
6.026934884455570351e-01
6.785423682837455894e-01
9.154294107526748103e-01
1.000000000000000000e+00
9.999999999999997780e-01
9.999999999999995559e-01
1.000000000000000000e+00
1.000000000000000000e+00
9.999999999999995559e-01
9.999999999999995559e-01
1.000000000000000000e+00
9.999999999999995559e-01
1.000000000000000000e+00
9.999999999999997780e-01
9.999999999999997780e-01
1.000000000000000000e+00
1.000000000000000000e+00
9.999999999999997780e-01
9.999999999999995559e-01
1.000000000000000000e+00
1.000000000000000000e+00
9.999999999999995559e-01
9.999999999999995559e-01
9.999999999999995559e-01
1.000000000000000000e+00
1.000000000000000000e+00
9.999999999999995559e-01
1.000000000000000000e+00
9.999999999999997780e-01
9.999999999999997780e-01
1.000000000000000000e+00
1.000000000000000000e+00
9.952672115361004268e-01
9.736945760954404117e-01
9.442305910382779999e-01
8.965877913363766716e-01
8.321296605469962193e-01
6.650021319119967522e-01
4.189213455378442696e-01
1.723423811681270013e-01
5.061626067469367218e-02
0.000000000000000000e+00
0.000000000000000000e+00
9.856012456766176875e-17
0.000000000000000000e+00
0.000000000000000000e+00
0.000000000000000000e+00
0.000000000000000000e+00
0.000000000000000000e+00
0.000000000000000000e+00
9.856012456766176875e-17
9.856012456766176875e-17
5.061626067469367218e-02
1.723423811681268902e-01
4.189213455378442696e-01
6.650021319119967522e-01
8.321296605469959973e-01
8.965877913363764495e-01
9.442305910382779999e-01
9.736945760954404117e-01
9.100197242775004414e-01
6.785423682837455894e-01
6.785423682837459225e-01
9.154294107526749213e-01
1.000000000000000000e+00
1.000000000000000000e+00
9.999999999999995559e-01
1.000000000000000000e+00
9.999999999999995559e-01
9.999999999999995559e-01
9.999999999999997780e-01
1.000000000000000000e+00
9.999999999999997780e-01
9.999999999999995559e-01
1.000000000000000000e+00
9.999999999999995559e-01
1.000000000000000000e+00
1.000000000000000000e+00
1.000000000000000000e+00
1.000000000000000000e+00
9.999999999999995559e-01
9.999999999999997780e-01
1.000000000000000000e+00
1.000000000000000000e+00
9.999999999999995559e-01
9.999999999999997780e-01
9.999999999999997780e-01
9.999999999999995559e-01
1.000000000000000000e+00
9.999999999999995559e-01
1.000000000000000000e+00
1.000000000000000000e+00
1.000000000000000000e+00
1.000000000000000000e+00
1.000000000000000000e+00
9.999999999999997780e-01
9.904931922813892120e-01
9.228084806822652864e-01
7.387755368464772321e-01
4.586846575384493918e-01
1.931246706943432478e-01
5.061626067469367218e-02
0.000000000000000000e+00
0.000000000000000000e+00
9.856012456766176875e-17
0.000000000000000000e+00
0.000000000000000000e+00
0.000000000000000000e+00
0.000000000000000000e+00
0.000000000000000000e+00
0.000000000000000000e+00
9.856012456766176875e-17
0.000000000000000000e+00
5.061626067469367218e-02
1.931246706943429980e-01
4.586846575384491698e-01
7.387755368464772321e-01
9.228084806822650643e-01
9.904931922813892120e-01
9.999999999999997780e-01
1.000000000000000000e+00
9.154294107526749213e-01
6.785423682837455894e-01
6.785423682837459225e-01
9.154294107526749213e-01
9.999999999999995559e-01
9.999999999999995559e-01
9.999999999999995559e-01
1.000000000000000000e+00
9.999999999999995559e-01
9.999999999999995559e-01
9.999999999999995559e-01
1.000000000000000000e+00
9.999999999999995559e-01
1.000000000000000000e+00
1.000000000000000000e+00
9.999999999999997780e-01
9.999999999999995559e-01
9.999999999999997780e-01
1.000000000000000000e+00
1.000000000000000000e+00
1.000000000000000000e+00
1.000000000000000000e+00
9.999999999999995559e-01
9.999999999999997780e-01
9.999999999999997780e-01
1.000000000000000000e+00
9.999999999999995559e-01
9.999999999999995559e-01
9.999999999999995559e-01
9.999999999999995559e-01
9.999999999999995559e-01
1.000000000000000000e+00
9.999999999999997780e-01
9.999999999999995559e-01
1.000000000000000000e+00
9.952672115361004268e-01
9.513103940480958087e-01
8.358271907235121922e-01
6.233213284376893926e-01
3.400125680241116721e-01
1.303082846869637601e-01
2.630542390455945304e-02
0.000000000000000000e+00
0.000000000000000000e+00
9.856012456766176875e-17
0.000000000000000000e+00
0.000000000000000000e+00
0.000000000000000000e+00
0.000000000000000000e+00
0.000000000000000000e+00
0.000000000000000000e+00
9.856012456766176875e-17
0.000000000000000000e+00
2.630542390455955018e-02
1.303082846869636213e-01
3.400125680241115611e-01
6.233213284376891705e-01
8.358271907235121922e-01
9.513103940480960308e-01
9.952672115361004268e-01
9.999999999999997780e-01
9.154294107526749213e-01
6.785423682837454784e-01
6.785423682837458115e-01
9.154294107526749213e-01
9.999999999999997780e-01
9.999999999999995559e-01
9.999999999999995559e-01
1.000000000000000000e+00
1.000000000000000000e+00
1.000000000000000000e+00
1.000000000000000000e+00
9.999999999999995559e-01
9.999999999999995559e-01
1.000000000000000000e+00
1.000000000000000000e+00
9.999999999999997780e-01
9.999999999999997780e-01
9.999999999999997780e-01
9.999999999999997780e-01
1.000000000000000000e+00
1.000000000000000000e+00
9.999999999999997780e-01
9.999999999999997780e-01
9.999999999999997780e-01
1.000000000000000000e+00
1.000000000000000000e+00
9.999999999999997780e-01
9.999999999999995559e-01
9.999999999999995559e-01
9.999999999999995559e-01
9.999999999999995559e-01
1.000000000000000000e+00
1.000000000000000000e+00
1.000000000000000000e+00
1.000000000000000000e+00
9.786105435138462427e-01
8.947206916100153284e-01
6.985640172466460740e-01
4.069478556243460443e-01
1.701039321020051120e-01
4.868960595190405943e-02
4.732788463899508143e-03
0.000000000000000000e+00
0.000000000000000000e+00
0.000000000000000000e+00
0.000000000000000000e+00
0.000000000000000000e+00
0.000000000000000000e+00
0.000000000000000000e+00
0.000000000000000000e+00
0.000000000000000000e+00
9.856012456766176875e-17
0.000000000000000000e+00
4.732788463899607022e-03
4.868960595190396229e-02
1.701039321020048622e-01
4.069478556243460443e-01
6.985640172466459630e-01
8.947206916100155505e-01
9.786105435138462427e-01
9.999999999999995559e-01
9.154294107526748103e-01
6.785423682837455894e-01
6.785423682837455894e-01
9.154294107526749213e-01
1.000000000000000000e+00
9.999999999999995559e-01
9.999999999999995559e-01
1.000000000000000000e+00
1.000000000000000000e+00
9.999999999999995559e-01
9.999999999999997780e-01
9.999999999999997780e-01
1.000000000000000000e+00
1.000000000000000000e+00
1.000000000000000000e+00
1.000000000000000000e+00
9.999999999999995559e-01
9.999999999999995559e-01
1.000000000000000000e+00
1.000000000000000000e+00
1.000000000000000000e+00
1.000000000000000000e+00
9.999999999999995559e-01
9.999999999999995559e-01
9.999999999999995559e-01
1.000000000000000000e+00
9.999999999999995559e-01
9.999999999999995559e-01
9.999999999999997780e-01
9.999999999999995559e-01
9.999999999999995559e-01
1.000000000000000000e+00
1.000000000000000000e+00
1.000000000000000000e+00
1.000000000000000000e+00
9.718360438606407081e-01
8.615874478551247551e-01
6.278013884001846234e-01
3.511381794152297897e-01
1.340951037552915170e-01
3.126234472741620807e-02
4.732788463899508143e-03
0.000000000000000000e+00
0.000000000000000000e+00
0.000000000000000000e+00
0.000000000000000000e+00
0.000000000000000000e+00
0.000000000000000000e+00
0.000000000000000000e+00
0.000000000000000000e+00
0.000000000000000000e+00
9.856012456766176875e-17
0.000000000000000000e+00
4.732788463899607022e-03
3.126234472741611092e-02
1.340951037552913228e-01
3.511381794152296232e-01
6.278013884001846234e-01
8.615874478551250881e-01
9.718360438606402640e-01
9.999999999999995559e-01
9.154294107526749213e-01
6.785423682837455894e-01
6.785423682837458115e-01
9.154294107526749213e-01
1.000000000000000000e+00
9.999999999999997780e-01
1.000000000000000000e+00
9.999999999999997780e-01
1.000000000000000000e+00
1.000000000000000000e+00
1.000000000000000000e+00
9.999999999999997780e-01
9.999999999999995559e-01
1.000000000000000000e+00
9.999999999999995559e-01
9.999999999999995559e-01
9.999999999999995559e-01
9.999999999999995559e-01
9.999999999999995559e-01
1.000000000000000000e+00
1.000000000000000000e+00
1.000000000000000000e+00
9.999999999999995559e-01
1.000000000000000000e+00
1.000000000000000000e+00
1.000000000000000000e+00
9.999999999999995559e-01
1.000000000000000000e+00
9.999999999999997780e-01
9.999999999999995559e-01
9.999999999999995559e-01
1.000000000000000000e+00
9.999999999999997780e-01
1.000000000000000000e+00
1.000000000000000000e+00
9.786105435138461317e-01
8.947206916100155505e-01
7.275196614710169873e-01
4.772984761253585839e-01
2.700582839141206781e-01
1.303082846869636768e-01
4.868960595190396229e-02
4.732788463899508143e-03
0.000000000000000000e+00
0.000000000000000000e+00
0.000000000000000000e+00
0.000000000000000000e+00
0.000000000000000000e+00
0.000000000000000000e+00
0.000000000000000000e+00
0.000000000000000000e+00
9.856012456766176875e-17
4.732788463899508143e-03
4.868960595190396229e-02
1.303082846869636768e-01
2.700582839141206226e-01
4.772984761253586949e-01
7.275196614710167653e-01
8.947206916100155505e-01
9.786105435138462427e-01
1.000000000000000000e+00
9.154294107526748103e-01
6.785423682837455894e-01
6.785423682837458115e-01
9.154294107526751434e-01
1.000000000000000000e+00
1.000000000000000000e+00
9.999999999999995559e-01
1.000000000000000000e+00
1.000000000000000000e+00
9.999999999999995559e-01
9.999999999999995559e-01
9.999999999999995559e-01
9.999999999999995559e-01
9.999999999999995559e-01
9.999999999999997780e-01
1.000000000000000000e+00
9.999999999999995559e-01
9.999999999999995559e-01
1.000000000000000000e+00
1.000000000000000000e+00
9.999999999999995559e-01
9.999999999999995559e-01
9.999999999999995559e-01
9.999999999999995559e-01
9.999999999999995559e-01
1.000000000000000000e+00
9.999999999999997780e-01
9.999999999999995559e-01
1.000000000000000000e+00
9.999999999999995559e-01
1.000000000000000000e+00
1.000000000000000000e+00
1.000000000000000000e+00
1.000000000000000000e+00
1.000000000000000000e+00
9.952672115361005378e-01
9.513103940480960308e-01
8.696917153130362399e-01
7.363670523617572572e-01
5.602438594160547014e-01
3.400125680241118387e-01
1.641728092764878078e-01
4.868960595190396229e-02
4.732788463899409263e-03
0.000000000000000000e+00
0.000000000000000000e+00
0.000000000000000000e+00
0.000000000000000000e+00
0.000000000000000000e+00
0.000000000000000000e+00
0.000000000000000000e+00
4.732788463899508143e-03
4.868960595190396229e-02
1.641728092764878078e-01
3.400125680241116721e-01
5.602438594160545904e-01
7.363670523617574792e-01
8.696917153130361289e-01
9.513103940480960308e-01
9.952672115361005378e-01
9.999999999999995559e-01
9.154294107526748103e-01
6.785423682837459225e-01
6.785423682837458115e-01
9.154294107526751434e-01
1.000000000000000000e+00
9.999999999999997780e-01
9.999999999999995559e-01
1.000000000000000000e+00
9.999999999999995559e-01
1.000000000000000000e+00
1.000000000000000000e+00
9.999999999999997780e-01
1.000000000000000000e+00
1.000000000000000000e+00
9.999999999999995559e-01
1.000000000000000000e+00
1.000000000000000000e+00
1.000000000000000000e+00
9.999999999999997780e-01
9.999999999999997780e-01
9.999999999999997780e-01
9.999999999999995559e-01
9.999999999999995559e-01
1.000000000000000000e+00
9.999999999999997780e-01
9.999999999999995559e-01
1.000000000000000000e+00
9.999999999999995559e-01
9.999999999999997780e-01
9.999999999999997780e-01
9.999999999999995559e-01
1.000000000000000000e+00
1.000000000000000000e+00
9.999999999999995559e-01
1.000000000000000000e+00
1.000000000000000000e+00
9.952672115361004268e-01
9.736945760954408557e-01
9.207998806513935097e-01
8.091572966239297671e-01
6.233213284376898367e-01
3.699178717663829663e-01
1.641728092764877800e-01
4.868960595190396229e-02
4.732788463899508143e-03
0.000000000000000000e+00
0.000000000000000000e+00
0.000000000000000000e+00
0.000000000000000000e+00
0.000000000000000000e+00
4.732788463899311251e-03
4.868960595190396229e-02
1.641728092764877800e-01
3.699178717663831328e-01
6.233213284376898367e-01
8.091572966239295450e-01
9.207998806513935097e-01
9.736945760954404117e-01
9.952672115361004268e-01
9.999999999999997780e-01
1.000000000000000000e+00
9.154294107526749213e-01
6.785423682837453674e-01
6.785423682837458115e-01
9.154294107526749213e-01
1.000000000000000000e+00
1.000000000000000000e+00
9.999999999999997780e-01
9.999999999999997780e-01
1.000000000000000000e+00
9.999999999999997780e-01
1.000000000000000000e+00
9.999999999999995559e-01
9.999999999999995559e-01
9.999999999999995559e-01
1.000000000000000000e+00
1.000000000000000000e+00
9.999999999999997780e-01
9.999999999999997780e-01
9.999999999999997780e-01
1.000000000000000000e+00
9.999999999999995559e-01
9.999999999999997780e-01
9.999999999999995559e-01
1.000000000000000000e+00
1.000000000000000000e+00
1.000000000000000000e+00
9.999999999999995559e-01
9.999999999999997780e-01
1.000000000000000000e+00
9.999999999999995559e-01
1.000000000000000000e+00
1.000000000000000000e+00
1.000000000000000000e+00
1.000000000000000000e+00
1.000000000000000000e+00
9.999999999999995559e-01
1.000000000000000000e+00
1.000000000000000000e+00
9.952672115361004268e-01
9.513103940480960308e-01
8.358271907235121922e-01
6.300821282336167561e-01
3.699178717663831328e-01
1.641728092764876690e-01
4.868960595190396229e-02
4.732788463899508143e-03
0.000000000000000000e+00
0.000000000000000000e+00
0.000000000000000000e+00
4.732788463899508143e-03
4.868960595190366392e-02
1.641728092764877800e-01
3.699178717663829663e-01
6.300821282336167561e-01
8.358271907235119702e-01
9.513103940480960308e-01
9.952672115361004268e-01
1.000000000000000000e+00
1.000000000000000000e+00
9.999999999999995559e-01
1.000000000000000000e+00
9.154294107526749213e-01
6.785423682837455894e-01
6.785423682837459225e-01
9.154294107526749213e-01
1.000000000000000000e+00
1.000000000000000000e+00
9.999999999999995559e-01
1.000000000000000000e+00
1.000000000000000000e+00
9.999999999999997780e-01
1.000000000000000000e+00
1.000000000000000000e+00
9.999999999999995559e-01
1.000000000000000000e+00
1.000000000000000000e+00
9.999999999999997780e-01
9.999999999999997780e-01
1.000000000000000000e+00
1.000000000000000000e+00
1.000000000000000000e+00
1.000000000000000000e+00
9.999999999999995559e-01
9.999999999999995559e-01
1.000000000000000000e+00
1.000000000000000000e+00
1.000000000000000000e+00
1.000000000000000000e+00
9.999999999999995559e-01
1.000000000000000000e+00
9.999999999999995559e-01
9.999999999999995559e-01
1.000000000000000000e+00
1.000000000000000000e+00
9.999999999999997780e-01
1.000000000000000000e+00
1.000000000000000000e+00
1.000000000000000000e+00
1.000000000000000000e+00
9.999999999999995559e-01
9.952672115361005378e-01
9.513103940480960308e-01
8.358271907235124143e-01
6.233213284376896146e-01
3.400125680241116721e-01
1.303082846869637601e-01
2.630542390455945304e-02
0.000000000000000000e+00
0.000000000000000000e+00
0.000000000000000000e+00
2.630542390455945304e-02
1.303082846869635381e-01
3.400125680241116721e-01
6.233213284376898367e-01
8.358271907235124143e-01
9.513103940480960308e-01
9.952672115361005378e-01
9.999999999999995559e-01
1.000000000000000000e+00
1.000000000000000000e+00
1.000000000000000000e+00
1.000000000000000000e+00
9.154294107526749213e-01
6.785423682837453674e-01
6.785423682837458115e-01
9.154294107526748103e-01
1.000000000000000000e+00
1.000000000000000000e+00
1.000000000000000000e+00
1.000000000000000000e+00
9.999999999999995559e-01
1.000000000000000000e+00
9.999999999999995559e-01
1.000000000000000000e+00
1.000000000000000000e+00
1.000000000000000000e+00
9.999999999999997780e-01
1.000000000000000000e+00
9.999999999999995559e-01
9.999999999999995559e-01
1.000000000000000000e+00
1.000000000000000000e+00
1.000000000000000000e+00
9.999999999999997780e-01
1.000000000000000000e+00
1.000000000000000000e+00
1.000000000000000000e+00
1.000000000000000000e+00
1.000000000000000000e+00
1.000000000000000000e+00
1.000000000000000000e+00
9.999999999999995559e-01
1.000000000000000000e+00
1.000000000000000000e+00
1.000000000000000000e+00
1.000000000000000000e+00
1.000000000000000000e+00
1.000000000000000000e+00
1.000000000000000000e+00
1.000000000000000000e+00
1.000000000000000000e+00
1.000000000000000000e+00
9.952672115361005378e-01
9.513103940480958087e-01
8.091572966239295450e-01
5.602438594160547014e-01
2.636329476382425208e-01
7.920011934860629599e-02
4.732788463899508143e-03
0.000000000000000000e+00
4.732788463899409263e-03
7.920011934860629599e-02
2.636329476382423542e-01
5.602438594160547014e-01
8.091572966239296560e-01
9.513103940480960308e-01
9.952672115361004268e-01
1.000000000000000000e+00
9.999999999999995559e-01
9.999999999999995559e-01
1.000000000000000000e+00
1.000000000000000000e+00
9.999999999999995559e-01
9.154294107526749213e-01
6.785423682837459225e-01
6.785423682837455894e-01
9.154294107526749213e-01
1.000000000000000000e+00
1.000000000000000000e+00
1.000000000000000000e+00
9.999999999999995559e-01
1.000000000000000000e+00
1.000000000000000000e+00
1.000000000000000000e+00
1.000000000000000000e+00
9.999999999999995559e-01
9.999999999999997780e-01
1.000000000000000000e+00
1.000000000000000000e+00
1.000000000000000000e+00
1.000000000000000000e+00
9.999999999999995559e-01
1.000000000000000000e+00
1.000000000000000000e+00
1.000000000000000000e+00
9.999999999999997780e-01
1.000000000000000000e+00
9.999999999999995559e-01
1.000000000000000000e+00
1.000000000000000000e+00
1.000000000000000000e+00
1.000000000000000000e+00
1.000000000000000000e+00
1.000000000000000000e+00
1.000000000000000000e+00
1.000000000000000000e+00
9.999999999999995559e-01
1.000000000000000000e+00
9.999999999999997780e-01
9.999999999999997780e-01
1.000000000000000000e+00
1.000000000000000000e+00
9.999999999999997780e-01
1.000000000000000000e+00
9.952672115361004268e-01
9.207998806513935097e-01
7.299417160858790998e-01
4.092527795814021596e-01
1.560690818815149983e-01
2.630542390455935242e-02
0.000000000000000000e+00
2.630542390455935242e-02
1.560690818815149983e-01
4.092527795814019376e-01
7.299417160858789888e-01
9.207998806513935097e-01
9.952672115361004268e-01
9.999999999999997780e-01
9.999999999999995559e-01
9.999999999999995559e-01
9.999999999999995559e-01
1.000000000000000000e+00
9.999999999999995559e-01
1.000000000000000000e+00
9.154294107526749213e-01
6.785423682837453674e-01
6.785423682837459225e-01
9.154294107526749213e-01
9.999999999999995559e-01
1.000000000000000000e+00
9.999999999999995559e-01
9.999999999999995559e-01
9.999999999999995559e-01
9.999999999999995559e-01
9.999999999999995559e-01
1.000000000000000000e+00
9.999999999999995559e-01
1.000000000000000000e+00
9.999999999999995559e-01
9.999999999999995559e-01
9.999999999999995559e-01
9.999999999999995559e-01
9.999999999999995559e-01
9.999999999999995559e-01
1.000000000000000000e+00
9.999999999999997780e-01
9.999999999999995559e-01
9.999999999999995559e-01
9.999999999999995559e-01
9.999999999999997780e-01
1.000000000000000000e+00
9.999999999999995559e-01
1.000000000000000000e+00
9.999999999999995559e-01
9.999999999999995559e-01
1.000000000000000000e+00
1.000000000000000000e+00
1.000000000000000000e+00
1.000000000000000000e+00
1.000000000000000000e+00
1.000000000000000000e+00
1.000000000000000000e+00
1.000000000000000000e+00
1.000000000000000000e+00
1.000000000000000000e+00
9.999999999999997780e-01
9.687376552725837087e-01
8.114346240257138687e-01
5.201087574700812288e-01
2.053428450429479468e-01
5.061626067469357504e-02
0.000000000000000000e+00
5.061626067469338075e-02
2.053428450429479468e-01
5.201087574700812288e-01
8.114346240257138687e-01
9.687376552725837087e-01
9.999999999999995559e-01
1.000000000000000000e+00
9.999999999999995559e-01
9.999999999999997780e-01
9.999999999999995559e-01
1.000000000000000000e+00
1.000000000000000000e+00
1.000000000000000000e+00
9.154294107526749213e-01
6.785423682837455894e-01
6.785423682837453674e-01
9.154294107526749213e-01
9.999999999999995559e-01
1.000000000000000000e+00
9.999999999999995559e-01
9.999999999999995559e-01
9.999999999999995559e-01
1.000000000000000000e+00
9.999999999999995559e-01
9.999999999999997780e-01
9.999999999999995559e-01
1.000000000000000000e+00
1.000000000000000000e+00
1.000000000000000000e+00
1.000000000000000000e+00
1.000000000000000000e+00
9.999999999999995559e-01
9.999999999999997780e-01
9.999999999999995559e-01
1.000000000000000000e+00
9.999999999999997780e-01
9.999999999999995559e-01
1.000000000000000000e+00
9.999999999999997780e-01
1.000000000000000000e+00
9.999999999999997780e-01
1.000000000000000000e+00
9.999999999999995559e-01
1.000000000000000000e+00
1.000000000000000000e+00
1.000000000000000000e+00
1.000000000000000000e+00
1.000000000000000000e+00
1.000000000000000000e+00
1.000000000000000000e+00
1.000000000000000000e+00
1.000000000000000000e+00
9.999999999999997780e-01
1.000000000000000000e+00
1.000000000000000000e+00
9.687376552725837087e-01
8.114346240257138687e-01
5.201087574700813398e-01
2.053428450429479468e-01
5.061626067469357504e-02
0.000000000000000000e+00
5.061626067469338075e-02
2.053428450429479468e-01
5.201087574700812288e-01
8.114346240257138687e-01
9.687376552725837087e-01
9.999999999999995559e-01
1.000000000000000000e+00
9.999999999999995559e-01
1.000000000000000000e+00
9.999999999999995559e-01
1.000000000000000000e+00
1.000000000000000000e+00
1.000000000000000000e+00
9.154294107526749213e-01
6.785423682837455894e-01
6.785423682837453674e-01
9.154294107526748103e-01
1.000000000000000000e+00
1.000000000000000000e+00
9.999999999999995559e-01
9.999999999999997780e-01
9.999999999999995559e-01
9.999999999999997780e-01
9.999999999999995559e-01
9.999999999999997780e-01
9.999999999999992228e-01
9.999999999999995559e-01
1.000000000000000000e+00
1.000000000000000000e+00
9.999999999999995559e-01
1.000000000000000000e+00
1.000000000000000000e+00
1.000000000000000000e+00
9.999999999999997780e-01
9.999999999999997780e-01
9.999999999999995559e-01
9.999999999999995559e-01
9.999999999999997780e-01
1.000000000000000000e+00
1.000000000000000000e+00
9.999999999999995559e-01
9.999999999999995559e-01
9.999999999999995559e-01
9.999999999999995559e-01
1.000000000000000000e+00
1.000000000000000000e+00
9.999999999999995559e-01
1.000000000000000000e+00
1.000000000000000000e+00
9.999999999999995559e-01
9.999999999999997780e-01
9.999999999999997780e-01
9.999999999999995559e-01
1.000000000000000000e+00
9.952672115361002048e-01
9.207998806513935097e-01
7.299417160858789888e-01
4.092527795814022706e-01
1.560690818815149983e-01
2.630542390455945304e-02
0.000000000000000000e+00
2.630542390455935242e-02
1.560690818815149983e-01
4.092527795814020486e-01
7.299417160858787668e-01
9.207998806513935097e-01
9.952672115361004268e-01
1.000000000000000000e+00
9.999999999999995559e-01
9.999999999999995559e-01
9.999999999999995559e-01
9.999999999999997780e-01
9.999999999999997780e-01
9.999999999999995559e-01
9.154294107526748103e-01
6.785423682837453674e-01
6.785423682837459225e-01
9.154294107526749213e-01
9.999999999999995559e-01
1.000000000000000000e+00
9.999999999999995559e-01
1.000000000000000000e+00
9.999999999999995559e-01
1.000000000000000000e+00
1.000000000000000000e+00
9.999999999999995559e-01
9.999999999999995559e-01
1.000000000000000000e+00
1.000000000000000000e+00
1.000000000000000000e+00
9.999999999999995559e-01
1.000000000000000000e+00
1.000000000000000000e+00
9.999999999999997780e-01
9.999999999999997780e-01
1.000000000000000000e+00
9.999999999999995559e-01
1.000000000000000000e+00
1.000000000000000000e+00
1.000000000000000000e+00
1.000000000000000000e+00
1.000000000000000000e+00
1.000000000000000000e+00
9.999999999999995559e-01
1.000000000000000000e+00
1.000000000000000000e+00
1.000000000000000000e+00
9.999999999999995559e-01
1.000000000000000000e+00
1.000000000000000000e+00
1.000000000000000000e+00
1.000000000000000000e+00
1.000000000000000000e+00
1.000000000000000000e+00
9.952672115361004268e-01
9.513103940480960308e-01
8.091572966239295450e-01
5.602438594160547014e-01
2.636329476382424652e-01
7.920011934860639313e-02
4.732788463899508143e-03
0.000000000000000000e+00
4.732788463899409263e-03
7.920011934860629599e-02
2.636329476382424652e-01
5.602438594160547014e-01
8.091572966239295450e-01
9.513103940480960308e-01
9.952672115361004268e-01
9.999999999999995559e-01
1.000000000000000000e+00
9.999999999999997780e-01
1.000000000000000000e+00
9.999999999999995559e-01
9.999999999999995559e-01
9.154294107526749213e-01
6.785423682837454784e-01
6.785423682837459225e-01
9.154294107526748103e-01
1.000000000000000000e+00
1.000000000000000000e+00
9.999999999999997780e-01
1.000000000000000000e+00
9.999999999999995559e-01
1.000000000000000000e+00
9.999999999999995559e-01
1.000000000000000000e+00
9.999999999999997780e-01
1.000000000000000000e+00
9.999999999999995559e-01
1.000000000000000000e+00
9.999999999999995559e-01
9.999999999999995559e-01
9.999999999999997780e-01
1.000000000000000000e+00
1.000000000000000000e+00
9.999999999999997780e-01
9.999999999999997780e-01
1.000000000000000000e+00
1.000000000000000000e+00
9.999999999999995559e-01
1.000000000000000000e+00
9.999999999999995559e-01
1.000000000000000000e+00
9.999999999999995559e-01
1.000000000000000000e+00
9.999999999999997780e-01
1.000000000000000000e+00
1.000000000000000000e+00
1.000000000000000000e+00
1.000000000000000000e+00
1.000000000000000000e+00
1.000000000000000000e+00
9.999999999999995559e-01
9.952672115361002048e-01
9.513103940480960308e-01
8.358271907235124143e-01
6.233213284376893926e-01
3.400125680241116721e-01
1.303082846869636213e-01
2.630542390455955018e-02
0.000000000000000000e+00
0.000000000000000000e+00
0.000000000000000000e+00
2.630542390455955018e-02
1.303082846869635381e-01
3.400125680241116721e-01
6.233213284376893926e-01
8.358271907235119702e-01
9.513103940480960308e-01
9.952672115361002048e-01
9.999999999999995559e-01
9.999999999999995559e-01
1.000000000000000000e+00
9.999999999999995559e-01
9.999999999999995559e-01
9.154294107526749213e-01
6.785423682837453674e-01
6.785423682837458115e-01
9.154294107526749213e-01
1.000000000000000000e+00
1.000000000000000000e+00
9.999999999999995559e-01
1.000000000000000000e+00
9.999999999999997780e-01
9.999999999999995559e-01
1.000000000000000000e+00
9.999999999999995559e-01
9.999999999999995559e-01
1.000000000000000000e+00
9.999999999999997780e-01
1.000000000000000000e+00
9.999999999999995559e-01
9.999999999999995559e-01
1.000000000000000000e+00
1.000000000000000000e+00
9.999999999999995559e-01
9.999999999999995559e-01
9.999999999999995559e-01
1.000000000000000000e+00
9.999999999999995559e-01
1.000000000000000000e+00
1.000000000000000000e+00
1.000000000000000000e+00
1.000000000000000000e+00
1.000000000000000000e+00
9.999999999999995559e-01
1.000000000000000000e+00
1.000000000000000000e+00
1.000000000000000000e+00
1.000000000000000000e+00
1.000000000000000000e+00
9.999999999999995559e-01
1.000000000000000000e+00
9.952672115361002048e-01
9.513103940480960308e-01
8.358271907235119702e-01
6.300821282336167561e-01
3.699178717663829663e-01
1.641728092764877800e-01
4.868960595190396229e-02
4.732788463899508143e-03
0.000000000000000000e+00
0.000000000000000000e+00
0.000000000000000000e+00
4.732788463899508143e-03
4.868960595190376106e-02
1.641728092764876690e-01
3.699178717663831328e-01
6.300821282336167561e-01
8.358271907235119702e-01
9.513103940480958087e-01
9.952672115361002048e-01
1.000000000000000000e+00
1.000000000000000000e+00
9.999999999999995559e-01
9.999999999999995559e-01
9.154294107526749213e-01
6.785423682837455894e-01
6.785423682837458115e-01
9.154294107526748103e-01
9.999999999999997780e-01
9.999999999999995559e-01
1.000000000000000000e+00
1.000000000000000000e+00
9.999999999999997780e-01
1.000000000000000000e+00
9.999999999999995559e-01
9.999999999999995559e-01
9.999999999999995559e-01
1.000000000000000000e+00
9.999999999999995559e-01
1.000000000000000000e+00
9.999999999999995559e-01
9.999999999999995559e-01
1.000000000000000000e+00
9.999999999999997780e-01
9.999999999999995559e-01
9.999999999999997780e-01
9.999999999999995559e-01
9.999999999999995559e-01
9.999999999999997780e-01
9.999999999999995559e-01
1.000000000000000000e+00
1.000000000000000000e+00
9.999999999999995559e-01
9.999999999999995559e-01
1.000000000000000000e+00
1.000000000000000000e+00
1.000000000000000000e+00
1.000000000000000000e+00
1.000000000000000000e+00
1.000000000000000000e+00
9.952672115361004268e-01
9.736945760954406337e-01
9.207998806513935097e-01
8.091572966239297671e-01
6.233213284376893926e-01
3.699178717663832439e-01
1.641728092764877800e-01
4.868960595190396229e-02
4.732788463899508143e-03
9.856012456766176875e-17
0.000000000000000000e+00
0.000000000000000000e+00
0.000000000000000000e+00
9.856012456766176875e-17
4.732788463899409263e-03
4.868960595190396229e-02
1.641728092764877800e-01
3.699178717663831328e-01
6.233213284376893926e-01
8.091572966239295450e-01
9.207998806513935097e-01
9.736945760954404117e-01
9.952672115361005378e-01
9.999999999999995559e-01
1.000000000000000000e+00
9.154294107526749213e-01
6.785423682837455894e-01
6.785423682837458115e-01
9.154294107526749213e-01
1.000000000000000000e+00
9.999999999999997780e-01
9.999999999999995559e-01
1.000000000000000000e+00
9.999999999999995559e-01
1.000000000000000000e+00
9.999999999999995559e-01
9.999999999999995559e-01
1.000000000000000000e+00
1.000000000000000000e+00
9.999999999999995559e-01
9.999999999999995559e-01
9.999999999999995559e-01
9.999999999999995559e-01
9.999999999999997780e-01
9.999999999999997780e-01
9.999999999999995559e-01
9.999999999999995559e-01
9.999999999999995559e-01
9.999999999999995559e-01
9.999999999999997780e-01
9.999999999999995559e-01
1.000000000000000000e+00
9.999999999999997780e-01
9.999999999999995559e-01
9.999999999999995559e-01
1.000000000000000000e+00
9.999999999999995559e-01
1.000000000000000000e+00
1.000000000000000000e+00
9.999999999999997780e-01
9.952672115361002048e-01
9.513103940480958087e-01
8.696917153130362399e-01
7.363670523617572572e-01
5.602438594160547014e-01
3.400125680241116721e-01
1.641728092764878078e-01
4.868960595190396229e-02
4.732788463899508143e-03
0.000000000000000000e+00
9.856012456766176875e-17
0.000000000000000000e+00
0.000000000000000000e+00
0.000000000000000000e+00
0.000000000000000000e+00
0.000000000000000000e+00
4.732788463899508143e-03
4.868960595190396229e-02
1.641728092764877800e-01
3.400125680241118387e-01
5.602438594160545904e-01
7.363670523617572572e-01
8.696917153130363509e-01
9.513103940480960308e-01
9.952672115361002048e-01
9.999999999999995559e-01
9.154294107526749213e-01
6.785423682837455894e-01
6.785423682837459225e-01
9.154294107526748103e-01
1.000000000000000000e+00
9.999999999999995559e-01
9.999999999999995559e-01
1.000000000000000000e+00
1.000000000000000000e+00
1.000000000000000000e+00
9.999999999999997780e-01
1.000000000000000000e+00
9.999999999999997780e-01
9.999999999999997780e-01
1.000000000000000000e+00
1.000000000000000000e+00
9.999999999999995559e-01
9.999999999999995559e-01
1.000000000000000000e+00
1.000000000000000000e+00
9.999999999999997780e-01
9.999999999999997780e-01
1.000000000000000000e+00
9.999999999999995559e-01
9.999999999999997780e-01
1.000000000000000000e+00
9.999999999999995559e-01
9.999999999999997780e-01
9.999999999999997780e-01
9.999999999999995559e-01
9.999999999999995559e-01
1.000000000000000000e+00
1.000000000000000000e+00
9.999999999999997780e-01
1.000000000000000000e+00
9.786105435138466868e-01
8.947206916100153284e-01
7.275196614710169873e-01
4.772984761253587505e-01
2.700582839141209002e-01
1.303082846869637601e-01
4.868960595190405943e-02
4.732788463899508143e-03
0.000000000000000000e+00
0.000000000000000000e+00
9.856012456766176875e-17
0.000000000000000000e+00
0.000000000000000000e+00
0.000000000000000000e+00
9.856012456766176875e-17
0.000000000000000000e+00
9.856012456766176875e-17
4.732788463899508143e-03
4.868960595190396229e-02
1.303082846869636213e-01
2.700582839141207891e-01
4.772984761253588615e-01
7.275196614710169873e-01
8.947206916100155505e-01
9.786105435138462427e-01
1.000000000000000000e+00
9.154294107526749213e-01
6.785423682837454784e-01
6.785423682837459225e-01
9.154294107526748103e-01
1.000000000000000000e+00
1.000000000000000000e+00
1.000000000000000000e+00
1.000000000000000000e+00
1.000000000000000000e+00
1.000000000000000000e+00
9.999999999999995559e-01
1.000000000000000000e+00
1.000000000000000000e+00
1.000000000000000000e+00
1.000000000000000000e+00
9.999999999999997780e-01
1.000000000000000000e+00
1.000000000000000000e+00
1.000000000000000000e+00
1.000000000000000000e+00
9.999999999999997780e-01
1.000000000000000000e+00
9.999999999999995559e-01
9.999999999999995559e-01
1.000000000000000000e+00
9.999999999999997780e-01
1.000000000000000000e+00
1.000000000000000000e+00
9.999999999999997780e-01
1.000000000000000000e+00
9.999999999999997780e-01
9.999999999999995559e-01
1.000000000000000000e+00
1.000000000000000000e+00
9.999999999999995559e-01
9.718360438606407081e-01
8.615874478551245330e-01
6.278013884001848455e-01
3.511381794152299007e-01
1.340951037552914338e-01
3.126234472741620807e-02
4.732788463899508143e-03
9.856012456766176875e-17
0.000000000000000000e+00
0.000000000000000000e+00
9.856012456766176875e-17
0.000000000000000000e+00
0.000000000000000000e+00
0.000000000000000000e+00
0.000000000000000000e+00
0.000000000000000000e+00
9.856012456766176875e-17
9.856012456766176875e-17
4.732788463899508143e-03
3.126234472741611092e-02
1.340951037552913783e-01
3.511381794152299562e-01
6.278013884001848455e-01
8.615874478551245330e-01
9.718360438606402640e-01
9.999999999999997780e-01
9.154294107526749213e-01
6.785423682837453674e-01
6.785423682837459225e-01
9.154294107526749213e-01
1.000000000000000000e+00
1.000000000000000000e+00
9.999999999999995559e-01
1.000000000000000000e+00
1.000000000000000000e+00
1.000000000000000000e+00
9.999999999999997780e-01
9.999999999999995559e-01
9.999999999999997780e-01
9.999999999999997780e-01
9.999999999999995559e-01
9.999999999999997780e-01
9.999999999999997780e-01
1.000000000000000000e+00
9.999999999999995559e-01
9.999999999999995559e-01
9.999999999999997780e-01
9.999999999999997780e-01
9.999999999999995559e-01
1.000000000000000000e+00
1.000000000000000000e+00
9.999999999999997780e-01
1.000000000000000000e+00
9.999999999999995559e-01
1.000000000000000000e+00
9.999999999999995559e-01
9.999999999999995559e-01
9.999999999999995559e-01
1.000000000000000000e+00
1.000000000000000000e+00
1.000000000000000000e+00
9.786105435138462427e-01
8.947206916100153284e-01
6.985640172466461850e-01
4.069478556243459333e-01
1.701039321020049733e-01
4.868960595190396229e-02
4.732788463899508143e-03
0.000000000000000000e+00
0.000000000000000000e+00
0.000000000000000000e+00
9.856012456766176875e-17
0.000000000000000000e+00
0.000000000000000000e+00
0.000000000000000000e+00
0.000000000000000000e+00
0.000000000000000000e+00
0.000000000000000000e+00
0.000000000000000000e+00
4.732788463899508143e-03
4.868960595190396229e-02
1.701039321020048067e-01
4.069478556243459888e-01
6.985640172466460740e-01
8.947206916100155505e-01
9.786105435138461317e-01
1.000000000000000000e+00
9.154294107526749213e-01
6.785423682837455894e-01
6.785423682837459225e-01
9.154294107526749213e-01
1.000000000000000000e+00
1.000000000000000000e+00
9.999999999999995559e-01
1.000000000000000000e+00
1.000000000000000000e+00
9.999999999999997780e-01
1.000000000000000000e+00
9.999999999999995559e-01
1.000000000000000000e+00
1.000000000000000000e+00
1.000000000000000000e+00
9.999999999999995559e-01
9.999999999999995559e-01
9.999999999999995559e-01
1.000000000000000000e+00
1.000000000000000000e+00
9.999999999999997780e-01
1.000000000000000000e+00
1.000000000000000000e+00
1.000000000000000000e+00
9.999999999999995559e-01
1.000000000000000000e+00
9.999999999999995559e-01
9.999999999999997780e-01
1.000000000000000000e+00
9.999999999999997780e-01
9.999999999999995559e-01
1.000000000000000000e+00
1.000000000000000000e+00
1.000000000000000000e+00
1.000000000000000000e+00
9.952672115361005378e-01
9.513103940480960308e-01
8.358271907235119702e-01
6.233213284376893926e-01
3.400125680241116721e-01
1.303082846869637601e-01
2.630542390455955018e-02
0.000000000000000000e+00
0.000000000000000000e+00
9.856012456766176875e-17
9.856012456766176875e-17
0.000000000000000000e+00
0.000000000000000000e+00
0.000000000000000000e+00
9.856012456766176875e-17
0.000000000000000000e+00
9.856012456766176875e-17
0.000000000000000000e+00
2.630542390455955018e-02
1.303082846869637601e-01
3.400125680241115056e-01
6.233213284376896146e-01
8.358271907235121922e-01
9.513103940480960308e-01
9.952672115361004268e-01
1.000000000000000000e+00
9.154294107526749213e-01
6.785423682837455894e-01
6.785423682837458115e-01
9.154294107526749213e-01
9.999999999999997780e-01
1.000000000000000000e+00
9.999999999999997780e-01
1.000000000000000000e+00
9.999999999999995559e-01
1.000000000000000000e+00
1.000000000000000000e+00
9.999999999999995559e-01
9.999999999999997780e-01
9.999999999999997780e-01
1.000000000000000000e+00
1.000000000000000000e+00
9.999999999999997780e-01
1.000000000000000000e+00
1.000000000000000000e+00
1.000000000000000000e+00
9.999999999999995559e-01
9.999999999999995559e-01
9.999999999999995559e-01
1.000000000000000000e+00
1.000000000000000000e+00
9.999999999999992228e-01
9.999999999999997780e-01
9.999999999999997780e-01
1.000000000000000000e+00
9.999999999999995559e-01
1.000000000000000000e+00
9.999999999999997780e-01
1.000000000000000000e+00
9.999999999999997780e-01
1.000000000000000000e+00
9.999999999999997780e-01
9.904931922813892120e-01
9.228084806822652864e-01
7.387755368464770100e-01
4.586846575384493918e-01
1.931246706943429980e-01
5.061626067469357504e-02
0.000000000000000000e+00
0.000000000000000000e+00
0.000000000000000000e+00
9.856012456766176875e-17
0.000000000000000000e+00
0.000000000000000000e+00
0.000000000000000000e+00
9.856012456766176875e-17
0.000000000000000000e+00
9.856012456766176875e-17
0.000000000000000000e+00
5.061626067469357504e-02
1.931246706943430813e-01
4.586846575384491698e-01
7.387755368464770100e-01
9.228084806822650643e-01
9.904931922813892120e-01
9.999999999999997780e-01
1.000000000000000000e+00
9.154294107526749213e-01
6.785423682837455894e-01
6.785423682837459225e-01
9.154294107526748103e-01
9.999999999999995559e-01
1.000000000000000000e+00
1.000000000000000000e+00
1.000000000000000000e+00
9.999999999999997780e-01
9.999999999999997780e-01
9.999999999999995559e-01
9.999999999999997780e-01
9.999999999999995559e-01
9.999999999999997780e-01
9.999999999999995559e-01
9.999999999999995559e-01
1.000000000000000000e+00
1.000000000000000000e+00
9.999999999999995559e-01
9.999999999999997780e-01
9.999999999999995559e-01
9.999999999999995559e-01
9.999999999999997780e-01
9.999999999999995559e-01
1.000000000000000000e+00
9.999999999999995559e-01
1.000000000000000000e+00
1.000000000000000000e+00
1.000000000000000000e+00
9.999999999999995559e-01
1.000000000000000000e+00
9.999999999999995559e-01
1.000000000000000000e+00
9.952672115361004268e-01
9.736945760954404117e-01
9.442305910382779999e-01
8.965877913363766716e-01
8.321296605469962193e-01
6.650021319119966412e-01
4.189213455378442141e-01
1.723423811681268902e-01
5.061626067469357504e-02
9.856012456766176875e-17
0.000000000000000000e+00
0.000000000000000000e+00
9.856012456766176875e-17
0.000000000000000000e+00
0.000000000000000000e+00
0.000000000000000000e+00
9.856012456766176875e-17
0.000000000000000000e+00
9.856012456766176875e-17
0.000000000000000000e+00
5.061626067469357504e-02
1.723423811681267515e-01
4.189213455378441031e-01
6.650021319119967522e-01
8.321296605469962193e-01
8.965877913363766716e-01
9.442305910382779999e-01
9.736945760954404117e-01
9.100197242775002193e-01
6.785423682837455894e-01
6.785423682837455894e-01
9.154294107526749213e-01
1.000000000000000000e+00
1.000000000000000000e+00
1.000000000000000000e+00
1.000000000000000000e+00
1.000000000000000000e+00
1.000000000000000000e+00
9.999999999999997780e-01
1.000000000000000000e+00
9.999999999999997780e-01
1.000000000000000000e+00
1.000000000000000000e+00
1.000000000000000000e+00
1.000000000000000000e+00
1.000000000000000000e+00
1.000000000000000000e+00
1.000000000000000000e+00
1.000000000000000000e+00
1.000000000000000000e+00
9.999999999999995559e-01
9.999999999999997780e-01
9.999999999999997780e-01
1.000000000000000000e+00
1.000000000000000000e+00
1.000000000000000000e+00
1.000000000000000000e+00
9.999999999999997780e-01
1.000000000000000000e+00
9.952672115361004268e-01
9.736945760954404117e-01
9.207998806513935097e-01
8.439309181184850850e-01
7.670071165916431122e-01
6.694114670550722623e-01
5.602438594160551455e-01
4.024290390632049852e-01
2.353545468606212110e-01
9.769722538241484844e-02
2.630542390455955018e-02
9.856012456766176875e-17
0.000000000000000000e+00
9.856012456766176875e-17
9.856012456766176875e-17
0.000000000000000000e+00
0.000000000000000000e+00
0.000000000000000000e+00
0.000000000000000000e+00
0.000000000000000000e+00
9.856012456766176875e-17
0.000000000000000000e+00
2.630542390455945304e-02
9.769722538241475129e-02
2.353545468606210722e-01
4.024290390632050962e-01
5.602438594160549235e-01
6.694114670550722623e-01
7.670071165916431122e-01
8.439309181184848629e-01
8.259483223885398795e-01
6.421458399354574853e-01
6.785423682837455894e-01
9.154294107526749213e-01
1.000000000000000000e+00
1.000000000000000000e+00
1.000000000000000000e+00
9.999999999999997780e-01
1.000000000000000000e+00
9.999999999999997780e-01
1.000000000000000000e+00
1.000000000000000000e+00
9.999999999999997780e-01
1.000000000000000000e+00
9.999999999999995559e-01
1.000000000000000000e+00
9.999999999999995559e-01
9.999999999999995559e-01
1.000000000000000000e+00
1.000000000000000000e+00
9.999999999999997780e-01
9.999999999999997780e-01
1.000000000000000000e+00
1.000000000000000000e+00
9.999999999999997780e-01
1.000000000000000000e+00
9.999999999999995559e-01
1.000000000000000000e+00
1.000000000000000000e+00
1.000000000000000000e+00
9.952672115361005378e-01
9.513103940480960308e-01
8.696917153130363509e-01
7.363670523617574792e-01
5.907472204185976183e-01
4.397561405839451876e-01
3.305885329449279042e-01
2.329928834083569711e-01
1.560690818815151648e-01
7.920011934860639313e-02
2.630542390455955018e-02
4.732788463899508143e-03
9.856012456766176875e-17
0.000000000000000000e+00
9.856012456766176875e-17
9.856012456766176875e-17
0.000000000000000000e+00
0.000000000000000000e+00
0.000000000000000000e+00
9.856012456766176875e-17
0.000000000000000000e+00
9.856012456766176875e-17
0.000000000000000000e+00
4.732788463899508143e-03
2.630542390455955018e-02
7.920011934860619884e-02
1.560690818815149428e-01
2.329928834083568323e-01
3.305885329449279042e-01
4.397561405839451321e-01
5.907472204185976183e-01
6.258645030099793116e-01
5.086389878551919042e-01
6.785423682837459225e-01
9.154294107526748103e-01
1.000000000000000000e+00
9.999999999999995559e-01
1.000000000000000000e+00
1.000000000000000000e+00
9.999999999999995559e-01
1.000000000000000000e+00
9.999999999999997780e-01
1.000000000000000000e+00
9.999999999999995559e-01
9.999999999999997780e-01
1.000000000000000000e+00
1.000000000000000000e+00
1.000000000000000000e+00
9.999999999999997780e-01
1.000000000000000000e+00
1.000000000000000000e+00
9.999999999999997780e-01
9.999999999999995559e-01
1.000000000000000000e+00
1.000000000000000000e+00
1.000000000000000000e+00
9.999999999999995559e-01
1.000000000000000000e+00
1.000000000000000000e+00
9.999999999999995559e-01
9.999999999999995559e-01
9.736945760954404117e-01
8.696917153130359068e-01
6.895220949073356254e-01
4.466292612182961586e-01
2.700582839141208447e-01
1.619522434497133734e-01
1.034122086636233562e-01
5.576940896172195850e-02
2.630542390455935242e-02
4.732788463899508143e-03
9.856012456766176875e-17
0.000000000000000000e+00
9.856012456766176875e-17
0.000000000000000000e+00
9.856012456766176875e-17
9.856012456766176875e-17
0.000000000000000000e+00
0.000000000000000000e+00
0.000000000000000000e+00
0.000000000000000000e+00
0.000000000000000000e+00
9.856012456766176875e-17
0.000000000000000000e+00
9.856012456766176875e-17
9.856012456766176875e-17
4.732788463899508143e-03
2.630542390455955018e-02
5.576940896172176421e-02
1.034122086636233562e-01
1.619522434497133179e-01
2.700582839141206781e-01
3.330897215155201319e-01
3.104779050926644302e-01
6.396168996967066533e-01
8.910445564468295609e-01
9.952672115361005378e-01
1.000000000000000000e+00
9.999999999999995559e-01
9.999999999999997780e-01
1.000000000000000000e+00
9.999999999999997780e-01
1.000000000000000000e+00
9.999999999999997780e-01
9.999999999999995559e-01
1.000000000000000000e+00
1.000000000000000000e+00
1.000000000000000000e+00
9.999999999999997780e-01
1.000000000000000000e+00
9.999999999999997780e-01
1.000000000000000000e+00
1.000000000000000000e+00
9.999999999999997780e-01
9.999999999999997780e-01
1.000000000000000000e+00
1.000000000000000000e+00
1.000000000000000000e+00
9.999999999999995559e-01
9.999999999999997780e-01
9.999999999999997780e-01
9.952672115361005378e-01
9.207998806513938428e-01
7.363670523617574792e-01
4.466292612182965471e-01
2.181631530558767185e-01
7.920011934860639313e-02
2.630542390455945304e-02
4.732788463899508143e-03
9.856012456766176875e-17
0.000000000000000000e+00
0.000000000000000000e+00
0.000000000000000000e+00
0.000000000000000000e+00
9.856012456766176875e-17
0.000000000000000000e+00
9.856012456766176875e-17
9.856012456766176875e-17
0.000000000000000000e+00
0.000000000000000000e+00
0.000000000000000000e+00
9.856012456766176875e-17
0.000000000000000000e+00
9.856012456766176875e-17
0.000000000000000000e+00
0.000000000000000000e+00
9.856012456766176875e-17
0.000000000000000000e+00
0.000000000000000000e+00
0.000000000000000000e+00
4.732788463899607022e-03
2.630542390455955018e-02
7.920011934860629599e-02
1.246222306049040718e-01
1.187577836204842807e-01
5.602438594160547014e-01
8.380477565502868487e-01
9.736945760954406337e-01
1.000000000000000000e+00
1.000000000000000000e+00
9.999999999999997780e-01
1.000000000000000000e+00
9.999999999999997780e-01
1.000000000000000000e+00
1.000000000000000000e+00
9.999999999999997780e-01
1.000000000000000000e+00
9.999999999999995559e-01
1.000000000000000000e+00
9.999999999999995559e-01
9.999999999999995559e-01
1.000000000000000000e+00
1.000000000000000000e+00
9.999999999999997780e-01
9.999999999999997780e-01
1.000000000000000000e+00
1.000000000000000000e+00
9.999999999999997780e-01
1.000000000000000000e+00
9.999999999999995559e-01
1.000000000000000000e+00
1.000000000000000000e+00
9.736945760954406337e-01
8.439309181184850850e-01
5.907472204185976183e-01
2.700582839141209002e-01
7.920011934860639313e-02
4.732788463899508143e-03
9.856012456766176875e-17
9.856012456766176875e-17
0.000000000000000000e+00
0.000000000000000000e+00
9.856012456766176875e-17
0.000000000000000000e+00
0.000000000000000000e+00
9.856012456766176875e-17
0.000000000000000000e+00
9.856012456766176875e-17
9.856012456766176875e-17
0.000000000000000000e+00
0.000000000000000000e+00
0.000000000000000000e+00
9.856012456766176875e-17
0.000000000000000000e+00
9.856012456766176875e-17
0.000000000000000000e+00
9.856012456766176875e-17
9.856012456766176875e-17
0.000000000000000000e+00
0.000000000000000000e+00
0.000000000000000000e+00
9.856012456766176875e-17
0.000000000000000000e+00
4.732788463899409263e-03
2.138945648615350748e-02
2.816395613935919820e-02
4.397561405839454096e-01
7.670071165916428901e-01
9.442305910382779999e-01
9.999999999999995559e-01
9.952672115361005378e-01
9.786105435138466868e-01
9.718360438606407081e-01
9.786105435138464648e-01
9.952672115361005378e-01
1.000000000000000000e+00
9.999999999999995559e-01
9.999999999999997780e-01
1.000000000000000000e+00
1.000000000000000000e+00
1.000000000000000000e+00
9.999999999999997780e-01
1.000000000000000000e+00
1.000000000000000000e+00
9.999999999999997780e-01
9.999999999999995559e-01
1.000000000000000000e+00
9.952672115361004268e-01
9.786105435138466868e-01
9.718360438606402640e-01
9.786105435138466868e-01
9.952672115361004268e-01
9.999999999999995559e-01
9.442305910382776668e-01
7.670071165916430012e-01
4.397561405839447435e-01
1.619522434497135122e-01
2.630542390455935242e-02
0.000000000000000000e+00
9.856012456766176875e-17
9.856012456766176875e-17
9.856012456766176875e-17
0.000000000000000000e+00
0.000000000000000000e+00
9.856012456766176875e-17
9.856012456766176875e-17
9.856012456766176875e-17
0.000000000000000000e+00
9.856012456766176875e-17
9.856012456766176875e-17
0.000000000000000000e+00
0.000000000000000000e+00
0.000000000000000000e+00
9.856012456766176875e-17
0.000000000000000000e+00
1.971202491353235375e-16
0.000000000000000000e+00
9.856012456766176875e-17
9.856012456766176875e-17
0.000000000000000000e+00
9.856012456766176875e-17
0.000000000000000000e+00
9.856012456766176875e-17
0.000000000000000000e+00
0.000000000000000000e+00
9.856012456766176875e-17
0.000000000000000000e+00
3.305885329449279042e-01
6.694114670550724844e-01
8.965877913363766716e-01
9.904931922813892120e-01
9.513103940480958087e-01
8.947206916100155505e-01
8.615874478551250881e-01
8.947206916100155505e-01
9.513103940480962528e-01
9.952672115361005378e-01
9.999999999999995559e-01
1.000000000000000000e+00
1.000000000000000000e+00
1.000000000000000000e+00
9.999999999999997780e-01
1.000000000000000000e+00
9.999999999999997780e-01
1.000000000000000000e+00
1.000000000000000000e+00
9.999999999999997780e-01
9.952672115361002048e-01
9.513103940480962528e-01
8.947206916100155505e-01
8.615874478551247551e-01
8.947206916100151064e-01
9.513103940480958087e-01
9.904931922813889900e-01
8.965877913363766716e-01
6.694114670550724844e-01
3.305885329449278487e-01
1.034122086636236060e-01
4.732788463899607022e-03
9.856012456766176875e-17
9.856012456766176875e-17
9.856012456766176875e-17
9.856012456766176875e-17
9.856012456766176875e-17
9.856012456766176875e-17
9.856012456766176875e-17
9.856012456766176875e-17
9.856012456766176875e-17
0.000000000000000000e+00
9.856012456766176875e-17
9.856012456766176875e-17
0.000000000000000000e+00
0.000000000000000000e+00
0.000000000000000000e+00
9.856012456766176875e-17
0.000000000000000000e+00
9.856012456766176875e-17
0.000000000000000000e+00
9.856012456766176875e-17
9.856012456766176875e-17
0.000000000000000000e+00
9.856012456766176875e-17
0.000000000000000000e+00
9.856012456766176875e-17
9.856012456766176875e-17
9.856012456766176875e-17
9.856012456766176875e-17
9.856012456766176875e-17
2.329928834083569711e-01
5.602438594160547014e-01
8.321296605469961083e-01
9.228084806822652864e-01
8.358271907235118592e-01
6.985640172466465181e-01
6.278013884001846234e-01
7.275196614710173204e-01
8.696917153130362399e-01
9.736945760954400786e-01
9.999999999999997780e-01
9.999999999999997780e-01
1.000000000000000000e+00
1.000000000000000000e+00
9.999999999999997780e-01
1.000000000000000000e+00
1.000000000000000000e+00
1.000000000000000000e+00
9.999999999999995559e-01
9.999999999999995559e-01
9.736945760954400786e-01
8.696917153130362399e-01
7.275196614710173204e-01
6.278013884001841793e-01
6.985640172466459630e-01
8.358271907235121922e-01
9.228084806822650643e-01
8.321296605469958862e-01
5.602438594160551455e-01
2.329928834083566380e-01
5.576940896172186135e-02
1.971202491353235375e-16
0.000000000000000000e+00
1.971202491353235375e-16
0.000000000000000000e+00
1.971202491353235375e-16
0.000000000000000000e+00
9.856012456766176875e-17
9.856012456766176875e-17
9.856012456766176875e-17
9.856012456766176875e-17
0.000000000000000000e+00
9.856012456766176875e-17
9.856012456766176875e-17
0.000000000000000000e+00
0.000000000000000000e+00
0.000000000000000000e+00
9.856012456766176875e-17
0.000000000000000000e+00
9.856012456766176875e-17
0.000000000000000000e+00
9.856012456766176875e-17
9.856012456766176875e-17
0.000000000000000000e+00
0.000000000000000000e+00
9.856012456766176875e-17
0.000000000000000000e+00
1.971202491353235375e-16
0.000000000000000000e+00
0.000000000000000000e+00
0.000000000000000000e+00
1.560690818815151926e-01
4.024290390632050962e-01
6.650021319119967522e-01
7.387755368464774541e-01
6.233213284376899477e-01
4.069478556243460443e-01
3.511381794152299562e-01
4.772984761253587505e-01
7.363670523617570352e-01
9.207998806513935097e-01
9.952672115361004268e-01
9.999999999999997780e-01
9.999999999999995559e-01
9.999999999999995559e-01
1.000000000000000000e+00
1.000000000000000000e+00
9.999999999999995559e-01
9.999999999999997780e-01
9.999999999999995559e-01
9.952672115361002048e-01
9.207998806513935097e-01
7.363670523617570352e-01
4.772984761253588615e-01
3.511381794152297897e-01
4.069478556243463774e-01
6.233213284376898367e-01
7.387755368464773431e-01
6.650021319119965302e-01
4.024290390632051517e-01
1.560690818815148040e-01
2.630542390455964732e-02
0.000000000000000000e+00
0.000000000000000000e+00
0.000000000000000000e+00
1.971202491353235375e-16
0.000000000000000000e+00
0.000000000000000000e+00
0.000000000000000000e+00
0.000000000000000000e+00
9.856012456766176875e-17
9.856012456766176875e-17
0.000000000000000000e+00
9.856012456766176875e-17
9.856012456766176875e-17
0.000000000000000000e+00
0.000000000000000000e+00
0.000000000000000000e+00
9.856012456766176875e-17
0.000000000000000000e+00
9.856012456766176875e-17
0.000000000000000000e+00
9.856012456766176875e-17
9.856012456766176875e-17
0.000000000000000000e+00
9.856012456766176875e-17
0.000000000000000000e+00
0.000000000000000000e+00
9.856012456766176875e-17
0.000000000000000000e+00
9.856012456766176875e-17
9.856012456766176875e-17
7.920011934860639313e-02
2.353545468606216551e-01
4.189213455378446027e-01
4.586846575384496694e-01
3.400125680241116721e-01
1.701039321020048622e-01
1.340951037552914338e-01
2.700582839141209002e-01
5.602438594160547014e-01
8.091572966239297671e-01
9.513103940480958087e-01
9.952672115361007599e-01
1.000000000000000000e+00
1.000000000000000000e+00
1.000000000000000000e+00
1.000000000000000000e+00
1.000000000000000000e+00
1.000000000000000000e+00
9.952672115361005378e-01
9.513103940480960308e-01
8.091572966239294340e-01
5.602438594160547014e-01
2.700582839141210112e-01
1.340951037552914338e-01
1.701039321020052231e-01
3.400125680241120052e-01
4.586846575384493918e-01
4.189213455378444362e-01
2.353545468606214608e-01
7.920011934860629599e-02
4.732788463899607022e-03
1.971202491353235375e-16
0.000000000000000000e+00
0.000000000000000000e+00
0.000000000000000000e+00
1.971202491353235375e-16
0.000000000000000000e+00
0.000000000000000000e+00
0.000000000000000000e+00
9.856012456766176875e-17
9.856012456766176875e-17
0.000000000000000000e+00
9.856012456766176875e-17
9.856012456766176875e-17
0.000000000000000000e+00
0.000000000000000000e+00
0.000000000000000000e+00
9.856012456766176875e-17
0.000000000000000000e+00
9.856012456766176875e-17
0.000000000000000000e+00
9.856012456766176875e-17
9.856012456766176875e-17
0.000000000000000000e+00
9.856012456766176875e-17
9.856012456766176875e-17
0.000000000000000000e+00
0.000000000000000000e+00
9.856012456766176875e-17
9.856012456766176875e-17
0.000000000000000000e+00
2.630542390455955018e-02
9.769722538241489007e-02
1.723423811681270013e-01
1.931246706943431368e-01
1.303082846869637601e-01
4.868960595190405943e-02
3.126234472741601378e-02
1.303082846869638156e-01
3.400125680241114501e-01
6.233213284376893926e-01
8.358271907235119702e-01
9.513103940480960308e-01
9.952672115361004268e-01
9.999999999999997780e-01
1.000000000000000000e+00
1.000000000000000000e+00
1.000000000000000000e+00
9.952672115361005378e-01
9.513103940480958087e-01
8.358271907235124143e-01
6.233213284376891705e-01
3.400125680241115056e-01
1.303082846869638711e-01
3.126234472741611092e-02
4.868960595190405943e-02
1.303082846869637601e-01
1.931246706943429980e-01
1.723423811681268902e-01
9.769722538241494558e-02
2.630542390455945304e-02
0.000000000000000000e+00
0.000000000000000000e+00
9.856012456766176875e-17
9.856012456766176875e-17
0.000000000000000000e+00
1.971202491353235375e-16
9.856012456766176875e-17
0.000000000000000000e+00
0.000000000000000000e+00
0.000000000000000000e+00
9.856012456766176875e-17
0.000000000000000000e+00
9.856012456766176875e-17
9.856012456766176875e-17
0.000000000000000000e+00
0.000000000000000000e+00
0.000000000000000000e+00
9.856012456766176875e-17
0.000000000000000000e+00
9.856012456766176875e-17
0.000000000000000000e+00
9.856012456766176875e-17
0.000000000000000000e+00
0.000000000000000000e+00
1.971202491353235375e-16
9.856012456766176875e-17
9.856012456766176875e-17
9.856012456766176875e-17
9.856012456766176875e-17
9.856012456766176875e-17
9.856012456766176875e-17
4.732788463899705034e-03
2.630542390455935242e-02
5.061626067469376933e-02
5.061626067469367218e-02
2.630542390455925528e-02
4.732788463899311251e-03
4.732788463899508143e-03
4.868960595190396229e-02
1.641728092764875302e-01
3.699178717663831328e-01
6.300821282336166451e-01
8.358271907235118592e-01
9.513103940480958087e-01
9.952672115361002048e-01
9.999999999999997780e-01
1.000000000000000000e+00
9.952672115361004268e-01
9.513103940480958087e-01
8.358271907235121922e-01
6.300821282336169782e-01
3.699178717663830218e-01
1.641728092764876690e-01
4.868960595190425372e-02
4.732788463899311251e-03
4.732788463899607022e-03
2.630542390455945304e-02
5.061626067469376933e-02
5.061626067469338075e-02
2.630542390455945304e-02
4.732788463899212372e-03
1.971202491353235375e-16
0.000000000000000000e+00
0.000000000000000000e+00
1.971202491353235375e-16
9.856012456766176875e-17
0.000000000000000000e+00
9.856012456766176875e-17
0.000000000000000000e+00
0.000000000000000000e+00
9.856012456766176875e-17
9.856012456766176875e-17
0.000000000000000000e+00
9.856012456766176875e-17
0.000000000000000000e+00
0.000000000000000000e+00
0.000000000000000000e+00
0.000000000000000000e+00
9.856012456766176875e-17
0.000000000000000000e+00
9.856012456766176875e-17
0.000000000000000000e+00
9.856012456766176875e-17
9.856012456766176875e-17
0.000000000000000000e+00
9.856012456766176875e-17
0.000000000000000000e+00
9.856012456766176875e-17
9.856012456766176875e-17
0.000000000000000000e+00
9.856012456766176875e-17
0.000000000000000000e+00
1.971202491353235375e-16
0.000000000000000000e+00
1.971202491353235375e-16
0.000000000000000000e+00
0.000000000000000000e+00
0.000000000000000000e+00
2.956803737029853063e-16
4.732788463899508143e-03
4.868960595190396229e-02
1.641728092764878633e-01
3.699178717663832994e-01
6.233213284376893926e-01
8.091572966239298781e-01
9.207998806513935097e-01
9.687376552725832646e-01
9.687376552725837087e-01
9.207998806513937318e-01
8.091572966239299891e-01
6.233213284376896146e-01
3.699178717663834104e-01
1.641728092764876690e-01
4.868960595190405943e-02
4.732788463899508143e-03
2.956803737029853063e-16
0.000000000000000000e+00
9.856012456766176875e-17
0.000000000000000000e+00
0.000000000000000000e+00
0.000000000000000000e+00
0.000000000000000000e+00
9.856012456766176875e-17
9.856012456766176875e-17
0.000000000000000000e+00
0.000000000000000000e+00
9.856012456766176875e-17
9.856012456766176875e-17
9.856012456766176875e-17
9.856012456766176875e-17
0.000000000000000000e+00
9.856012456766176875e-17
9.856012456766176875e-17
0.000000000000000000e+00
9.856012456766176875e-17
0.000000000000000000e+00
0.000000000000000000e+00
0.000000000000000000e+00
0.000000000000000000e+00
9.856012456766176875e-17
0.000000000000000000e+00
9.856012456766176875e-17
9.856012456766176875e-17
9.856012456766176875e-17
9.856012456766176875e-17
0.000000000000000000e+00
9.856012456766176875e-17
0.000000000000000000e+00
9.856012456766176875e-17
0.000000000000000000e+00
0.000000000000000000e+00
9.856012456766176875e-17
0.000000000000000000e+00
1.971202491353235375e-16
9.856012456766176875e-17
0.000000000000000000e+00
9.856012456766176875e-17
0.000000000000000000e+00
9.856012456766176875e-17
0.000000000000000000e+00
1.971202491353235375e-16
4.732788463899311251e-03
4.868960595190405943e-02
1.641728092764873359e-01
3.400125680241118387e-01
5.602438594160545904e-01
7.299417160858792109e-01
8.114346240257135356e-01
8.114346240257136467e-01
7.299417160858792109e-01
5.602438594160547014e-01
3.400125680241115611e-01
1.641728092764875302e-01
4.868960595190396229e-02
4.732788463899607022e-03
9.856012456766176875e-17
0.000000000000000000e+00
9.856012456766176875e-17
9.856012456766176875e-17
0.000000000000000000e+00
0.000000000000000000e+00
0.000000000000000000e+00
0.000000000000000000e+00
0.000000000000000000e+00
0.000000000000000000e+00
9.856012456766176875e-17
9.856012456766176875e-17
0.000000000000000000e+00
0.000000000000000000e+00
0.000000000000000000e+00
1.971202491353235375e-16
0.000000000000000000e+00
9.856012456766176875e-17
9.856012456766176875e-17
0.000000000000000000e+00
9.856012456766176875e-17
0.000000000000000000e+00
0.000000000000000000e+00
0.000000000000000000e+00
0.000000000000000000e+00
9.856012456766176875e-17
0.000000000000000000e+00
9.856012456766176875e-17
0.000000000000000000e+00
0.000000000000000000e+00
9.856012456766176875e-17
0.000000000000000000e+00
9.856012456766176875e-17
0.000000000000000000e+00
0.000000000000000000e+00
9.856012456766176875e-17
9.856012456766176875e-17
9.856012456766176875e-17
0.000000000000000000e+00
9.856012456766176875e-17
9.856012456766176875e-17
0.000000000000000000e+00
9.856012456766176875e-17
0.000000000000000000e+00
0.000000000000000000e+00
9.856012456766176875e-17
0.000000000000000000e+00
0.000000000000000000e+00
4.732788463899311251e-03
4.868960595190396229e-02
1.303082846869637601e-01
2.636329476382425208e-01
4.092527795814018265e-01
5.201087574700810068e-01
5.201087574700811178e-01
4.092527795814020486e-01
2.636329476382426873e-01
1.303082846869635381e-01
4.868960595190396229e-02
4.732788463899311251e-03
0.000000000000000000e+00
1.971202491353235375e-16
0.000000000000000000e+00
0.000000000000000000e+00
9.856012456766176875e-17
0.000000000000000000e+00
0.000000000000000000e+00
1.971202491353235375e-16
0.000000000000000000e+00
0.000000000000000000e+00
0.000000000000000000e+00
0.000000000000000000e+00
0.000000000000000000e+00
9.856012456766176875e-17
0.000000000000000000e+00
0.000000000000000000e+00
9.856012456766176875e-17
0.000000000000000000e+00
9.856012456766176875e-17
0.000000000000000000e+00
0.000000000000000000e+00
9.856012456766176875e-17
0.000000000000000000e+00
0.000000000000000000e+00
0.000000000000000000e+00
0.000000000000000000e+00
9.856012456766176875e-17
0.000000000000000000e+00
0.000000000000000000e+00
0.000000000000000000e+00
0.000000000000000000e+00
9.856012456766176875e-17
0.000000000000000000e+00
0.000000000000000000e+00
0.000000000000000000e+00
9.856012456766176875e-17
0.000000000000000000e+00
0.000000000000000000e+00
0.000000000000000000e+00
0.000000000000000000e+00
1.971202491353235375e-16
9.856012456766176875e-17
9.856012456766176875e-17
9.856012456766176875e-17
0.000000000000000000e+00
0.000000000000000000e+00
2.956803737029853063e-16
0.000000000000000000e+00
0.000000000000000000e+00
0.000000000000000000e+00
4.732788463899311251e-03
2.630542390455955018e-02
7.920011934860644864e-02
1.560690818815151926e-01
2.053428450429476970e-01
2.053428450429478080e-01
1.560690818815151926e-01
7.920011934860639313e-02
2.630542390455955018e-02
4.732788463899508143e-03
0.000000000000000000e+00
1.971202491353235375e-16
0.000000000000000000e+00
9.856012456766176875e-17
0.000000000000000000e+00
0.000000000000000000e+00
0.000000000000000000e+00
9.856012456766176875e-17
0.000000000000000000e+00
9.856012456766176875e-17
0.000000000000000000e+00
0.000000000000000000e+00
0.000000000000000000e+00
0.000000000000000000e+00
9.856012456766176875e-17
0.000000000000000000e+00
0.000000000000000000e+00
0.000000000000000000e+00
0.000000000000000000e+00
9.856012456766176875e-17
0.000000000000000000e+00
0.000000000000000000e+00
9.856012456766176875e-17
0.000000000000000000e+00
0.000000000000000000e+00
0.000000000000000000e+00
0.000000000000000000e+00
9.856012456766176875e-17
0.000000000000000000e+00
9.856012456766176875e-17
0.000000000000000000e+00
9.856012456766176875e-17
9.856012456766176875e-17
0.000000000000000000e+00
9.856012456766176875e-17
0.000000000000000000e+00
9.856012456766176875e-17
0.000000000000000000e+00
0.000000000000000000e+00
9.856012456766176875e-17
0.000000000000000000e+00
9.856012456766176875e-17
9.856012456766176875e-17
2.956803737029853063e-16
2.956803737029853063e-16
0.000000000000000000e+00
9.856012456766176875e-17
0.000000000000000000e+00
2.956803737029853063e-16
0.000000000000000000e+00
2.956803737029853063e-16
0.000000000000000000e+00
9.856012456766176875e-17
4.732788463899705034e-03
2.630542390455964732e-02
5.061626067469357504e-02
5.061626067469376933e-02
2.630542390455974794e-02
4.732788463899803913e-03
9.856012456766176875e-17
0.000000000000000000e+00
0.000000000000000000e+00
0.000000000000000000e+00
2.956803737029853063e-16
0.000000000000000000e+00
1.971202491353235375e-16
0.000000000000000000e+00
1.971202491353235375e-16
0.000000000000000000e+00
1.971202491353235375e-16
0.000000000000000000e+00
9.856012456766176875e-17
9.856012456766176875e-17
0.000000000000000000e+00
0.000000000000000000e+00
0.000000000000000000e+00
0.000000000000000000e+00
0.000000000000000000e+00
9.856012456766176875e-17
9.856012456766176875e-17
9.856012456766176875e-17
9.856012456766176875e-17
9.856012456766176875e-17
9.856012456766176875e-17
0.000000000000000000e+00
0.000000000000000000e+00
0.000000000000000000e+00
0.000000000000000000e+00
9.856012456766176875e-17
0.000000000000000000e+00
9.856012456766176875e-17
9.856012456766176875e-17
9.856012456766176875e-17
2.956803737029853063e-16
0.000000000000000000e+00
0.000000000000000000e+00
0.000000000000000000e+00
9.856012456766176875e-17
0.000000000000000000e+00
9.856012456766176875e-17
2.956803737029853063e-16
9.856012456766176875e-17
1.971202491353235375e-16
0.000000000000000000e+00
2.956803737029853063e-16
1.971202491353235375e-16
0.000000000000000000e+00
9.856012456766176875e-17
9.856012456766176875e-17
1.971202491353235375e-16
0.000000000000000000e+00
1.971202491353235375e-16
0.000000000000000000e+00
9.856012456766176875e-17
9.856012456766176875e-17
1.971202491353235375e-16
9.856012456766176875e-17
1.971202491353235375e-16
1.971202491353235375e-16
2.956803737029853063e-16
0.000000000000000000e+00
0.000000000000000000e+00
0.000000000000000000e+00
2.956803737029853063e-16
9.856012456766176875e-17
0.000000000000000000e+00
0.000000000000000000e+00
0.000000000000000000e+00
9.856012456766176875e-17
0.000000000000000000e+00
9.856012456766176875e-17
0.000000000000000000e+00
1.971202491353235375e-16
0.000000000000000000e+00
0.000000000000000000e+00
0.000000000000000000e+00
9.856012456766176875e-17
9.856012456766176875e-17
0.000000000000000000e+00
0.000000000000000000e+00
0.000000000000000000e+00
1.971202491353235375e-16
0.000000000000000000e+00
0.000000000000000000e+00
9.856012456766176875e-17
0.000000000000000000e+00
0.000000000000000000e+00
0.000000000000000000e+00
0.000000000000000000e+00
9.856012456766176875e-17
0.000000000000000000e+00
0.000000000000000000e+00
0.000000000000000000e+00
9.856012456766176875e-17
0.000000000000000000e+00
0.000000000000000000e+00
0.000000000000000000e+00
0.000000000000000000e+00
9.856012456766176875e-17
9.856012456766176875e-17
0.000000000000000000e+00
0.000000000000000000e+00
0.000000000000000000e+00
9.856012456766176875e-17
0.000000000000000000e+00
1.971202491353235375e-16
0.000000000000000000e+00
0.000000000000000000e+00
9.856012456766176875e-17
1.971202491353235375e-16
0.000000000000000000e+00
0.000000000000000000e+00
1.971202491353235375e-16
0.000000000000000000e+00
1.971202491353235375e-16
4.732788463899705034e-03
2.630542390456004284e-02
5.061626067469357504e-02
5.061626067469338075e-02
2.630542390455994570e-02
4.732788463899705034e-03
0.000000000000000000e+00
9.856012456766176875e-17
1.971202491353235375e-16
1.971202491353235375e-16
9.856012456766176875e-17
0.000000000000000000e+00
1.971202491353235375e-16
9.856012456766176875e-17
9.856012456766176875e-17
2.956803737029853063e-16
1.971202491353235375e-16
0.000000000000000000e+00
0.000000000000000000e+00
9.856012456766176875e-17
0.000000000000000000e+00
1.971202491353235375e-16
0.000000000000000000e+00
9.856012456766176875e-17
0.000000000000000000e+00
0.000000000000000000e+00
0.000000000000000000e+00
9.856012456766176875e-17
9.856012456766176875e-17
9.856012456766176875e-17
9.856012456766176875e-17
0.000000000000000000e+00
0.000000000000000000e+00
0.000000000000000000e+00
0.000000000000000000e+00
9.856012456766176875e-17
0.000000000000000000e+00
0.000000000000000000e+00
9.856012456766176875e-17
0.000000000000000000e+00
9.856012456766176875e-17
9.856012456766176875e-17
0.000000000000000000e+00
0.000000000000000000e+00
9.856012456766176875e-17
9.856012456766176875e-17
0.000000000000000000e+00
0.000000000000000000e+00
0.000000000000000000e+00
9.856012456766176875e-17
0.000000000000000000e+00
0.000000000000000000e+00
9.856012456766176875e-17
0.000000000000000000e+00
0.000000000000000000e+00
0.000000000000000000e+00
0.000000000000000000e+00
0.000000000000000000e+00
1.971202491353235375e-16
4.732788463899311251e-03
2.630542390455945304e-02
7.920011934860619884e-02
1.560690818815149428e-01
2.053428450429478080e-01
2.053428450429479468e-01
1.560690818815148040e-01
7.920011934860629599e-02
2.630542390455935242e-02
4.732788463899607022e-03
0.000000000000000000e+00
9.856012456766176875e-17
0.000000000000000000e+00
0.000000000000000000e+00
1.971202491353235375e-16
0.000000000000000000e+00
9.856012456766176875e-17
0.000000000000000000e+00
9.856012456766176875e-17
0.000000000000000000e+00
0.000000000000000000e+00
0.000000000000000000e+00
0.000000000000000000e+00
0.000000000000000000e+00
0.000000000000000000e+00
9.856012456766176875e-17
0.000000000000000000e+00
9.856012456766176875e-17
0.000000000000000000e+00
9.856012456766176875e-17
0.000000000000000000e+00
0.000000000000000000e+00
9.856012456766176875e-17
0.000000000000000000e+00
0.000000000000000000e+00
0.000000000000000000e+00
0.000000000000000000e+00
9.856012456766176875e-17
0.000000000000000000e+00
1.971202491353235375e-16
0.000000000000000000e+00
9.856012456766176875e-17
0.000000000000000000e+00
0.000000000000000000e+00
0.000000000000000000e+00
0.000000000000000000e+00
0.000000000000000000e+00
0.000000000000000000e+00
1.971202491353235375e-16
9.856012456766176875e-17
0.000000000000000000e+00
2.956803737029853063e-16
0.000000000000000000e+00
2.956803737029853063e-16
2.956803737029853063e-16
0.000000000000000000e+00
0.000000000000000000e+00
2.956803737029853063e-16
1.971202491353235375e-16
9.856012456766176875e-17
4.732788463899607022e-03
4.868960595190376106e-02
1.303082846869638711e-01
2.636329476382425763e-01
4.092527795814026037e-01
5.201087574700816729e-01
5.201087574700816729e-01
4.092527795814021596e-01
2.636329476382426873e-01
1.303082846869635381e-01
4.868960595190396229e-02
4.732788463899508143e-03
2.956803737029853063e-16
1.971202491353235375e-16
9.856012456766176875e-17
9.856012456766176875e-17
0.000000000000000000e+00
9.856012456766176875e-17
9.856012456766176875e-17
1.971202491353235375e-16
0.000000000000000000e+00
2.956803737029853063e-16
0.000000000000000000e+00
0.000000000000000000e+00
0.000000000000000000e+00
2.956803737029853063e-16
0.000000000000000000e+00
0.000000000000000000e+00
9.856012456766176875e-17
0.000000000000000000e+00
0.000000000000000000e+00
0.000000000000000000e+00
0.000000000000000000e+00
9.856012456766176875e-17
0.000000000000000000e+00
0.000000000000000000e+00
0.000000000000000000e+00
0.000000000000000000e+00
9.856012456766176875e-17
0.000000000000000000e+00
0.000000000000000000e+00
0.000000000000000000e+00
9.856012456766176875e-17
0.000000000000000000e+00
0.000000000000000000e+00
9.856012456766176875e-17
0.000000000000000000e+00
2.956803737029853063e-16
9.856012456766176875e-17
9.856012456766176875e-17
9.856012456766176875e-17
0.000000000000000000e+00
9.856012456766176875e-17
0.000000000000000000e+00
9.856012456766176875e-17
9.856012456766176875e-17
9.856012456766176875e-17
0.000000000000000000e+00
9.856012456766176875e-17
0.000000000000000000e+00
4.732788463899508143e-03
4.868960595190425372e-02
1.641728092764875302e-01
3.400125680241115611e-01
5.602438594160551455e-01
7.299417160858794329e-01
8.114346240257138687e-01
8.114346240257142018e-01
7.299417160858794329e-01
5.602438594160551455e-01
3.400125680241115056e-01
1.641728092764879743e-01
4.868960595190396229e-02
4.732788463899607022e-03
0.000000000000000000e+00
9.856012456766176875e-17
0.000000000000000000e+00
0.000000000000000000e+00
0.000000000000000000e+00
0.000000000000000000e+00
1.971202491353235375e-16
0.000000000000000000e+00
0.000000000000000000e+00
0.000000000000000000e+00
0.000000000000000000e+00
0.000000000000000000e+00
0.000000000000000000e+00
0.000000000000000000e+00
9.856012456766176875e-17
9.856012456766176875e-17
9.856012456766176875e-17
0.000000000000000000e+00
9.856012456766176875e-17
0.000000000000000000e+00
9.856012456766176875e-17
0.000000000000000000e+00
0.000000000000000000e+00
0.000000000000000000e+00
0.000000000000000000e+00
9.856012456766176875e-17
0.000000000000000000e+00
0.000000000000000000e+00
9.856012456766176875e-17
9.856012456766176875e-17
2.956803737029853063e-16
0.000000000000000000e+00
1.971202491353235375e-16
0.000000000000000000e+00
0.000000000000000000e+00
9.856012456766176875e-17
9.856012456766176875e-17
9.856012456766176875e-17
9.856012456766176875e-17
1.971202491353235375e-16
0.000000000000000000e+00
1.971202491353235375e-16
1.971202491353235375e-16
0.000000000000000000e+00
0.000000000000000000e+00
9.856012456766176875e-17
4.732788463899607022e-03
4.868960595190396229e-02
1.641728092764878633e-01
3.699178717663827443e-01
6.233213284376898367e-01
8.091572966239297671e-01
9.207998806513935097e-01
9.687376552725837087e-01
9.687376552725840417e-01
9.207998806513938428e-01
8.091572966239297671e-01
6.233213284376893926e-01
3.699178717663827998e-01
1.641728092764876690e-01
4.868960595190425372e-02
4.732788463899705034e-03
0.000000000000000000e+00
9.856012456766176875e-17
0.000000000000000000e+00
9.856012456766176875e-17
9.856012456766176875e-17
0.000000000000000000e+00
0.000000000000000000e+00
9.856012456766176875e-17
0.000000000000000000e+00
0.000000000000000000e+00
9.856012456766176875e-17
0.000000000000000000e+00
0.000000000000000000e+00
9.856012456766176875e-17
9.856012456766176875e-17
0.000000000000000000e+00
0.000000000000000000e+00
9.856012456766176875e-17
0.000000000000000000e+00
9.856012456766176875e-17
0.000000000000000000e+00
0.000000000000000000e+00
0.000000000000000000e+00
0.000000000000000000e+00
0.000000000000000000e+00
0.000000000000000000e+00
9.856012456766176875e-17
9.856012456766176875e-17
9.856012456766176875e-17
1.971202491353235375e-16
0.000000000000000000e+00
9.856012456766176875e-17
0.000000000000000000e+00
0.000000000000000000e+00
0.000000000000000000e+00
0.000000000000000000e+00
0.000000000000000000e+00
0.000000000000000000e+00
4.732788463899705034e-03
2.630542390455955018e-02
5.061626067469397056e-02
5.061626067469367218e-02
2.630542390455945304e-02
4.732788463899311251e-03
4.732788463899607022e-03
4.868960595190396229e-02
1.641728092764876690e-01
3.699178717663834104e-01
6.300821282336165341e-01
8.358271907235119702e-01
9.513103940480958087e-01
9.952672115361005378e-01
9.999999999999995559e-01
9.999999999999995559e-01
9.952672115361005378e-01
9.513103940480960308e-01
8.358271907235121922e-01
6.300821282336166451e-01
3.699178717663831328e-01
1.641728092764876690e-01
4.868960595190405943e-02
4.732788463899409263e-03
4.732788463899311251e-03
2.630542390455955018e-02
5.061626067469367218e-02
5.061626067469338075e-02
2.630542390455955018e-02
4.732788463899311251e-03
9.856012456766176875e-17
0.000000000000000000e+00
0.000000000000000000e+00
0.000000000000000000e+00
1.971202491353235375e-16
9.856012456766176875e-17
0.000000000000000000e+00
0.000000000000000000e+00
0.000000000000000000e+00
9.856012456766176875e-17
0.000000000000000000e+00
0.000000000000000000e+00
9.856012456766176875e-17
0.000000000000000000e+00
0.000000000000000000e+00
0.000000000000000000e+00
0.000000000000000000e+00
9.856012456766176875e-17
0.000000000000000000e+00
9.856012456766176875e-17
0.000000000000000000e+00
1.971202491353235375e-16
0.000000000000000000e+00
0.000000000000000000e+00
1.971202491353235375e-16
9.856012456766176875e-17
9.856012456766176875e-17
1.971202491353235375e-16
9.856012456766176875e-17
0.000000000000000000e+00
0.000000000000000000e+00
2.630542390455955018e-02
9.769722538241489007e-02
1.723423811681273343e-01
1.931246706943431368e-01
1.303082846869638711e-01
4.868960595190376106e-02
3.126234472741620807e-02
1.303082846869637601e-01
3.400125680241120052e-01
6.233213284376900587e-01
8.358271907235119702e-01
9.513103940480958087e-01
9.952672115361005378e-01
1.000000000000000000e+00
1.000000000000000000e+00
1.000000000000000000e+00
1.000000000000000000e+00
9.952672115361005378e-01
9.513103940480960308e-01
8.358271907235119702e-01
6.233213284376896146e-01
3.400125680241120607e-01
1.303082846869639821e-01
3.126234472741620807e-02
4.868960595190396229e-02
1.303082846869638156e-01
1.931246706943431368e-01
1.723423811681270013e-01
9.769722538241469578e-02
2.630542390455935242e-02
0.000000000000000000e+00
1.971202491353235375e-16
0.000000000000000000e+00
0.000000000000000000e+00
0.000000000000000000e+00
0.000000000000000000e+00
0.000000000000000000e+00
0.000000000000000000e+00
0.000000000000000000e+00
0.000000000000000000e+00
0.000000000000000000e+00
0.000000000000000000e+00
9.856012456766176875e-17
0.000000000000000000e+00
0.000000000000000000e+00
0.000000000000000000e+00
0.000000000000000000e+00
0.000000000000000000e+00
0.000000000000000000e+00
0.000000000000000000e+00
9.856012456766176875e-17
9.856012456766176875e-17
0.000000000000000000e+00
0.000000000000000000e+00
0.000000000000000000e+00
0.000000000000000000e+00
9.856012456766176875e-17
0.000000000000000000e+00
0.000000000000000000e+00
9.856012456766176875e-17
0.000000000000000000e+00
7.920011934860629599e-02
2.353545468606215163e-01
4.189213455378447137e-01
4.586846575384497804e-01
3.400125680241115056e-01
1.701039321020048067e-01
1.340951037552916836e-01
2.700582839141206226e-01
5.602438594160543683e-01
8.091572966239297671e-01
9.513103940480958087e-01
9.952672115361004268e-01
9.999999999999997780e-01
1.000000000000000000e+00
9.999999999999995559e-01
9.999999999999997780e-01
1.000000000000000000e+00
1.000000000000000000e+00
9.952672115360999827e-01
9.513103940480960308e-01
8.091572966239295450e-01
5.602438594160543683e-01
2.700582839141209002e-01
1.340951037552916836e-01
1.701039321020048067e-01
3.400125680241115056e-01
4.586846575384496694e-01
4.189213455378442696e-01
2.353545468606211277e-01
7.920011934860619884e-02
4.732788463899803913e-03
0.000000000000000000e+00
0.000000000000000000e+00
1.971202491353235375e-16
9.856012456766176875e-17
9.856012456766176875e-17
0.000000000000000000e+00
9.856012456766176875e-17
9.856012456766176875e-17
9.856012456766176875e-17
9.856012456766176875e-17
0.000000000000000000e+00
9.856012456766176875e-17
0.000000000000000000e+00
0.000000000000000000e+00
0.000000000000000000e+00
0.000000000000000000e+00
0.000000000000000000e+00
0.000000000000000000e+00
9.856012456766176875e-17
0.000000000000000000e+00
9.856012456766176875e-17
9.856012456766176875e-17
0.000000000000000000e+00
1.971202491353235375e-16
1.971202491353235375e-16
9.856012456766176875e-17
9.856012456766176875e-17
0.000000000000000000e+00
1.971202491353235375e-16
0.000000000000000000e+00
1.560690818815151648e-01
4.024290390632054848e-01
6.650021319119973073e-01
7.387755368464770100e-01
6.233213284376898367e-01
4.069478556243464329e-01
3.511381794152300673e-01
4.772984761253585839e-01
7.363670523617574792e-01
9.207998806513935097e-01
9.952672115361004268e-01
1.000000000000000000e+00
9.999999999999995559e-01
1.000000000000000000e+00
1.000000000000000000e+00
1.000000000000000000e+00
9.999999999999997780e-01
9.999999999999997780e-01
9.999999999999997780e-01
9.952672115361002048e-01
9.207998806513935097e-01
7.363670523617574792e-01
4.772984761253590835e-01
3.511381794152296787e-01
4.069478556243463774e-01
6.233213284376898367e-01
7.387755368464770100e-01
6.650021319119969743e-01
4.024290390632048187e-01
1.560690818815149428e-01
2.630542390455955018e-02
1.971202491353235375e-16
0.000000000000000000e+00
9.856012456766176875e-17
1.971202491353235375e-16
0.000000000000000000e+00
0.000000000000000000e+00
9.856012456766176875e-17
9.856012456766176875e-17
1.971202491353235375e-16
9.856012456766176875e-17
0.000000000000000000e+00
9.856012456766176875e-17
0.000000000000000000e+00
0.000000000000000000e+00
0.000000000000000000e+00
9.856012456766176875e-17
0.000000000000000000e+00
0.000000000000000000e+00
9.856012456766176875e-17
0.000000000000000000e+00
1.971202491353235375e-16
9.856012456766176875e-17
0.000000000000000000e+00
9.856012456766176875e-17
9.856012456766176875e-17
0.000000000000000000e+00
0.000000000000000000e+00
9.856012456766176875e-17
1.971202491353235375e-16
0.000000000000000000e+00
2.329928834083568601e-01
5.602438594160551455e-01
8.321296605469962193e-01
9.228084806822650643e-01
8.358271907235121922e-01
6.985640172466459630e-01
6.278013884001848455e-01
7.275196614710169873e-01
8.696917153130363509e-01
9.736945760954404117e-01
9.999999999999997780e-01
9.999999999999995559e-01
1.000000000000000000e+00
1.000000000000000000e+00
1.000000000000000000e+00
9.999999999999997780e-01
1.000000000000000000e+00
1.000000000000000000e+00
9.999999999999995559e-01
9.999999999999997780e-01
9.736945760954400786e-01
8.696917153130363509e-01
7.275196614710169873e-01
6.278013884001848455e-01
6.985640172466460740e-01
8.358271907235121922e-01
9.228084806822650643e-01
8.321296605469958862e-01
5.602438594160548124e-01
2.329928834083567768e-01
5.576940896172176421e-02
0.000000000000000000e+00
0.000000000000000000e+00
1.971202491353235375e-16
0.000000000000000000e+00
9.856012456766176875e-17
1.971202491353235375e-16
0.000000000000000000e+00
1.971202491353235375e-16
9.856012456766176875e-17
9.856012456766176875e-17
0.000000000000000000e+00
9.856012456766176875e-17
9.856012456766176875e-17
0.000000000000000000e+00
0.000000000000000000e+00
9.856012456766176875e-17
0.000000000000000000e+00
0.000000000000000000e+00
9.856012456766176875e-17
0.000000000000000000e+00
0.000000000000000000e+00
1.971202491353235375e-16
0.000000000000000000e+00
0.000000000000000000e+00
9.856012456766176875e-17
0.000000000000000000e+00
0.000000000000000000e+00
9.856012456766176875e-17
9.856012456766176875e-17
9.856012456766176875e-17
3.305885329449278487e-01
6.694114670550721513e-01
8.965877913363766716e-01
9.904931922813889900e-01
9.513103940480958087e-01
8.947206916100155505e-01
8.615874478551247551e-01
8.947206916100155505e-01
9.513103940480960308e-01
9.952672115361004268e-01
9.999999999999995559e-01
1.000000000000000000e+00
1.000000000000000000e+00
9.999999999999997780e-01
9.999999999999997780e-01
9.999999999999997780e-01
9.999999999999997780e-01
1.000000000000000000e+00
1.000000000000000000e+00
9.999999999999997780e-01
9.952672115361002048e-01
9.513103940480958087e-01
8.947206916100155505e-01
8.615874478551247551e-01
8.947206916100155505e-01
9.513103940480958087e-01
9.904931922813889900e-01
8.965877913363764495e-01
6.694114670550719293e-01
3.305885329449277377e-01
1.034122086636235505e-01
4.732788463899508143e-03
0.000000000000000000e+00
0.000000000000000000e+00
1.971202491353235375e-16
0.000000000000000000e+00
0.000000000000000000e+00
9.856012456766176875e-17
9.856012456766176875e-17
9.856012456766176875e-17
9.856012456766176875e-17
0.000000000000000000e+00
9.856012456766176875e-17
9.856012456766176875e-17
9.856012456766176875e-17
0.000000000000000000e+00
9.856012456766176875e-17
0.000000000000000000e+00
0.000000000000000000e+00
9.856012456766176875e-17
0.000000000000000000e+00
9.856012456766176875e-17
9.856012456766176875e-17
0.000000000000000000e+00
9.856012456766176875e-17
0.000000000000000000e+00
9.856012456766176875e-17
0.000000000000000000e+00
0.000000000000000000e+00
0.000000000000000000e+00
0.000000000000000000e+00
4.397561405839451876e-01
7.670071165916430012e-01
9.442305910382779999e-01
9.999999999999995559e-01
9.952672115361002048e-01
9.786105435138462427e-01
9.718360438606409302e-01
9.786105435138461317e-01
9.952672115361002048e-01
1.000000000000000000e+00
1.000000000000000000e+00
1.000000000000000000e+00
1.000000000000000000e+00
1.000000000000000000e+00
9.999999999999995559e-01
9.999999999999995559e-01
1.000000000000000000e+00
1.000000000000000000e+00
1.000000000000000000e+00
1.000000000000000000e+00
9.999999999999995559e-01
9.952672115361004268e-01
9.786105435138462427e-01
9.718360438606407081e-01
9.786105435138462427e-01
9.952672115361002048e-01
9.999999999999995559e-01
9.442305910382776668e-01
7.670071165916428901e-01
4.397561405839451876e-01
1.619522434497136232e-01
2.630542390455945304e-02
9.856012456766176875e-17
9.856012456766176875e-17
9.856012456766176875e-17
0.000000000000000000e+00
9.856012456766176875e-17
9.856012456766176875e-17
9.856012456766176875e-17
9.856012456766176875e-17
9.856012456766176875e-17
0.000000000000000000e+00
9.856012456766176875e-17
9.856012456766176875e-17
0.000000000000000000e+00
0.000000000000000000e+00
9.856012456766176875e-17
0.000000000000000000e+00
0.000000000000000000e+00
9.856012456766176875e-17
0.000000000000000000e+00
9.856012456766176875e-17
9.856012456766176875e-17
0.000000000000000000e+00
9.856012456766176875e-17
1.971202491353235375e-16
9.856012456766176875e-17
0.000000000000000000e+00
9.856012456766176875e-17
9.856012456766176875e-17
0.000000000000000000e+00
5.602438594160551455e-01
8.380477565502866266e-01
9.736945760954404117e-01
9.999999999999997780e-01
1.000000000000000000e+00
9.999999999999997780e-01
1.000000000000000000e+00
1.000000000000000000e+00
1.000000000000000000e+00
1.000000000000000000e+00
1.000000000000000000e+00
1.000000000000000000e+00
9.999999999999995559e-01
9.999999999999995559e-01
9.999999999999997780e-01
9.999999999999997780e-01
9.999999999999997780e-01
1.000000000000000000e+00
1.000000000000000000e+00
1.000000000000000000e+00
9.999999999999995559e-01
1.000000000000000000e+00
1.000000000000000000e+00
1.000000000000000000e+00
1.000000000000000000e+00
1.000000000000000000e+00
9.999999999999997780e-01
9.736945760954400786e-01
8.439309181184848629e-01
5.907472204185977294e-01
2.700582839141207336e-01
7.920011934860639313e-02
4.732788463899508143e-03
1.971202491353235375e-16
9.856012456766176875e-17
0.000000000000000000e+00
0.000000000000000000e+00
0.000000000000000000e+00
9.856012456766176875e-17
9.856012456766176875e-17
0.000000000000000000e+00
0.000000000000000000e+00
9.856012456766176875e-17
9.856012456766176875e-17
0.000000000000000000e+00
0.000000000000000000e+00
9.856012456766176875e-17
0.000000000000000000e+00
0.000000000000000000e+00
9.856012456766176875e-17
0.000000000000000000e+00
0.000000000000000000e+00
9.856012456766176875e-17
0.000000000000000000e+00
9.856012456766176875e-17
9.856012456766176875e-17
9.856012456766176875e-17
9.856012456766176875e-17
4.732788463899508143e-03
2.138945648615370176e-02
2.816395613935939596e-02
5.628256695318871738e-01
7.990307462296721841e-01
9.100197242775004414e-01
9.154294107526749213e-01
9.154294107526748103e-01
9.154294107526749213e-01
9.154294107526749213e-01
9.154294107526745883e-01
9.154294107526749213e-01
9.154294107526749213e-01
9.154294107526748103e-01
9.154294107526749213e-01
9.154294107526749213e-01
9.154294107526749213e-01
9.154294107526749213e-01
9.154294107526749213e-01
9.154294107526749213e-01
9.154294107526748103e-01
9.154294107526748103e-01
9.154294107526749213e-01
9.154294107526748103e-01
9.154294107526749213e-01
9.154294107526748103e-01
9.154294107526749213e-01
9.154294107526749213e-01
9.154294107526748103e-01
9.154294107526749213e-01
9.100197242775004414e-01
8.259483223885397685e-01
6.258645030099793116e-01
3.330897215155202429e-01
1.246222306049038775e-01
2.138945648615370176e-02
1.971202491353235375e-16
2.956803737029853063e-16
0.000000000000000000e+00
0.000000000000000000e+00
0.000000000000000000e+00
0.000000000000000000e+00
0.000000000000000000e+00
0.000000000000000000e+00
0.000000000000000000e+00
9.856012456766176875e-17
0.000000000000000000e+00
0.000000000000000000e+00
0.000000000000000000e+00
0.000000000000000000e+00
0.000000000000000000e+00
0.000000000000000000e+00
9.856012456766176875e-17
0.000000000000000000e+00
9.856012456766176875e-17
9.856012456766176875e-17
0.000000000000000000e+00
9.856012456766176875e-17
0.000000000000000000e+00
0.000000000000000000e+00
9.856012456766176875e-17
2.138945648615350748e-02
4.530845380589329507e-02
5.771692010796709849e-02
4.283466794571932357e-01
6.026934884455573682e-01
6.785423682837459225e-01
6.785423682837458115e-01
6.785423682837453674e-01
6.785423682837455894e-01
6.785423682837455894e-01
6.785423682837455894e-01
6.785423682837458115e-01
6.785423682837459225e-01
6.785423682837454784e-01
6.785423682837453674e-01
6.785423682837455894e-01
6.785423682837455894e-01
6.785423682837455894e-01
6.785423682837455894e-01
6.785423682837455894e-01
6.785423682837459225e-01
6.785423682837452564e-01
6.785423682837454784e-01
6.785423682837455894e-01
6.785423682837455894e-01
6.785423682837455894e-01
6.785423682837454784e-01
6.785423682837458115e-01
6.785423682837452564e-01
6.785423682837458115e-01
6.785423682837452564e-01
6.421458399354574853e-01
5.086389878551922372e-01
3.104779050926645967e-01
1.187577836204841836e-01
2.816395613935919820e-02
0.000000000000000000e+00
2.956803737029853063e-16
0.000000000000000000e+00
0.000000000000000000e+00
0.000000000000000000e+00
9.856012456766176875e-17
0.000000000000000000e+00
9.856012456766176875e-17
0.000000000000000000e+00
9.856012456766176875e-17
0.000000000000000000e+00
0.000000000000000000e+00
0.000000000000000000e+00
0.000000000000000000e+00
0.000000000000000000e+00
0.000000000000000000e+00
9.856012456766176875e-17
0.000000000000000000e+00
0.000000000000000000e+00
9.856012456766176875e-17
0.000000000000000000e+00
9.856012456766176875e-17
0.000000000000000000e+00
0.000000000000000000e+00
0.000000000000000000e+00
2.816395613935919820e-02
5.771692010796714706e-02
8.863399923493626986e-02
