1.177358536192869842e-01
1.623242368769254318e-01
1.825994351177291919e-01
1.825994351177291919e-01
1.825994351177291919e-01
1.850126105031282830e-01
1.957991854970429768e-01
2.209578824947068532e-01
2.696255516203718838e-01
3.316218408676899765e-01
4.011061889533932834e-01
4.434303241266650542e-01
4.587937045032104422e-01
4.587937045032104422e-01
4.587937045032103867e-01
4.587937045032105532e-01
4.587937045032104422e-01
4.587937045032104422e-01
4.434303241266649986e-01
4.011061889533934499e-01
3.316218408676901430e-01
2.696255516203717173e-01
2.209578824947068532e-01
1.957991854970429213e-01
1.850126105031281165e-01
1.825994351177293029e-01
1.825994351177291364e-01
1.825994351177291919e-01
1.825994351177291364e-01
1.967129348107859999e-01
2.363027536601368384e-01
3.062012060997353902e-01
3.779332661044398356e-01
4.326979733275545525e-01
4.561563931942127503e-01
4.587937045032104422e-01
4.587937045032103311e-01
4.587937045032103311e-01
4.587937045032103311e-01
4.434303241266649431e-01
4.011061889533932834e-01
3.290461243961554927e-01
2.584306569459231540e-01
2.066526778679592391e-01
1.850126105031283386e-01
1.825994351177291919e-01
1.850126105031283386e-01
2.066526778679590726e-01
2.584306569459230984e-01
3.290461243961556037e-01
4.011061889533934499e-01
4.434303241266649986e-01
4.587937045032103311e-01
4.587937045032105532e-01
4.587937045032103311e-01
4.587937045032103311e-01
4.561563931942125838e-01
4.326979733275546081e-01
3.779332661044399466e-01
2.846619696943104572e-01
1.693017046185712193e-01
1.623242368769255706e-01
2.252785534256563915e-01
2.546235103643084696e-01
2.546235103643084696e-01
2.571288837437494812e-01
2.795589427600779775e-01
3.179700122513040017e-01
3.747203259392947183e-01
4.438076690354238463e-01
5.261126481129073662e-01
5.875057503852196827e-01
6.269149581789698056e-01
6.384968870315362865e-01
6.384968870315362865e-01
6.384968870315362865e-01
6.384968870315362865e-01
6.384968870315362865e-01
6.384968870315362865e-01
6.269149581789698056e-01
5.875057503852196827e-01
5.261126481129074772e-01
4.438076690354235132e-01
3.747203259392948294e-01
3.179700122513040017e-01
2.795589427600778665e-01
2.571288837437495367e-01
2.546235103643084696e-01
2.546235103643082476e-01
2.546235103643083586e-01
2.657999470743455106e-01
3.040124484623688561e-01
3.756998919300092998e-01
4.728034592034701111e-01
5.578457436078813059e-01
6.126913364949015950e-01
6.358984228636327396e-01
6.384968870315360645e-01
6.384968870315363976e-01
6.384968870315362865e-01
6.269149581789696946e-01
5.875057503852196827e-01
5.143558512302139896e-01
4.168672580772709857e-01
3.329598181482720798e-01
2.795589427600778665e-01
2.596370371532117916e-01
2.795589427600779775e-01
3.329598181482718577e-01
4.168672580772709857e-01
5.143558512302139896e-01
5.875057503852199048e-01
6.269149581789698056e-01
6.384968870315362865e-01
6.384968870315365086e-01
6.384968870315361755e-01
6.358984228636325176e-01
6.126913364949015950e-01
5.578457436078810838e-01
4.728034592034701111e-01
3.450580553009804374e-01
2.094857380082952580e-01
1.825994351177291919e-01
2.546235103643083586e-01
2.887994496328655236e-01
3.001309551994704727e-01
3.264677612072749979e-01
3.770483741445332937e-01
4.407917679750338880e-01
5.230896253507516525e-01
5.924716444817720307e-01
6.496705223401811891e-01
6.884914004288139600e-01
7.112005503671343654e-01
7.137389219885813541e-01
7.137389219885813541e-01
7.137389219885813541e-01
7.137389219885813541e-01
7.137389219885813541e-01
7.137389219885813541e-01
7.112005503671341433e-01
6.884914004288139600e-01
6.496705223401813001e-01
5.924716444817718086e-01
5.230896253507518745e-01
4.407917679750338880e-01
3.770483741445330717e-01
3.264677612072749979e-01
3.001309551994704172e-01
2.887994496328655236e-01
2.862610780114186459e-01
2.887994496328656346e-01
3.115085995711859290e-01
3.654559250886274535e-01
4.525238010587127047e-01
5.618413084009540315e-01
6.496705223401813001e-01
6.998690448005295828e-01
7.137389219885813541e-01
7.137389219885811320e-01
7.137389219885813541e-01
7.112005503671341433e-01
6.884914004288140710e-01
6.345440749113725465e-01
5.474761989412871843e-01
4.381586915990458575e-01
3.503294776598189220e-01
3.140700206852577447e-01
3.503294776598189220e-01
4.381586915990456910e-01
5.474761989412871843e-01
6.345440749113726575e-01
6.884914004288140710e-01
7.112005503671341433e-01
7.137389219885811320e-01
7.137389219885813541e-01
7.137389219885813541e-01
6.998690448005294718e-01
6.496705223401813001e-01
5.618413084009540315e-01
4.525238010587125936e-01
3.329598181482717467e-01
2.066526778679590726e-01
1.825994351177291364e-01
2.546235103643083586e-01
3.001309551994705282e-01
3.352631603442697839e-01
3.958656344305650499e-01
4.742702949484288166e-01
5.592082320249661676e-01
6.229516258554667063e-01
6.735322387927250576e-01
6.998690448005292497e-01
7.112005503671341433e-01
7.137389219885814651e-01
7.137389219885811320e-01
7.137389219885813541e-01
7.137389219885811320e-01
7.137389219885813541e-01
7.137389219885813541e-01
7.137389219885811320e-01
7.137389219885813541e-01
7.112005503671341433e-01
6.998690448005294718e-01
6.735322387927248355e-01
6.229516258554670394e-01
5.592082320249661676e-01
4.742702949484288166e-01
3.958656344305651609e-01
3.352631603442697839e-01
3.001309551994704727e-01
2.862610780114186459e-01
2.862610780114187570e-01
2.887994496328656902e-01
3.115085995711860956e-01
3.770483741445332382e-01
4.769103746492480700e-01
5.924716444817719196e-01
6.735322387927250576e-01
7.112005503671341433e-01
7.137389219885811320e-01
7.137389219885813541e-01
7.137389219885810210e-01
7.112005503671341433e-01
6.859299793147421997e-01
6.087163606915132474e-01
4.959366674270077602e-01
3.806366303671936402e-01
3.389130243904188156e-01
3.806366303671936957e-01
4.959366674270075936e-01
6.087163606915132474e-01
6.859299793147423108e-01
7.112005503671343654e-01
7.137389219885811320e-01
7.137389219885813541e-01
7.137389219885811320e-01
7.112005503671341433e-01
6.735322387927248355e-01
5.924716444817719196e-01
4.769103746492480700e-01
3.770483741445332382e-01
2.795589427600779220e-01
1.850126105031281720e-01
1.825994351177291919e-01
2.571288837437494812e-01
3.264677612072749979e-01
3.958656344305653829e-01
4.960378558321011377e-01
5.807869768155388135e-01
6.496705223401809670e-01
6.884914004288140710e-01
7.112005503671341433e-01
7.137389219885811320e-01
7.137389219885813541e-01
7.137389219885813541e-01
7.137389219885813541e-01
7.137389219885813541e-01
7.137389219885811320e-01
7.137389219885813541e-01
7.137389219885811320e-01
7.137389219885811320e-01
7.137389219885813541e-01
7.137389219885811320e-01
7.137389219885811320e-01
7.112005503671341433e-01
6.884914004288139600e-01
6.496705223401809670e-01
5.807869768155387025e-01
4.960378558321011933e-01
3.958656344305653829e-01
3.264677612072749979e-01
2.887994496328656346e-01
2.862610780114188125e-01
2.862610780114189235e-01
2.887994496328658567e-01
3.264677612072749979e-01
4.075283555182278028e-01
5.230896253507519855e-01
6.229516258554667063e-01
6.884914004288139600e-01
7.112005503671340323e-01
7.137389219885813541e-01
7.137389219885811320e-01
7.137389219885810210e-01
6.973176500161711866e-01
6.239314790995114102e-01
5.076975929149607492e-01
3.832462485001175700e-01
3.389130243904188156e-01
3.832462485001176256e-01
5.076975929149605271e-01
6.239314790995111881e-01
6.973176500161711866e-01
7.137389219885813541e-01
7.137389219885810210e-01
7.137389219885813541e-01
7.112005503671341433e-01
6.884914004288140710e-01
6.229516258554667063e-01
5.230896253507519855e-01
4.075283555182279138e-01
3.264677612072748869e-01
2.571288837437494257e-01
1.825994351177291919e-01
1.850126105031282275e-01
2.795589427600778665e-01
3.770483741445332937e-01
4.742702949484287611e-01
5.807869768155387025e-01
6.585038344156346479e-01
6.998690448005292497e-01
7.112005503671341433e-01
7.137389219885813541e-01
7.137389219885811320e-01
7.137389219885813541e-01
7.137389219885814651e-01
7.137389219885810210e-01
7.137389219885811320e-01
7.137389219885810210e-01
7.137389219885813541e-01
7.137389219885811320e-01
7.137389219885810210e-01
7.137389219885813541e-01
7.137389219885811320e-01
7.137389219885813541e-01
7.137389219885811320e-01
7.112005503671341433e-01
6.998690448005292497e-01
6.585038344156346479e-01
5.807869768155384804e-01
4.742702949484287056e-01
3.770483741445332382e-01
3.115085995711858180e-01
2.887994496328658567e-01
2.862610780114187570e-01
2.862610780114189235e-01
3.001309551994704172e-01
3.503294776598189220e-01
4.381586915990457465e-01
5.474761989412871843e-01
6.345440749113724355e-01
6.884914004288140710e-01
7.112005503671341433e-01
7.137389219885813541e-01
7.112005503671340323e-01
6.735322387927248355e-01
5.898491777716168283e-01
4.651579449871765526e-01
3.618799431554576840e-01
3.140700206852578558e-01
3.618799431554576840e-01
4.651579449871763861e-01
5.898491777716169393e-01
6.735322387927247245e-01
7.112005503671343654e-01
7.137389219885813541e-01
7.112005503671341433e-01
6.884914004288140710e-01
6.345440749113725465e-01
5.474761989412871843e-01
4.381586915990457465e-01
3.503294776598188109e-01
3.001309551994705282e-01
2.546235103643081921e-01
1.825994351177293029e-01
1.957991854970430878e-01
3.179700122513040017e-01
4.407917679750337769e-01
5.592082320249661676e-01
6.496705223401809670e-01
6.998690448005294718e-01
7.137389219885813541e-01
7.137389219885811320e-01
7.137389219885811320e-01
7.137389219885813541e-01
7.137389219885813541e-01
7.137389219885813541e-01
7.137389219885813541e-01
7.137389219885811320e-01
7.137389219885811320e-01
7.137389219885813541e-01
7.137389219885810210e-01
7.137389219885813541e-01
7.137389219885810210e-01
7.137389219885813541e-01
7.137389219885813541e-01
7.137389219885810210e-01
7.137389219885813541e-01
7.137389219885811320e-01
6.998690448005294718e-01
6.496705223401813001e-01
5.592082320249662786e-01
4.407917679750336659e-01
3.503294776598188109e-01
3.001309551994706948e-01
2.862610780114187570e-01
2.862610780114187570e-01
2.887994496328658567e-01
3.115085995711860956e-01
3.654559250886275090e-01
4.525238010587126491e-01
5.618413084009540315e-01
6.496705223401813001e-01
6.998690448005294718e-01
7.112005503671343654e-01
6.884914004288138489e-01
6.229516258554667063e-01
5.230896253507519855e-01
4.075283555182280248e-01
3.264677612072751089e-01
2.913402704302758828e-01
3.264677612072751089e-01
4.075283555182278028e-01
5.230896253507518745e-01
6.229516258554667063e-01
6.884914004288140710e-01
7.112005503671341433e-01
6.998690448005294718e-01
6.496705223401815221e-01
5.618413084009540315e-01
4.525238010587127047e-01
3.654559250886273425e-01
3.115085995711860956e-01
2.887994496328658567e-01
2.546235103643083586e-01
1.825994351177292474e-01
2.209578824947068532e-01
3.747203259392947183e-01
5.230896253507518745e-01
6.229516258554667063e-01
6.884914004288138489e-01
7.112005503671341433e-01
7.137389219885811320e-01
7.137389219885809100e-01
7.137389219885813541e-01
7.137389219885811320e-01
7.137389219885813541e-01
7.137389219885813541e-01
7.137389219885811320e-01
7.137389219885811320e-01
7.137389219885811320e-01
7.137389219885811320e-01
7.137389219885813541e-01
7.137389219885811320e-01
7.137389219885811320e-01
7.137389219885811320e-01
7.137389219885811320e-01
7.137389219885810210e-01
7.137389219885813541e-01
7.137389219885811320e-01
7.112005503671341433e-01
6.884914004288138489e-01
6.229516258554667063e-01
5.230896253507518745e-01
4.075283555182279138e-01
3.264677612072751089e-01
2.887994496328658567e-01
2.862610780114187015e-01
2.862610780114187570e-01
2.887994496328656346e-01
3.115085995711860956e-01
3.770483741445332382e-01
4.769103746492480700e-01
5.924716444817715866e-01
6.709585358543106448e-01
6.859299793147423108e-01
6.345440749113725465e-01
5.474761989412871843e-01
4.381586915990457465e-01
3.503294776598188109e-01
3.001309551994705282e-01
2.862610780114185904e-01
3.001309551994705282e-01
3.503294776598186999e-01
4.381586915990457465e-01
5.474761989412872953e-01
6.345440749113728796e-01
6.859299793147423108e-01
6.709585358543104228e-01
5.924716444817718086e-01
4.769103746492480700e-01
3.770483741445334047e-01
3.115085995711858180e-01
2.887994496328656346e-01
2.862610780114187570e-01
2.546235103643082476e-01
1.825994351177291919e-01
2.696255516203718838e-01
4.438076690354236797e-01
5.924716444817719196e-01
6.735322387927248355e-01
7.112005503671341433e-01
7.137389219885810210e-01
7.137389219885811320e-01
7.137389219885809100e-01
7.137389219885813541e-01
7.137389219885811320e-01
7.137389219885811320e-01
7.137389219885813541e-01
7.137389219885811320e-01
7.137389219885813541e-01
7.137389219885811320e-01
7.137389219885813541e-01
7.137389219885813541e-01
7.137389219885813541e-01
7.137389219885811320e-01
7.137389219885810210e-01
7.137389219885813541e-01
7.137389219885811320e-01
7.137389219885810210e-01
7.137389219885810210e-01
7.137389219885810210e-01
7.112005503671341433e-01
6.735322387927248355e-01
5.924716444817718086e-01
4.769103746492481810e-01
3.770483741445332382e-01
3.115085995711858180e-01
2.887994496328658567e-01
2.862610780114187570e-01
2.862610780114187570e-01
2.887994496328656902e-01
3.264677612072749979e-01
4.101508222283826166e-01
5.348420550128232254e-01
6.239314790995114102e-01
6.355213568500384103e-01
5.618413084009540315e-01
4.525238010587127602e-01
3.654559250886273425e-01
3.115085995711860956e-01
2.887994496328658567e-01
2.862610780114187570e-01
2.887994496328659677e-01
3.115085995711858180e-01
3.654559250886273425e-01
4.525238010587128712e-01
5.618413084009540315e-01
6.355213568500386323e-01
6.239314790995114102e-01
5.348420550128234474e-01
4.101508222283827831e-01
3.264677612072751089e-01
2.887994496328656346e-01
2.862610780114186459e-01
2.862610780114186459e-01
2.546235103643083586e-01
1.825994351177291919e-01
3.316218408676901985e-01
5.261126481129073662e-01
6.496705223401813001e-01
6.998690448005292497e-01
7.137389219885810210e-01
7.137389219885813541e-01
7.137389219885815761e-01
7.137389219885813541e-01
7.137389219885814651e-01
7.137389219885811320e-01
7.137389219885811320e-01
7.137389219885814651e-01
7.137389219885813541e-01
7.137389219885813541e-01
7.137389219885810210e-01
7.137389219885813541e-01
7.137389219885813541e-01
7.137389219885813541e-01
7.137389219885813541e-01
7.137389219885810210e-01
7.137389219885813541e-01
7.137389219885813541e-01
7.137389219885814651e-01
7.137389219885815761e-01
7.137389219885811320e-01
7.137389219885811320e-01
6.998690448005292497e-01
6.496705223401813001e-01
5.592082320249661676e-01
4.407917679750337769e-01
3.503294776598188109e-01
3.001309551994705282e-01
2.862610780114187015e-01
2.862610780114187570e-01
2.862610780114186459e-01
3.001309551994705282e-01
3.644786431499613122e-01
4.769103746492479035e-01
5.755319996454654197e-01
5.781599571037209229e-01
4.886683224983651708e-01
3.796560279520668213e-01
3.115085995711859290e-01
2.887994496328658567e-01
2.862610780114189235e-01
2.862610780114187015e-01
2.862610780114187570e-01
2.887994496328655791e-01
3.115085995711859290e-01
3.796560279520669323e-01
4.886683224983652818e-01
5.781599571037210339e-01
5.755319996454653086e-01
4.769103746492480700e-01
3.644786431499614232e-01
3.001309551994706393e-01
2.862610780114187570e-01
2.862610780114187570e-01
2.862610780114186459e-01
2.546235103643083586e-01
1.825994351177291919e-01
4.011061889533931724e-01
5.875057503852196827e-01
6.884914004288138489e-01
7.112005503671340323e-01
7.137389219885810210e-01
7.137389219885813541e-01
7.137389219885813541e-01
7.137389219885810210e-01
7.137389219885814651e-01
7.137389219885813541e-01
7.137389219885813541e-01
7.137389219885813541e-01
7.137389219885813541e-01
7.137389219885813541e-01
7.137389219885813541e-01
7.137389219885813541e-01
7.137389219885813541e-01
7.137389219885813541e-01
7.137389219885813541e-01
7.137389219885811320e-01
7.137389219885813541e-01
7.137389219885813541e-01
7.137389219885811320e-01
7.137389219885810210e-01
7.137389219885810210e-01
7.137389219885813541e-01
7.112005503671340323e-01
6.884914004288138489e-01
6.203439720479331232e-01
5.113316775016345517e-01
3.922665180097578697e-01
3.150334358273628732e-01
2.862610780114186459e-01
2.862610780114187570e-01
2.862610780114186459e-01
2.887994496328656346e-01
3.405249289345070318e-01
4.461609609721847169e-01
5.394638304901598902e-01
5.394638304901598902e-01
4.461609609721847725e-01
3.405249289345072539e-01
2.887994496328658567e-01
2.862610780114187570e-01
2.862610780114187570e-01
2.862610780114187570e-01
2.862610780114187570e-01
2.862610780114185904e-01
2.887994496328659677e-01
3.405249289345073649e-01
4.461609609721848280e-01
5.394638304901596682e-01
5.394638304901597792e-01
4.461609609721848280e-01
3.405249289345072539e-01
2.887994496328658567e-01
2.862610780114187570e-01
2.862610780114187570e-01
2.862610780114185904e-01
2.546235103643084696e-01
1.825994351177291919e-01
4.434303241266651097e-01
6.269149581789696946e-01
7.112005503671341433e-01
7.137389219885811320e-01
7.137389219885809100e-01
7.137389219885813541e-01
7.137389219885813541e-01
7.137389219885813541e-01
7.137389219885814651e-01
7.137389219885813541e-01
7.137389219885811320e-01
7.137389219885815761e-01
7.137389219885813541e-01
7.137389219885813541e-01
7.137389219885813541e-01
7.137389219885813541e-01
7.137389219885813541e-01
7.137389219885813541e-01
7.137389219885813541e-01
7.137389219885811320e-01
7.137389219885813541e-01
7.137389219885814651e-01
7.137389219885813541e-01
7.137389219885811320e-01
7.137389219885813541e-01
7.137389219885810210e-01
7.137389219885811320e-01
7.112005503671343654e-01
6.594750710654930792e-01
5.538390390278153941e-01
4.191124049160044329e-01
3.264677612072753310e-01
2.862610780114187570e-01
2.862610780114187570e-01
2.862610780114189235e-01
2.862610780114186459e-01
3.290414641456894107e-01
4.308161262809104275e-01
5.250744913910737610e-01
5.250744913910739831e-01
4.308161262809105385e-01
3.290414641456894107e-01
2.862610780114186459e-01
2.862610780114188125e-01
2.862610780114190345e-01
2.862610780114189235e-01
2.862610780114189235e-01
2.862610780114185904e-01
2.862610780114187570e-01
3.290414641456895217e-01
4.308161262809107606e-01
5.250744913910739831e-01
5.250744913910739831e-01
4.308161262809107606e-01
3.290414641456894107e-01
2.862610780114189235e-01
2.862610780114188125e-01
2.862610780114188125e-01
2.862610780114187570e-01
2.546235103643085251e-01
1.825994351177292474e-01
4.587937045032103311e-01
6.384968870315362865e-01
7.137389219885811320e-01
7.137389219885811320e-01
7.137389219885811320e-01
7.137389219885813541e-01
7.137389219885814651e-01
7.137389219885811320e-01
7.137389219885811320e-01
7.137389219885813541e-01
7.137389219885815761e-01
7.137389219885814651e-01
7.137389219885814651e-01
7.137389219885814651e-01
7.137389219885813541e-01
7.137389219885814651e-01
7.137389219885813541e-01
7.137389219885815761e-01
7.137389219885814651e-01
7.137389219885814651e-01
7.137389219885813541e-01
7.137389219885811320e-01
7.137389219885815761e-01
7.137389219885814651e-01
7.137389219885813541e-01
7.137389219885811320e-01
7.137389219885810210e-01
7.137389219885813541e-01
6.709585358543104228e-01
5.691838737190897390e-01
4.308161262809104830e-01
3.290414641456895217e-01
2.862610780114185904e-01
2.862610780114188125e-01
2.862610780114188125e-01
2.862610780114187015e-01
3.290414641456895217e-01
4.308161262809104830e-01
5.250744913910740941e-01
5.250744913910739831e-01
4.308161262809107050e-01
3.290414641456895217e-01
2.862610780114187570e-01
2.862610780114187015e-01
2.862610780114189235e-01
2.862610780114188125e-01
2.862610780114188125e-01
2.862610780114185349e-01
2.862610780114187570e-01
3.290414641456896327e-01
4.308161262809107606e-01
5.250744913910737610e-01
5.250744913910739831e-01
4.308161262809107606e-01
3.290414641456895217e-01
2.862610780114187570e-01
2.862610780114187015e-01
2.862610780114190345e-01
2.862610780114186459e-01
2.546235103643083586e-01
1.825994351177291919e-01
4.587937045032104422e-01
6.384968870315365086e-01
7.137389219885810210e-01
7.137389219885815761e-01
7.137389219885809100e-01
7.137389219885814651e-01
7.137389219885814651e-01
7.137389219885810210e-01
7.137389219885814651e-01
7.137389219885813541e-01
7.137389219885811320e-01
7.137389219885813541e-01
7.137389219885811320e-01
7.137389219885811320e-01
7.137389219885813541e-01
7.137389219885813541e-01
7.137389219885813541e-01
7.137389219885813541e-01
7.137389219885809100e-01
7.137389219885810210e-01
7.137389219885813541e-01
7.137389219885813541e-01
7.137389219885811320e-01
7.137389219885813541e-01
7.137389219885811320e-01
7.137389219885809100e-01
7.137389219885813541e-01
7.137389219885810210e-01
6.709585358543104228e-01
5.691838737190896280e-01
4.308161262809104830e-01
3.290414641456891331e-01
2.862610780114186459e-01
2.862610780114185904e-01
2.862610780114188125e-01
2.862610780114187015e-01
3.290414641456894107e-01
4.308161262809105385e-01
5.250744913910740941e-01
5.250744913910739831e-01
4.308161262809104830e-01
3.290414641456894107e-01
2.862610780114185904e-01
2.862610780114187015e-01
2.862610780114189790e-01
2.862610780114186459e-01
2.862610780114188125e-01
2.862610780114185349e-01
2.862610780114187570e-01
3.290414641456894107e-01
4.308161262809107606e-01
5.250744913910737610e-01
5.250744913910740941e-01
4.308161262809108161e-01
3.290414641456892997e-01
2.862610780114187570e-01
2.862610780114187570e-01
2.862610780114187570e-01
2.862610780114185349e-01
2.546235103643081921e-01
1.825994351177291919e-01
4.587937045032103867e-01
6.384968870315363976e-01
7.137389219885810210e-01
7.137389219885813541e-01
7.137389219885810210e-01
7.137389219885811320e-01
7.137389219885813541e-01
7.137389219885811320e-01
7.137389219885813541e-01
7.137389219885811320e-01
7.137389219885813541e-01
7.137389219885815761e-01
7.137389219885813541e-01
7.137389219885814651e-01
7.137389219885811320e-01
7.137389219885813541e-01
7.137389219885814651e-01
7.137389219885813541e-01
7.137389219885814651e-01
7.137389219885810210e-01
7.137389219885810210e-01
7.137389219885811320e-01
7.137389219885813541e-01
7.137389219885813541e-01
7.137389219885813541e-01
7.137389219885811320e-01
7.137389219885811320e-01
7.137389219885810210e-01
6.709585358543104228e-01
5.691838737190895170e-01
4.308161262809105385e-01
3.290414641456894107e-01
2.862610780114189235e-01
2.862610780114187015e-01
2.862610780114189790e-01
2.862610780114187015e-01
3.290414641456891887e-01
4.308161262809104830e-01
5.250744913910740941e-01
5.250744913910737610e-01
4.308161262809108716e-01
3.290414641456895772e-01
2.862610780114188125e-01
2.862610780114189235e-01
2.862610780114189235e-01
2.862610780114188125e-01
2.862610780114187570e-01
2.862610780114186459e-01
2.862610780114188125e-01
3.290414641456895772e-01
4.308161262809108161e-01
5.250744913910739831e-01
5.250744913910737610e-01
4.308161262809107050e-01
3.290414641456892997e-01
2.862610780114187015e-01
2.862610780114187570e-01
2.862610780114185904e-01
2.862610780114187570e-01
2.546235103643083586e-01
1.825994351177291919e-01
4.587937045032104422e-01
6.384968870315362865e-01
7.137389219885810210e-01
7.137389219885813541e-01
7.137389219885809100e-01
7.137389219885815761e-01
7.137389219885816871e-01
7.137389219885813541e-01
7.137389219885813541e-01
7.137389219885811320e-01
7.137389219885813541e-01
7.137389219885813541e-01
7.137389219885813541e-01
7.137389219885813541e-01
7.137389219885813541e-01
7.137389219885814651e-01
7.137389219885811320e-01
7.137389219885813541e-01
7.137389219885813541e-01
7.137389219885810210e-01
7.137389219885813541e-01
7.137389219885811320e-01
7.137389219885810210e-01
7.137389219885815761e-01
7.137389219885813541e-01
7.137389219885813541e-01
7.137389219885813541e-01
7.137389219885809100e-01
6.709585358543104228e-01
5.691838737190894060e-01
4.308161262809104275e-01
3.290414641456894107e-01
2.862610780114187015e-01
2.862610780114185904e-01
2.862610780114189235e-01
2.862610780114188125e-01
3.290414641456894107e-01
4.308161262809104830e-01
5.250744913910736500e-01
5.250744913910737610e-01
4.308161262809104830e-01
3.290414641456892997e-01
2.862610780114189235e-01
2.862610780114188125e-01
2.862610780114188125e-01
2.862610780114189235e-01
2.862610780114187570e-01
2.862610780114185904e-01
2.862610780114187570e-01
3.290414641456894107e-01
4.308161262809105385e-01
5.250744913910737610e-01
5.250744913910736500e-01
4.308161262809104275e-01
3.290414641456894107e-01
2.862610780114187570e-01
2.862610780114185904e-01
2.862610780114187015e-01
2.862610780114187015e-01
2.546235103643083586e-01
1.825994351177291919e-01
4.587937045032104422e-01
6.384968870315360645e-01
7.137389219885813541e-01
7.137389219885814651e-01
7.137389219885811320e-01
7.137389219885813541e-01
7.137389219885815761e-01
7.137389219885810210e-01
7.137389219885813541e-01
7.137389219885813541e-01
7.137389219885810210e-01
7.137389219885813541e-01
7.137389219885813541e-01
7.137389219885813541e-01
7.137389219885813541e-01
7.137389219885813541e-01
7.137389219885813541e-01
7.137389219885811320e-01
7.137389219885810210e-01
7.137389219885810210e-01
7.137389219885811320e-01
7.137389219885811320e-01
7.137389219885810210e-01
7.137389219885814651e-01
7.137389219885814651e-01
7.137389219885811320e-01
7.137389219885813541e-01
7.137389219885811320e-01
6.709585358543106448e-01
5.691838737190895170e-01
4.308161262809107050e-01
3.290414641456894107e-01
2.862610780114187015e-01
2.862610780114186459e-01
2.862610780114188125e-01
2.862610780114187570e-01
3.290414641456892997e-01
4.308161262809105385e-01
5.250744913910737610e-01
5.250744913910739831e-01
4.308161262809103720e-01
3.290414641456894107e-01
2.862610780114186459e-01
2.862610780114189235e-01
2.862610780114187570e-01
2.862610780114187015e-01
2.862610780114187570e-01
2.862610780114187570e-01
2.862610780114186459e-01
3.290414641456895217e-01
4.308161262809104275e-01
5.250744913910737610e-01
5.250744913910737610e-01
4.308161262809107606e-01
3.290414641456894107e-01
2.862610780114187015e-01
2.862610780114187570e-01
2.862610780114186459e-01
2.862610780114186459e-01
2.546235103643084696e-01
1.825994351177293029e-01
4.587937045032103311e-01
6.384968870315362865e-01
7.137389219885811320e-01
7.137389219885813541e-01
7.137389219885811320e-01
7.137389219885815761e-01
7.137389219885813541e-01
7.137389219885813541e-01
7.137389219885813541e-01
7.137389219885813541e-01
7.137389219885813541e-01
7.137389219885814651e-01
7.137389219885813541e-01
7.137389219885813541e-01
7.137389219885813541e-01
7.137389219885814651e-01
7.137389219885814651e-01
7.137389219885814651e-01
7.137389219885813541e-01
7.137389219885811320e-01
7.137389219885813541e-01
7.137389219885811320e-01
7.137389219885813541e-01
7.137389219885813541e-01
7.137389219885813541e-01
7.137389219885813541e-01
7.137389219885813541e-01
7.137389219885810210e-01
6.709585358543106448e-01
5.691838737190894060e-01
4.308161262809105385e-01
3.290414641456895217e-01
2.862610780114187015e-01
2.862610780114187015e-01
2.862610780114189235e-01
2.862610780114187015e-01
3.290414641456894107e-01
4.308161262809104830e-01
5.250744913910740941e-01
5.250744913910740941e-01
4.308161262809107050e-01
3.290414641456894107e-01
2.862610780114186459e-01
2.862610780114188125e-01
2.862610780114189790e-01
2.862610780114189790e-01
2.862610780114188125e-01
2.862610780114187570e-01
2.862610780114187015e-01
3.290414641456894107e-01
4.308161262809108161e-01
5.250744913910737610e-01
5.250744913910737610e-01
4.308161262809107606e-01
3.290414641456892997e-01
2.862610780114187570e-01
2.862610780114188125e-01
2.862610780114187015e-01
2.862610780114187570e-01
2.546235103643083586e-01
1.825994351177291919e-01
4.434303241266649986e-01
6.269149581789696946e-01
7.112005503671340323e-01
7.137389219885811320e-01
7.137389219885810210e-01
7.137389219885815761e-01
7.137389219885814651e-01
7.137389219885811320e-01
7.137389219885811320e-01
7.137389219885811320e-01
7.137389219885813541e-01
7.137389219885815761e-01
7.137389219885813541e-01
7.137389219885815761e-01
7.137389219885813541e-01
7.137389219885815761e-01
7.137389219885813541e-01
7.137389219885813541e-01
7.137389219885813541e-01
7.137389219885813541e-01
7.137389219885811320e-01
7.137389219885813541e-01
7.137389219885811320e-01
7.137389219885813541e-01
7.137389219885813541e-01
7.137389219885814651e-01
7.137389219885810210e-01
7.112005503671340323e-01
6.594750710654926351e-01
5.538390390278153941e-01
4.191124049160044329e-01
3.264677612072751089e-01
2.862610780114189235e-01
2.862610780114188125e-01
2.862610780114187570e-01
2.862610780114187570e-01
3.290414641456892997e-01
4.308161262809105385e-01
5.250744913910740941e-01
5.250744913910739831e-01
4.308161262809107606e-01
3.290414641456895217e-01
2.862610780114187015e-01
2.862610780114189790e-01
2.862610780114187570e-01
2.862610780114189235e-01
2.862610780114188125e-01
2.862610780114186459e-01
2.862610780114187570e-01
3.290414641456896883e-01
4.308161262809108161e-01
5.250744913910739831e-01
5.250744913910740941e-01
4.308161262809104830e-01
3.290414641456892997e-01
2.862610780114187015e-01
2.862610780114187015e-01
2.862610780114189235e-01
2.862610780114188125e-01
2.546235103643083586e-01
1.825994351177292474e-01
4.011061889533933944e-01
5.875057503852199048e-01
6.884914004288140710e-01
7.112005503671341433e-01
7.137389219885810210e-01
7.137389219885813541e-01
7.137389219885815761e-01
7.137389219885814651e-01
7.137389219885813541e-01
7.137389219885811320e-01
7.137389219885813541e-01
7.137389219885815761e-01
7.137389219885813541e-01
7.137389219885813541e-01
7.137389219885813541e-01
7.137389219885813541e-01
7.137389219885813541e-01
7.137389219885814651e-01
7.137389219885813541e-01
7.137389219885811320e-01
7.137389219885813541e-01
7.137389219885811320e-01
7.137389219885813541e-01
7.137389219885813541e-01
7.137389219885813541e-01
7.137389219885813541e-01
7.112005503671341433e-01
6.884914004288138489e-01
6.203439720479331232e-01
5.113316775016348847e-01
3.922665180097577586e-01
3.150334358273629842e-01
2.862610780114186459e-01
2.862610780114187570e-01
2.862610780114189235e-01
2.887994496328656902e-01
3.405249289345069763e-01
4.461609609721847169e-01
5.394638304901598902e-01
5.394638304901595571e-01
4.461609609721847169e-01
3.405249289345070318e-01
2.887994496328658567e-01
2.862610780114187570e-01
2.862610780114189790e-01
2.862610780114188125e-01
2.862610780114188125e-01
2.862610780114186459e-01
2.887994496328658567e-01
3.405249289345072539e-01
4.461609609721847169e-01
5.394638304901595571e-01
5.394638304901597792e-01
4.461609609721848280e-01
3.405249289345069763e-01
2.887994496328656346e-01
2.862610780114188125e-01
2.862610780114187015e-01
2.862610780114186459e-01
2.546235103643083586e-01
1.825994351177291919e-01
3.316218408676901985e-01
5.261126481129072552e-01
6.496705223401809670e-01
6.998690448005296938e-01
7.137389219885809100e-01
7.137389219885816871e-01
7.137389219885814651e-01
7.137389219885811320e-01
7.137389219885811320e-01
7.137389219885811320e-01
7.137389219885811320e-01
7.137389219885814651e-01
7.137389219885813541e-01
7.137389219885813541e-01
7.137389219885814651e-01
7.137389219885813541e-01
7.137389219885813541e-01
7.137389219885813541e-01
7.137389219885813541e-01
7.137389219885811320e-01
7.137389219885810210e-01
7.137389219885810210e-01
7.137389219885810210e-01
7.137389219885814651e-01
7.137389219885814651e-01
7.137389219885810210e-01
6.998690448005294718e-01
6.496705223401809670e-01
5.592082320249661676e-01
4.407917679750336104e-01
3.503294776598188109e-01
3.001309551994704172e-01
2.862610780114187570e-01
2.862610780114187570e-01
2.862610780114188125e-01
3.001309551994704727e-01
3.644786431499613122e-01
4.769103746492479035e-01
5.755319996454653086e-01
5.781599571037209229e-01
4.886683224983651708e-01
3.796560279520668213e-01
3.115085995711858180e-01
2.887994496328658567e-01
2.862610780114187570e-01
2.862610780114189235e-01
2.862610780114187015e-01
2.887994496328658567e-01
3.115085995711859290e-01
3.796560279520668768e-01
4.886683224983652818e-01
5.781599571037210339e-01
5.755319996454651976e-01
4.769103746492480145e-01
3.644786431499611457e-01
3.001309551994704727e-01
2.862610780114187015e-01
2.862610780114187015e-01
2.862610780114187015e-01
2.546235103643082476e-01
1.825994351177291919e-01
2.696255516203718838e-01
4.438076690354234577e-01
5.924716444817718086e-01
6.735322387927250576e-01
7.112005503671341433e-01
7.137389219885811320e-01
7.137389219885814651e-01
7.137389219885811320e-01
7.137389219885813541e-01
7.137389219885811320e-01
7.137389219885811320e-01
7.137389219885813541e-01
7.137389219885813541e-01
7.137389219885813541e-01
7.137389219885811320e-01
7.137389219885813541e-01
7.137389219885813541e-01
7.137389219885813541e-01
7.137389219885811320e-01
7.137389219885810210e-01
7.137389219885811320e-01
7.137389219885811320e-01
7.137389219885813541e-01
7.137389219885815761e-01
7.137389219885810210e-01
7.112005503671345874e-01
6.735322387927246135e-01
5.924716444817718086e-01
4.769103746492480145e-01
3.770483741445330161e-01
3.115085995711858180e-01
2.887994496328658567e-01
2.862610780114186459e-01
2.862610780114187015e-01
2.887994496328658567e-01
3.264677612072749979e-01
4.101508222283826166e-01
5.348420550128234474e-01
6.239314790995111881e-01
6.355213568500382992e-01
5.618413084009541425e-01
4.525238010587127602e-01
3.654559250886271760e-01
3.115085995711859290e-01
2.887994496328656346e-01
2.862610780114187015e-01
2.887994496328656346e-01
3.115085995711858180e-01
3.654559250886272315e-01
4.525238010587129822e-01
5.618413084009541425e-01
6.355213568500382992e-01
6.239314790995110771e-01
5.348420550128234474e-01
4.101508222283826166e-01
3.264677612072749979e-01
2.887994496328655791e-01
2.862610780114187015e-01
2.862610780114186459e-01
2.546235103643083586e-01
1.825994351177291919e-01
2.209578824947068532e-01
3.747203259392947183e-01
5.230896253507519855e-01
6.229516258554667063e-01
6.884914004288139600e-01
7.112005503671341433e-01
7.137389219885813541e-01
7.137389219885810210e-01
7.137389219885811320e-01
7.137389219885813541e-01
7.137389219885810210e-01
7.137389219885814651e-01
7.137389219885813541e-01
7.137389219885813541e-01
7.137389219885813541e-01
7.137389219885813541e-01
7.137389219885813541e-01
7.137389219885814651e-01
7.137389219885810210e-01
7.137389219885810210e-01
7.137389219885810210e-01
7.137389219885810210e-01
7.137389219885810210e-01
7.137389219885811320e-01
7.112005503671341433e-01
6.884914004288138489e-01
6.229516258554667063e-01
5.230896253507517635e-01
4.075283555182276918e-01
3.264677612072749979e-01
2.887994496328656902e-01
2.862610780114186459e-01
2.862610780114185904e-01
2.887994496328656902e-01
3.115085995711860956e-01
3.770483741445329606e-01
4.769103746492480145e-01
5.924716444817718086e-01
6.709585358543106448e-01
6.859299793147419777e-01
6.345440749113725465e-01
5.474761989412872953e-01
4.381586915990457465e-01
3.503294776598185889e-01
3.001309551994704172e-01
2.862610780114186459e-01
3.001309551994705282e-01
3.503294776598188109e-01
4.381586915990457465e-01
5.474761989412874064e-01
6.345440749113726575e-01
6.859299793147423108e-01
6.709585358543104228e-01
5.924716444817719196e-01
4.769103746492477924e-01
3.770483741445330161e-01
3.115085995711859290e-01
2.887994496328658567e-01
2.862610780114185349e-01
2.546235103643083031e-01
1.825994351177291364e-01
1.957991854970429768e-01
3.179700122513041127e-01
4.407917679750338880e-01
5.592082320249661676e-01
6.496705223401814111e-01
6.998690448005296938e-01
7.137389219885814651e-01
7.137389219885810210e-01
7.137389219885813541e-01
7.137389219885815761e-01
7.137389219885810210e-01
7.137389219885814651e-01
7.137389219885810210e-01
7.137389219885810210e-01
7.137389219885810210e-01
7.137389219885810210e-01
7.137389219885810210e-01
7.137389219885810210e-01
7.137389219885813541e-01
7.137389219885810210e-01
7.137389219885813541e-01
7.137389219885811320e-01
7.137389219885813541e-01
7.137389219885815761e-01
6.998690448005294718e-01
6.496705223401814111e-01
5.592082320249657235e-01
4.407917679750339990e-01
3.503294776598189220e-01
3.001309551994704727e-01
2.862610780114186459e-01
2.862610780114189235e-01
2.887994496328658567e-01
3.115085995711862066e-01
3.654559250886276200e-01
4.525238010587124826e-01
5.618413084009541425e-01
6.496705223401811891e-01
6.998690448005296938e-01
7.112005503671341433e-01
6.884914004288139600e-01
6.229516258554667063e-01
5.230896253507517635e-01
4.075283555182280248e-01
3.264677612072749979e-01
2.913402704302758828e-01
3.264677612072749979e-01
4.075283555182279138e-01
5.230896253507519855e-01
6.229516258554669283e-01
6.884914004288140710e-01
7.112005503671341433e-01
6.998690448005294718e-01
6.496705223401813001e-01
5.618413084009541425e-01
4.525238010587126491e-01
3.654559250886275090e-01
3.115085995711862066e-01
2.887994496328655236e-01
2.546235103643084696e-01
1.825994351177291919e-01
1.850126105031283386e-01
2.795589427600779775e-01
3.770483741445330161e-01
4.742702949484287611e-01
5.807869768155384804e-01
6.585038344156346479e-01
6.998690448005295828e-01
7.112005503671343654e-01
7.137389219885813541e-01
7.137389219885810210e-01
7.137389219885810210e-01
7.137389219885811320e-01
7.137389219885813541e-01
7.137389219885814651e-01
7.137389219885814651e-01
7.137389219885815761e-01
7.137389219885814651e-01
7.137389219885814651e-01
7.137389219885810210e-01
7.137389219885810210e-01
7.137389219885809100e-01
7.137389219885811320e-01
7.112005503671345874e-01
6.998690448005295828e-01
6.585038344156344259e-01
5.807869768155388135e-01
4.742702949484288166e-01
3.770483741445329606e-01
3.115085995711860956e-01
2.887994496328656346e-01
2.862610780114186459e-01
2.862610780114187015e-01
3.001309551994706393e-01
3.503294776598188109e-01
4.381586915990456910e-01
5.474761989412870733e-01
6.345440749113724355e-01
6.884914004288140710e-01
7.112005503671341433e-01
7.137389219885813541e-01
7.112005503671341433e-01
6.735322387927248355e-01
5.898491777716171613e-01
4.651579449871764416e-01
3.618799431554577395e-01
3.140700206852577447e-01
3.618799431554578505e-01
4.651579449871762750e-01
5.898491777716171613e-01
6.735322387927248355e-01
7.112005503671341433e-01
7.137389219885811320e-01
7.112005503671341433e-01
6.884914004288141820e-01
6.345440749113724355e-01
5.474761989412872953e-01
4.381586915990459130e-01
3.503294776598188109e-01
3.001309551994706393e-01
2.546235103643084696e-01
1.825994351177291919e-01
1.825994351177292474e-01
2.571288837437494257e-01
3.264677612072748869e-01
3.958656344305653829e-01
4.960378558321010822e-01
5.807869768155388135e-01
6.496705223401813001e-01
6.884914004288138489e-01
7.112005503671345874e-01
7.137389219885813541e-01
7.137389219885813541e-01
7.137389219885813541e-01
7.137389219885811320e-01
7.137389219885811320e-01
7.137389219885813541e-01
7.137389219885813541e-01
7.137389219885811320e-01
7.137389219885813541e-01
7.137389219885811320e-01
7.137389219885811320e-01
7.137389219885810210e-01
7.112005503671343654e-01
6.884914004288138489e-01
6.496705223401813001e-01
5.807869768155388135e-01
4.960378558321012488e-01
3.958656344305651609e-01
3.264677612072751089e-01
2.887994496328658567e-01
2.862610780114186459e-01
2.862610780114189235e-01
2.887994496328658567e-01
3.264677612072751089e-01
4.075283555182278028e-01
5.230896253507518745e-01
6.229516258554669283e-01
6.884914004288139600e-01
7.112005503671341433e-01
7.137389219885813541e-01
7.137389219885811320e-01
7.137389219885811320e-01
6.973176500161714086e-01
6.239314790995111881e-01
5.076975929149607492e-01
3.832462485001177921e-01
3.389130243904187600e-01
3.832462485001176811e-01
5.076975929149607492e-01
6.239314790995111881e-01
6.973176500161716307e-01
7.137389219885813541e-01
7.137389219885811320e-01
7.137389219885813541e-01
7.112005503671341433e-01
6.884914004288138489e-01
6.229516258554670394e-01
5.230896253507519855e-01
4.075283555182280248e-01
3.264677612072751089e-01
2.571288837437495367e-01
1.825994351177293029e-01
1.825994351177291919e-01
2.546235103643083586e-01
3.001309551994703617e-01
3.352631603442697839e-01
3.958656344305650499e-01
4.742702949484289832e-01
5.592082320249661676e-01
6.229516258554665953e-01
6.735322387927248355e-01
6.998690448005292497e-01
7.112005503671341433e-01
7.137389219885814651e-01
7.137389219885813541e-01
7.137389219885813541e-01
7.137389219885814651e-01
7.137389219885813541e-01
7.137389219885813541e-01
7.137389219885813541e-01
7.137389219885813541e-01
7.112005503671341433e-01
6.998690448005292497e-01
6.735322387927247245e-01
6.229516258554665953e-01
5.592082320249662786e-01
4.742702949484289277e-01
3.958656344305651609e-01
3.352631603442696728e-01
3.001309551994706393e-01
2.862610780114185349e-01
2.862610780114186459e-01
2.887994496328656346e-01
3.115085995711858180e-01
3.770483741445330717e-01
4.769103746492480145e-01
5.924716444817719196e-01
6.735322387927247245e-01
7.112005503671341433e-01
7.137389219885811320e-01
7.137389219885811320e-01
7.137389219885810210e-01
7.112005503671341433e-01
6.859299793147421997e-01
6.087163606915132474e-01
4.959366674270078157e-01
3.806366303671935847e-01
3.389130243904187600e-01
3.806366303671935292e-01
4.959366674270075936e-01
6.087163606915134695e-01
6.859299793147424218e-01
7.112005503671341433e-01
7.137389219885811320e-01
7.137389219885810210e-01
7.137389219885813541e-01
7.112005503671341433e-01
6.735322387927247245e-01
5.924716444817719196e-01
4.769103746492481810e-01
3.770483741445331272e-01
2.795589427600778665e-01
1.850126105031281720e-01
1.825994351177291919e-01
2.546235103643082476e-01
2.887994496328656346e-01
3.001309551994705282e-01
3.264677612072747759e-01
3.770483741445332937e-01
4.407917679750338324e-01
5.230896253507517635e-01
5.924716444817718086e-01
6.496705223401809670e-01
6.884914004288138489e-01
7.112005503671343654e-01
7.137389219885813541e-01
7.137389219885813541e-01
7.137389219885813541e-01
7.137389219885813541e-01
7.137389219885813541e-01
7.137389219885813541e-01
7.112005503671341433e-01
6.884914004288139600e-01
6.496705223401811891e-01
5.924716444817716976e-01
5.230896253507518745e-01
4.407917679750338880e-01
3.770483741445331272e-01
3.264677612072749979e-01
3.001309551994703617e-01
2.887994496328656902e-01
2.862610780114187015e-01
2.887994496328655791e-01
3.115085995711860956e-01
3.654559250886273425e-01
4.525238010587126491e-01
5.618413084009541425e-01
6.496705223401809670e-01
6.998690448005294718e-01
7.137389219885810210e-01
7.137389219885810210e-01
7.137389219885810210e-01
7.112005503671341433e-01
6.884914004288139600e-01
6.345440749113724355e-01
5.474761989412871843e-01
4.381586915990460795e-01
3.503294776598189220e-01
3.140700206852578558e-01
3.503294776598188109e-01
4.381586915990459130e-01
5.474761989412871843e-01
6.345440749113726575e-01
6.884914004288140710e-01
7.112005503671341433e-01
7.137389219885811320e-01
7.137389219885811320e-01
7.137389219885811320e-01
6.998690448005294718e-01
6.496705223401809670e-01
5.618413084009541425e-01
4.525238010587127047e-01
3.329598181482719688e-01
2.066526778679592946e-01
1.825994351177291364e-01
2.546235103643082476e-01
2.862610780114186459e-01
2.862610780114187570e-01
2.887994496328655236e-01
3.115085995711860956e-01
3.503294776598189220e-01
4.075283555182280248e-01
4.769103746492479035e-01
5.592082320249661676e-01
6.203439720479331232e-01
6.594750710654934123e-01
6.709585358543104228e-01
6.709585358543104228e-01
6.709585358543106448e-01
6.709585358543106448e-01
6.709585358543106448e-01
6.709585358543107558e-01
6.594750710654930792e-01
6.203439720479331232e-01
5.592082320249659455e-01
4.769103746492479035e-01
4.075283555182280248e-01
3.503294776598189220e-01
3.115085995711863176e-01
2.887994496328658567e-01
2.862610780114185904e-01
2.862610780114186459e-01
2.887994496328655791e-01
3.115085995711860956e-01
3.654559250886273425e-01
4.498877968503823821e-01
5.501122031496177289e-01
6.345440749113725465e-01
6.884914004288138489e-01
7.112005503671341433e-01
7.137389219885810210e-01
7.137389219885810210e-01
7.112005503671341433e-01
6.884914004288139600e-01
6.345440749113724355e-01
5.501122031496176179e-01
4.498877968503821601e-01
3.654559250886273425e-01
3.115085995711860956e-01
2.913402704302758828e-01
3.115085995711858180e-01
3.654559250886272315e-01
4.498877968503821601e-01
5.501122031496180620e-01
6.345440749113726575e-01
6.884914004288139600e-01
7.112005503671341433e-01
7.137389219885813541e-01
7.137389219885811320e-01
7.112005503671343654e-01
6.884914004288139600e-01
6.345440749113724355e-01
5.501122031496176179e-01
4.168672580772708192e-01
2.584306569459230984e-01
1.967129348107859999e-01
2.657999470743453996e-01
2.887994496328656902e-01
2.862610780114188125e-01
2.862610780114185904e-01
2.887994496328659677e-01
3.001309551994706948e-01
3.264677612072747759e-01
3.770483741445330161e-01
4.407917679750338324e-01
5.113316775016349958e-01
5.538390390278155051e-01
5.691838737190894060e-01
5.691838737190895170e-01
5.691838737190894060e-01
5.691838737190897390e-01
5.691838737190895170e-01
5.691838737190897390e-01
5.538390390278153941e-01
5.113316775016347737e-01
4.407917679750337769e-01
3.770483741445330161e-01
3.264677612072749979e-01
3.001309551994706948e-01
2.887994496328658567e-01
2.862610780114187015e-01
2.862610780114186459e-01
2.887994496328656902e-01
3.115085995711859290e-01
3.654559250886275090e-01
4.498877968503822711e-01
5.501122031496177289e-01
6.345440749113725465e-01
6.884914004288139600e-01
7.112005503671348094e-01
7.137389219885811320e-01
7.137389219885813541e-01
7.137389219885810210e-01
6.998690448005294718e-01
6.496705223401811891e-01
5.618413084009540315e-01
4.525238010587125936e-01
3.654559250886273425e-01
3.115085995711862066e-01
2.887994496328658567e-01
2.862610780114189235e-01
2.887994496328658567e-01
3.115085995711859290e-01
3.654559250886274535e-01
4.525238010587127047e-01
5.618413084009540315e-01
6.496705223401813001e-01
6.998690448005294718e-01
7.137389219885813541e-01
7.137389219885813541e-01
7.137389219885811320e-01
7.112005503671348094e-01
6.884914004288140710e-01
6.345440749113723244e-01
5.143558512302137675e-01
3.290461243961554927e-01
2.363027536601368106e-01
3.040124484623687451e-01
3.115085995711859290e-01
2.887994496328655791e-01
2.862610780114186459e-01
2.862610780114187015e-01
2.862610780114187015e-01
2.887994496328655791e-01
3.115085995711859290e-01
3.503294776598189220e-01
3.922665180097577586e-01
4.191124049160045439e-01
4.308161262809104275e-01
4.308161262809105385e-01
4.308161262809104275e-01
4.308161262809105385e-01
4.308161262809103720e-01
4.308161262809105385e-01
4.191124049160044329e-01
3.922665180097578697e-01
3.503294776598189220e-01
3.115085995711860956e-01
2.887994496328656346e-01
2.862610780114188125e-01
2.862610780114187015e-01
2.862610780114189235e-01
2.887994496328655791e-01
3.115085995711858180e-01
3.654559250886273425e-01
4.498877968503822711e-01
5.501122031496178399e-01
6.345440749113724355e-01
6.884914004288145151e-01
7.112005503671345874e-01
7.137389219885814651e-01
7.137389219885811320e-01
7.137389219885814651e-01
7.112005503671343654e-01
6.735322387927248355e-01
5.924716444817719196e-01
4.769103746492481255e-01
3.770483741445331272e-01
3.115085995711860956e-01
2.887994496328656902e-01
2.862610780114187570e-01
2.862610780114188125e-01
2.862610780114185904e-01
2.887994496328656346e-01
3.115085995711860956e-01
3.770483741445332382e-01
4.769103746492480145e-01
5.924716444817720307e-01
6.735322387927248355e-01
7.112005503671343654e-01
7.137389219885814651e-01
7.137389219885813541e-01
7.137389219885814651e-01
7.112005503671348094e-01
6.884914004288141820e-01
5.875057503852199048e-01
4.011061889533932834e-01
3.062012060997351681e-01
3.756998919300091888e-01
3.654559250886273425e-01
3.115085995711860956e-01
2.887994496328656346e-01
2.862610780114189235e-01
2.862610780114187570e-01
2.862610780114185349e-01
2.887994496328656902e-01
3.001309551994704172e-01
3.150334358273629842e-01
3.264677612072751089e-01
3.290414641456894107e-01
3.290414641456894107e-01
3.290414641456892442e-01
3.290414641456895772e-01
3.290414641456895217e-01
3.290414641456894107e-01
3.264677612072751089e-01
3.150334358273629842e-01
3.001309551994704727e-01
2.887994496328656902e-01
2.862610780114185349e-01
2.862610780114187015e-01
2.862610780114187570e-01
2.887994496328658567e-01
3.115085995711858180e-01
3.654559250886274535e-01
4.498877968503821601e-01
5.501122031496178399e-01
6.345440749113728796e-01
6.884914004288138489e-01
7.112005503671340323e-01
7.137389219885813541e-01
7.137389219885813541e-01
7.137389219885810210e-01
7.112005503671340323e-01
6.884914004288139600e-01
6.229516258554669283e-01
5.230896253507519855e-01
4.075283555182279138e-01
3.264677612072749979e-01
2.887994496328656902e-01
2.862610780114187015e-01
2.862610780114188125e-01
2.862610780114188125e-01
2.862610780114187570e-01
2.862610780114185349e-01
2.887994496328656902e-01
3.264677612072753310e-01
4.075283555182279138e-01
5.230896253507519855e-01
6.229516258554669283e-01
6.884914004288141820e-01
7.112005503671339213e-01
7.137389219885813541e-01
7.137389219885813541e-01
7.137389219885811320e-01
7.112005503671341433e-01
6.269149581789698056e-01
4.434303241266650542e-01
3.779332661044398356e-01
4.728034592034701111e-01
4.525238010587126491e-01
3.770483741445332937e-01
3.264677612072748869e-01
3.001309551994706948e-01
2.887994496328658567e-01
2.862610780114185349e-01
2.862610780114185904e-01
2.862610780114187015e-01
2.862610780114188125e-01
2.862610780114188125e-01
2.862610780114185349e-01
2.862610780114187570e-01
2.862610780114186459e-01
2.862610780114187570e-01
2.862610780114187015e-01
2.862610780114187570e-01
2.862610780114187570e-01
2.862610780114186459e-01
2.862610780114186459e-01
2.862610780114185904e-01
2.862610780114187015e-01
2.887994496328658567e-01
3.001309551994705282e-01
3.264677612072749979e-01
3.770483741445330717e-01
4.525238010587126491e-01
5.501122031496177289e-01
6.345440749113726575e-01
6.884914004288139600e-01
7.112005503671341433e-01
7.137389219885813541e-01
7.137389219885811320e-01
7.137389219885815761e-01
7.112005503671340323e-01
6.884914004288140710e-01
6.345440749113723244e-01
5.474761989412874064e-01
4.381586915990457465e-01
3.503294776598186999e-01
3.001309551994704172e-01
2.862610780114187570e-01
2.862610780114189235e-01
2.862610780114188125e-01
2.862610780114189235e-01
2.862610780114187570e-01
2.862610780114187015e-01
2.862610780114187015e-01
3.001309551994705282e-01
3.503294776598188109e-01
4.381586915990458575e-01
5.474761989412871843e-01
6.345440749113725465e-01
6.884914004288140710e-01
7.112005503671341433e-01
7.137389219885815761e-01
7.137389219885813541e-01
7.137389219885810210e-01
6.384968870315361755e-01
4.587937045032103311e-01
4.326979733275544970e-01
5.578457436078810838e-01
5.618413084009539205e-01
4.769103746492479035e-01
4.075283555182278028e-01
3.503294776598188109e-01
3.115085995711859290e-01
2.887994496328655791e-01
2.862610780114187015e-01
2.862610780114187570e-01
2.862610780114185904e-01
2.862610780114187570e-01
2.862610780114185349e-01
2.862610780114187570e-01
2.862610780114186459e-01
2.862610780114187570e-01
2.862610780114185904e-01
2.862610780114187570e-01
2.862610780114187570e-01
2.862610780114187015e-01
2.862610780114187570e-01
2.862610780114187570e-01
2.887994496328656346e-01
3.115085995711860956e-01
3.503294776598188109e-01
4.075283555182280248e-01
4.769103746492479035e-01
5.618413084009540315e-01
6.345440749113724355e-01
6.884914004288140710e-01
7.112005503671341433e-01
7.137389219885811320e-01
7.137389219885816871e-01
7.137389219885814651e-01
7.112005503671341433e-01
6.884914004288139600e-01
6.345440749113726575e-01
5.501122031496179510e-01
4.498877968503823266e-01
3.654559250886273425e-01
3.115085995711860956e-01
2.887994496328656902e-01
2.862610780114187570e-01
2.862610780114187015e-01
2.862610780114187570e-01
2.862610780114188125e-01
2.862610780114185904e-01
2.862610780114186459e-01
2.862610780114187570e-01
2.887994496328658567e-01
3.115085995711860956e-01
3.654559250886274535e-01
4.498877968503823266e-01
5.501122031496178399e-01
6.345440749113726575e-01
6.884914004288140710e-01
7.112005503671341433e-01
7.137389219885815761e-01
7.137389219885814651e-01
6.384968870315362865e-01
4.587937045032103311e-01
4.561563931942125283e-01
6.126913364949013729e-01
6.496705223401809670e-01
5.924716444817719196e-01
5.230896253507517635e-01
4.381586915990459130e-01
3.654559250886273425e-01
3.115085995711857070e-01
2.887994496328656902e-01
2.862610780114186459e-01
2.862610780114186459e-01
2.862610780114188125e-01
2.862610780114187015e-01
2.862610780114187015e-01
2.862610780114185904e-01
2.862610780114187570e-01
2.862610780114188125e-01
2.862610780114187570e-01
2.862610780114187570e-01
2.862610780114186459e-01
2.862610780114185904e-01
2.887994496328656902e-01
3.115085995711857070e-01
3.654559250886272315e-01
4.381586915990459130e-01
5.230896253507519855e-01
5.924716444817718086e-01
6.496705223401811891e-01
6.884914004288139600e-01
7.112005503671341433e-01
7.137389219885813541e-01
7.137389219885810210e-01
7.137389219885811320e-01
7.112005503671341433e-01
6.884914004288140710e-01
6.345440749113723244e-01
5.501122031496176179e-01
4.498877968503821601e-01
3.654559250886274535e-01
3.115085995711860956e-01
2.887994496328658567e-01
2.862610780114187015e-01
2.862610780114187015e-01
2.862610780114187015e-01
2.862610780114188125e-01
2.862610780114188125e-01
2.862610780114187570e-01
2.862610780114185349e-01
2.862610780114187015e-01
2.862610780114189790e-01
2.887994496328658567e-01
3.115085995711858180e-01
3.654559250886274535e-01
4.498877968503824376e-01
5.501122031496173959e-01
6.345440749113725465e-01
6.884914004288140710e-01
7.112005503671340323e-01
7.137389219885810210e-01
6.384968870315362865e-01
4.587937045032104422e-01
4.587937045032104422e-01
6.358984228636325176e-01
6.998690448005290277e-01
6.735322387927248355e-01
6.229516258554663732e-01
5.474761989412872953e-01
4.525238010587126491e-01
3.770483741445330161e-01
3.264677612072751089e-01
3.001309551994704172e-01
2.887994496328656346e-01
2.862610780114189235e-01
2.862610780114185349e-01
2.862610780114185349e-01
2.862610780114186459e-01
2.862610780114187015e-01
2.862610780114187570e-01
2.862610780114187570e-01
2.862610780114187015e-01
2.887994496328655791e-01
3.001309551994705282e-01
3.264677612072749979e-01
3.770483741445330161e-01
4.525238010587127602e-01
5.474761989412871843e-01
6.229516258554667063e-01
6.735322387927247245e-01
6.998690448005294718e-01
7.112005503671340323e-01
7.137389219885813541e-01
7.137389219885811320e-01
7.137389219885810210e-01
7.112005503671341433e-01
6.884914004288139600e-01
6.345440749113724355e-01
5.501122031496175069e-01
4.498877968503822711e-01
3.654559250886271760e-01
3.115085995711860956e-01
2.887994496328656346e-01
2.862610780114187015e-01
2.862610780114186459e-01
2.862610780114186459e-01
2.862610780114187570e-01
2.862610780114186459e-01
2.862610780114186459e-01
2.862610780114184239e-01
2.862610780114185349e-01
2.862610780114187570e-01
2.862610780114188125e-01
2.862610780114187570e-01
2.887994496328656346e-01
3.115085995711859290e-01
3.654559250886273425e-01
4.498877968503822711e-01
5.501122031496175069e-01
6.345440749113724355e-01
6.884914004288140710e-01
7.112005503671341433e-01
6.384968870315361755e-01
4.587937045032103311e-01
4.587937045032103311e-01
6.384968870315361755e-01
7.137389219885811320e-01
7.112005503671341433e-01
6.884914004288137379e-01
6.345440749113725465e-01
5.618413084009540315e-01
4.769103746492478479e-01
4.101508222283826166e-01
3.644786431499613122e-01
3.405249289345068653e-01
3.290414641456895217e-01
3.290414641456894107e-01
3.290414641456894107e-01
3.290414641456892997e-01
3.290414641456892997e-01
3.290414641456894107e-01
3.290414641456892997e-01
3.290414641456894107e-01
3.405249289345069208e-01
3.644786431499614232e-01
4.101508222283824501e-01
4.769103746492479035e-01
5.618413084009540315e-01
6.345440749113724355e-01
6.884914004288140710e-01
7.112005503671339213e-01
7.137389219885810210e-01
7.137389219885810210e-01
7.137389219885810210e-01
7.137389219885811320e-01
7.112005503671341433e-01
6.884914004288138489e-01
6.345440749113725465e-01
5.501122031496175069e-01
4.498877968503823266e-01
3.654559250886271760e-01
3.115085995711858180e-01
2.887994496328655236e-01
2.862610780114186459e-01
2.862610780114186459e-01
2.862610780114185349e-01
2.862610780114186459e-01
2.862610780114189235e-01
2.862610780114187015e-01
2.862610780114186459e-01
2.862610780114186459e-01
2.862610780114186459e-01
2.862610780114185349e-01
2.862610780114187570e-01
2.862610780114187015e-01
2.862610780114186459e-01
2.887994496328656346e-01
3.115085995711858180e-01
3.654559250886273425e-01
4.498877968503822711e-01
5.501122031496175069e-01
6.345440749113725465e-01
6.884914004288138489e-01
6.358984228636325176e-01
4.587937045032104422e-01
4.587937045032101646e-01
6.384968870315360645e-01
7.137389219885811320e-01
7.137389219885814651e-01
7.112005503671340323e-01
6.884914004288140710e-01
6.496705223401813001e-01
5.924716444817719196e-01
5.348420550128234474e-01
4.769103746492479035e-01
4.461609609721845504e-01
4.308161262809108161e-01
4.308161262809104275e-01
4.308161262809104275e-01
4.308161262809103720e-01
4.308161262809105385e-01
4.308161262809107050e-01
4.308161262809105385e-01
4.308161262809105385e-01
4.461609609721844949e-01
4.769103746492477924e-01
5.348420550128234474e-01
5.924716444817720307e-01
6.496705223401813001e-01
6.884914004288140710e-01
7.112005503671341433e-01
7.137389219885810210e-01
7.137389219885811320e-01
7.137389219885813541e-01
7.137389219885813541e-01
7.112005503671340323e-01
6.884914004288139600e-01
6.345440749113724355e-01
5.501122031496177289e-01
4.498877968503820490e-01
3.654559250886273425e-01
3.115085995711858180e-01
2.887994496328655791e-01
2.862610780114187570e-01
2.862610780114186459e-01
2.862610780114187570e-01
2.862610780114185349e-01
2.862610780114187015e-01
2.862610780114186459e-01
2.862610780114186459e-01
2.862610780114188125e-01
2.862610780114184239e-01
2.862610780114185904e-01
2.862610780114185904e-01
2.862610780114189235e-01
2.862610780114189235e-01
2.862610780114186459e-01
2.862610780114186459e-01
2.887994496328656902e-01
3.115085995711857070e-01
3.654559250886274535e-01
4.498877968503821045e-01
5.501122031496176179e-01
6.345440749113724355e-01
6.126913364949013729e-01
4.561563931942125283e-01
4.587937045032104422e-01
6.384968870315362865e-01
7.137389219885811320e-01
7.137389219885811320e-01
7.137389219885814651e-01
7.112005503671343654e-01
6.998690448005295828e-01
6.709585358543104228e-01
6.239314790995114102e-01
5.755319996454656417e-01
5.394638304901595571e-01
5.250744913910740941e-01
5.250744913910735390e-01
5.250744913910736500e-01
5.250744913910735390e-01
5.250744913910735390e-01
5.250744913910736500e-01
5.250744913910736500e-01
5.250744913910739831e-01
5.394638304901594461e-01
5.755319996454655307e-01
6.239314790995111881e-01
6.709585358543106448e-01
6.998690448005296938e-01
7.112005503671341433e-01
7.137389219885814651e-01
7.137389219885809100e-01
7.137389219885813541e-01
7.112005503671341433e-01
6.998690448005294718e-01
6.735322387927247245e-01
6.229516258554669283e-01
5.474761989412871843e-01
4.498877968503823821e-01
3.654559250886276200e-01
3.115085995711858180e-01
2.887994496328659677e-01
2.862610780114189235e-01
2.862610780114188125e-01
2.862610780114186459e-01
2.862610780114187570e-01
2.862610780114186459e-01
2.862610780114186459e-01
2.862610780114189235e-01
2.862610780114186459e-01
2.862610780114187570e-01
2.862610780114185904e-01
2.862610780114186459e-01
2.862610780114186459e-01
2.862610780114189235e-01
2.862610780114187570e-01
2.862610780114187015e-01
2.862610780114187570e-01
2.862610780114189790e-01
2.887994496328659677e-01
3.115085995711859290e-01
3.654559250886275090e-01
4.498877968503823821e-01
5.474761989412871843e-01
5.461122509470500708e-01
4.173775669422136181e-01
4.434303241266650542e-01
6.269149581789696946e-01
7.112005503671341433e-01
7.137389219885811320e-01
7.137389219885810210e-01
7.137389219885811320e-01
7.112005503671341433e-01
6.859299793147424218e-01
6.355213568500386323e-01
5.781599571037207008e-01
5.394638304901595571e-01
5.250744913910737610e-01
5.250744913910739831e-01
5.250744913910740941e-01
5.250744913910740941e-01
5.250744913910740941e-01
5.250744913910740941e-01
5.250744913910740941e-01
5.250744913910736500e-01
5.394638304901595571e-01
5.781599571037207008e-01
6.355213568500384103e-01
6.859299793147426438e-01
7.112005503671341433e-01
7.137389219885809100e-01
7.137389219885811320e-01
7.137389219885811320e-01
7.112005503671340323e-01
6.884914004288140710e-01
6.496705223401811891e-01
5.924716444817716976e-01
5.230896253507518745e-01
4.381586915990458575e-01
3.654559250886273425e-01
3.115085995711858180e-01
2.887994496328655791e-01
2.862610780114187570e-01
2.862610780114189790e-01
2.862610780114187570e-01
2.862610780114187015e-01
2.862610780114186459e-01
2.862610780114187015e-01
2.862610780114187015e-01
2.862610780114187570e-01
2.862610780114189235e-01
2.862610780114186459e-01
2.862610780114188125e-01
2.862610780114186459e-01
2.862610780114187570e-01
2.862610780114187570e-01
2.862610780114186459e-01
2.862610780114186459e-01
2.862610780114186459e-01
2.862610780114189235e-01
2.862610780114186459e-01
2.887994496328656346e-01
3.115085995711858180e-01
3.654559250886273425e-01
4.381586915990458575e-01
4.484233522928588456e-01
3.476455956617834908e-01
4.011061889533934499e-01
5.875057503852196827e-01
6.884914004288140710e-01
7.112005503671341433e-01
7.137389219885810210e-01
7.112005503671341433e-01
6.884914004288140710e-01
6.345440749113723244e-01
5.618413084009543645e-01
4.886683224983652263e-01
4.461609609721847725e-01
4.308161262809107606e-01
4.308161262809105385e-01
4.308161262809105385e-01
4.308161262809104830e-01
4.308161262809104830e-01
4.308161262809105385e-01
4.308161262809107050e-01
4.308161262809105385e-01
4.461609609721845504e-01
4.886683224983650597e-01
5.618413084009542535e-01
6.345440749113723244e-01
6.884914004288140710e-01
7.112005503671341433e-01
7.137389219885810210e-01
7.112005503671341433e-01
6.884914004288140710e-01
6.345440749113725465e-01
5.618413084009540315e-01
4.769103746492481255e-01
4.075283555182280248e-01
3.503294776598188109e-01
3.115085995711858180e-01
2.887994496328656902e-01
2.862610780114187015e-01
2.862610780114187570e-01
2.862610780114186459e-01
2.862610780114187570e-01
2.862610780114186459e-01
2.862610780114187570e-01
2.862610780114187570e-01
2.862610780114189235e-01
2.862610780114187570e-01
2.862610780114188125e-01
2.862610780114187570e-01
2.862610780114187570e-01
2.862610780114186459e-01
2.862610780114189235e-01
2.862610780114190345e-01
2.862610780114188125e-01
2.862610780114187570e-01
2.862610780114187570e-01
2.862610780114187570e-01
2.862610780114185349e-01
2.862610780114189235e-01
2.887994496328656346e-01
3.115085995711859290e-01
3.503294776598188109e-01
3.454286069689702088e-01
2.618843198668558969e-01
3.290461243961556037e-01
5.143558512302137675e-01
6.345440749113723244e-01
6.859299793147424218e-01
6.973176500161708535e-01
6.735322387927252796e-01
6.229516258554670394e-01
5.474761989412872953e-01
4.525238010587125936e-01
3.796560279520666548e-01
3.405249289345070318e-01
3.290414641456895772e-01
3.290414641456895772e-01
3.290414641456895772e-01
3.290414641456894107e-01
3.290414641456895772e-01
3.290414641456895772e-01
3.290414641456895217e-01
3.290414641456892997e-01
3.405249289345069208e-01
3.796560279520664882e-01
4.525238010587124271e-01
5.474761989412870733e-01
6.229516258554670394e-01
6.735322387927250576e-01
6.973176500161711866e-01
6.859299793147421997e-01
6.345440749113723244e-01
5.501122031496177289e-01
4.525238010587125936e-01
3.770483741445331272e-01
3.264677612072749979e-01
3.001309551994705282e-01
2.887994496328658567e-01
2.862610780114188125e-01
2.862610780114185904e-01
2.862610780114185904e-01
2.862610780114185904e-01
2.862610780114186459e-01
2.862610780114187015e-01
2.862610780114187570e-01
2.862610780114186459e-01
2.862610780114186459e-01
2.862610780114188125e-01
2.862610780114187570e-01
2.862610780114189235e-01
2.862610780114185904e-01
2.862610780114187570e-01
2.862610780114187015e-01
2.862610780114188125e-01
2.862610780114189235e-01
2.862610780114187570e-01
2.862610780114185349e-01
2.862610780114186459e-01
2.862610780114184239e-01
2.862610780114185904e-01
2.862610780114187015e-01
2.887994496328656902e-01
3.001309551994704727e-01
2.805103479372639264e-01
2.075719861765527030e-01
2.584306569459230984e-01
4.168672580772707636e-01
5.474761989412870733e-01
6.087163606915134695e-01
6.239314790995111881e-01
5.898491777716171613e-01
5.230896253507520965e-01
4.381586915990458575e-01
3.654559250886273425e-01
3.115085995711858180e-01
2.887994496328656346e-01
2.862610780114187570e-01
2.862610780114187570e-01
2.862610780114187570e-01
2.862610780114186459e-01
2.862610780114187570e-01
2.862610780114187570e-01
2.862610780114187570e-01
2.862610780114186459e-01
2.887994496328655791e-01
3.115085995711860956e-01
3.654559250886271760e-01
4.381586915990459130e-01
5.230896253507522076e-01
5.898491777716168283e-01
6.239314790995115212e-01
6.087163606915130254e-01
5.474761989412870733e-01
4.498877968503822711e-01
3.654559250886271204e-01
3.115085995711858180e-01
2.887994496328658567e-01
2.862610780114186459e-01
2.862610780114187015e-01
2.862610780114187570e-01
2.862610780114187015e-01
2.862610780114186459e-01
2.862610780114186459e-01
2.862610780114186459e-01
2.862610780114186459e-01
2.862610780114187015e-01
2.862610780114188125e-01
2.862610780114186459e-01
2.862610780114187015e-01
2.862610780114186459e-01
2.862610780114187015e-01
2.862610780114186459e-01
2.862610780114185904e-01
2.862610780114185904e-01
2.862610780114189235e-01
2.862610780114187570e-01
2.862610780114185904e-01
2.862610780114185349e-01
2.862610780114187570e-01
2.862610780114186459e-01
2.862610780114187015e-01
2.862610780114185904e-01
2.862610780114187015e-01
2.862610780114186459e-01
2.546235103643083586e-01
1.825994351177291919e-01
2.066526778679592391e-01
3.329598181482717467e-01
4.381586915990459130e-01
4.959366674270076492e-01
5.076975929149607492e-01
4.651579449871764416e-01
4.075283555182280248e-01
3.503294776598188109e-01
3.115085995711858180e-01
2.887994496328658567e-01
2.862610780114185349e-01
2.862610780114187570e-01
2.862610780114187570e-01
2.862610780114187570e-01
2.862610780114187015e-01
2.862610780114189235e-01
2.862610780114189235e-01
2.862610780114189235e-01
2.862610780114185904e-01
2.862610780114185349e-01
2.887994496328656902e-01
3.115085995711857070e-01
3.503294776598185889e-01
4.075283555182278028e-01
4.651579449871764416e-01
5.076975929149606381e-01
4.959366674270075936e-01
4.381586915990457465e-01
3.654559250886271204e-01
3.115085995711858180e-01
2.887994496328656902e-01
2.862610780114186459e-01
2.862610780114185904e-01
2.862610780114187015e-01
2.862610780114187570e-01
2.862610780114185349e-01
2.862610780114186459e-01
2.862610780114186459e-01
2.862610780114187570e-01
2.862610780114184239e-01
2.862610780114186459e-01
2.862610780114186459e-01
2.862610780114187570e-01
2.862610780114185904e-01
2.862610780114186459e-01
2.862610780114186459e-01
2.862610780114186459e-01
2.862610780114185904e-01
2.862610780114187570e-01
2.862610780114188125e-01
2.862610780114189235e-01
2.862610780114187570e-01
2.862610780114187570e-01
2.862610780114187570e-01
2.862610780114185904e-01
2.862610780114185904e-01
2.862610780114187015e-01
2.862610780114187570e-01
2.862610780114186459e-01
2.546235103643083031e-01
1.825994351177291919e-01
1.850126105031281165e-01
2.795589427600777555e-01
3.503294776598186999e-01
3.806366303671936957e-01
3.832462485001175700e-01
3.618799431554579615e-01
3.264677612072751089e-01
3.001309551994704727e-01
2.887994496328656902e-01
2.862610780114187015e-01
2.862610780114186459e-01
2.862610780114187570e-01
2.862610780114187570e-01
2.862610780114187570e-01
2.862610780114187570e-01
2.862610780114187570e-01
2.862610780114189235e-01
2.862610780114189235e-01
2.862610780114186459e-01
2.862610780114186459e-01
2.862610780114188125e-01
2.887994496328656346e-01
3.001309551994704172e-01
3.264677612072749979e-01
3.618799431554576285e-01
3.832462485001175145e-01
3.806366303671936402e-01
3.503294776598185889e-01
3.115085995711859290e-01
2.887994496328656346e-01
2.862610780114186459e-01
2.862610780114187015e-01
2.862610780114187015e-01
2.862610780114185904e-01
2.862610780114187570e-01
2.862610780114187015e-01
2.862610780114187015e-01
2.862610780114187015e-01
2.862610780114187015e-01
2.862610780114188125e-01
2.862610780114187015e-01
2.862610780114185904e-01
2.862610780114186459e-01
2.862610780114188125e-01
2.862610780114188125e-01
2.862610780114188125e-01
2.862610780114187015e-01
2.862610780114187570e-01
2.862610780114187015e-01
2.862610780114187570e-01
2.862610780114189790e-01
2.862610780114186459e-01
2.862610780114187015e-01
2.862610780114187570e-01
2.862610780114186459e-01
2.862610780114186459e-01
2.862610780114188125e-01
2.862610780114187015e-01
2.862610780114187570e-01
2.546235103643083031e-01
1.825994351177291364e-01
1.825994351177291919e-01
2.596370371532115695e-01
3.140700206852575227e-01
3.389130243904187600e-01
3.389130243904187045e-01
3.140700206852579668e-01
2.913402704302758828e-01
2.862610780114187570e-01
2.862610780114185349e-01
2.862610780114186459e-01
2.862610780114189235e-01
2.862610780114187570e-01
2.862610780114186459e-01
2.862610780114189235e-01
2.862610780114186459e-01
2.862610780114188125e-01
2.862610780114187570e-01
2.862610780114187570e-01
2.862610780114187570e-01
2.862610780114187015e-01
2.862610780114187570e-01
2.862610780114185904e-01
2.862610780114186459e-01
2.913402704302757718e-01
3.140700206852577447e-01
3.389130243904189266e-01
3.389130243904185935e-01
3.140700206852575227e-01
2.913402704302756607e-01
2.862610780114187570e-01
2.862610780114186459e-01
2.862610780114187015e-01
2.862610780114187570e-01
2.862610780114187015e-01
2.862610780114186459e-01
2.862610780114186459e-01
2.862610780114186459e-01
2.862610780114186459e-01
2.862610780114187015e-01
2.862610780114186459e-01
2.862610780114187570e-01
2.862610780114187015e-01
2.862610780114187015e-01
2.862610780114188125e-01
2.862610780114186459e-01
2.862610780114187570e-01
2.862610780114187015e-01
2.862610780114186459e-01
2.862610780114187570e-01
2.862610780114190345e-01
2.862610780114189790e-01
2.862610780114186459e-01
2.862610780114189235e-01
2.862610780114187015e-01
2.862610780114185349e-01
2.862610780114185904e-01
2.862610780114185904e-01
2.862610780114187570e-01
2.862610780114187015e-01
2.546235103643083586e-01
1.825994351177291919e-01
1.850126105031282275e-01
2.795589427600778665e-01
3.503294776598188109e-01
3.806366303671935847e-01
3.832462485001175145e-01
3.618799431554577395e-01
3.264677612072753310e-01
3.001309551994708058e-01
2.887994496328658567e-01
2.862610780114185349e-01
2.862610780114186459e-01
2.862610780114188125e-01
2.862610780114187570e-01
2.862610780114188125e-01
2.862610780114186459e-01
2.862610780114188125e-01
2.862610780114188125e-01
2.862610780114187570e-01
2.862610780114186459e-01
2.862610780114186459e-01
2.862610780114186459e-01
2.887994496328656346e-01
3.001309551994706393e-01
3.264677612072751089e-01
3.618799431554577395e-01
3.832462485001176811e-01
3.806366303671936957e-01
3.503294776598188109e-01
3.115085995711858180e-01
2.887994496328658567e-01
2.862610780114186459e-01
2.862610780114186459e-01
2.862610780114186459e-01
2.862610780114186459e-01
2.862610780114189235e-01
2.862610780114187015e-01
2.862610780114185904e-01
2.862610780114186459e-01
2.862610780114187570e-01
2.862610780114185349e-01
2.862610780114186459e-01
2.862610780114186459e-01
2.862610780114187570e-01
2.862610780114187570e-01
2.862610780114189790e-01
2.862610780114187015e-01
2.862610780114188125e-01
2.862610780114186459e-01
2.862610780114187570e-01
2.862610780114187570e-01
2.862610780114186459e-01
2.862610780114186459e-01
2.862610780114187570e-01
2.862610780114187570e-01
2.862610780114185904e-01
2.862610780114186459e-01
2.862610780114188125e-01
2.862610780114187015e-01
2.862610780114186459e-01
2.546235103643083031e-01
1.825994351177291919e-01
2.066526778679591836e-01
3.329598181482719688e-01
4.381586915990456910e-01
4.959366674270075936e-01
5.076975929149606381e-01
4.651579449871763861e-01
4.075283555182280248e-01
3.503294776598186999e-01
3.115085995711858180e-01
2.887994496328655236e-01
2.862610780114187015e-01
2.862610780114190345e-01
2.862610780114186459e-01
2.862610780114189235e-01
2.862610780114186459e-01
2.862610780114187015e-01
2.862610780114187570e-01
2.862610780114187570e-01
2.862610780114189235e-01
2.862610780114185904e-01
2.887994496328655791e-01
3.115085995711858180e-01
3.503294776598189220e-01
4.075283555182280248e-01
4.651579449871762750e-01
5.076975929149606381e-01
4.959366674270074271e-01
4.381586915990456910e-01
3.654559250886271760e-01
3.115085995711859290e-01
2.887994496328656346e-01
2.862610780114187015e-01
2.862610780114187570e-01
2.862610780114185904e-01
2.862610780114188125e-01
2.862610780114187015e-01
2.862610780114185349e-01
2.862610780114187015e-01
2.862610780114187570e-01
2.862610780114187015e-01
2.862610780114189235e-01
2.862610780114187570e-01
2.862610780114188125e-01
2.862610780114187570e-01
2.862610780114187570e-01
2.862610780114187015e-01
2.862610780114186459e-01
2.862610780114186459e-01
2.862610780114188125e-01
2.862610780114189235e-01
2.862610780114189790e-01
2.862610780114187570e-01
2.862610780114187015e-01
2.862610780114188125e-01
2.862610780114186459e-01
2.862610780114185904e-01
2.862610780114186459e-01
2.862610780114185904e-01
2.862610780114187570e-01
2.546235103643083031e-01
1.825994351177291919e-01
2.584306569459230984e-01
4.168672580772709857e-01
5.474761989412871843e-01
6.087163606915132474e-01
6.239314790995109661e-01
5.898491777716173834e-01
5.230896253507523186e-01
4.381586915990460240e-01
3.654559250886273425e-01
3.115085995711860956e-01
2.887994496328655791e-01
2.862610780114187570e-01
2.862610780114187570e-01
2.862610780114187570e-01
2.862610780114185904e-01
2.862610780114189235e-01
2.862610780114187570e-01
2.862610780114189235e-01
2.862610780114186459e-01
2.887994496328654681e-01
3.115085995711860956e-01
3.654559250886271760e-01
4.381586915990456910e-01
5.230896253507522076e-01
5.898491777716171613e-01
6.239314790995110771e-01
6.087163606915132474e-01
5.474761989412870733e-01
4.498877968503821045e-01
3.654559250886272315e-01
3.115085995711857070e-01
2.887994496328655791e-01
2.862610780114187015e-01
2.862610780114185904e-01
2.862610780114187570e-01
2.862610780114188125e-01
2.862610780114187015e-01
2.862610780114187015e-01
2.862610780114187015e-01
2.862610780114185349e-01
2.862610780114185904e-01
2.862610780114186459e-01
2.862610780114189235e-01
2.862610780114188125e-01
2.862610780114187015e-01
2.862610780114187570e-01
2.862610780114186459e-01
2.862610780114185904e-01
2.862610780114187570e-01
2.862610780114187570e-01
2.862610780114187570e-01
2.862610780114185904e-01
2.862610780114185904e-01
2.862610780114186459e-01
2.862610780114187570e-01
2.862610780114186459e-01
2.862610780114185904e-01
2.862610780114185904e-01
2.862610780114187015e-01
2.546235103643082476e-01
1.825994351177291364e-01
3.290461243961556037e-01
5.143558512302137675e-01
6.345440749113725465e-01
6.859299793147426438e-01
6.973176500161714086e-01
6.735322387927251686e-01
6.229516258554671504e-01
5.474761989412871843e-01
4.525238010587127047e-01
3.796560279520668213e-01
3.405249289345070318e-01
3.290414641456894107e-01
3.290414641456894107e-01
3.290414641456894107e-01
3.290414641456894107e-01
3.290414641456894107e-01
3.290414641456894107e-01
3.290414641456895772e-01
3.290414641456892997e-01
3.405249289345070318e-01
3.796560279520668213e-01
4.525238010587126491e-01
5.474761989412870733e-01
6.229516258554670394e-01
6.735322387927250576e-01
6.973176500161714086e-01
6.859299793147424218e-01
6.345440749113726575e-01
5.501122031496178399e-01
4.525238010587127602e-01
3.770483741445332937e-01
3.264677612072751089e-01
3.001309551994704727e-01
2.887994496328656346e-01
2.862610780114187015e-01
2.862610780114187570e-01
2.862610780114186459e-01
2.862610780114187570e-01
2.862610780114188125e-01
2.862610780114187570e-01
2.862610780114184239e-01
2.862610780114187015e-01
2.862610780114186459e-01
2.862610780114189235e-01
2.862610780114187570e-01
2.862610780114187015e-01
2.862610780114187570e-01
2.862610780114187570e-01
2.862610780114186459e-01
2.862610780114188125e-01
2.862610780114185349e-01
2.862610780114186459e-01
2.862610780114186459e-01
2.862610780114189235e-01
2.862610780114187570e-01
2.862610780114187015e-01
2.862610780114187570e-01
2.887994496328656346e-01
3.001309551994705282e-01
2.805103479372640374e-01
2.075719861765527585e-01
4.011061889533935054e-01
5.875057503852199048e-01
6.884914004288141820e-01
7.112005503671341433e-01
7.137389219885809100e-01
7.112005503671343654e-01
6.884914004288140710e-01
6.345440749113725465e-01
5.618413084009541425e-01
4.886683224983651153e-01
4.461609609721847169e-01
4.308161262809105385e-01
4.308161262809105385e-01
4.308161262809105385e-01
4.308161262809105385e-01
4.308161262809105385e-01
4.308161262809105385e-01
4.308161262809105385e-01
4.308161262809104830e-01
4.461609609721847169e-01
4.886683224983651153e-01
5.618413084009541425e-01
6.345440749113725465e-01
6.884914004288139600e-01
7.112005503671341433e-01
7.137389219885810210e-01
7.112005503671341433e-01
6.884914004288140710e-01
6.345440749113728796e-01
5.618413084009540315e-01
4.769103746492480145e-01
4.075283555182281914e-01
3.503294776598188109e-01
3.115085995711860956e-01
2.887994496328659677e-01
2.862610780114186459e-01
2.862610780114185904e-01
2.862610780114186459e-01
2.862610780114187015e-01
2.862610780114187570e-01
2.862610780114187570e-01
2.862610780114187570e-01
2.862610780114186459e-01
2.862610780114188125e-01
2.862610780114190345e-01
2.862610780114187570e-01
2.862610780114187570e-01
2.862610780114185904e-01
2.862610780114186459e-01
2.862610780114188125e-01
2.862610780114189235e-01
2.862610780114187570e-01
2.862610780114187570e-01
2.862610780114187570e-01
2.862610780114186459e-01
2.862610780114187570e-01
2.887994496328656902e-01
3.115085995711859290e-01
3.503294776598188109e-01
3.454286069689703198e-01
2.618843198668558969e-01
4.434303241266649431e-01
6.269149581789698056e-01
7.112005503671340323e-01
7.137389219885811320e-01
7.137389219885811320e-01
7.137389219885813541e-01
7.112005503671341433e-01
6.859299793147423108e-01
6.355213568500384103e-01
5.781599571037209229e-01
5.394638304901598902e-01
5.250744913910740941e-01
5.250744913910737610e-01
5.250744913910740941e-01
5.250744913910737610e-01
5.250744913910737610e-01
5.250744913910739831e-01
5.250744913910739831e-01
5.250744913910737610e-01
5.394638304901597792e-01
5.781599571037209229e-01
6.355213568500384103e-01
6.859299793147424218e-01
7.112005503671341433e-01
7.137389219885813541e-01
7.137389219885811320e-01
7.137389219885810210e-01
7.112005503671341433e-01
6.884914004288139600e-01
6.496705223401814111e-01
5.924716444817718086e-01
5.230896253507518745e-01
4.381586915990456910e-01
3.654559250886274535e-01
3.115085995711860956e-01
2.887994496328656902e-01
2.862610780114188125e-01
2.862610780114187015e-01
2.862610780114188125e-01
2.862610780114187570e-01
2.862610780114187015e-01
2.862610780114187015e-01
2.862610780114186459e-01
2.862610780114187015e-01
2.862610780114187570e-01
2.862610780114187015e-01
2.862610780114187015e-01
2.862610780114185349e-01
2.862610780114186459e-01
2.862610780114188125e-01
2.862610780114187570e-01
2.862610780114185349e-01
2.862610780114187570e-01
2.862610780114187570e-01
2.862610780114187015e-01
2.887994496328656346e-01
3.115085995711859290e-01
3.654559250886275090e-01
4.381586915990457465e-01
4.484233522928586235e-01
3.476455956617834908e-01
4.587937045032104422e-01
6.384968870315365086e-01
7.137389219885810210e-01
7.137389219885815761e-01
7.137389219885809100e-01
7.112005503671341433e-01
6.998690448005295828e-01
6.709585358543104228e-01
6.239314790995115212e-01
5.755319996454653086e-01
5.394638304901597792e-01
5.250744913910737610e-01
5.250744913910736500e-01
5.250744913910736500e-01
5.250744913910736500e-01
5.250744913910739831e-01
5.250744913910737610e-01
5.250744913910739831e-01
5.250744913910734279e-01
5.394638304901595571e-01
5.755319996454655307e-01
6.239314790995114102e-01
6.709585358543104228e-01
6.998690448005294718e-01
7.112005503671340323e-01
7.137389219885809100e-01
7.137389219885813541e-01
7.137389219885810210e-01
7.112005503671341433e-01
6.998690448005295828e-01
6.735322387927248355e-01
6.229516258554663732e-01
5.474761989412871843e-01
4.498877968503820490e-01
3.654559250886274535e-01
3.115085995711859290e-01
2.887994496328655791e-01
2.862610780114187570e-01
2.862610780114189235e-01
2.862610780114187570e-01
2.862610780114187015e-01
2.862610780114187570e-01
2.862610780114185904e-01
2.862610780114185904e-01
2.862610780114188125e-01
2.862610780114186459e-01
2.862610780114188125e-01
2.862610780114185349e-01
2.862610780114186459e-01
2.862610780114187570e-01
2.862610780114187570e-01
2.862610780114187015e-01
2.862610780114188125e-01
2.862610780114188125e-01
2.887994496328656346e-01
3.115085995711858180e-01
3.654559250886275090e-01
4.498877968503821045e-01
5.474761989412870733e-01
5.461122509470498487e-01
4.173775669422135071e-01
4.587937045032103867e-01
6.384968870315362865e-01
7.137389219885811320e-01
7.137389219885813541e-01
7.112005503671341433e-01
6.884914004288138489e-01
6.496705223401811891e-01
5.924716444817716976e-01
5.348420550128235584e-01
4.769103746492478479e-01
4.461609609721845504e-01
4.308161262809107606e-01
4.308161262809103165e-01
4.308161262809104275e-01
4.308161262809103165e-01
4.308161262809104275e-01
4.308161262809104830e-01
4.308161262809104830e-01
4.308161262809104830e-01
4.461609609721844949e-01
4.769103746492480145e-01
5.348420550128234474e-01
5.924716444817718086e-01
6.496705223401809670e-01
6.884914004288138489e-01
7.112005503671341433e-01
7.137389219885813541e-01
7.137389219885810210e-01
7.137389219885813541e-01
7.137389219885813541e-01
7.112005503671341433e-01
6.884914004288138489e-01
6.345440749113725465e-01
5.501122031496177289e-01
4.498877968503821601e-01
3.654559250886274535e-01
3.115085995711857070e-01
2.887994496328654681e-01
2.862610780114188125e-01
2.862610780114187570e-01
2.862610780114186459e-01
2.862610780114187015e-01
2.862610780114186459e-01
2.862610780114187570e-01
2.862610780114188125e-01
2.862610780114187570e-01
2.862610780114187570e-01
2.862610780114185904e-01
2.862610780114186459e-01
2.862610780114188125e-01
2.862610780114187570e-01
2.862610780114187570e-01
2.862610780114188125e-01
2.887994496328656346e-01
3.115085995711858180e-01
3.654559250886273425e-01
4.498877968503822711e-01
5.501122031496176179e-01
6.345440749113725465e-01
6.126913364949013729e-01
4.561563931942124728e-01
4.587937045032105532e-01
6.384968870315361755e-01
7.137389219885813541e-01
7.112005503671340323e-01
6.884914004288138489e-01
6.345440749113725465e-01
5.618413084009542535e-01
4.769103746492481810e-01
4.101508222283828942e-01
3.644786431499614232e-01
3.405249289345068098e-01
3.290414641456894107e-01
3.290414641456892997e-01
3.290414641456894107e-01
3.290414641456891331e-01
3.290414641456892442e-01
3.290414641456892442e-01
3.290414641456892997e-01
3.290414641456892997e-01
3.405249289345069208e-01
3.644786431499614232e-01
4.101508222283827831e-01
4.769103746492481810e-01
5.618413084009544756e-01
6.345440749113724355e-01
6.884914004288139600e-01
7.112005503671340323e-01
7.137389219885813541e-01
7.137389219885811320e-01
7.137389219885811320e-01
7.137389219885810210e-01
7.112005503671341433e-01
6.884914004288140710e-01
6.345440749113724355e-01
5.501122031496176179e-01
4.498877968503822711e-01
3.654559250886272315e-01
3.115085995711858180e-01
2.887994496328656902e-01
2.862610780114187570e-01
2.862610780114186459e-01
2.862610780114186459e-01
2.862610780114185904e-01
2.862610780114186459e-01
2.862610780114187570e-01
2.862610780114185904e-01
2.862610780114186459e-01
2.862610780114185904e-01
2.862610780114185904e-01
2.862610780114187570e-01
2.862610780114187570e-01
2.862610780114186459e-01
2.887994496328656346e-01
3.115085995711859290e-01
3.654559250886272315e-01
4.498877968503821601e-01
5.501122031496176179e-01
6.345440749113725465e-01
6.884914004288139600e-01
6.358984228636325176e-01
4.587937045032103311e-01
4.587937045032101646e-01
6.358984228636325176e-01
6.998690448005290277e-01
6.735322387927243915e-01
6.229516258554665953e-01
5.474761989412874064e-01
4.525238010587126491e-01
3.770483741445329606e-01
3.264677612072751089e-01
3.001309551994704172e-01
2.887994496328656902e-01
2.862610780114187015e-01
2.862610780114186459e-01
2.862610780114187015e-01
2.862610780114185904e-01
2.862610780114185904e-01
2.862610780114186459e-01
2.862610780114187015e-01
2.862610780114185904e-01
2.887994496328656346e-01
3.001309551994705282e-01
3.264677612072749979e-01
3.770483741445330717e-01
4.525238010587124271e-01
5.474761989412871843e-01
6.229516258554669283e-01
6.735322387927247245e-01
6.998690448005290277e-01
7.112005503671341433e-01
7.137389219885809100e-01
7.137389219885811320e-01
7.137389219885810210e-01
7.112005503671341433e-01
6.884914004288140710e-01
6.345440749113724355e-01
5.501122031496177289e-01
4.498877968503822711e-01
3.654559250886273425e-01
3.115085995711860956e-01
2.887994496328658567e-01
2.862610780114187015e-01
2.862610780114187570e-01
2.862610780114187015e-01
2.862610780114186459e-01
2.862610780114186459e-01
2.862610780114186459e-01
2.862610780114186459e-01
2.862610780114185904e-01
2.862610780114187570e-01
2.862610780114189235e-01
2.862610780114187570e-01
2.887994496328655791e-01
3.115085995711859290e-01
3.654559250886275090e-01
4.498877968503822711e-01
5.501122031496178399e-01
6.345440749113725465e-01
6.884914004288139600e-01
7.112005503671341433e-01
6.384968870315361755e-01
4.587937045032102756e-01
4.561563931942124728e-01
6.126913364949013729e-01
6.496705223401811891e-01
5.924716444817718086e-01
5.230896253507517635e-01
4.381586915990457465e-01
3.654559250886271760e-01
3.115085995711859290e-01
2.887994496328656346e-01
2.862610780114186459e-01
2.862610780114186459e-01
2.862610780114187570e-01
2.862610780114184239e-01
2.862610780114186459e-01
2.862610780114184239e-01
2.862610780114186459e-01
2.862610780114186459e-01
2.862610780114186459e-01
2.862610780114187015e-01
2.862610780114186459e-01
2.862610780114187570e-01
2.887994496328656346e-01
3.115085995711859290e-01
3.654559250886273425e-01
4.381586915990456355e-01
5.230896253507517635e-01
5.924716444817716976e-01
6.496705223401811891e-01
6.884914004288139600e-01
7.112005503671341433e-01
7.137389219885811320e-01
7.137389219885813541e-01
7.137389219885811320e-01
7.112005503671341433e-01
6.884914004288138489e-01
6.345440749113724355e-01
5.501122031496176179e-01
4.498877968503821601e-01
3.654559250886274535e-01
3.115085995711860956e-01
2.887994496328656346e-01
2.862610780114185904e-01
2.862610780114185904e-01
2.862610780114187570e-01
2.862610780114187570e-01
2.862610780114187015e-01
2.862610780114186459e-01
2.862610780114185904e-01
2.862610780114185349e-01
2.862610780114186459e-01
2.887994496328658567e-01
3.115085995711860956e-01
3.654559250886274535e-01
4.498877968503823266e-01
5.501122031496177289e-01
6.345440749113723244e-01
6.884914004288138489e-01
7.112005503671340323e-01
7.137389219885810210e-01
6.384968870315360645e-01
4.587937045032103867e-01
4.326979733275546636e-01
5.578457436078809728e-01
5.618413084009538094e-01
4.769103746492478479e-01
4.075283555182278028e-01
3.503294776598188109e-01
3.115085995711860956e-01
2.887994496328656346e-01
2.862610780114187570e-01
2.862610780114187015e-01
2.862610780114186459e-01
2.862610780114187570e-01
2.862610780114186459e-01
2.862610780114186459e-01
2.862610780114185349e-01
2.862610780114184239e-01
2.862610780114185904e-01
2.862610780114187015e-01
2.862610780114187570e-01
2.862610780114186459e-01
2.862610780114188125e-01
2.862610780114187015e-01
2.887994496328658567e-01
3.115085995711862066e-01
3.503294776598188109e-01
4.075283555182280248e-01
4.769103746492480145e-01
5.618413084009538094e-01
6.345440749113724355e-01
6.884914004288139600e-01
7.112005503671341433e-01
7.137389219885813541e-01
7.137389219885813541e-01
7.137389219885811320e-01
7.112005503671341433e-01
6.884914004288139600e-01
6.345440749113725465e-01
5.501122031496178399e-01
4.498877968503823266e-01
3.654559250886273425e-01
3.115085995711857070e-01
2.887994496328656346e-01
2.862610780114186459e-01
2.862610780114187570e-01
2.862610780114186459e-01
2.862610780114186459e-01
2.862610780114186459e-01
2.862610780114185904e-01
2.862610780114185904e-01
2.887994496328655236e-01
3.115085995711859290e-01
3.654559250886271760e-01
4.498877968503821045e-01
5.501122031496180620e-01
6.345440749113724355e-01
6.884914004288138489e-01
7.112005503671341433e-01
7.137389219885811320e-01
7.137389219885813541e-01
6.384968870315362865e-01
4.587937045032104422e-01
3.779332661044397246e-01
4.728034592034700001e-01
4.525238010587126491e-01
3.770483741445330717e-01
3.264677612072746649e-01
3.001309551994705282e-01
2.887994496328656346e-01
2.862610780114185349e-01
2.862610780114187015e-01
2.862610780114186459e-01
2.862610780114187570e-01
2.862610780114188125e-01
2.862610780114186459e-01
2.862610780114187570e-01
2.862610780114186459e-01
2.862610780114186459e-01
2.862610780114188125e-01
2.862610780114187570e-01
2.862610780114187570e-01
2.862610780114187570e-01
2.862610780114187570e-01
2.862610780114185904e-01
2.862610780114187570e-01
2.887994496328656346e-01
3.001309551994705282e-01
3.264677612072748869e-01
3.770483741445332382e-01
4.525238010587126491e-01
5.501122031496177289e-01
6.345440749113725465e-01
6.884914004288140710e-01
7.112005503671341433e-01
7.137389219885813541e-01
7.137389219885811320e-01
7.137389219885811320e-01
7.112005503671341433e-01
6.884914004288140710e-01
6.345440749113723244e-01
5.474761989412874064e-01
4.381586915990460240e-01
3.503294776598188109e-01
3.001309551994704727e-01
2.862610780114186459e-01
2.862610780114187015e-01
2.862610780114187570e-01
2.862610780114185904e-01
2.862610780114186459e-01
2.862610780114186459e-01
2.862610780114186459e-01
3.001309551994705282e-01
3.503294776598190330e-01
4.381586915990458575e-01
5.474761989412872953e-01
6.345440749113723244e-01
6.884914004288140710e-01
7.112005503671343654e-01
7.137389219885811320e-01
7.137389219885810210e-01
7.137389219885813541e-01
6.384968870315361755e-01
4.587937045032104422e-01
2.846619696943105682e-01
3.450580553009804374e-01
3.329598181482715802e-01
2.795589427600777555e-01
2.571288837437494812e-01
2.546235103643086362e-01
2.546235103643085251e-01
2.546235103643081921e-01
2.546235103643084696e-01
2.546235103643085251e-01
2.546235103643083586e-01
2.546235103643086917e-01
2.546235103643084696e-01
2.546235103643083586e-01
2.546235103643083031e-01
2.546235103643083031e-01
2.546235103643084696e-01
2.546235103643084696e-01
2.546235103643086362e-01
2.546235103643085806e-01
2.546235103643084696e-01
2.546235103643083586e-01
2.546235103643084696e-01
2.546235103643085806e-01
2.546235103643083586e-01
2.571288837437495367e-01
2.795589427600776999e-01
3.329598181482715802e-01
4.168672580772708192e-01
5.143558512302138785e-01
5.875057503852199048e-01
6.269149581789698056e-01
6.384968870315362865e-01
6.384968870315362865e-01
6.384968870315365086e-01
6.384968870315363976e-01
6.358984228636327396e-01
6.126913364949013729e-01
5.461122509470501818e-01
4.484233522928589566e-01
3.454286069689703198e-01
2.805103479372641484e-01
2.546235103643084696e-01
2.546235103643084696e-01
2.546235103643084696e-01
2.546235103643083586e-01
2.546235103643085251e-01
2.546235103643083031e-01
2.546235103643083031e-01
2.805103479372641484e-01
3.454286069689704308e-01
4.484233522928589566e-01
5.461122509470500708e-01
6.126913364949015950e-01
6.358984228636327396e-01
6.384968870315362865e-01
6.384968870315365086e-01
6.384968870315362865e-01
6.384968870315362865e-01
5.664569098290521687e-01
4.068609302563783170e-01
1.693017046185711083e-01
2.094857380082951748e-01
2.066526778679591281e-01
1.850126105031282275e-01
1.825994351177289976e-01
1.825994351177291919e-01
1.825994351177293029e-01
1.825994351177291919e-01
1.825994351177291919e-01
1.825994351177291364e-01
1.825994351177289976e-01
1.825994351177292474e-01
1.825994351177289976e-01
1.825994351177291919e-01
1.825994351177289976e-01
1.825994351177291919e-01
1.825994351177291919e-01
1.825994351177291919e-01
1.825994351177291919e-01
1.825994351177290531e-01
1.825994351177291919e-01
1.825994351177291364e-01
1.825994351177293584e-01
1.825994351177293029e-01
1.825994351177291919e-01
1.825994351177291919e-01
1.850126105031281720e-01
2.066526778679590726e-01
2.584306569459229874e-01
3.290461243961556037e-01
4.011061889533932279e-01
4.434303241266650542e-01
4.587937045032104422e-01
4.587937045032103867e-01
4.587937045032103311e-01
4.587937045032106642e-01
4.587937045032102756e-01
4.561563931942125283e-01
4.173775669422138956e-01
3.476455956617834353e-01
2.618843198668557859e-01
2.075719861765527585e-01
1.825994351177291919e-01
1.825994351177294139e-01
1.825994351177291919e-01
1.825994351177291919e-01
1.825994351177291919e-01
1.825994351177291919e-01
1.825994351177291919e-01
2.075719861765528418e-01
2.618843198668560635e-01
3.476455956617832688e-01
4.173775669422136181e-01
4.561563931942125838e-01
4.587937045032102756e-01
4.587937045032103867e-01
4.587937045032103867e-01
4.587937045032103867e-01
4.587937045032103311e-01
4.068609302563783725e-01
2.920859941812484761e-01
