4.296710682773867696e-01
6.008336703157819425e-01
6.755737560672833153e-01
6.755737560672830933e-01
6.755737560672830933e-01
6.755737560672830933e-01
6.755737560672830933e-01
6.755737560672830933e-01
6.755737560672832043e-01
6.755737560672832043e-01
6.755737560672829822e-01
6.755737560672833153e-01
6.755737560672830933e-01
6.755737560672830933e-01
6.755737560672832043e-01
6.755737560672830933e-01
6.755737560672830933e-01
6.755737560672830933e-01
6.755737560672832043e-01
6.755737560672830933e-01
6.755737560672832043e-01
6.755737560672830933e-01
6.755737560672830933e-01
6.755737560672830933e-01
6.755737560672829822e-01
6.755737560672832043e-01
6.755737560672830933e-01
6.755737560672830933e-01
6.755737560672830933e-01
6.755737560672833153e-01
6.755737560672833153e-01
6.371748822646405852e-01
5.591241225591189190e-01
4.408758774408813030e-01
3.334429927935385063e-01
2.366846925449043459e-01
1.596392189287635655e-01
8.167817592696904883e-02
2.730562661425122578e-02
4.926937949614355189e-03
1.058381324247893861e-16
0.000000000000000000e+00
1.058381324247893861e-16
0.000000000000000000e+00
0.000000000000000000e+00
0.000000000000000000e+00
0.000000000000000000e+00
0.000000000000000000e+00
0.000000000000000000e+00
1.058381324247893861e-16
0.000000000000000000e+00
4.926937949614355189e-03
2.730562661425117374e-02
8.167817592696888229e-02
1.596392189287635099e-01
2.366846925449041794e-01
3.334429927935385063e-01
4.408758774408813030e-01
5.591241225591186970e-01
5.616593170018976400e-01
4.296710682773864365e-01
6.008336703157817205e-01
8.222731198288656396e-01
9.128372780824021149e-01
9.128372780824021149e-01
9.128372780824018928e-01
9.128372780824021149e-01
9.128372780824020039e-01
9.128372780824018928e-01
9.128372780824021149e-01
9.128372780824018928e-01
9.128372780824017818e-01
9.128372780824021149e-01
9.128372780824018928e-01
9.128372780824020039e-01
9.128372780824018928e-01
9.128372780824018928e-01
9.128372780824020039e-01
9.128372780824021149e-01
9.128372780824020039e-01
9.128372780824018928e-01
9.128372780824017818e-01
9.128372780824021149e-01
9.128372780824018928e-01
9.128372780824020039e-01
9.128372780824018928e-01
9.128372780824018928e-01
9.128372780824020039e-01
9.128372780824020039e-01
9.128372780824021149e-01
9.128372780824021149e-01
9.128372780824021149e-01
8.880099236432436038e-01
8.344376051463127109e-01
7.633153074550955708e-01
6.665570072064616047e-01
5.591241225591189190e-01
4.042029937299382869e-01
2.390376348071435453e-01
1.005425905938428649e-01
2.730562661425117374e-02
1.058381324247893861e-16
0.000000000000000000e+00
1.058381324247893861e-16
0.000000000000000000e+00
0.000000000000000000e+00
0.000000000000000000e+00
0.000000000000000000e+00
0.000000000000000000e+00
0.000000000000000000e+00
1.058381324247893861e-16
0.000000000000000000e+00
2.730562661425122578e-02
1.005425905938426012e-01
2.390376348071433787e-01
4.042029937299382869e-01
5.591241225591186970e-01
6.665570072064617158e-01
7.633153074550955708e-01
8.344376051463124888e-01
7.952893527554306674e-01
6.008336703157816094e-01
6.755737560672830933e-01
9.128372780824018928e-01
1.000000000000000000e+00
9.999999999999997780e-01
9.999999999999997780e-01
1.000000000000000000e+00
1.000000000000000000e+00
9.999999999999995559e-01
9.999999999999997780e-01
1.000000000000000000e+00
9.999999999999997780e-01
1.000000000000000000e+00
9.999999999999997780e-01
9.999999999999997780e-01
1.000000000000000000e+00
1.000000000000000000e+00
9.999999999999997780e-01
9.999999999999997780e-01
1.000000000000000000e+00
1.000000000000000000e+00
9.999999999999997780e-01
9.999999999999997780e-01
9.999999999999997780e-01
1.000000000000000000e+00
1.000000000000000000e+00
9.999999999999997780e-01
1.000000000000000000e+00
9.999999999999997780e-01
9.999999999999997780e-01
1.000000000000000000e+00
1.000000000000000000e+00
9.950730620503857038e-01
9.726943733857489338e-01
9.423250578092152718e-01
8.936431998219149797e-01
8.284848360198929784e-01
6.622049672630805350e-01
4.204119138080622542e-01
1.760097720471789084e-01
5.237886817489144364e-02
0.000000000000000000e+00
0.000000000000000000e+00
1.058381324247893861e-16
0.000000000000000000e+00
0.000000000000000000e+00
0.000000000000000000e+00
0.000000000000000000e+00
0.000000000000000000e+00
0.000000000000000000e+00
1.058381324247893861e-16
1.058381324247893861e-16
5.237886817489144364e-02
1.760097720471787974e-01
4.204119138080622542e-01
6.622049672630805350e-01
8.284848360198928674e-01
8.936431998219148687e-01
9.423250578092152718e-01
9.726943733857489338e-01
9.073188869604468243e-01
6.755737560672830933e-01
6.755737560672833153e-01
9.128372780824021149e-01
1.000000000000000000e+00
1.000000000000000000e+00
9.999999999999993339e-01
1.000000000000000000e+00
9.999999999999997780e-01
9.999999999999997780e-01
9.999999999999997780e-01
1.000000000000000000e+00
9.999999999999997780e-01
9.999999999999997780e-01
1.000000000000000000e+00
9.999999999999997780e-01
1.000000000000000000e+00
1.000000000000000000e+00
1.000000000000000000e+00
1.000000000000000000e+00
9.999999999999995559e-01
9.999999999999997780e-01
1.000000000000000000e+00
1.000000000000000000e+00
9.999999999999997780e-01
9.999999999999997780e-01
9.999999999999997780e-01
9.999999999999995559e-01
1.000000000000000000e+00
9.999999999999995559e-01
1.000000000000000000e+00
1.000000000000000000e+00
1.000000000000000000e+00
1.000000000000000000e+00
1.000000000000000000e+00
9.999999999999997780e-01
9.901096411453554902e-01
9.203746908005500105e-01
7.352296650315881532e-01
4.594580285950142229e-01
1.968575062959030675e-01
5.237886817489144364e-02
0.000000000000000000e+00
0.000000000000000000e+00
1.058381324247893861e-16
0.000000000000000000e+00
0.000000000000000000e+00
0.000000000000000000e+00
0.000000000000000000e+00
0.000000000000000000e+00
0.000000000000000000e+00
1.058381324247893861e-16
0.000000000000000000e+00
5.237886817489144364e-02
1.968575062959028454e-01
4.594580285950140008e-01
7.352296650315881532e-01
9.203746908005497884e-01
9.901096411453554902e-01
9.999999999999997780e-01
1.000000000000000000e+00
9.128372780824021149e-01
6.755737560672830933e-01
6.755737560672833153e-01
9.128372780824021149e-01
9.999999999999997780e-01
9.999999999999997780e-01
9.999999999999997780e-01
1.000000000000000000e+00
9.999999999999997780e-01
9.999999999999997780e-01
9.999999999999995559e-01
1.000000000000000000e+00
9.999999999999997780e-01
1.000000000000000000e+00
1.000000000000000000e+00
9.999999999999997780e-01
9.999999999999997780e-01
9.999999999999997780e-01
1.000000000000000000e+00
1.000000000000000000e+00
1.000000000000000000e+00
1.000000000000000000e+00
9.999999999999997780e-01
9.999999999999997780e-01
9.999999999999997780e-01
1.000000000000000000e+00
9.999999999999997780e-01
9.999999999999997780e-01
9.999999999999997780e-01
9.999999999999997780e-01
9.999999999999997780e-01
1.000000000000000000e+00
9.999999999999997780e-01
9.999999999999995559e-01
1.000000000000000000e+00
9.950730620503857038e-01
9.496028569092859195e-01
8.322033803543134045e-01
6.211276864697501399e-01
3.427429192515110690e-01
1.336348908933287782e-01
2.730562661425106619e-02
0.000000000000000000e+00
0.000000000000000000e+00
1.058381324247893861e-16
0.000000000000000000e+00
0.000000000000000000e+00
0.000000000000000000e+00
0.000000000000000000e+00
0.000000000000000000e+00
0.000000000000000000e+00
1.058381324247893861e-16
0.000000000000000000e+00
2.730562661425117374e-02
1.336348908933286672e-01
3.427429192515109024e-01
6.211276864697499178e-01
8.322033803543134045e-01
9.496028569092860305e-01
9.950730620503857038e-01
9.999999999999997780e-01
9.128372780824021149e-01
6.755737560672829822e-01
6.755737560672832043e-01
9.128372780824020039e-01
9.999999999999997780e-01
9.999999999999997780e-01
9.999999999999995559e-01
1.000000000000000000e+00
1.000000000000000000e+00
1.000000000000000000e+00
1.000000000000000000e+00
9.999999999999997780e-01
9.999999999999997780e-01
1.000000000000000000e+00
1.000000000000000000e+00
9.999999999999997780e-01
9.999999999999997780e-01
9.999999999999997780e-01
9.999999999999997780e-01
1.000000000000000000e+00
1.000000000000000000e+00
9.999999999999997780e-01
9.999999999999997780e-01
9.999999999999997780e-01
1.000000000000000000e+00
1.000000000000000000e+00
9.999999999999997780e-01
9.999999999999993339e-01
9.999999999999997780e-01
9.999999999999997780e-01
9.999999999999997780e-01
1.000000000000000000e+00
1.000000000000000000e+00
1.000000000000000000e+00
1.000000000000000000e+00
9.777829304814679157e-01
8.917450959821485723e-01
6.953678169343331383e-01
4.086451807538939995e-01
1.737604145286525403e-01
5.039714309071394172e-02
4.926937949614249371e-03
0.000000000000000000e+00
0.000000000000000000e+00
0.000000000000000000e+00
0.000000000000000000e+00
0.000000000000000000e+00
0.000000000000000000e+00
0.000000000000000000e+00
0.000000000000000000e+00
0.000000000000000000e+00
1.058381324247893861e-16
0.000000000000000000e+00
4.926937949614355189e-03
5.039714309071383763e-02
1.737604145286523460e-01
4.086451807538939995e-01
6.953678169343331383e-01
8.917450959821487944e-01
9.777829304814679157e-01
9.999999999999997780e-01
9.128372780824018928e-01
6.755737560672830933e-01
6.755737560672830933e-01
9.128372780824020039e-01
1.000000000000000000e+00
9.999999999999997780e-01
9.999999999999997780e-01
1.000000000000000000e+00
1.000000000000000000e+00
9.999999999999997780e-01
9.999999999999997780e-01
9.999999999999997780e-01
1.000000000000000000e+00
1.000000000000000000e+00
1.000000000000000000e+00
1.000000000000000000e+00
9.999999999999997780e-01
9.999999999999993339e-01
1.000000000000000000e+00
1.000000000000000000e+00
1.000000000000000000e+00
1.000000000000000000e+00
9.999999999999995559e-01
9.999999999999997780e-01
9.999999999999997780e-01
1.000000000000000000e+00
9.999999999999995559e-01
9.999999999999995559e-01
9.999999999999997780e-01
9.999999999999995559e-01
9.999999999999997780e-01
1.000000000000000000e+00
1.000000000000000000e+00
1.000000000000000000e+00
1.000000000000000000e+00
9.707722498587607607e-01
8.581718759609419100e-01
6.255380164467863047e-01
3.537142971899870925e-01
1.374647305621538862e-01
3.243015417325351840e-02
4.926937949614249371e-03
0.000000000000000000e+00
0.000000000000000000e+00
0.000000000000000000e+00
0.000000000000000000e+00
0.000000000000000000e+00
0.000000000000000000e+00
0.000000000000000000e+00
0.000000000000000000e+00
0.000000000000000000e+00
1.058381324247893861e-16
0.000000000000000000e+00
4.926937949614355189e-03
3.243015417325341432e-02
1.374647305621536919e-01
3.537142971899869259e-01
6.255380164467863047e-01
8.581718759609421321e-01
9.707722498587607607e-01
9.999999999999997780e-01
9.128372780824021149e-01
6.755737560672830933e-01
6.755737560672832043e-01
9.128372780824021149e-01
1.000000000000000000e+00
9.999999999999997780e-01
1.000000000000000000e+00
9.999999999999997780e-01
1.000000000000000000e+00
1.000000000000000000e+00
1.000000000000000000e+00
9.999999999999997780e-01
9.999999999999997780e-01
1.000000000000000000e+00
9.999999999999997780e-01
9.999999999999997780e-01
9.999999999999995559e-01
9.999999999999995559e-01
9.999999999999995559e-01
1.000000000000000000e+00
1.000000000000000000e+00
1.000000000000000000e+00
9.999999999999995559e-01
1.000000000000000000e+00
1.000000000000000000e+00
1.000000000000000000e+00
9.999999999999997780e-01
1.000000000000000000e+00
9.999999999999997780e-01
9.999999999999993339e-01
9.999999999999995559e-01
1.000000000000000000e+00
9.999999999999997780e-01
1.000000000000000000e+00
1.000000000000000000e+00
9.777829304814676936e-01
8.917450959821487944e-01
7.240559393373884323e-01
4.777252755033408738e-01
2.735407703705735050e-01
1.336348908933287227e-01
5.039714309071372661e-02
4.926937949614249371e-03
0.000000000000000000e+00
0.000000000000000000e+00
0.000000000000000000e+00
0.000000000000000000e+00
0.000000000000000000e+00
0.000000000000000000e+00
0.000000000000000000e+00
0.000000000000000000e+00
1.058381324247893861e-16
4.926937949614249371e-03
5.039714309071383763e-02
1.336348908933287227e-01
2.735407703705733939e-01
4.777252755033408738e-01
7.240559393373880992e-01
8.917450959821487944e-01
9.777829304814679157e-01
1.000000000000000000e+00
9.128372780824018928e-01
6.755737560672830933e-01
6.755737560672832043e-01
9.128372780824023369e-01
1.000000000000000000e+00
1.000000000000000000e+00
9.999999999999995559e-01
1.000000000000000000e+00
1.000000000000000000e+00
9.999999999999993339e-01
9.999999999999995559e-01
9.999999999999997780e-01
9.999999999999995559e-01
9.999999999999997780e-01
9.999999999999997780e-01
1.000000000000000000e+00
9.999999999999997780e-01
9.999999999999995559e-01
1.000000000000000000e+00
1.000000000000000000e+00
9.999999999999995559e-01
9.999999999999997780e-01
9.999999999999997780e-01
9.999999999999995559e-01
9.999999999999993339e-01
1.000000000000000000e+00
9.999999999999997780e-01
9.999999999999995559e-01
1.000000000000000000e+00
9.999999999999997780e-01
1.000000000000000000e+00
1.000000000000000000e+00
1.000000000000000000e+00
1.000000000000000000e+00
1.000000000000000000e+00
9.950730620503857038e-01
9.496028569092860305e-01
8.663651091066711940e-01
7.328376644618812552e-01
5.591241225591184749e-01
3.427429192515111800e-01
1.677966196456866788e-01
5.039714309071383763e-02
4.926937949614143553e-03
0.000000000000000000e+00
0.000000000000000000e+00
0.000000000000000000e+00
0.000000000000000000e+00
0.000000000000000000e+00
0.000000000000000000e+00
0.000000000000000000e+00
4.926937949614249371e-03
5.039714309071372661e-02
1.677966196456866788e-01
3.427429192515110135e-01
5.591241225591183639e-01
7.328376644618814773e-01
8.663651091066710830e-01
9.496028569092860305e-01
9.950730620503857038e-01
9.999999999999997780e-01
9.128372780824018928e-01
6.755737560672833153e-01
6.755737560672832043e-01
9.128372780824023369e-01
1.000000000000000000e+00
9.999999999999997780e-01
9.999999999999997780e-01
1.000000000000000000e+00
9.999999999999997780e-01
1.000000000000000000e+00
1.000000000000000000e+00
9.999999999999997780e-01
1.000000000000000000e+00
1.000000000000000000e+00
9.999999999999997780e-01
1.000000000000000000e+00
1.000000000000000000e+00
1.000000000000000000e+00
9.999999999999997780e-01
9.999999999999997780e-01
9.999999999999997780e-01
9.999999999999995559e-01
9.999999999999997780e-01
1.000000000000000000e+00
9.999999999999997780e-01
9.999999999999993339e-01
1.000000000000000000e+00
9.999999999999997780e-01
9.999999999999997780e-01
9.999999999999997780e-01
9.999999999999997780e-01
1.000000000000000000e+00
1.000000000000000000e+00
9.999999999999997780e-01
1.000000000000000000e+00
1.000000000000000000e+00
9.950730620503857038e-01
9.726943733857491559e-01
9.183218240730307569e-01
8.054285708016161172e-01
6.211276864697503619e-01
3.722163319856089947e-01
1.677966196456866232e-01
5.039714309071372661e-02
4.926937949614249371e-03
0.000000000000000000e+00
0.000000000000000000e+00
0.000000000000000000e+00
0.000000000000000000e+00
0.000000000000000000e+00
4.926937949614143553e-03
5.039714309071394172e-02
1.677966196456866232e-01
3.722163319856091057e-01
6.211276864697503619e-01
8.054285708016158951e-01
9.183218240730309789e-01
9.726943733857489338e-01
9.950730620503857038e-01
9.999999999999997780e-01
1.000000000000000000e+00
9.128372780824022259e-01
6.755737560672826492e-01
6.755737560672832043e-01
9.128372780824022259e-01
1.000000000000000000e+00
1.000000000000000000e+00
9.999999999999997780e-01
9.999999999999997780e-01
1.000000000000000000e+00
9.999999999999997780e-01
1.000000000000000000e+00
9.999999999999993339e-01
9.999999999999995559e-01
9.999999999999995559e-01
1.000000000000000000e+00
1.000000000000000000e+00
9.999999999999997780e-01
9.999999999999997780e-01
9.999999999999997780e-01
1.000000000000000000e+00
9.999999999999997780e-01
9.999999999999997780e-01
9.999999999999993339e-01
1.000000000000000000e+00
1.000000000000000000e+00
1.000000000000000000e+00
9.999999999999997780e-01
9.999999999999997780e-01
1.000000000000000000e+00
9.999999999999993339e-01
1.000000000000000000e+00
1.000000000000000000e+00
1.000000000000000000e+00
1.000000000000000000e+00
1.000000000000000000e+00
9.999999999999997780e-01
1.000000000000000000e+00
1.000000000000000000e+00
9.950730620503857038e-01
9.496028569092860305e-01
8.322033803543134045e-01
6.277836680143907833e-01
3.722163319856091057e-01
1.677966196456865122e-01
5.039714309071372661e-02
4.926937949614249371e-03
0.000000000000000000e+00
0.000000000000000000e+00
0.000000000000000000e+00
4.926937949614249371e-03
5.039714309071356702e-02
1.677966196456866232e-01
3.722163319856089947e-01
6.277836680143907833e-01
8.322033803543131825e-01
9.496028569092860305e-01
9.950730620503857038e-01
1.000000000000000000e+00
1.000000000000000000e+00
9.999999999999997780e-01
1.000000000000000000e+00
9.128372780824021149e-01
6.755737560672830933e-01
6.755737560672833153e-01
9.128372780824021149e-01
1.000000000000000000e+00
1.000000000000000000e+00
9.999999999999997780e-01
1.000000000000000000e+00
1.000000000000000000e+00
9.999999999999997780e-01
1.000000000000000000e+00
1.000000000000000000e+00
9.999999999999993339e-01
1.000000000000000000e+00
1.000000000000000000e+00
9.999999999999997780e-01
9.999999999999997780e-01
1.000000000000000000e+00
1.000000000000000000e+00
1.000000000000000000e+00
1.000000000000000000e+00
9.999999999999993339e-01
9.999999999999997780e-01
1.000000000000000000e+00
1.000000000000000000e+00
1.000000000000000000e+00
1.000000000000000000e+00
9.999999999999997780e-01
1.000000000000000000e+00
9.999999999999997780e-01
9.999999999999997780e-01
1.000000000000000000e+00
1.000000000000000000e+00
9.999999999999997780e-01
1.000000000000000000e+00
1.000000000000000000e+00
1.000000000000000000e+00
1.000000000000000000e+00
9.999999999999997780e-01
9.950730620503857038e-01
9.496028569092860305e-01
8.322033803543135155e-01
6.211276864697503619e-01
3.427429192515110690e-01
1.336348908933287782e-01
2.730562661425106619e-02
0.000000000000000000e+00
0.000000000000000000e+00
0.000000000000000000e+00
2.730562661425106619e-02
1.336348908933285562e-01
3.427429192515110690e-01
6.211276864697503619e-01
8.322033803543135155e-01
9.496028569092860305e-01
9.950730620503857038e-01
9.999999999999997780e-01
1.000000000000000000e+00
1.000000000000000000e+00
1.000000000000000000e+00
1.000000000000000000e+00
9.128372780824021149e-01
6.755737560672826492e-01
6.755737560672832043e-01
9.128372780824018928e-01
1.000000000000000000e+00
1.000000000000000000e+00
1.000000000000000000e+00
1.000000000000000000e+00
9.999999999999997780e-01
1.000000000000000000e+00
9.999999999999997780e-01
1.000000000000000000e+00
1.000000000000000000e+00
1.000000000000000000e+00
9.999999999999997780e-01
1.000000000000000000e+00
9.999999999999997780e-01
9.999999999999995559e-01
1.000000000000000000e+00
1.000000000000000000e+00
1.000000000000000000e+00
9.999999999999997780e-01
1.000000000000000000e+00
1.000000000000000000e+00
1.000000000000000000e+00
1.000000000000000000e+00
1.000000000000000000e+00
1.000000000000000000e+00
1.000000000000000000e+00
9.999999999999997780e-01
1.000000000000000000e+00
1.000000000000000000e+00
1.000000000000000000e+00
1.000000000000000000e+00
1.000000000000000000e+00
1.000000000000000000e+00
1.000000000000000000e+00
1.000000000000000000e+00
1.000000000000000000e+00
1.000000000000000000e+00
9.950730620503857038e-01
9.496028569092859195e-01
8.054285708016158951e-01
5.591241225591184749e-01
2.671623355381185227e-01
8.167817592696893780e-02
4.926937949614249371e-03
0.000000000000000000e+00
4.926937949614143553e-03
8.167817592696893780e-02
2.671623355381184117e-01
5.591241225591184749e-01
8.054285708016161172e-01
9.496028569092860305e-01
9.950730620503857038e-01
1.000000000000000000e+00
9.999999999999997780e-01
9.999999999999997780e-01
1.000000000000000000e+00
1.000000000000000000e+00
9.999999999999993339e-01
9.128372780824020039e-01
6.755737560672833153e-01
6.755737560672830933e-01
9.128372780824021149e-01
1.000000000000000000e+00
1.000000000000000000e+00
1.000000000000000000e+00
9.999999999999997780e-01
1.000000000000000000e+00
1.000000000000000000e+00
1.000000000000000000e+00
1.000000000000000000e+00
9.999999999999997780e-01
9.999999999999997780e-01
1.000000000000000000e+00
1.000000000000000000e+00
1.000000000000000000e+00
1.000000000000000000e+00
9.999999999999997780e-01
1.000000000000000000e+00
1.000000000000000000e+00
1.000000000000000000e+00
9.999999999999997780e-01
1.000000000000000000e+00
9.999999999999997780e-01
1.000000000000000000e+00
1.000000000000000000e+00
1.000000000000000000e+00
1.000000000000000000e+00
1.000000000000000000e+00
1.000000000000000000e+00
1.000000000000000000e+00
1.000000000000000000e+00
9.999999999999997780e-01
1.000000000000000000e+00
9.999999999999997780e-01
9.999999999999997780e-01
1.000000000000000000e+00
1.000000000000000000e+00
9.999999999999997780e-01
1.000000000000000000e+00
9.950730620503857038e-01
9.183218240730307569e-01
7.264592296294263285e-01
4.109107117303977263e-01
1.596392189287636210e-01
2.730562661425101414e-02
0.000000000000000000e+00
2.730562661425101414e-02
1.596392189287636210e-01
4.109107117303975598e-01
7.264592296294262175e-01
9.183218240730309789e-01
9.950730620503857038e-01
9.999999999999997780e-01
9.999999999999995559e-01
9.999999999999997780e-01
9.999999999999997780e-01
1.000000000000000000e+00
9.999999999999997780e-01
1.000000000000000000e+00
9.128372780824021149e-01
6.755737560672826492e-01
6.755737560672833153e-01
9.128372780824021149e-01
9.999999999999997780e-01
1.000000000000000000e+00
9.999999999999997780e-01
9.999999999999997780e-01
9.999999999999997780e-01
9.999999999999995559e-01
9.999999999999997780e-01
1.000000000000000000e+00
9.999999999999993339e-01
1.000000000000000000e+00
9.999999999999995559e-01
9.999999999999995559e-01
9.999999999999997780e-01
9.999999999999997780e-01
9.999999999999997780e-01
9.999999999999997780e-01
1.000000000000000000e+00
9.999999999999997780e-01
9.999999999999997780e-01
9.999999999999997780e-01
9.999999999999997780e-01
9.999999999999997780e-01
1.000000000000000000e+00
9.999999999999997780e-01
1.000000000000000000e+00
9.999999999999997780e-01
9.999999999999997780e-01
1.000000000000000000e+00
1.000000000000000000e+00
1.000000000000000000e+00
1.000000000000000000e+00
1.000000000000000000e+00
1.000000000000000000e+00
1.000000000000000000e+00
1.000000000000000000e+00
1.000000000000000000e+00
1.000000000000000000e+00
9.999999999999997780e-01
9.675698458267464330e-01
8.077107399202544391e-01
5.197305502934420618e-01
2.090853359492127750e-01
5.237886817489133262e-02
0.000000000000000000e+00
5.237886817489117997e-02
2.090853359492127750e-01
5.197305502934420618e-01
8.077107399202544391e-01
9.675698458267464330e-01
9.999999999999997780e-01
1.000000000000000000e+00
9.999999999999997780e-01
9.999999999999997780e-01
9.999999999999997780e-01
1.000000000000000000e+00
1.000000000000000000e+00
1.000000000000000000e+00
9.128372780824021149e-01
6.755737560672830933e-01
6.755737560672826492e-01
9.128372780824020039e-01
9.999999999999997780e-01
1.000000000000000000e+00
9.999999999999997780e-01
9.999999999999997780e-01
9.999999999999997780e-01
1.000000000000000000e+00
9.999999999999993339e-01
9.999999999999997780e-01
9.999999999999993339e-01
1.000000000000000000e+00
1.000000000000000000e+00
1.000000000000000000e+00
1.000000000000000000e+00
1.000000000000000000e+00
9.999999999999997780e-01
9.999999999999997780e-01
9.999999999999997780e-01
1.000000000000000000e+00
9.999999999999997780e-01
9.999999999999997780e-01
1.000000000000000000e+00
9.999999999999997780e-01
1.000000000000000000e+00
9.999999999999997780e-01
1.000000000000000000e+00
9.999999999999995559e-01
1.000000000000000000e+00
1.000000000000000000e+00
1.000000000000000000e+00
1.000000000000000000e+00
1.000000000000000000e+00
1.000000000000000000e+00
1.000000000000000000e+00
1.000000000000000000e+00
1.000000000000000000e+00
9.999999999999997780e-01
1.000000000000000000e+00
1.000000000000000000e+00
9.675698458267464330e-01
8.077107399202544391e-01
5.197305502934421728e-01
2.090853359492127750e-01
5.237886817489133262e-02
0.000000000000000000e+00
5.237886817489117997e-02
2.090853359492127750e-01
5.197305502934420618e-01
8.077107399202544391e-01
9.675698458267464330e-01
9.999999999999997780e-01
1.000000000000000000e+00
9.999999999999997780e-01
1.000000000000000000e+00
9.999999999999997780e-01
1.000000000000000000e+00
1.000000000000000000e+00
1.000000000000000000e+00
9.128372780824021149e-01
6.755737560672830933e-01
6.755737560672826492e-01
9.128372780824018928e-01
1.000000000000000000e+00
1.000000000000000000e+00
9.999999999999997780e-01
9.999999999999997780e-01
9.999999999999997780e-01
9.999999999999997780e-01
9.999999999999997780e-01
9.999999999999997780e-01
9.999999999999993339e-01
9.999999999999997780e-01
1.000000000000000000e+00
1.000000000000000000e+00
9.999999999999997780e-01
1.000000000000000000e+00
1.000000000000000000e+00
1.000000000000000000e+00
9.999999999999997780e-01
9.999999999999997780e-01
9.999999999999997780e-01
9.999999999999997780e-01
9.999999999999997780e-01
1.000000000000000000e+00
1.000000000000000000e+00
9.999999999999997780e-01
9.999999999999997780e-01
9.999999999999997780e-01
9.999999999999997780e-01
1.000000000000000000e+00
1.000000000000000000e+00
9.999999999999997780e-01
1.000000000000000000e+00
1.000000000000000000e+00
9.999999999999997780e-01
9.999999999999997780e-01
9.999999999999997780e-01
9.999999999999997780e-01
1.000000000000000000e+00
9.950730620503853707e-01
9.183218240730309789e-01
7.264592296294262175e-01
4.109107117303978929e-01
1.596392189287636210e-01
2.730562661425106619e-02
0.000000000000000000e+00
2.730562661425101414e-02
1.596392189287636210e-01
4.109107117303976153e-01
7.264592296294258844e-01
9.183218240730309789e-01
9.950730620503857038e-01
1.000000000000000000e+00
9.999999999999993339e-01
9.999999999999995559e-01
9.999999999999997780e-01
9.999999999999997780e-01
9.999999999999997780e-01
9.999999999999993339e-01
9.128372780824018928e-01
6.755737560672826492e-01
6.755737560672833153e-01
9.128372780824021149e-01
9.999999999999997780e-01
1.000000000000000000e+00
9.999999999999995559e-01
1.000000000000000000e+00
9.999999999999997780e-01
1.000000000000000000e+00
1.000000000000000000e+00
9.999999999999997780e-01
9.999999999999997780e-01
1.000000000000000000e+00
1.000000000000000000e+00
1.000000000000000000e+00
9.999999999999997780e-01
1.000000000000000000e+00
1.000000000000000000e+00
9.999999999999997780e-01
9.999999999999997780e-01
1.000000000000000000e+00
9.999999999999993339e-01
1.000000000000000000e+00
1.000000000000000000e+00
1.000000000000000000e+00
1.000000000000000000e+00
1.000000000000000000e+00
1.000000000000000000e+00
9.999999999999997780e-01
1.000000000000000000e+00
1.000000000000000000e+00
1.000000000000000000e+00
9.999999999999997780e-01
1.000000000000000000e+00
1.000000000000000000e+00
1.000000000000000000e+00
1.000000000000000000e+00
1.000000000000000000e+00
1.000000000000000000e+00
9.950730620503857038e-01
9.496028569092860305e-01
8.054285708016158951e-01
5.591241225591184749e-01
2.671623355381184672e-01
8.167817592696899331e-02
4.926937949614249371e-03
0.000000000000000000e+00
4.926937949614143553e-03
8.167817592696893780e-02
2.671623355381184672e-01
5.591241225591184749e-01
8.054285708016158951e-01
9.496028569092860305e-01
9.950730620503857038e-01
9.999999999999997780e-01
1.000000000000000000e+00
9.999999999999997780e-01
1.000000000000000000e+00
9.999999999999997780e-01
9.999999999999997780e-01
9.128372780824022259e-01
6.755737560672829822e-01
6.755737560672833153e-01
9.128372780824018928e-01
1.000000000000000000e+00
1.000000000000000000e+00
9.999999999999997780e-01
1.000000000000000000e+00
9.999999999999995559e-01
1.000000000000000000e+00
9.999999999999997780e-01
1.000000000000000000e+00
9.999999999999997780e-01
1.000000000000000000e+00
9.999999999999997780e-01
1.000000000000000000e+00
9.999999999999995559e-01
9.999999999999997780e-01
9.999999999999997780e-01
1.000000000000000000e+00
1.000000000000000000e+00
9.999999999999997780e-01
9.999999999999997780e-01
1.000000000000000000e+00
1.000000000000000000e+00
9.999999999999997780e-01
1.000000000000000000e+00
9.999999999999997780e-01
1.000000000000000000e+00
9.999999999999995559e-01
1.000000000000000000e+00
9.999999999999997780e-01
1.000000000000000000e+00
1.000000000000000000e+00
1.000000000000000000e+00
1.000000000000000000e+00
1.000000000000000000e+00
1.000000000000000000e+00
9.999999999999997780e-01
9.950730620503853707e-01
9.496028569092862526e-01
8.322033803543135155e-01
6.211276864697501399e-01
3.427429192515110135e-01
1.336348908933286672e-01
2.730562661425117374e-02
0.000000000000000000e+00
0.000000000000000000e+00
0.000000000000000000e+00
2.730562661425117374e-02
1.336348908933285562e-01
3.427429192515110690e-01
6.211276864697501399e-01
8.322033803543131825e-01
9.496028569092860305e-01
9.950730620503853707e-01
9.999999999999997780e-01
9.999999999999997780e-01
1.000000000000000000e+00
9.999999999999997780e-01
9.999999999999997780e-01
9.128372780824020039e-01
6.755737560672826492e-01
6.755737560672832043e-01
9.128372780824020039e-01
1.000000000000000000e+00
1.000000000000000000e+00
9.999999999999997780e-01
1.000000000000000000e+00
9.999999999999997780e-01
9.999999999999997780e-01
1.000000000000000000e+00
9.999999999999997780e-01
9.999999999999993339e-01
1.000000000000000000e+00
9.999999999999997780e-01
1.000000000000000000e+00
9.999999999999997780e-01
9.999999999999995559e-01
1.000000000000000000e+00
1.000000000000000000e+00
9.999999999999997780e-01
9.999999999999997780e-01
9.999999999999997780e-01
1.000000000000000000e+00
9.999999999999997780e-01
1.000000000000000000e+00
1.000000000000000000e+00
1.000000000000000000e+00
1.000000000000000000e+00
1.000000000000000000e+00
9.999999999999997780e-01
1.000000000000000000e+00
1.000000000000000000e+00
1.000000000000000000e+00
1.000000000000000000e+00
1.000000000000000000e+00
9.999999999999997780e-01
1.000000000000000000e+00
9.950730620503853707e-01
9.496028569092860305e-01
8.322033803543131825e-01
6.277836680143907833e-01
3.722163319856089947e-01
1.677966196456866232e-01
5.039714309071372661e-02
4.926937949614249371e-03
0.000000000000000000e+00
0.000000000000000000e+00
0.000000000000000000e+00
4.926937949614249371e-03
5.039714309071367804e-02
1.677966196456865122e-01
3.722163319856091057e-01
6.277836680143907833e-01
8.322033803543131825e-01
9.496028569092859195e-01
9.950730620503853707e-01
1.000000000000000000e+00
1.000000000000000000e+00
9.999999999999997780e-01
9.999999999999997780e-01
9.128372780824021149e-01
6.755737560672830933e-01
6.755737560672832043e-01
9.128372780824018928e-01
9.999999999999997780e-01
9.999999999999997780e-01
1.000000000000000000e+00
1.000000000000000000e+00
9.999999999999997780e-01
1.000000000000000000e+00
9.999999999999995559e-01
9.999999999999997780e-01
9.999999999999997780e-01
1.000000000000000000e+00
9.999999999999997780e-01
1.000000000000000000e+00
9.999999999999995559e-01
9.999999999999997780e-01
1.000000000000000000e+00
9.999999999999997780e-01
9.999999999999997780e-01
9.999999999999997780e-01
9.999999999999997780e-01
9.999999999999997780e-01
9.999999999999997780e-01
9.999999999999997780e-01
1.000000000000000000e+00
1.000000000000000000e+00
9.999999999999997780e-01
9.999999999999995559e-01
1.000000000000000000e+00
1.000000000000000000e+00
1.000000000000000000e+00
1.000000000000000000e+00
1.000000000000000000e+00
1.000000000000000000e+00
9.950730620503857038e-01
9.726943733857489338e-01
9.183218240730309789e-01
8.054285708016161172e-01
6.211276864697501399e-01
3.722163319856092722e-01
1.677966196456866232e-01
5.039714309071372661e-02
4.926937949614249371e-03
1.058381324247893861e-16
0.000000000000000000e+00
0.000000000000000000e+00
0.000000000000000000e+00
1.058381324247893861e-16
4.926937949614143553e-03
5.039714309071383763e-02
1.677966196456866232e-01
3.722163319856091057e-01
6.211276864697501399e-01
8.054285708016158951e-01
9.183218240730309789e-01
9.726943733857489338e-01
9.950730620503857038e-01
9.999999999999997780e-01
1.000000000000000000e+00
9.128372780824021149e-01
6.755737560672830933e-01
6.755737560672832043e-01
9.128372780824022259e-01
1.000000000000000000e+00
9.999999999999997780e-01
9.999999999999997780e-01
1.000000000000000000e+00
9.999999999999997780e-01
1.000000000000000000e+00
9.999999999999997780e-01
9.999999999999997780e-01
1.000000000000000000e+00
1.000000000000000000e+00
9.999999999999997780e-01
9.999999999999997780e-01
9.999999999999993339e-01
9.999999999999997780e-01
9.999999999999997780e-01
9.999999999999997780e-01
9.999999999999997780e-01
9.999999999999997780e-01
9.999999999999997780e-01
9.999999999999997780e-01
9.999999999999997780e-01
9.999999999999997780e-01
1.000000000000000000e+00
9.999999999999997780e-01
9.999999999999997780e-01
9.999999999999997780e-01
1.000000000000000000e+00
9.999999999999997780e-01
1.000000000000000000e+00
1.000000000000000000e+00
9.999999999999997780e-01
9.950730620503853707e-01
9.496028569092859195e-01
8.663651091066711940e-01
7.328376644618812552e-01
5.591241225591184749e-01
3.427429192515110135e-01
1.677966196456866788e-01
5.039714309071394172e-02
4.926937949614249371e-03
0.000000000000000000e+00
1.058381324247893861e-16
0.000000000000000000e+00
0.000000000000000000e+00
0.000000000000000000e+00
0.000000000000000000e+00
0.000000000000000000e+00
4.926937949614249371e-03
5.039714309071394172e-02
1.677966196456866232e-01
3.427429192515111800e-01
5.591241225591183639e-01
7.328376644618812552e-01
8.663651091066713050e-01
9.496028569092860305e-01
9.950730620503853707e-01
9.999999999999997780e-01
9.128372780824022259e-01
6.755737560672830933e-01
6.755737560672833153e-01
9.128372780824018928e-01
1.000000000000000000e+00
9.999999999999997780e-01
9.999999999999997780e-01
1.000000000000000000e+00
1.000000000000000000e+00
1.000000000000000000e+00
9.999999999999997780e-01
1.000000000000000000e+00
9.999999999999997780e-01
9.999999999999997780e-01
1.000000000000000000e+00
1.000000000000000000e+00
9.999999999999993339e-01
9.999999999999997780e-01
1.000000000000000000e+00
1.000000000000000000e+00
9.999999999999997780e-01
9.999999999999997780e-01
1.000000000000000000e+00
9.999999999999997780e-01
9.999999999999997780e-01
1.000000000000000000e+00
9.999999999999995559e-01
9.999999999999997780e-01
9.999999999999997780e-01
9.999999999999997780e-01
9.999999999999997780e-01
1.000000000000000000e+00
1.000000000000000000e+00
9.999999999999997780e-01
1.000000000000000000e+00
9.777829304814683598e-01
8.917450959821485723e-01
7.240559393373884323e-01
4.777252755033409848e-01
2.735407703705737270e-01
1.336348908933287782e-01
5.039714309071399029e-02
4.926937949614249371e-03
0.000000000000000000e+00
0.000000000000000000e+00
1.058381324247893861e-16
0.000000000000000000e+00
0.000000000000000000e+00
0.000000000000000000e+00
1.058381324247893861e-16
0.000000000000000000e+00
1.058381324247893861e-16
4.926937949614249371e-03
5.039714309071394172e-02
1.336348908933286672e-01
2.735407703705736160e-01
4.777252755033410403e-01
7.240559393373884323e-01
8.917450959821487944e-01
9.777829304814679157e-01
1.000000000000000000e+00
9.128372780824021149e-01
6.755737560672829822e-01
6.755737560672833153e-01
9.128372780824018928e-01
1.000000000000000000e+00
1.000000000000000000e+00
1.000000000000000000e+00
1.000000000000000000e+00
1.000000000000000000e+00
1.000000000000000000e+00
9.999999999999997780e-01
1.000000000000000000e+00
1.000000000000000000e+00
1.000000000000000000e+00
1.000000000000000000e+00
9.999999999999997780e-01
1.000000000000000000e+00
1.000000000000000000e+00
1.000000000000000000e+00
1.000000000000000000e+00
9.999999999999997780e-01
1.000000000000000000e+00
9.999999999999993339e-01
9.999999999999995559e-01
1.000000000000000000e+00
9.999999999999997780e-01
1.000000000000000000e+00
1.000000000000000000e+00
9.999999999999997780e-01
1.000000000000000000e+00
9.999999999999997780e-01
9.999999999999997780e-01
1.000000000000000000e+00
1.000000000000000000e+00
9.999999999999997780e-01
9.707722498587607607e-01
8.581718759609416880e-01
6.255380164467866377e-01
3.537142971899871480e-01
1.374647305621538029e-01
3.243015417325351840e-02
4.926937949614249371e-03
1.058381324247893861e-16
0.000000000000000000e+00
0.000000000000000000e+00
1.058381324247893861e-16
0.000000000000000000e+00
0.000000000000000000e+00
0.000000000000000000e+00
0.000000000000000000e+00
0.000000000000000000e+00
1.058381324247893861e-16
1.058381324247893861e-16
4.926937949614249371e-03
3.243015417325341432e-02
1.374647305621537474e-01
3.537142971899872035e-01
6.255380164467866377e-01
8.581718759609416880e-01
9.707722498587607607e-01
9.999999999999997780e-01
9.128372780824021149e-01
6.755737560672826492e-01
6.755737560672833153e-01
9.128372780824021149e-01
1.000000000000000000e+00
1.000000000000000000e+00
9.999999999999997780e-01
1.000000000000000000e+00
1.000000000000000000e+00
1.000000000000000000e+00
9.999999999999997780e-01
9.999999999999997780e-01
9.999999999999997780e-01
9.999999999999997780e-01
9.999999999999993339e-01
9.999999999999997780e-01
9.999999999999997780e-01
1.000000000000000000e+00
9.999999999999997780e-01
9.999999999999997780e-01
9.999999999999997780e-01
9.999999999999997780e-01
9.999999999999997780e-01
1.000000000000000000e+00
1.000000000000000000e+00
9.999999999999997780e-01
1.000000000000000000e+00
9.999999999999997780e-01
1.000000000000000000e+00
9.999999999999997780e-01
9.999999999999997780e-01
9.999999999999997780e-01
1.000000000000000000e+00
1.000000000000000000e+00
1.000000000000000000e+00
9.777829304814679157e-01
8.917450959821485723e-01
6.953678169343333604e-01
4.086451807538938885e-01
1.737604145286524293e-01
5.039714309071383763e-02
4.926937949614249371e-03
0.000000000000000000e+00
0.000000000000000000e+00
0.000000000000000000e+00
1.058381324247893861e-16
0.000000000000000000e+00
0.000000000000000000e+00
0.000000000000000000e+00
0.000000000000000000e+00
0.000000000000000000e+00
0.000000000000000000e+00
0.000000000000000000e+00
4.926937949614249371e-03
5.039714309071394172e-02
1.737604145286522905e-01
4.086451807538939440e-01
6.953678169343331383e-01
8.917450959821487944e-01
9.777829304814676936e-01
1.000000000000000000e+00
9.128372780824021149e-01
6.755737560672830933e-01
6.755737560672833153e-01
9.128372780824021149e-01
1.000000000000000000e+00
1.000000000000000000e+00
9.999999999999997780e-01
1.000000000000000000e+00
1.000000000000000000e+00
9.999999999999997780e-01
1.000000000000000000e+00
9.999999999999997780e-01
1.000000000000000000e+00
1.000000000000000000e+00
1.000000000000000000e+00
9.999999999999997780e-01
9.999999999999993339e-01
9.999999999999993339e-01
1.000000000000000000e+00
1.000000000000000000e+00
9.999999999999997780e-01
1.000000000000000000e+00
1.000000000000000000e+00
1.000000000000000000e+00
9.999999999999997780e-01
1.000000000000000000e+00
9.999999999999997780e-01
9.999999999999997780e-01
1.000000000000000000e+00
9.999999999999997780e-01
9.999999999999997780e-01
1.000000000000000000e+00
1.000000000000000000e+00
1.000000000000000000e+00
1.000000000000000000e+00
9.950730620503857038e-01
9.496028569092860305e-01
8.322033803543131825e-01
6.211276864697501399e-01
3.427429192515110135e-01
1.336348908933287782e-01
2.730562661425117374e-02
0.000000000000000000e+00
0.000000000000000000e+00
1.058381324247893861e-16
1.058381324247893861e-16
0.000000000000000000e+00
0.000000000000000000e+00
0.000000000000000000e+00
1.058381324247893861e-16
0.000000000000000000e+00
1.058381324247893861e-16
0.000000000000000000e+00
2.730562661425117374e-02
1.336348908933287782e-01
3.427429192515109024e-01
6.211276864697503619e-01
8.322033803543134045e-01
9.496028569092860305e-01
9.950730620503857038e-01
1.000000000000000000e+00
9.128372780824022259e-01
6.755737560672830933e-01
6.755737560672832043e-01
9.128372780824020039e-01
9.999999999999997780e-01
1.000000000000000000e+00
9.999999999999997780e-01
1.000000000000000000e+00
9.999999999999997780e-01
1.000000000000000000e+00
1.000000000000000000e+00
9.999999999999995559e-01
9.999999999999997780e-01
9.999999999999997780e-01
1.000000000000000000e+00
1.000000000000000000e+00
9.999999999999997780e-01
1.000000000000000000e+00
1.000000000000000000e+00
1.000000000000000000e+00
9.999999999999997780e-01
9.999999999999993339e-01
9.999999999999995559e-01
1.000000000000000000e+00
1.000000000000000000e+00
9.999999999999993339e-01
9.999999999999997780e-01
9.999999999999997780e-01
1.000000000000000000e+00
9.999999999999995559e-01
1.000000000000000000e+00
9.999999999999997780e-01
1.000000000000000000e+00
9.999999999999997780e-01
1.000000000000000000e+00
9.999999999999997780e-01
9.901096411453554902e-01
9.203746908005500105e-01
7.352296650315878201e-01
4.594580285950141674e-01
1.968575062959028454e-01
5.237886817489133262e-02
0.000000000000000000e+00
0.000000000000000000e+00
0.000000000000000000e+00
1.058381324247893861e-16
0.000000000000000000e+00
0.000000000000000000e+00
0.000000000000000000e+00
1.058381324247893861e-16
0.000000000000000000e+00
1.058381324247893861e-16
0.000000000000000000e+00
5.237886817489133262e-02
1.968575062959029010e-01
4.594580285950140008e-01
7.352296650315880422e-01
9.203746908005497884e-01
9.901096411453554902e-01
9.999999999999997780e-01
1.000000000000000000e+00
9.128372780824020039e-01
6.755737560672830933e-01
6.755737560672833153e-01
9.128372780824018928e-01
9.999999999999997780e-01
1.000000000000000000e+00
1.000000000000000000e+00
1.000000000000000000e+00
9.999999999999997780e-01
9.999999999999997780e-01
9.999999999999997780e-01
9.999999999999997780e-01
9.999999999999997780e-01
9.999999999999997780e-01
9.999999999999997780e-01
9.999999999999997780e-01
1.000000000000000000e+00
1.000000000000000000e+00
9.999999999999995559e-01
9.999999999999997780e-01
9.999999999999997780e-01
9.999999999999997780e-01
9.999999999999997780e-01
9.999999999999995559e-01
1.000000000000000000e+00
9.999999999999997780e-01
1.000000000000000000e+00
1.000000000000000000e+00
1.000000000000000000e+00
9.999999999999993339e-01
1.000000000000000000e+00
9.999999999999997780e-01
1.000000000000000000e+00
9.950730620503857038e-01
9.726943733857489338e-01
9.423250578092152718e-01
8.936431998219149797e-01
8.284848360198929784e-01
6.622049672630804240e-01
4.204119138080621987e-01
1.760097720471787974e-01
5.237886817489133262e-02
1.058381324247893861e-16
0.000000000000000000e+00
0.000000000000000000e+00
1.058381324247893861e-16
0.000000000000000000e+00
0.000000000000000000e+00
0.000000000000000000e+00
1.058381324247893861e-16
0.000000000000000000e+00
1.058381324247893861e-16
0.000000000000000000e+00
5.237886817489133262e-02
1.760097720471786864e-01
4.204119138080621432e-01
6.622049672630805350e-01
8.284848360198929784e-01
8.936431998219149797e-01
9.423250578092152718e-01
9.726943733857487118e-01
9.073188869604466023e-01
6.755737560672830933e-01
6.755737560672830933e-01
9.128372780824021149e-01
1.000000000000000000e+00
1.000000000000000000e+00
1.000000000000000000e+00
1.000000000000000000e+00
1.000000000000000000e+00
1.000000000000000000e+00
9.999999999999997780e-01
1.000000000000000000e+00
9.999999999999997780e-01
1.000000000000000000e+00
1.000000000000000000e+00
1.000000000000000000e+00
1.000000000000000000e+00
1.000000000000000000e+00
1.000000000000000000e+00
1.000000000000000000e+00
1.000000000000000000e+00
1.000000000000000000e+00
9.999999999999995559e-01
9.999999999999997780e-01
9.999999999999997780e-01
1.000000000000000000e+00
1.000000000000000000e+00
1.000000000000000000e+00
1.000000000000000000e+00
9.999999999999997780e-01
1.000000000000000000e+00
9.950730620503857038e-01
9.726943733857489338e-01
9.183218240730309789e-01
8.403607810712363513e-01
7.633153074550959039e-01
6.665570072064617158e-01
5.591241225591189190e-01
4.042029937299381204e-01
2.390376348071434343e-01
1.005425905938426567e-01
2.730562661425117374e-02
1.058381324247893861e-16
0.000000000000000000e+00
1.058381324247893861e-16
1.058381324247893861e-16
0.000000000000000000e+00
0.000000000000000000e+00
0.000000000000000000e+00
0.000000000000000000e+00
0.000000000000000000e+00
2.116762648495787721e-16
0.000000000000000000e+00
2.730562661425106619e-02
1.005425905938426012e-01
2.390376348071432955e-01
4.042029937299382869e-01
5.591241225591186970e-01
6.665570072064617158e-01
7.633153074550959039e-01
8.403607810712362403e-01
8.222731198288655285e-01
6.396666262416405013e-01
6.755737560672830933e-01
9.128372780824022259e-01
1.000000000000000000e+00
1.000000000000000000e+00
1.000000000000000000e+00
9.999999999999997780e-01
1.000000000000000000e+00
9.999999999999997780e-01
1.000000000000000000e+00
1.000000000000000000e+00
9.999999999999997780e-01
1.000000000000000000e+00
9.999999999999997780e-01
1.000000000000000000e+00
9.999999999999997780e-01
9.999999999999997780e-01
1.000000000000000000e+00
1.000000000000000000e+00
9.999999999999997780e-01
9.999999999999997780e-01
1.000000000000000000e+00
1.000000000000000000e+00
9.999999999999997780e-01
1.000000000000000000e+00
9.999999999999995559e-01
1.000000000000000000e+00
1.000000000000000000e+00
1.000000000000000000e+00
9.950730620503857038e-01
9.496028569092860305e-01
8.663651091066713050e-01
7.328376644618814773e-01
5.890892882696019406e-01
4.408758774408814141e-01
3.334429927935385063e-01
2.366846925449042349e-01
1.596392189287637320e-01
8.167817592696899331e-02
2.730562661425117374e-02
4.926937949614249371e-03
1.058381324247893861e-16
0.000000000000000000e+00
1.058381324247893861e-16
1.058381324247893861e-16
0.000000000000000000e+00
0.000000000000000000e+00
0.000000000000000000e+00
1.058381324247893861e-16
0.000000000000000000e+00
2.116762648495787721e-16
0.000000000000000000e+00
4.926937949614249371e-03
2.730562661425117374e-02
8.167817592696884066e-02
1.596392189287635655e-01
2.366846925449041239e-01
3.334429927935384508e-01
4.408758774408813585e-01
5.890892882696019406e-01
6.236311481635539167e-01
5.084763097822172506e-01
6.755737560672833153e-01
9.128372780824018928e-01
1.000000000000000000e+00
9.999999999999997780e-01
1.000000000000000000e+00
1.000000000000000000e+00
9.999999999999997780e-01
1.000000000000000000e+00
9.999999999999997780e-01
1.000000000000000000e+00
9.999999999999993339e-01
9.999999999999997780e-01
1.000000000000000000e+00
1.000000000000000000e+00
1.000000000000000000e+00
9.999999999999997780e-01
1.000000000000000000e+00
1.000000000000000000e+00
9.999999999999997780e-01
9.999999999999995559e-01
1.000000000000000000e+00
1.000000000000000000e+00
1.000000000000000000e+00
9.999999999999995559e-01
1.000000000000000000e+00
1.000000000000000000e+00
9.999999999999997780e-01
9.999999999999997780e-01
9.726943733857489338e-01
8.663651091066708609e-01
6.864246573539597440e-01
4.476241120037494636e-01
2.735407703705736715e-01
1.655623948536873447e-01
1.063568001780848815e-01
5.767494219078463796e-02
2.730562661425101414e-02
4.926937949614249371e-03
1.058381324247893861e-16
0.000000000000000000e+00
1.058381324247893861e-16
0.000000000000000000e+00
1.058381324247893861e-16
1.058381324247893861e-16
0.000000000000000000e+00
0.000000000000000000e+00
0.000000000000000000e+00
0.000000000000000000e+00
0.000000000000000000e+00
2.116762648495787721e-16
0.000000000000000000e+00
1.058381324247893861e-16
1.058381324247893861e-16
4.926937949614249371e-03
2.730562661425117374e-02
5.767494219078447837e-02
1.063568001780848815e-01
1.655623948536872336e-01
2.735407703705735050e-01
3.359118500777812932e-01
3.135753426460404225e-01
6.371748822646406962e-01
8.880099236432437149e-01
9.950730620503857038e-01
1.000000000000000000e+00
9.999999999999997780e-01
9.999999999999997780e-01
1.000000000000000000e+00
9.999999999999997780e-01
1.000000000000000000e+00
9.999999999999997780e-01
9.999999999999995559e-01
1.000000000000000000e+00
1.000000000000000000e+00
1.000000000000000000e+00
9.999999999999997780e-01
1.000000000000000000e+00
9.999999999999997780e-01
1.000000000000000000e+00
1.000000000000000000e+00
9.999999999999997780e-01
9.999999999999997780e-01
1.000000000000000000e+00
1.000000000000000000e+00
1.000000000000000000e+00
9.999999999999995559e-01
9.999999999999997780e-01
9.999999999999997780e-01
9.950730620503857038e-01
9.183218240730312010e-01
7.328376644618814773e-01
4.476241120037497967e-01
2.218942190476425880e-01
8.167817592696904883e-02
2.730562661425106619e-02
4.926937949614249371e-03
2.116762648495787721e-16
0.000000000000000000e+00
0.000000000000000000e+00
0.000000000000000000e+00
0.000000000000000000e+00
1.058381324247893861e-16
0.000000000000000000e+00
1.058381324247893861e-16
1.058381324247893861e-16
0.000000000000000000e+00
0.000000000000000000e+00
0.000000000000000000e+00
1.058381324247893861e-16
0.000000000000000000e+00
2.116762648495787721e-16
0.000000000000000000e+00
0.000000000000000000e+00
1.058381324247893861e-16
0.000000000000000000e+00
0.000000000000000000e+00
0.000000000000000000e+00
4.926937949614355189e-03
2.730562661425122578e-02
8.167817592696893780e-02
1.278793793208254093e-01
1.219370664633302459e-01
5.591241225591184749e-01
8.344376051463129329e-01
9.726943733857489338e-01
1.000000000000000000e+00
1.000000000000000000e+00
9.999999999999997780e-01
1.000000000000000000e+00
9.999999999999997780e-01
1.000000000000000000e+00
1.000000000000000000e+00
9.999999999999997780e-01
1.000000000000000000e+00
9.999999999999997780e-01
1.000000000000000000e+00
9.999999999999997780e-01
9.999999999999997780e-01
1.000000000000000000e+00
1.000000000000000000e+00
9.999999999999997780e-01
9.999999999999997780e-01
1.000000000000000000e+00
1.000000000000000000e+00
9.999999999999997780e-01
1.000000000000000000e+00
9.999999999999995559e-01
1.000000000000000000e+00
1.000000000000000000e+00
9.726943733857489338e-01
8.403607810712363513e-01
5.890892882696019406e-01
2.735407703705737270e-01
8.167817592696899331e-02
4.926937949614249371e-03
1.058381324247893861e-16
1.058381324247893861e-16
0.000000000000000000e+00
0.000000000000000000e+00
1.058381324247893861e-16
0.000000000000000000e+00
0.000000000000000000e+00
1.058381324247893861e-16
0.000000000000000000e+00
1.058381324247893861e-16
1.058381324247893861e-16
0.000000000000000000e+00
0.000000000000000000e+00
0.000000000000000000e+00
1.058381324247893861e-16
0.000000000000000000e+00
2.116762648495787721e-16
0.000000000000000000e+00
1.058381324247893861e-16
1.058381324247893861e-16
0.000000000000000000e+00
0.000000000000000000e+00
0.000000000000000000e+00
1.058381324247893861e-16
0.000000000000000000e+00
4.926937949614143553e-03
2.221706951853190393e-02
2.922775014123885767e-02
4.408758774408815806e-01
7.633153074550955708e-01
9.423250578092154939e-01
9.999999999999997780e-01
9.950730620503857038e-01
9.777829304814683598e-01
9.707722498587607607e-01
9.777829304814681377e-01
9.950730620503857038e-01
1.000000000000000000e+00
9.999999999999993339e-01
9.999999999999997780e-01
1.000000000000000000e+00
1.000000000000000000e+00
1.000000000000000000e+00
9.999999999999997780e-01
1.000000000000000000e+00
1.000000000000000000e+00
9.999999999999997780e-01
9.999999999999995559e-01
1.000000000000000000e+00
9.950730620503857038e-01
9.777829304814683598e-01
9.707722498587607607e-01
9.777829304814683598e-01
9.950730620503857038e-01
9.999999999999997780e-01
9.423250578092150498e-01
7.633153074550956818e-01
4.408758774408809700e-01
1.655623948536874834e-01
2.730562661425101414e-02
0.000000000000000000e+00
1.058381324247893861e-16
1.058381324247893861e-16
1.058381324247893861e-16
0.000000000000000000e+00
0.000000000000000000e+00
1.058381324247893861e-16
1.058381324247893861e-16
1.058381324247893861e-16
0.000000000000000000e+00
1.058381324247893861e-16
1.058381324247893861e-16
0.000000000000000000e+00
0.000000000000000000e+00
0.000000000000000000e+00
1.058381324247893861e-16
0.000000000000000000e+00
2.116762648495787721e-16
0.000000000000000000e+00
1.058381324247893861e-16
1.058381324247893861e-16
0.000000000000000000e+00
1.058381324247893861e-16
0.000000000000000000e+00
1.058381324247893861e-16
0.000000000000000000e+00
0.000000000000000000e+00
1.058381324247893861e-16
0.000000000000000000e+00
3.334429927935385063e-01
6.665570072064618268e-01
8.936431998219150907e-01
9.901096411453554902e-01
9.496028569092859195e-01
8.917450959821486833e-01
8.581718759609421321e-01
8.917450959821486833e-01
9.496028569092863636e-01
9.950730620503857038e-01
9.999999999999995559e-01
1.000000000000000000e+00
1.000000000000000000e+00
1.000000000000000000e+00
9.999999999999997780e-01
1.000000000000000000e+00
9.999999999999997780e-01
1.000000000000000000e+00
1.000000000000000000e+00
9.999999999999997780e-01
9.950730620503853707e-01
9.496028569092864746e-01
8.917450959821487944e-01
8.581718759609419100e-01
8.917450959821485723e-01
9.496028569092859195e-01
9.901096411453554902e-01
8.936431998219150907e-01
6.665570072064618268e-01
3.334429927935383953e-01
1.063568001780851452e-01
4.926937949614355189e-03
1.058381324247893861e-16
1.058381324247893861e-16
1.058381324247893861e-16
2.116762648495787721e-16
1.058381324247893861e-16
1.058381324247893861e-16
1.058381324247893861e-16
1.058381324247893861e-16
1.058381324247893861e-16
0.000000000000000000e+00
1.058381324247893861e-16
1.058381324247893861e-16
0.000000000000000000e+00
0.000000000000000000e+00
0.000000000000000000e+00
1.058381324247893861e-16
0.000000000000000000e+00
2.116762648495787721e-16
0.000000000000000000e+00
1.058381324247893861e-16
1.058381324247893861e-16
0.000000000000000000e+00
1.058381324247893861e-16
0.000000000000000000e+00
1.058381324247893861e-16
2.116762648495787721e-16
1.058381324247893861e-16
1.058381324247893861e-16
1.058381324247893861e-16
2.366846925449042349e-01
5.591241225591184749e-01
8.284848360198928674e-01
9.203746908005500105e-01
8.322033803543130714e-01
6.953678169343336934e-01
6.255380164467863047e-01
7.240559393373887653e-01
8.663651091066711940e-01
9.726943733857484897e-01
9.999999999999997780e-01
9.999999999999997780e-01
1.000000000000000000e+00
1.000000000000000000e+00
9.999999999999997780e-01
1.000000000000000000e+00
1.000000000000000000e+00
1.000000000000000000e+00
9.999999999999997780e-01
9.999999999999997780e-01
9.726943733857484897e-01
8.663651091066711940e-01
7.240559393373887653e-01
6.255380164467859716e-01
6.953678169343331383e-01
8.322033803543134045e-01
9.203746908005498994e-01
8.284848360198926454e-01
5.591241225591189190e-01
2.366846925449039851e-01
5.767494219078453388e-02
3.175143972743681829e-16
0.000000000000000000e+00
3.175143972743681829e-16
0.000000000000000000e+00
2.116762648495787721e-16
0.000000000000000000e+00
1.058381324247893861e-16
1.058381324247893861e-16
1.058381324247893861e-16
1.058381324247893861e-16
0.000000000000000000e+00
1.058381324247893861e-16
1.058381324247893861e-16
0.000000000000000000e+00
0.000000000000000000e+00
0.000000000000000000e+00
1.058381324247893861e-16
0.000000000000000000e+00
2.116762648495787721e-16
0.000000000000000000e+00
1.058381324247893861e-16
1.058381324247893861e-16
0.000000000000000000e+00
0.000000000000000000e+00
1.058381324247893861e-16
0.000000000000000000e+00
3.175143972743681829e-16
0.000000000000000000e+00
0.000000000000000000e+00
0.000000000000000000e+00
1.596392189287638430e-01
4.042029937299382869e-01
6.622049672630805350e-01
7.352296650315883753e-01
6.211276864697504729e-01
4.086451807538939995e-01
3.537142971899872035e-01
4.777252755033409848e-01
7.328376644618810332e-01
9.183218240730309789e-01
9.950730620503857038e-01
9.999999999999997780e-01
9.999999999999997780e-01
9.999999999999997780e-01
1.000000000000000000e+00
1.000000000000000000e+00
9.999999999999995559e-01
9.999999999999997780e-01
9.999999999999997780e-01
9.950730620503853707e-01
9.183218240730309789e-01
7.328376644618810332e-01
4.777252755033410403e-01
3.537142971899870925e-01
4.086451807538943326e-01
6.211276864697503619e-01
7.352296650315882642e-01
6.622049672630803130e-01
4.042029937299382869e-01
1.596392189287634267e-01
2.730562661425127782e-02
0.000000000000000000e+00
0.000000000000000000e+00
0.000000000000000000e+00
2.116762648495787721e-16
0.000000000000000000e+00
0.000000000000000000e+00
0.000000000000000000e+00
0.000000000000000000e+00
1.058381324247893861e-16
1.058381324247893861e-16
0.000000000000000000e+00
1.058381324247893861e-16
1.058381324247893861e-16
0.000000000000000000e+00
0.000000000000000000e+00
0.000000000000000000e+00
1.058381324247893861e-16
0.000000000000000000e+00
2.116762648495787721e-16
0.000000000000000000e+00
1.058381324247893861e-16
1.058381324247893861e-16
0.000000000000000000e+00
1.058381324247893861e-16
0.000000000000000000e+00
0.000000000000000000e+00
1.058381324247893861e-16
0.000000000000000000e+00
1.058381324247893861e-16
1.058381324247893861e-16
8.167817592696904883e-02
2.390376348071439061e-01
4.204119138080625873e-01
4.594580285950144449e-01
3.427429192515110690e-01
1.737604145286523460e-01
1.374647305621538029e-01
2.735407703705737270e-01
5.591241225591184749e-01
8.054285708016161172e-01
9.496028569092859195e-01
9.950730620503861479e-01
1.000000000000000000e+00
1.000000000000000000e+00
1.000000000000000000e+00
1.000000000000000000e+00
1.000000000000000000e+00
1.000000000000000000e+00
9.950730620503857038e-01
9.496028569092860305e-01
8.054285708016156731e-01
5.591241225591184749e-01
2.735407703705738380e-01
1.374647305621538029e-01
1.737604145286526514e-01
3.427429192515113465e-01
4.594580285950141674e-01
4.204119138080623652e-01
2.390376348071437118e-01
8.167817592696888229e-02
4.926937949614355189e-03
3.175143972743681829e-16
0.000000000000000000e+00
0.000000000000000000e+00
0.000000000000000000e+00
2.116762648495787721e-16
0.000000000000000000e+00
0.000000000000000000e+00
0.000000000000000000e+00
1.058381324247893861e-16
1.058381324247893861e-16
0.000000000000000000e+00
1.058381324247893861e-16
1.058381324247893861e-16
0.000000000000000000e+00
0.000000000000000000e+00
0.000000000000000000e+00
1.058381324247893861e-16
0.000000000000000000e+00
1.058381324247893861e-16
0.000000000000000000e+00
2.116762648495787721e-16
2.116762648495787721e-16
0.000000000000000000e+00
1.058381324247893861e-16
1.058381324247893861e-16
0.000000000000000000e+00
0.000000000000000000e+00
1.058381324247893861e-16
1.058381324247893861e-16
0.000000000000000000e+00
2.730562661425122578e-02
1.005425905938427539e-01
1.760097720471789084e-01
1.968575062959029565e-01
1.336348908933287782e-01
5.039714309071394172e-02
3.243015417325341432e-02
1.336348908933288893e-01
3.427429192515107914e-01
6.211276864697501399e-01
8.322033803543131825e-01
9.496028569092862526e-01
9.950730620503857038e-01
9.999999999999997780e-01
1.000000000000000000e+00
1.000000000000000000e+00
1.000000000000000000e+00
9.950730620503857038e-01
9.496028569092859195e-01
8.322033803543135155e-01
6.211276864697499178e-01
3.427429192515109024e-01
1.336348908933290003e-01
3.243015417325341432e-02
5.039714309071399029e-02
1.336348908933287782e-01
1.968575062959028454e-01
1.760097720471787974e-01
1.005425905938428649e-01
2.730562661425106619e-02
0.000000000000000000e+00
0.000000000000000000e+00
1.058381324247893861e-16
1.058381324247893861e-16
0.000000000000000000e+00
2.116762648495787721e-16
1.058381324247893861e-16
0.000000000000000000e+00
0.000000000000000000e+00
0.000000000000000000e+00
1.058381324247893861e-16
0.000000000000000000e+00
1.058381324247893861e-16
1.058381324247893861e-16
0.000000000000000000e+00
0.000000000000000000e+00
0.000000000000000000e+00
1.058381324247893861e-16
0.000000000000000000e+00
1.058381324247893861e-16
0.000000000000000000e+00
1.058381324247893861e-16
0.000000000000000000e+00
0.000000000000000000e+00
2.116762648495787721e-16
1.058381324247893861e-16
1.058381324247893861e-16
1.058381324247893861e-16
1.058381324247893861e-16
1.058381324247893861e-16
1.058381324247893861e-16
4.926937949614461007e-03
2.730562661425101414e-02
5.237886817489160324e-02
5.237886817489144364e-02
2.730562661425090659e-02
4.926937949614143553e-03
4.926937949614249371e-03
5.039714309071383763e-02
1.677966196456863734e-01
3.722163319856091057e-01
6.277836680143906722e-01
8.322033803543130714e-01
9.496028569092858085e-01
9.950730620503853707e-01
9.999999999999997780e-01
1.000000000000000000e+00
9.950730620503857038e-01
9.496028569092859195e-01
8.322033803543134045e-01
6.277836680143908943e-01
3.722163319856090502e-01
1.677966196456865122e-01
5.039714309071410131e-02
4.926937949614037734e-03
4.926937949614355189e-03
2.730562661425106619e-02
5.237886817489160324e-02
5.237886817489117997e-02
2.730562661425106619e-02
4.926937949613931916e-03
2.116762648495787721e-16
0.000000000000000000e+00
0.000000000000000000e+00
2.116762648495787721e-16
1.058381324247893861e-16
0.000000000000000000e+00
2.116762648495787721e-16
0.000000000000000000e+00
0.000000000000000000e+00
1.058381324247893861e-16
1.058381324247893861e-16
0.000000000000000000e+00
1.058381324247893861e-16
0.000000000000000000e+00
0.000000000000000000e+00
0.000000000000000000e+00
0.000000000000000000e+00
1.058381324247893861e-16
0.000000000000000000e+00
1.058381324247893861e-16
0.000000000000000000e+00
1.058381324247893861e-16
1.058381324247893861e-16
0.000000000000000000e+00
1.058381324247893861e-16
0.000000000000000000e+00
1.058381324247893861e-16
1.058381324247893861e-16
0.000000000000000000e+00
1.058381324247893861e-16
0.000000000000000000e+00
2.116762648495787721e-16
0.000000000000000000e+00
3.175143972743681829e-16
0.000000000000000000e+00
0.000000000000000000e+00
0.000000000000000000e+00
3.175143972743681829e-16
4.926937949614249371e-03
5.039714309071383763e-02
1.677966196456867343e-01
3.722163319856093833e-01
6.211276864697501399e-01
8.054285708016162282e-01
9.183218240730309789e-01
9.675698458267459889e-01
9.675698458267462110e-01
9.183218240730312010e-01
8.054285708016162282e-01
6.211276864697503619e-01
3.722163319856093833e-01
1.677966196456865122e-01
5.039714309071394172e-02
4.926937949614249371e-03
3.175143972743681829e-16
0.000000000000000000e+00
1.058381324247893861e-16
0.000000000000000000e+00
0.000000000000000000e+00
0.000000000000000000e+00
0.000000000000000000e+00
1.058381324247893861e-16
1.058381324247893861e-16
0.000000000000000000e+00
0.000000000000000000e+00
1.058381324247893861e-16
1.058381324247893861e-16
1.058381324247893861e-16
1.058381324247893861e-16
0.000000000000000000e+00
1.058381324247893861e-16
1.058381324247893861e-16
0.000000000000000000e+00
1.058381324247893861e-16
0.000000000000000000e+00
0.000000000000000000e+00
0.000000000000000000e+00
0.000000000000000000e+00
1.058381324247893861e-16
0.000000000000000000e+00
1.058381324247893861e-16
1.058381324247893861e-16
1.058381324247893861e-16
2.116762648495787721e-16
0.000000000000000000e+00
1.058381324247893861e-16
0.000000000000000000e+00
1.058381324247893861e-16
0.000000000000000000e+00
0.000000000000000000e+00
1.058381324247893861e-16
0.000000000000000000e+00
3.175143972743681829e-16
1.058381324247893861e-16
0.000000000000000000e+00
1.058381324247893861e-16
0.000000000000000000e+00
1.058381324247893861e-16
0.000000000000000000e+00
2.116762648495787721e-16
4.926937949614143553e-03
5.039714309071399029e-02
1.677966196456861514e-01
3.427429192515111800e-01
5.591241225591183639e-01
7.264592296294263285e-01
8.077107399202541060e-01
8.077107399202542171e-01
7.264592296294263285e-01
5.591241225591184749e-01
3.427429192515109024e-01
1.677966196456863734e-01
5.039714309071372661e-02
4.926937949614355189e-03
1.058381324247893861e-16
0.000000000000000000e+00
1.058381324247893861e-16
1.058381324247893861e-16
0.000000000000000000e+00
0.000000000000000000e+00
0.000000000000000000e+00
0.000000000000000000e+00
0.000000000000000000e+00
0.000000000000000000e+00
1.058381324247893861e-16
1.058381324247893861e-16
0.000000000000000000e+00
0.000000000000000000e+00
0.000000000000000000e+00
2.116762648495787721e-16
0.000000000000000000e+00
1.058381324247893861e-16
1.058381324247893861e-16
0.000000000000000000e+00
1.058381324247893861e-16
0.000000000000000000e+00
0.000000000000000000e+00
0.000000000000000000e+00
0.000000000000000000e+00
1.058381324247893861e-16
0.000000000000000000e+00
1.058381324247893861e-16
0.000000000000000000e+00
0.000000000000000000e+00
1.058381324247893861e-16
0.000000000000000000e+00
1.058381324247893861e-16
0.000000000000000000e+00
0.000000000000000000e+00
1.058381324247893861e-16
1.058381324247893861e-16
1.058381324247893861e-16
0.000000000000000000e+00
1.058381324247893861e-16
1.058381324247893861e-16
0.000000000000000000e+00
1.058381324247893861e-16
0.000000000000000000e+00
0.000000000000000000e+00
1.058381324247893861e-16
0.000000000000000000e+00
0.000000000000000000e+00
4.926937949614143553e-03
5.039714309071372661e-02
1.336348908933287782e-01
2.671623355381185227e-01
4.109107117303974488e-01
5.197305502934418397e-01
5.197305502934419508e-01
4.109107117303976153e-01
2.671623355381186338e-01
1.336348908933285562e-01
5.039714309071372661e-02
4.926937949614037734e-03
0.000000000000000000e+00
3.175143972743681829e-16
0.000000000000000000e+00
0.000000000000000000e+00
1.058381324247893861e-16
0.000000000000000000e+00
0.000000000000000000e+00
2.116762648495787721e-16
0.000000000000000000e+00
0.000000000000000000e+00
0.000000000000000000e+00
0.000000000000000000e+00
0.000000000000000000e+00
1.058381324247893861e-16
0.000000000000000000e+00
0.000000000000000000e+00
1.058381324247893861e-16
0.000000000000000000e+00
2.116762648495787721e-16
0.000000000000000000e+00
0.000000000000000000e+00
1.058381324247893861e-16
0.000000000000000000e+00
0.000000000000000000e+00
0.000000000000000000e+00
0.000000000000000000e+00
1.058381324247893861e-16
0.000000000000000000e+00
0.000000000000000000e+00
0.000000000000000000e+00
0.000000000000000000e+00
1.058381324247893861e-16
0.000000000000000000e+00
0.000000000000000000e+00
0.000000000000000000e+00
1.058381324247893861e-16
0.000000000000000000e+00
0.000000000000000000e+00
0.000000000000000000e+00
0.000000000000000000e+00
3.175143972743681829e-16
1.058381324247893861e-16
1.058381324247893861e-16
1.058381324247893861e-16
0.000000000000000000e+00
0.000000000000000000e+00
3.175143972743681829e-16
0.000000000000000000e+00
0.000000000000000000e+00
0.000000000000000000e+00
4.926937949614143553e-03
2.730562661425117374e-02
8.167817592696910434e-02
1.596392189287638430e-01
2.090853359492125529e-01
2.090853359492126640e-01
1.596392189287638430e-01
8.167817592696899331e-02
2.730562661425117374e-02
4.926937949614249371e-03
0.000000000000000000e+00
2.116762648495787721e-16
0.000000000000000000e+00
1.058381324247893861e-16
0.000000000000000000e+00
0.000000000000000000e+00
0.000000000000000000e+00
1.058381324247893861e-16
0.000000000000000000e+00
1.058381324247893861e-16
0.000000000000000000e+00
0.000000000000000000e+00
0.000000000000000000e+00
0.000000000000000000e+00
1.058381324247893861e-16
0.000000000000000000e+00
0.000000000000000000e+00
0.000000000000000000e+00
0.000000000000000000e+00
1.058381324247893861e-16
0.000000000000000000e+00
0.000000000000000000e+00
1.058381324247893861e-16
0.000000000000000000e+00
0.000000000000000000e+00
0.000000000000000000e+00
0.000000000000000000e+00
1.058381324247893861e-16
0.000000000000000000e+00
1.058381324247893861e-16
0.000000000000000000e+00
1.058381324247893861e-16
2.116762648495787721e-16
0.000000000000000000e+00
1.058381324247893861e-16
0.000000000000000000e+00
1.058381324247893861e-16
0.000000000000000000e+00
0.000000000000000000e+00
1.058381324247893861e-16
0.000000000000000000e+00
1.058381324247893861e-16
1.058381324247893861e-16
3.175143972743681829e-16
3.175143972743681829e-16
0.000000000000000000e+00
1.058381324247893861e-16
0.000000000000000000e+00
3.175143972743681829e-16
0.000000000000000000e+00
3.175143972743681829e-16
0.000000000000000000e+00
1.058381324247893861e-16
4.926937949614461007e-03
2.730562661425127782e-02
5.237886817489133262e-02
5.237886817489160324e-02
2.730562661425138538e-02
4.926937949614566825e-03
1.058381324247893861e-16
0.000000000000000000e+00
0.000000000000000000e+00
0.000000000000000000e+00
3.175143972743681829e-16
0.000000000000000000e+00
3.175143972743681829e-16
0.000000000000000000e+00
2.116762648495787721e-16
0.000000000000000000e+00
2.116762648495787721e-16
0.000000000000000000e+00
1.058381324247893861e-16
1.058381324247893861e-16
0.000000000000000000e+00
0.000000000000000000e+00
0.000000000000000000e+00
0.000000000000000000e+00
0.000000000000000000e+00
1.058381324247893861e-16
1.058381324247893861e-16
1.058381324247893861e-16
1.058381324247893861e-16
1.058381324247893861e-16
1.058381324247893861e-16
0.000000000000000000e+00
0.000000000000000000e+00
0.000000000000000000e+00
0.000000000000000000e+00
1.058381324247893861e-16
0.000000000000000000e+00
1.058381324247893861e-16
1.058381324247893861e-16
1.058381324247893861e-16
4.233525296991575443e-16
0.000000000000000000e+00
0.000000000000000000e+00
0.000000000000000000e+00
1.058381324247893861e-16
0.000000000000000000e+00
1.058381324247893861e-16
3.175143972743681829e-16
1.058381324247893861e-16
3.175143972743681829e-16
0.000000000000000000e+00
3.175143972743681829e-16
2.116762648495787721e-16
0.000000000000000000e+00
1.058381324247893861e-16
1.058381324247893861e-16
2.116762648495787721e-16
0.000000000000000000e+00
2.116762648495787721e-16
0.000000000000000000e+00
1.058381324247893861e-16
1.058381324247893861e-16
3.175143972743681829e-16
1.058381324247893861e-16
2.116762648495787721e-16
3.175143972743681829e-16
3.175143972743681829e-16
0.000000000000000000e+00
0.000000000000000000e+00
0.000000000000000000e+00
4.233525296991575443e-16
1.058381324247893861e-16
0.000000000000000000e+00
0.000000000000000000e+00
0.000000000000000000e+00
1.058381324247893861e-16
0.000000000000000000e+00
1.058381324247893861e-16
0.000000000000000000e+00
3.175143972743681829e-16
0.000000000000000000e+00
0.000000000000000000e+00
0.000000000000000000e+00
1.058381324247893861e-16
1.058381324247893861e-16
0.000000000000000000e+00
0.000000000000000000e+00
0.000000000000000000e+00
2.116762648495787721e-16
0.000000000000000000e+00
0.000000000000000000e+00
1.058381324247893861e-16
0.000000000000000000e+00
0.000000000000000000e+00
0.000000000000000000e+00
0.000000000000000000e+00
1.058381324247893861e-16
0.000000000000000000e+00
0.000000000000000000e+00
0.000000000000000000e+00
1.058381324247893861e-16
0.000000000000000000e+00
0.000000000000000000e+00
0.000000000000000000e+00
0.000000000000000000e+00
1.058381324247893861e-16
1.058381324247893861e-16
0.000000000000000000e+00
0.000000000000000000e+00
0.000000000000000000e+00
1.058381324247893861e-16
0.000000000000000000e+00
3.175143972743681829e-16
0.000000000000000000e+00
0.000000000000000000e+00
1.058381324247893861e-16
3.175143972743681829e-16
0.000000000000000000e+00
0.000000000000000000e+00
2.116762648495787721e-16
0.000000000000000000e+00
3.175143972743681829e-16
4.926937949614461007e-03
2.730562661425164905e-02
5.237886817489133262e-02
5.237886817489117997e-02
2.730562661425154150e-02
4.926937949614566825e-03
0.000000000000000000e+00
1.058381324247893861e-16
2.116762648495787721e-16
2.116762648495787721e-16
1.058381324247893861e-16
0.000000000000000000e+00
2.116762648495787721e-16
1.058381324247893861e-16
1.058381324247893861e-16
3.175143972743681829e-16
2.116762648495787721e-16
0.000000000000000000e+00
0.000000000000000000e+00
1.058381324247893861e-16
0.000000000000000000e+00
3.175143972743681829e-16
0.000000000000000000e+00
1.058381324247893861e-16
0.000000000000000000e+00
0.000000000000000000e+00
0.000000000000000000e+00
1.058381324247893861e-16
1.058381324247893861e-16
1.058381324247893861e-16
1.058381324247893861e-16
0.000000000000000000e+00
0.000000000000000000e+00
0.000000000000000000e+00
0.000000000000000000e+00
1.058381324247893861e-16
0.000000000000000000e+00
0.000000000000000000e+00
1.058381324247893861e-16
0.000000000000000000e+00
1.058381324247893861e-16
1.058381324247893861e-16
0.000000000000000000e+00
0.000000000000000000e+00
1.058381324247893861e-16
1.058381324247893861e-16
0.000000000000000000e+00
0.000000000000000000e+00
0.000000000000000000e+00
1.058381324247893861e-16
0.000000000000000000e+00
0.000000000000000000e+00
1.058381324247893861e-16
0.000000000000000000e+00
0.000000000000000000e+00
0.000000000000000000e+00
0.000000000000000000e+00
0.000000000000000000e+00
2.116762648495787721e-16
4.926937949614143553e-03
2.730562661425106619e-02
8.167817592696884066e-02
1.596392189287635655e-01
2.090853359492126640e-01
2.090853359492127750e-01
1.596392189287634267e-01
8.167817592696888229e-02
2.730562661425101414e-02
4.926937949614355189e-03
0.000000000000000000e+00
1.058381324247893861e-16
0.000000000000000000e+00
0.000000000000000000e+00
2.116762648495787721e-16
0.000000000000000000e+00
1.058381324247893861e-16
0.000000000000000000e+00
1.058381324247893861e-16
0.000000000000000000e+00
0.000000000000000000e+00
0.000000000000000000e+00
0.000000000000000000e+00
0.000000000000000000e+00
0.000000000000000000e+00
1.058381324247893861e-16
0.000000000000000000e+00
1.058381324247893861e-16
0.000000000000000000e+00
1.058381324247893861e-16
0.000000000000000000e+00
0.000000000000000000e+00
2.116762648495787721e-16
0.000000000000000000e+00
0.000000000000000000e+00
0.000000000000000000e+00
0.000000000000000000e+00
1.058381324247893861e-16
0.000000000000000000e+00
2.116762648495787721e-16
0.000000000000000000e+00
1.058381324247893861e-16
0.000000000000000000e+00
0.000000000000000000e+00
0.000000000000000000e+00
0.000000000000000000e+00
0.000000000000000000e+00
0.000000000000000000e+00
2.116762648495787721e-16
1.058381324247893861e-16
0.000000000000000000e+00
3.175143972743681829e-16
0.000000000000000000e+00
3.175143972743681829e-16
3.175143972743681829e-16
0.000000000000000000e+00
0.000000000000000000e+00
3.175143972743681829e-16
3.175143972743681829e-16
1.058381324247893861e-16
4.926937949614355189e-03
5.039714309071367804e-02
1.336348908933290003e-01
2.671623355381185783e-01
4.109107117303981704e-01
5.197305502934426169e-01
5.197305502934426169e-01
4.109107117303977263e-01
2.671623355381186338e-01
1.336348908933285562e-01
5.039714309071394172e-02
4.926937949614249371e-03
3.175143972743681829e-16
3.175143972743681829e-16
1.058381324247893861e-16
1.058381324247893861e-16
0.000000000000000000e+00
1.058381324247893861e-16
1.058381324247893861e-16
2.116762648495787721e-16
0.000000000000000000e+00
3.175143972743681829e-16
0.000000000000000000e+00
0.000000000000000000e+00
0.000000000000000000e+00
3.175143972743681829e-16
0.000000000000000000e+00
0.000000000000000000e+00
1.058381324247893861e-16
0.000000000000000000e+00
0.000000000000000000e+00
0.000000000000000000e+00
0.000000000000000000e+00
2.116762648495787721e-16
0.000000000000000000e+00
0.000000000000000000e+00
0.000000000000000000e+00
0.000000000000000000e+00
1.058381324247893861e-16
0.000000000000000000e+00
0.000000000000000000e+00
0.000000000000000000e+00
1.058381324247893861e-16
0.000000000000000000e+00
0.000000000000000000e+00
1.058381324247893861e-16
0.000000000000000000e+00
3.175143972743681829e-16
1.058381324247893861e-16
1.058381324247893861e-16
1.058381324247893861e-16
0.000000000000000000e+00
1.058381324247893861e-16
0.000000000000000000e+00
1.058381324247893861e-16
1.058381324247893861e-16
1.058381324247893861e-16
0.000000000000000000e+00
1.058381324247893861e-16
0.000000000000000000e+00
4.926937949614249371e-03
5.039714309071414988e-02
1.677966196456864290e-01
3.427429192515109024e-01
5.591241225591189190e-01
7.264592296294264395e-01
8.077107399202544391e-01
8.077107399202547722e-01
7.264592296294264395e-01
5.591241225591190300e-01
3.427429192515109024e-01
1.677966196456868453e-01
5.039714309071383763e-02
4.926937949614355189e-03
0.000000000000000000e+00
1.058381324247893861e-16
0.000000000000000000e+00
0.000000000000000000e+00
0.000000000000000000e+00
0.000000000000000000e+00
2.116762648495787721e-16
0.000000000000000000e+00
0.000000000000000000e+00
0.000000000000000000e+00
0.000000000000000000e+00
0.000000000000000000e+00
0.000000000000000000e+00
0.000000000000000000e+00
1.058381324247893861e-16
1.058381324247893861e-16
1.058381324247893861e-16
0.000000000000000000e+00
1.058381324247893861e-16
0.000000000000000000e+00
1.058381324247893861e-16
0.000000000000000000e+00
0.000000000000000000e+00
0.000000000000000000e+00
0.000000000000000000e+00
1.058381324247893861e-16
0.000000000000000000e+00
0.000000000000000000e+00
1.058381324247893861e-16
1.058381324247893861e-16
3.175143972743681829e-16
0.000000000000000000e+00
3.175143972743681829e-16
0.000000000000000000e+00
0.000000000000000000e+00
1.058381324247893861e-16
1.058381324247893861e-16
1.058381324247893861e-16
1.058381324247893861e-16
2.116762648495787721e-16
0.000000000000000000e+00
3.175143972743681829e-16
2.116762648495787721e-16
0.000000000000000000e+00
0.000000000000000000e+00
1.058381324247893861e-16
4.926937949614355189e-03
5.039714309071394172e-02
1.677966196456867343e-01
3.722163319856087171e-01
6.211276864697503619e-01
8.054285708016161172e-01
9.183218240730309789e-01
9.675698458267464330e-01
9.675698458267466551e-01
9.183218240730312010e-01
8.054285708016161172e-01
6.211276864697501399e-01
3.722163319856088282e-01
1.677966196456865122e-01
5.039714309071410131e-02
4.926937949614461007e-03
0.000000000000000000e+00
1.058381324247893861e-16
0.000000000000000000e+00
1.058381324247893861e-16
1.058381324247893861e-16
0.000000000000000000e+00
0.000000000000000000e+00
1.058381324247893861e-16
0.000000000000000000e+00
0.000000000000000000e+00
1.058381324247893861e-16
0.000000000000000000e+00
0.000000000000000000e+00
1.058381324247893861e-16
1.058381324247893861e-16
0.000000000000000000e+00
0.000000000000000000e+00
1.058381324247893861e-16
0.000000000000000000e+00
2.116762648495787721e-16
0.000000000000000000e+00
0.000000000000000000e+00
0.000000000000000000e+00
0.000000000000000000e+00
0.000000000000000000e+00
0.000000000000000000e+00
1.058381324247893861e-16
1.058381324247893861e-16
1.058381324247893861e-16
2.116762648495787721e-16
0.000000000000000000e+00
1.058381324247893861e-16
0.000000000000000000e+00
0.000000000000000000e+00
0.000000000000000000e+00
0.000000000000000000e+00
0.000000000000000000e+00
0.000000000000000000e+00
4.926937949614461007e-03
2.730562661425122578e-02
5.237886817489170732e-02
5.237886817489149222e-02
2.730562661425106619e-02
4.926937949614143553e-03
4.926937949614355189e-03
5.039714309071394172e-02
1.677966196456865122e-01
3.722163319856093833e-01
6.277836680143905612e-01
8.322033803543131825e-01
9.496028569092859195e-01
9.950730620503857038e-01
9.999999999999997780e-01
9.999999999999995559e-01
9.950730620503857038e-01
9.496028569092860305e-01
8.322033803543134045e-01
6.277836680143906722e-01
3.722163319856091612e-01
1.677966196456865122e-01
5.039714309071394172e-02
4.926937949614143553e-03
4.926937949614143553e-03
2.730562661425122578e-02
5.237886817489144364e-02
5.237886817489117997e-02
2.730562661425122578e-02
4.926937949614037734e-03
1.058381324247893861e-16
0.000000000000000000e+00
0.000000000000000000e+00
0.000000000000000000e+00
2.116762648495787721e-16
1.058381324247893861e-16
0.000000000000000000e+00
0.000000000000000000e+00
0.000000000000000000e+00
1.058381324247893861e-16
0.000000000000000000e+00
0.000000000000000000e+00
1.058381324247893861e-16
0.000000000000000000e+00
0.000000000000000000e+00
0.000000000000000000e+00
0.000000000000000000e+00
1.058381324247893861e-16
0.000000000000000000e+00
1.058381324247893861e-16
0.000000000000000000e+00
3.175143972743681829e-16
0.000000000000000000e+00
0.000000000000000000e+00
2.116762648495787721e-16
1.058381324247893861e-16
1.058381324247893861e-16
2.116762648495787721e-16
1.058381324247893861e-16
0.000000000000000000e+00
0.000000000000000000e+00
2.730562661425122578e-02
1.005425905938427539e-01
1.760097720471792138e-01
1.968575062959029565e-01
1.336348908933290003e-01
5.039714309071367804e-02
3.243015417325351840e-02
1.336348908933287782e-01
3.427429192515113465e-01
6.211276864697506950e-01
8.322033803543131825e-01
9.496028569092859195e-01
9.950730620503857038e-01
1.000000000000000000e+00
1.000000000000000000e+00
1.000000000000000000e+00
1.000000000000000000e+00
9.950730620503857038e-01
9.496028569092862526e-01
8.322033803543131825e-01
6.211276864697503619e-01
3.427429192515114575e-01
1.336348908933290003e-01
3.243015417325351840e-02
5.039714309071394172e-02
1.336348908933288893e-01
1.968575062959029565e-01
1.760097720471789084e-01
1.005425905938426012e-01
2.730562661425090659e-02
0.000000000000000000e+00
2.116762648495787721e-16
0.000000000000000000e+00
0.000000000000000000e+00
0.000000000000000000e+00
0.000000000000000000e+00
0.000000000000000000e+00
0.000000000000000000e+00
0.000000000000000000e+00
0.000000000000000000e+00
0.000000000000000000e+00
0.000000000000000000e+00
2.116762648495787721e-16
0.000000000000000000e+00
0.000000000000000000e+00
0.000000000000000000e+00
0.000000000000000000e+00
0.000000000000000000e+00
0.000000000000000000e+00
0.000000000000000000e+00
1.058381324247893861e-16
1.058381324247893861e-16
0.000000000000000000e+00
0.000000000000000000e+00
0.000000000000000000e+00
0.000000000000000000e+00
1.058381324247893861e-16
0.000000000000000000e+00
0.000000000000000000e+00
1.058381324247893861e-16
0.000000000000000000e+00
8.167817592696893780e-02
2.390376348071437673e-01
4.204119138080626983e-01
4.594580285950146115e-01
3.427429192515109024e-01
1.737604145286522350e-01
1.374647305621540527e-01
2.735407703705733939e-01
5.591241225591182529e-01
8.054285708016161172e-01
9.496028569092859195e-01
9.950730620503857038e-01
9.999999999999997780e-01
1.000000000000000000e+00
9.999999999999997780e-01
9.999999999999997780e-01
1.000000000000000000e+00
1.000000000000000000e+00
9.950730620503853707e-01
9.496028569092860305e-01
8.054285708016158951e-01
5.591241225591182529e-01
2.735407703705737270e-01
1.374647305621540527e-01
1.737604145286522905e-01
3.427429192515109024e-01
4.594580285950144449e-01
4.204119138080622542e-01
2.390376348071433787e-01
8.167817592696884066e-02
4.926937949614566825e-03
0.000000000000000000e+00
0.000000000000000000e+00
2.116762648495787721e-16
1.058381324247893861e-16
1.058381324247893861e-16
0.000000000000000000e+00
1.058381324247893861e-16
1.058381324247893861e-16
1.058381324247893861e-16
1.058381324247893861e-16
0.000000000000000000e+00
1.058381324247893861e-16
0.000000000000000000e+00
0.000000000000000000e+00
0.000000000000000000e+00
0.000000000000000000e+00
0.000000000000000000e+00
0.000000000000000000e+00
2.116762648495787721e-16
0.000000000000000000e+00
2.116762648495787721e-16
1.058381324247893861e-16
0.000000000000000000e+00
2.116762648495787721e-16
3.175143972743681829e-16
1.058381324247893861e-16
1.058381324247893861e-16
0.000000000000000000e+00
3.175143972743681829e-16
0.000000000000000000e+00
1.596392189287637320e-01
4.042029937299386200e-01
6.622049672630810901e-01
7.352296650315880422e-01
6.211276864697503619e-01
4.086451807538943881e-01
3.537142971899873145e-01
4.777252755033408738e-01
7.328376644618814773e-01
9.183218240730309789e-01
9.950730620503857038e-01
1.000000000000000000e+00
9.999999999999997780e-01
1.000000000000000000e+00
1.000000000000000000e+00
1.000000000000000000e+00
9.999999999999997780e-01
9.999999999999997780e-01
9.999999999999997780e-01
9.950730620503853707e-01
9.183218240730309789e-01
7.328376644618814773e-01
4.777252755033412623e-01
3.537142971899870370e-01
4.086451807538943326e-01
6.211276864697503619e-01
7.352296650315880422e-01
6.622049672630806461e-01
4.042029937299380093e-01
1.596392189287635655e-01
2.730562661425117374e-02
2.116762648495787721e-16
0.000000000000000000e+00
1.058381324247893861e-16
2.116762648495787721e-16
0.000000000000000000e+00
0.000000000000000000e+00
1.058381324247893861e-16
1.058381324247893861e-16
2.116762648495787721e-16
2.116762648495787721e-16
0.000000000000000000e+00
2.116762648495787721e-16
0.000000000000000000e+00
0.000000000000000000e+00
0.000000000000000000e+00
1.058381324247893861e-16
0.000000000000000000e+00
0.000000000000000000e+00
1.058381324247893861e-16
0.000000000000000000e+00
2.116762648495787721e-16
1.058381324247893861e-16
0.000000000000000000e+00
1.058381324247893861e-16
1.058381324247893861e-16
0.000000000000000000e+00
0.000000000000000000e+00
1.058381324247893861e-16
3.175143972743681829e-16
0.000000000000000000e+00
2.366846925449041794e-01
5.591241225591189190e-01
8.284848360198929784e-01
9.203746908005497884e-01
8.322033803543134045e-01
6.953678169343331383e-01
6.255380164467866377e-01
7.240559393373882102e-01
8.663651091066713050e-01
9.726943733857487118e-01
9.999999999999997780e-01
9.999999999999995559e-01
1.000000000000000000e+00
1.000000000000000000e+00
1.000000000000000000e+00
9.999999999999997780e-01
1.000000000000000000e+00
1.000000000000000000e+00
9.999999999999997780e-01
9.999999999999997780e-01
9.726943733857484897e-01
8.663651091066713050e-01
7.240559393373884323e-01
6.255380164467866377e-01
6.953678169343331383e-01
8.322033803543134045e-01
9.203746908005497884e-01
8.284848360198926454e-01
5.591241225591185859e-01
2.366846925449040684e-01
5.767494219078447837e-02
0.000000000000000000e+00
0.000000000000000000e+00
2.116762648495787721e-16
0.000000000000000000e+00
1.058381324247893861e-16
2.116762648495787721e-16
0.000000000000000000e+00
3.175143972743681829e-16
1.058381324247893861e-16
2.116762648495787721e-16
0.000000000000000000e+00
2.116762648495787721e-16
1.058381324247893861e-16
0.000000000000000000e+00
0.000000000000000000e+00
1.058381324247893861e-16
0.000000000000000000e+00
0.000000000000000000e+00
2.116762648495787721e-16
0.000000000000000000e+00
0.000000000000000000e+00
2.116762648495787721e-16
0.000000000000000000e+00
0.000000000000000000e+00
1.058381324247893861e-16
0.000000000000000000e+00
0.000000000000000000e+00
1.058381324247893861e-16
1.058381324247893861e-16
1.058381324247893861e-16
3.334429927935383953e-01
6.665570072064616047e-01
8.936431998219150907e-01
9.901096411453554902e-01
9.496028569092858085e-01
8.917450959821486833e-01
8.581718759609419100e-01
8.917450959821487944e-01
9.496028569092860305e-01
9.950730620503857038e-01
9.999999999999997780e-01
1.000000000000000000e+00
1.000000000000000000e+00
9.999999999999997780e-01
9.999999999999997780e-01
9.999999999999997780e-01
9.999999999999997780e-01
1.000000000000000000e+00
1.000000000000000000e+00
9.999999999999997780e-01
9.950730620503853707e-01
9.496028569092859195e-01
8.917450959821486833e-01
8.581718759609419100e-01
8.917450959821486833e-01
9.496028569092859195e-01
9.901096411453554902e-01
8.936431998219148687e-01
6.665570072064613827e-01
3.334429927935382842e-01
1.063568001780850342e-01
4.926937949614249371e-03
0.000000000000000000e+00
0.000000000000000000e+00
2.116762648495787721e-16
0.000000000000000000e+00
0.000000000000000000e+00
1.058381324247893861e-16
1.058381324247893861e-16
1.058381324247893861e-16
2.116762648495787721e-16
0.000000000000000000e+00
2.116762648495787721e-16
1.058381324247893861e-16
1.058381324247893861e-16
0.000000000000000000e+00
1.058381324247893861e-16
0.000000000000000000e+00
0.000000000000000000e+00
1.058381324247893861e-16
0.000000000000000000e+00
1.058381324247893861e-16
1.058381324247893861e-16
0.000000000000000000e+00
1.058381324247893861e-16
0.000000000000000000e+00
1.058381324247893861e-16
0.000000000000000000e+00
0.000000000000000000e+00
0.000000000000000000e+00
0.000000000000000000e+00
4.408758774408814141e-01
7.633153074550956818e-01
9.423250578092152718e-01
9.999999999999997780e-01
9.950730620503853707e-01
9.777829304814679157e-01
9.707722498587612048e-01
9.777829304814676936e-01
9.950730620503853707e-01
1.000000000000000000e+00
1.000000000000000000e+00
1.000000000000000000e+00
1.000000000000000000e+00
1.000000000000000000e+00
9.999999999999997780e-01
9.999999999999993339e-01
1.000000000000000000e+00
1.000000000000000000e+00
1.000000000000000000e+00
1.000000000000000000e+00
9.999999999999995559e-01
9.950730620503857038e-01
9.777829304814679157e-01
9.707722498587609827e-01
9.777829304814679157e-01
9.950730620503853707e-01
9.999999999999995559e-01
9.423250578092149388e-01
7.633153074550955708e-01
4.408758774408814141e-01
1.655623948536875389e-01
2.730562661425106619e-02
1.058381324247893861e-16
1.058381324247893861e-16
1.058381324247893861e-16
0.000000000000000000e+00
1.058381324247893861e-16
1.058381324247893861e-16
2.116762648495787721e-16
1.058381324247893861e-16
2.116762648495787721e-16
0.000000000000000000e+00
2.116762648495787721e-16
1.058381324247893861e-16
0.000000000000000000e+00
0.000000000000000000e+00
1.058381324247893861e-16
0.000000000000000000e+00
0.000000000000000000e+00
1.058381324247893861e-16
0.000000000000000000e+00
2.116762648495787721e-16
1.058381324247893861e-16
0.000000000000000000e+00
1.058381324247893861e-16
2.116762648495787721e-16
1.058381324247893861e-16
0.000000000000000000e+00
1.058381324247893861e-16
1.058381324247893861e-16
0.000000000000000000e+00
5.591241225591189190e-01
8.344376051463127109e-01
9.726943733857489338e-01
9.999999999999997780e-01
1.000000000000000000e+00
9.999999999999997780e-01
1.000000000000000000e+00
1.000000000000000000e+00
1.000000000000000000e+00
1.000000000000000000e+00
1.000000000000000000e+00
1.000000000000000000e+00
9.999999999999997780e-01
9.999999999999997780e-01
9.999999999999997780e-01
9.999999999999997780e-01
9.999999999999997780e-01
1.000000000000000000e+00
1.000000000000000000e+00
1.000000000000000000e+00
9.999999999999995559e-01
1.000000000000000000e+00
1.000000000000000000e+00
1.000000000000000000e+00
1.000000000000000000e+00
1.000000000000000000e+00
9.999999999999997780e-01
9.726943733857484897e-01
8.403607810712361292e-01
5.890892882696021626e-01
2.735407703705735605e-01
8.167817592696899331e-02
4.926937949614249371e-03
2.116762648495787721e-16
1.058381324247893861e-16
0.000000000000000000e+00
0.000000000000000000e+00
0.000000000000000000e+00
1.058381324247893861e-16
1.058381324247893861e-16
0.000000000000000000e+00
0.000000000000000000e+00
1.058381324247893861e-16
1.058381324247893861e-16
0.000000000000000000e+00
0.000000000000000000e+00
1.058381324247893861e-16
0.000000000000000000e+00
0.000000000000000000e+00
1.058381324247893861e-16
0.000000000000000000e+00
0.000000000000000000e+00
1.058381324247893861e-16
0.000000000000000000e+00
1.058381324247893861e-16
1.058381324247893861e-16
1.058381324247893861e-16
1.058381324247893861e-16
4.926937949614249371e-03
2.221706951853201148e-02
2.922775014123901380e-02
5.616593170018977510e-01
7.952893527554303343e-01
9.073188869604468243e-01
9.128372780824022259e-01
9.128372780824018928e-01
9.128372780824022259e-01
9.128372780824021149e-01
9.128372780824017818e-01
9.128372780824021149e-01
9.128372780824021149e-01
9.128372780824018928e-01
9.128372780824021149e-01
9.128372780824020039e-01
9.128372780824020039e-01
9.128372780824021149e-01
9.128372780824021149e-01
9.128372780824020039e-01
9.128372780824018928e-01
9.128372780824018928e-01
9.128372780824021149e-01
9.128372780824018928e-01
9.128372780824021149e-01
9.128372780824018928e-01
9.128372780824021149e-01
9.128372780824021149e-01
9.128372780824018928e-01
9.128372780824021149e-01
9.073188869604467133e-01
8.222731198288654175e-01
6.236311481635539167e-01
3.359118500777814043e-01
1.278793793208251317e-01
2.221706951853201148e-02
2.116762648495787721e-16
3.175143972743681829e-16
0.000000000000000000e+00
0.000000000000000000e+00
0.000000000000000000e+00
0.000000000000000000e+00
0.000000000000000000e+00
0.000000000000000000e+00
0.000000000000000000e+00
1.058381324247893861e-16
0.000000000000000000e+00
0.000000000000000000e+00
0.000000000000000000e+00
0.000000000000000000e+00
0.000000000000000000e+00
0.000000000000000000e+00
1.058381324247893861e-16
0.000000000000000000e+00
1.058381324247893861e-16
1.058381324247893861e-16
0.000000000000000000e+00
1.058381324247893861e-16
0.000000000000000000e+00
0.000000000000000000e+00
1.058381324247893861e-16
2.221706951853190393e-02
4.691716994836510335e-02
5.967483059497635800e-02
4.296710682773867696e-01
6.008336703157819425e-01
6.755737560672833153e-01
6.755737560672832043e-01
6.755737560672826492e-01
6.755737560672830933e-01
6.755737560672830933e-01
6.755737560672830933e-01
6.755737560672832043e-01
6.755737560672833153e-01
6.755737560672829822e-01
6.755737560672826492e-01
6.755737560672830933e-01
6.755737560672830933e-01
6.755737560672830933e-01
6.755737560672830933e-01
6.755737560672830933e-01
6.755737560672833153e-01
6.755737560672826492e-01
6.755737560672829822e-01
6.755737560672830933e-01
6.755737560672830933e-01
6.755737560672830933e-01
6.755737560672829822e-01
6.755737560672832043e-01
6.755737560672826492e-01
6.755737560672832043e-01
6.755737560672826492e-01
6.396666262416405013e-01
5.084763097822175837e-01
3.135753426460405335e-01
1.219370664633302043e-01
2.922775014123885767e-02
0.000000000000000000e+00
3.175143972743681829e-16
0.000000000000000000e+00
0.000000000000000000e+00
0.000000000000000000e+00
1.058381324247893861e-16
0.000000000000000000e+00
1.058381324247893861e-16
0.000000000000000000e+00
1.058381324247893861e-16
0.000000000000000000e+00
0.000000000000000000e+00
0.000000000000000000e+00
0.000000000000000000e+00
0.000000000000000000e+00
0.000000000000000000e+00
1.058381324247893861e-16
0.000000000000000000e+00
0.000000000000000000e+00
1.058381324247893861e-16
0.000000000000000000e+00
1.058381324247893861e-16
0.000000000000000000e+00
0.000000000000000000e+00
0.000000000000000000e+00
2.922775014123890971e-02
5.967483059497646208e-02
9.130835930193766103e-02
