0.000000000000000000e+00
0.000000000000000000e+00
0.000000000000000000e+00
0.000000000000000000e+00
0.000000000000000000e+00
0.000000000000000000e+00
0.000000000000000000e+00
0.000000000000000000e+00
0.000000000000000000e+00
0.000000000000000000e+00
0.000000000000000000e+00
9.909133386381721415e-17
0.000000000000000000e+00
0.000000000000000000e+00
0.000000000000000000e+00
0.000000000000000000e+00
0.000000000000000000e+00
0.000000000000000000e+00
9.909133386381721415e-17
0.000000000000000000e+00
0.000000000000000000e+00
0.000000000000000000e+00
0.000000000000000000e+00
0.000000000000000000e+00
9.909133386381721415e-17
0.000000000000000000e+00
9.909133386381721415e-17
0.000000000000000000e+00
0.000000000000000000e+00
2.825075259636691816e-02
1.134025366161982851e-01
2.751913346661450932e-01
4.378843579373667971e-01
5.721552865365404639e-01
6.419399706171211584e-01
6.716703730462404431e-01
6.782960902790529101e-01
6.782960902790530211e-01
6.782960902790525770e-01
6.782960902790529101e-01
6.782960902790525770e-01
6.782960902790530211e-01
6.782960902790529101e-01
6.782960902790529101e-01
6.782960902790529101e-01
6.782960902790529101e-01
6.782960902790530211e-01
6.782960902790530211e-01
6.782960902790530211e-01
6.782960902790529101e-01
6.782960902790529101e-01
6.782960902790531321e-01
6.782960902790527991e-01
6.782960902790531321e-01
6.782960902790529101e-01
6.716703730462404431e-01
6.419399706171209363e-01
5.721552865365404639e-01
4.378843579373668526e-01
2.751913346661449822e-01
1.134025366161982851e-01
0.000000000000000000e+00
0.000000000000000000e+00
0.000000000000000000e+00
0.000000000000000000e+00
0.000000000000000000e+00
0.000000000000000000e+00
0.000000000000000000e+00
0.000000000000000000e+00
0.000000000000000000e+00
0.000000000000000000e+00
0.000000000000000000e+00
9.909133386381721415e-17
0.000000000000000000e+00
0.000000000000000000e+00
0.000000000000000000e+00
0.000000000000000000e+00
0.000000000000000000e+00
0.000000000000000000e+00
0.000000000000000000e+00
0.000000000000000000e+00
0.000000000000000000e+00
0.000000000000000000e+00
0.000000000000000000e+00
0.000000000000000000e+00
9.909133386381721415e-17
0.000000000000000000e+00
9.909133386381721415e-17
0.000000000000000000e+00
0.000000000000000000e+00
2.145694107025711631e-02
9.999796222274903723e-02
2.380241844422183173e-01
4.450080995446230592e-01
6.256789850060271441e-01
7.690587082238733441e-01
8.598753849296451035e-01
9.097982427561326357e-01
9.152169293821122986e-01
9.152169293821125207e-01
9.152169293821125207e-01
9.152169293821122986e-01
9.152169293821125207e-01
9.152169293821122986e-01
9.152169293821125207e-01
9.152169293821125207e-01
9.152169293821125207e-01
9.152169293821125207e-01
9.152169293821122986e-01
9.152169293821125207e-01
9.152169293821122986e-01
9.152169293821125207e-01
9.152169293821125207e-01
9.152169293821127427e-01
9.152169293821125207e-01
9.097982427561326357e-01
8.598753849296451035e-01
7.690587082238731220e-01
6.256789850060271441e-01
4.450080995446230592e-01
2.380241844422185116e-01
9.999796222274898172e-02
0.000000000000000000e+00
0.000000000000000000e+00
0.000000000000000000e+00
0.000000000000000000e+00
0.000000000000000000e+00
0.000000000000000000e+00
0.000000000000000000e+00
0.000000000000000000e+00
0.000000000000000000e+00
0.000000000000000000e+00
0.000000000000000000e+00
9.909133386381721415e-17
0.000000000000000000e+00
0.000000000000000000e+00
0.000000000000000000e+00
0.000000000000000000e+00
0.000000000000000000e+00
0.000000000000000000e+00
0.000000000000000000e+00
0.000000000000000000e+00
0.000000000000000000e+00
0.000000000000000000e+00
0.000000000000000000e+00
0.000000000000000000e+00
9.909133386381721415e-17
0.000000000000000000e+00
9.909133386381721415e-17
0.000000000000000000e+00
9.909133386381721415e-17
4.748594839680768571e-03
4.882917555933061898e-02
1.305818465135338002e-01
2.639251786445137027e-01
4.398492435114604859e-01
6.530818792276936735e-01
8.027679379106900104e-01
8.963460857147337313e-01
9.440747457452051128e-01
9.736129818112863044e-01
9.904619517685361307e-01
9.736129818112867484e-01
9.440747457452054459e-01
9.205968331454393860e-01
9.152169293821125207e-01
9.152169293821125207e-01
9.152169293821125207e-01
9.152169293821125207e-01
9.152169293821125207e-01
9.205968331454391640e-01
9.440747457452053348e-01
9.736129818112867484e-01
9.904619517685361307e-01
9.736129818112867484e-01
9.440747457452053348e-01
8.963460857147337313e-01
8.027679379106900104e-01
6.530818792276938956e-01
4.398492435114606525e-01
2.639251786445137582e-01
1.305818465135339945e-01
4.882917555933061898e-02
0.000000000000000000e+00
0.000000000000000000e+00
0.000000000000000000e+00
0.000000000000000000e+00
0.000000000000000000e+00
0.000000000000000000e+00
0.000000000000000000e+00
0.000000000000000000e+00
0.000000000000000000e+00
0.000000000000000000e+00
0.000000000000000000e+00
9.909133386381721415e-17
0.000000000000000000e+00
0.000000000000000000e+00
0.000000000000000000e+00
0.000000000000000000e+00
0.000000000000000000e+00
0.000000000000000000e+00
0.000000000000000000e+00
0.000000000000000000e+00
0.000000000000000000e+00
0.000000000000000000e+00
0.000000000000000000e+00
0.000000000000000000e+00
9.909133386381721415e-17
0.000000000000000000e+00
9.909133386381721415e-17
0.000000000000000000e+00
9.909133386381721415e-17
0.000000000000000000e+00
4.748594839680768571e-03
2.638701818871314400e-02
7.940316685456075274e-02
1.911504206355537916e-01
3.469181207723062155e-01
5.295507011316532564e-01
6.691745988124817579e-01
7.667018254961276424e-01
8.377502995829380072e-01
8.656277290183438389e-01
8.377502995829380072e-01
7.667018254961278645e-01
7.075400020045072846e-01
6.782960902790525770e-01
6.782960902790530211e-01
6.782960902790529101e-01
6.782960902790531321e-01
6.782960902790529101e-01
7.075400020045072846e-01
7.667018254961276424e-01
8.377502995829381183e-01
8.656277290183438389e-01
8.377502995829380072e-01
7.667018254961281976e-01
6.691745988124819799e-01
5.295507011316535895e-01
3.469181207723061600e-01
1.911504206355537916e-01
7.940316685456079437e-02
2.638701818871314400e-02
4.748594839680768571e-03
0.000000000000000000e+00
9.909133386381721415e-17
0.000000000000000000e+00
0.000000000000000000e+00
0.000000000000000000e+00
0.000000000000000000e+00
0.000000000000000000e+00
0.000000000000000000e+00
0.000000000000000000e+00
0.000000000000000000e+00
0.000000000000000000e+00
9.909133386381721415e-17
0.000000000000000000e+00
0.000000000000000000e+00
9.909133386381721415e-17
0.000000000000000000e+00
0.000000000000000000e+00
0.000000000000000000e+00
0.000000000000000000e+00
0.000000000000000000e+00
0.000000000000000000e+00
0.000000000000000000e+00
9.909133386381721415e-17
0.000000000000000000e+00
9.909133386381721415e-17
0.000000000000000000e+00
9.909133386381721415e-17
0.000000000000000000e+00
0.000000000000000000e+00
0.000000000000000000e+00
0.000000000000000000e+00
0.000000000000000000e+00
4.748594839680668825e-03
4.882917555933071613e-02
1.305818465135338002e-01
2.270373980354023769e-01
3.308254011875175205e-01
4.398492435114602084e-01
5.601507564885391810e-01
5.999820636415099662e-01
5.601507564885391810e-01
4.398492435114606525e-01
3.605858924171634894e-01
3.217039097209470899e-01
3.217039097209469789e-01
3.217039097209467569e-01
3.217039097209469234e-01
3.217039097209470899e-01
3.605858924171634894e-01
4.398492435114603749e-01
5.601507564885390700e-01
5.999820636415099662e-01
5.601507564885394030e-01
4.398492435114606525e-01
3.308254011875174649e-01
2.270373980354023769e-01
1.305818465135338002e-01
4.882917555933081327e-02
4.748594839680966330e-03
0.000000000000000000e+00
0.000000000000000000e+00
0.000000000000000000e+00
9.909133386381721415e-17
9.909133386381721415e-17
0.000000000000000000e+00
9.909133386381721415e-17
0.000000000000000000e+00
0.000000000000000000e+00
0.000000000000000000e+00
0.000000000000000000e+00
0.000000000000000000e+00
0.000000000000000000e+00
0.000000000000000000e+00
0.000000000000000000e+00
0.000000000000000000e+00
9.909133386381721415e-17
0.000000000000000000e+00
0.000000000000000000e+00
9.909133386381721415e-17
0.000000000000000000e+00
0.000000000000000000e+00
0.000000000000000000e+00
0.000000000000000000e+00
9.909133386381721415e-17
0.000000000000000000e+00
9.909133386381721415e-17
0.000000000000000000e+00
1.981826677276344283e-16
0.000000000000000000e+00
0.000000000000000000e+00
0.000000000000000000e+00
0.000000000000000000e+00
0.000000000000000000e+00
0.000000000000000000e+00
4.748594839680668825e-03
2.638701818871304686e-02
5.592525425479490109e-02
1.036539142852657136e-01
1.622497004170618817e-01
2.332981745038720800e-01
2.636796959846186561e-01
2.332981745038720800e-01
1.622497004170620483e-01
1.092046371939993377e-01
8.478307061788757648e-02
8.478307061788742383e-02
8.478307061788742383e-02
8.478307061788757648e-02
8.478307061788757648e-02
1.092046371939991850e-01
1.622497004170616874e-01
2.332981745038719412e-01
2.636796959846184896e-01
2.332981745038720800e-01
1.622497004170620483e-01
1.036539142852657136e-01
5.592525425479469986e-02
2.638701818871304686e-02
4.748594839680867451e-03
9.909133386381721415e-17
0.000000000000000000e+00
1.981826677276344283e-16
0.000000000000000000e+00
9.909133386381721415e-17
9.909133386381721415e-17
0.000000000000000000e+00
9.909133386381721415e-17
0.000000000000000000e+00
0.000000000000000000e+00
0.000000000000000000e+00
0.000000000000000000e+00
0.000000000000000000e+00
0.000000000000000000e+00
9.909133386381721415e-17
0.000000000000000000e+00
9.909133386381721415e-17
9.909133386381721415e-17
9.909133386381721415e-17
9.909133386381721415e-17
9.909133386381721415e-17
0.000000000000000000e+00
0.000000000000000000e+00
0.000000000000000000e+00
0.000000000000000000e+00
9.909133386381721415e-17
0.000000000000000000e+00
9.909133386381721415e-17
0.000000000000000000e+00
9.909133386381721415e-17
0.000000000000000000e+00
0.000000000000000000e+00
0.000000000000000000e+00
0.000000000000000000e+00
1.981826677276344283e-16
0.000000000000000000e+00
0.000000000000000000e+00
9.909133386381721415e-17
9.909133386381721415e-17
4.748594839680966330e-03
2.638701818871304686e-02
5.592525425479490109e-02
7.406226547424393791e-02
5.592525425479449863e-02
2.638701818871344237e-02
4.748594839680867451e-03
0.000000000000000000e+00
0.000000000000000000e+00
9.909133386381721415e-17
0.000000000000000000e+00
0.000000000000000000e+00
4.748594839680867451e-03
2.638701818871304686e-02
5.592525425479469986e-02
7.406226547424368811e-02
5.592525425479490109e-02
2.638701818871314400e-02
4.748594839680867451e-03
0.000000000000000000e+00
9.909133386381721415e-17
9.909133386381721415e-17
0.000000000000000000e+00
1.981826677276344283e-16
9.909133386381721415e-17
0.000000000000000000e+00
1.981826677276344283e-16
0.000000000000000000e+00
0.000000000000000000e+00
9.909133386381721415e-17
0.000000000000000000e+00
0.000000000000000000e+00
0.000000000000000000e+00
0.000000000000000000e+00
0.000000000000000000e+00
0.000000000000000000e+00
1.981826677276344283e-16
0.000000000000000000e+00
0.000000000000000000e+00
9.909133386381721415e-17
0.000000000000000000e+00
0.000000000000000000e+00
9.909133386381721415e-17
0.000000000000000000e+00
0.000000000000000000e+00
0.000000000000000000e+00
0.000000000000000000e+00
9.909133386381721415e-17
0.000000000000000000e+00
9.909133386381721415e-17
9.909133386381721415e-17
9.909133386381721415e-17
0.000000000000000000e+00
0.000000000000000000e+00
0.000000000000000000e+00
0.000000000000000000e+00
0.000000000000000000e+00
0.000000000000000000e+00
9.909133386381721415e-17
0.000000000000000000e+00
0.000000000000000000e+00
0.000000000000000000e+00
0.000000000000000000e+00
0.000000000000000000e+00
1.981826677276344283e-16
0.000000000000000000e+00
1.981826677276344283e-16
0.000000000000000000e+00
0.000000000000000000e+00
9.909133386381721415e-17
0.000000000000000000e+00
1.981826677276344283e-16
0.000000000000000000e+00
0.000000000000000000e+00
9.909133386381721415e-17
0.000000000000000000e+00
0.000000000000000000e+00
9.909133386381721415e-17
1.981826677276344283e-16
0.000000000000000000e+00
0.000000000000000000e+00
0.000000000000000000e+00
9.909133386381721415e-17
9.909133386381721415e-17
2.972740015914516548e-16
9.909133386381721415e-17
9.909133386381721415e-17
1.981826677276344283e-16
0.000000000000000000e+00
0.000000000000000000e+00
9.909133386381721415e-17
0.000000000000000000e+00
0.000000000000000000e+00
0.000000000000000000e+00
0.000000000000000000e+00
0.000000000000000000e+00
0.000000000000000000e+00
1.981826677276344283e-16
9.909133386381721415e-17
1.981826677276344283e-16
0.000000000000000000e+00
0.000000000000000000e+00
1.981826677276344283e-16
2.972740015914516548e-16
0.000000000000000000e+00
0.000000000000000000e+00
0.000000000000000000e+00
0.000000000000000000e+00
9.909133386381721415e-17
0.000000000000000000e+00
9.909133386381721415e-17
0.000000000000000000e+00
9.909133386381721415e-17
0.000000000000000000e+00
0.000000000000000000e+00
9.909133386381721415e-17
9.909133386381721415e-17
0.000000000000000000e+00
0.000000000000000000e+00
0.000000000000000000e+00
0.000000000000000000e+00
9.909133386381721415e-17
4.748594839680966330e-03
2.638701818871314400e-02
5.076035493002245547e-02
5.076035493002264976e-02
2.638701818871324462e-02
4.748594839681065209e-03
9.909133386381721415e-17
3.963653354552688566e-16
9.909133386381721415e-17
1.981826677276344283e-16
9.909133386381721415e-17
1.981826677276344283e-16
9.909133386381721415e-17
4.748594839680867451e-03
2.638701818871324462e-02
5.076035493002245547e-02
5.076035493002245547e-02
2.638701818871344237e-02
4.748594839680966330e-03
9.909133386381721415e-17
0.000000000000000000e+00
0.000000000000000000e+00
9.909133386381721415e-17
3.963653354552688566e-16
0.000000000000000000e+00
0.000000000000000000e+00
0.000000000000000000e+00
1.981826677276344283e-16
9.909133386381721415e-17
9.909133386381721415e-17
0.000000000000000000e+00
0.000000000000000000e+00
0.000000000000000000e+00
0.000000000000000000e+00
0.000000000000000000e+00
0.000000000000000000e+00
1.981826677276344283e-16
0.000000000000000000e+00
0.000000000000000000e+00
0.000000000000000000e+00
0.000000000000000000e+00
0.000000000000000000e+00
0.000000000000000000e+00
0.000000000000000000e+00
9.909133386381721415e-17
0.000000000000000000e+00
0.000000000000000000e+00
9.909133386381721415e-17
0.000000000000000000e+00
9.909133386381721415e-17
0.000000000000000000e+00
1.981826677276344283e-16
0.000000000000000000e+00
0.000000000000000000e+00
0.000000000000000000e+00
2.972740015914516548e-16
9.909133386381721415e-17
0.000000000000000000e+00
0.000000000000000000e+00
4.748594839680768571e-03
2.638701818871324462e-02
7.940316685456104417e-02
1.563631402363377942e-01
2.056519263499040628e-01
2.056519263499046457e-01
1.563631402363379885e-01
7.940316685456104417e-02
2.638701818871304686e-02
4.748594839680768571e-03
2.972740015914516548e-16
9.909133386381721415e-17
2.972740015914516548e-16
4.748594839680768571e-03
2.638701818871324462e-02
7.940316685456090540e-02
1.563631402363383494e-01
2.056519263499045069e-01
2.056519263499040628e-01
1.563631402363380996e-01
7.940316685456109969e-02
2.638701818871324462e-02
4.748594839680768571e-03
9.909133386381721415e-17
9.909133386381721415e-17
9.909133386381721415e-17
0.000000000000000000e+00
0.000000000000000000e+00
9.909133386381721415e-17
0.000000000000000000e+00
0.000000000000000000e+00
9.909133386381721415e-17
0.000000000000000000e+00
0.000000000000000000e+00
0.000000000000000000e+00
0.000000000000000000e+00
0.000000000000000000e+00
0.000000000000000000e+00
1.981826677276344283e-16
0.000000000000000000e+00
9.909133386381721415e-17
0.000000000000000000e+00
0.000000000000000000e+00
0.000000000000000000e+00
0.000000000000000000e+00
0.000000000000000000e+00
9.909133386381721415e-17
0.000000000000000000e+00
0.000000000000000000e+00
0.000000000000000000e+00
0.000000000000000000e+00
9.909133386381721415e-17
9.909133386381721415e-17
0.000000000000000000e+00
0.000000000000000000e+00
0.000000000000000000e+00
9.909133386381721415e-17
0.000000000000000000e+00
0.000000000000000000e+00
0.000000000000000000e+00
9.909133386381721415e-17
2.638701818871314400e-02
9.793069057289087442e-02
2.356591484625072119e-01
4.025764698702347100e-01
5.200773026547546030e-01
5.200773026547544919e-01
4.093905819051682493e-01
2.703467021899187417e-01
1.622497004170618817e-01
1.036539142852658246e-01
6.112998419782073034e-02
5.397906211968130780e-02
6.112998419782073034e-02
1.036539142852658246e-01
1.622497004170618817e-01
2.703467021899183531e-01
4.093905819051686379e-01
5.200773026547544919e-01
5.200773026547544919e-01
4.025764698702349320e-01
2.356591484625074062e-01
9.793069057289087442e-02
2.638701818871314400e-02
1.981826677276344283e-16
9.909133386381721415e-17
1.981826677276344283e-16
0.000000000000000000e+00
0.000000000000000000e+00
9.909133386381721415e-17
1.981826677276344283e-16
0.000000000000000000e+00
0.000000000000000000e+00
9.909133386381721415e-17
0.000000000000000000e+00
0.000000000000000000e+00
0.000000000000000000e+00
0.000000000000000000e+00
0.000000000000000000e+00
0.000000000000000000e+00
0.000000000000000000e+00
0.000000000000000000e+00
9.909133386381721415e-17
9.909133386381721415e-17
0.000000000000000000e+00
9.909133386381721415e-17
0.000000000000000000e+00
0.000000000000000000e+00
0.000000000000000000e+00
0.000000000000000000e+00
0.000000000000000000e+00
0.000000000000000000e+00
9.909133386381721415e-17
0.000000000000000000e+00
0.000000000000000000e+00
0.000000000000000000e+00
0.000000000000000000e+00
0.000000000000000000e+00
0.000000000000000000e+00
0.000000000000000000e+00
0.000000000000000000e+00
4.748594839680867451e-03
7.940316685456075274e-02
2.356591484625071564e-01
4.896645567817871081e-01
7.007597811595467352e-01
8.111273431075500806e-01
8.111273431075503026e-01
7.296532978100815914e-01
5.906094180948316952e-01
4.398492435114608190e-01
3.308254011875183531e-01
2.615180314897401770e-01
2.461486266643907739e-01
2.615180314897402325e-01
3.308254011875177425e-01
4.398492435114608190e-01
5.906094180948313621e-01
7.296532978100815914e-01
8.111273431075500806e-01
8.111273431075504137e-01
7.007597811595470683e-01
4.896645567817871081e-01
2.356591484625072119e-01
7.940316685456075274e-02
4.748594839680966330e-03
0.000000000000000000e+00
0.000000000000000000e+00
9.909133386381721415e-17
9.909133386381721415e-17
9.909133386381721415e-17
0.000000000000000000e+00
0.000000000000000000e+00
9.909133386381721415e-17
0.000000000000000000e+00
0.000000000000000000e+00
0.000000000000000000e+00
0.000000000000000000e+00
0.000000000000000000e+00
0.000000000000000000e+00
1.981826677276344283e-16
0.000000000000000000e+00
9.909133386381721415e-17
9.909133386381721415e-17
0.000000000000000000e+00
9.909133386381721415e-17
0.000000000000000000e+00
0.000000000000000000e+00
0.000000000000000000e+00
0.000000000000000000e+00
0.000000000000000000e+00
0.000000000000000000e+00
0.000000000000000000e+00
9.909133386381721415e-17
0.000000000000000000e+00
9.909133386381721415e-17
0.000000000000000000e+00
1.981826677276344283e-16
0.000000000000000000e+00
0.000000000000000000e+00
9.909133386381721415e-17
0.000000000000000000e+00
2.638701818871304686e-02
1.563631402363377110e-01
4.025764698702348210e-01
7.007597811595471793e-01
8.886990658599535076e-01
9.686423456381626496e-01
9.686423456381626496e-01
9.205968331454390530e-01
8.436368597636620947e-01
7.667018254961283086e-01
6.691745988124823130e-01
5.999820636415095221e-01
5.601507564885390700e-01
5.999820636415094111e-01
6.691745988124819799e-01
7.667018254961281976e-01
8.436368597636618727e-01
9.205968331454390530e-01
9.686423456381626496e-01
9.686423456381626496e-01
8.886990658599538406e-01
7.007597811595471793e-01
4.025764698702345989e-01
1.563631402363377110e-01
2.638701818871294624e-02
0.000000000000000000e+00
9.909133386381721415e-17
9.909133386381721415e-17
9.909133386381721415e-17
0.000000000000000000e+00
9.909133386381721415e-17
0.000000000000000000e+00
9.909133386381721415e-17
0.000000000000000000e+00
0.000000000000000000e+00
0.000000000000000000e+00
0.000000000000000000e+00
0.000000000000000000e+00
0.000000000000000000e+00
9.909133386381721415e-17
0.000000000000000000e+00
0.000000000000000000e+00
0.000000000000000000e+00
0.000000000000000000e+00
0.000000000000000000e+00
0.000000000000000000e+00
9.909133386381721415e-17
9.909133386381721415e-17
0.000000000000000000e+00
0.000000000000000000e+00
0.000000000000000000e+00
0.000000000000000000e+00
9.909133386381721415e-17
0.000000000000000000e+00
0.000000000000000000e+00
0.000000000000000000e+00
0.000000000000000000e+00
0.000000000000000000e+00
9.909133386381721415e-17
0.000000000000000000e+00
0.000000000000000000e+00
5.592525425479469986e-02
2.332981745038720800e-01
5.601507564885391810e-01
8.377502995829378962e-01
9.736129818112867484e-01
1.000000000000000000e+00
1.000000000000000000e+00
9.952514051603190692e-01
9.736129818112867484e-01
9.440747457452051128e-01
8.963460857147341754e-01
8.636897965058124571e-01
8.497119999711344462e-01
8.636897965058122351e-01
8.963460857147339533e-01
9.440747457452048907e-01
9.736129818112867484e-01
9.952514051603190692e-01
1.000000000000000000e+00
9.999999999999997780e-01
9.736129818112869705e-01
8.377502995829380072e-01
5.601507564885390700e-01
2.332981745038720800e-01
5.592525425479465129e-02
0.000000000000000000e+00
9.909133386381721415e-17
9.909133386381721415e-17
0.000000000000000000e+00
0.000000000000000000e+00
0.000000000000000000e+00
0.000000000000000000e+00
0.000000000000000000e+00
0.000000000000000000e+00
0.000000000000000000e+00
0.000000000000000000e+00
0.000000000000000000e+00
0.000000000000000000e+00
0.000000000000000000e+00
1.981826677276344283e-16
0.000000000000000000e+00
1.981826677276344283e-16
0.000000000000000000e+00
0.000000000000000000e+00
0.000000000000000000e+00
9.909133386381721415e-17
0.000000000000000000e+00
9.909133386381721415e-17
0.000000000000000000e+00
0.000000000000000000e+00
0.000000000000000000e+00
0.000000000000000000e+00
9.909133386381721415e-17
9.909133386381721415e-17
0.000000000000000000e+00
0.000000000000000000e+00
0.000000000000000000e+00
0.000000000000000000e+00
0.000000000000000000e+00
0.000000000000000000e+00
0.000000000000000000e+00
7.940316685456075274e-02
2.924599979954923823e-01
6.394141075828357890e-01
8.907953628060004680e-01
9.952514051603186251e-01
1.000000000000000000e+00
1.000000000000000000e+00
1.000000000000000000e+00
1.000000000000000000e+00
1.000000000000000000e+00
9.952514051603191803e-01
9.785430589297426929e-01
9.717492474036328876e-01
9.785430589297429149e-01
9.952514051603190692e-01
1.000000000000000000e+00
9.999999999999997780e-01
1.000000000000000000e+00
1.000000000000000000e+00
9.999999999999997780e-01
9.952514051603188472e-01
8.907953628060005791e-01
6.394141075828359000e-01
2.924599979954922158e-01
7.940316685456075274e-02
1.981826677276344283e-16
9.909133386381721415e-17
0.000000000000000000e+00
9.909133386381721415e-17
9.909133386381721415e-17
0.000000000000000000e+00
0.000000000000000000e+00
9.909133386381721415e-17
0.000000000000000000e+00
0.000000000000000000e+00
0.000000000000000000e+00
0.000000000000000000e+00
0.000000000000000000e+00
9.909133386381721415e-17
1.981826677276344283e-16
0.000000000000000000e+00
0.000000000000000000e+00
1.981826677276344283e-16
9.909133386381721415e-17
9.909133386381721415e-17
9.909133386381721415e-17
0.000000000000000000e+00
9.909133386381721415e-17
0.000000000000000000e+00
0.000000000000000000e+00
0.000000000000000000e+00
0.000000000000000000e+00
9.909133386381721415e-17
9.909133386381721415e-17
9.909133386381721415e-17
0.000000000000000000e+00
9.909133386381721415e-17
0.000000000000000000e+00
9.909133386381721415e-17
1.981826677276344283e-16
0.000000000000000000e+00
7.940316685456104417e-02
2.924599979954926599e-01
6.394141075828359000e-01
8.907953628060003570e-01
9.952514051603190692e-01
1.000000000000000000e+00
1.000000000000000000e+00
9.999999999999995559e-01
1.000000000000000000e+00
1.000000000000000000e+00
9.952514051603190692e-01
9.785430589297424708e-01
9.717492474036331096e-01
9.785430589297429149e-01
9.952514051603186251e-01
9.999999999999995559e-01
9.999999999999997780e-01
1.000000000000000000e+00
9.999999999999997780e-01
1.000000000000000000e+00
9.952514051603191803e-01
8.907953628060004680e-01
6.394141075828357890e-01
2.924599979954923823e-01
7.940316685456090540e-02
0.000000000000000000e+00
0.000000000000000000e+00
0.000000000000000000e+00
9.909133386381721415e-17
0.000000000000000000e+00
9.909133386381721415e-17
0.000000000000000000e+00
9.909133386381721415e-17
9.909133386381721415e-17
0.000000000000000000e+00
0.000000000000000000e+00
0.000000000000000000e+00
0.000000000000000000e+00
9.909133386381721415e-17
1.981826677276344283e-16
0.000000000000000000e+00
1.981826677276344283e-16
0.000000000000000000e+00
0.000000000000000000e+00
9.909133386381721415e-17
9.909133386381721415e-17
1.981826677276344283e-16
0.000000000000000000e+00
0.000000000000000000e+00
0.000000000000000000e+00
0.000000000000000000e+00
0.000000000000000000e+00
9.909133386381721415e-17
9.909133386381721415e-17
9.909133386381721415e-17
0.000000000000000000e+00
0.000000000000000000e+00
9.909133386381721415e-17
9.909133386381721415e-17
1.981826677276344283e-16
0.000000000000000000e+00
5.592525425479490109e-02
2.332981745038720245e-01
5.601507564885391810e-01
8.377502995829380072e-01
9.736129818112863044e-01
9.999999999999997780e-01
1.000000000000000000e+00
9.952514051603190692e-01
9.736129818112867484e-01
9.440747457452051128e-01
8.963460857147343974e-01
8.636897965058124571e-01
8.497119999711344462e-01
8.636897965058122351e-01
8.963460857147339533e-01
9.440747457452051128e-01
9.736129818112865264e-01
9.952514051603190692e-01
1.000000000000000000e+00
9.999999999999997780e-01
9.736129818112867484e-01
8.377502995829378962e-01
5.601507564885389590e-01
2.332981745038715249e-01
5.592525425479490109e-02
9.909133386381721415e-17
9.909133386381721415e-17
0.000000000000000000e+00
0.000000000000000000e+00
0.000000000000000000e+00
9.909133386381721415e-17
0.000000000000000000e+00
9.909133386381721415e-17
9.909133386381721415e-17
0.000000000000000000e+00
0.000000000000000000e+00
0.000000000000000000e+00
0.000000000000000000e+00
9.909133386381721415e-17
1.981826677276344283e-16
0.000000000000000000e+00
2.972740015914516548e-16
9.909133386381721415e-17
9.909133386381721415e-17
3.963653354552688566e-16
9.909133386381721415e-17
9.909133386381721415e-17
9.909133386381721415e-17
0.000000000000000000e+00
0.000000000000000000e+00
0.000000000000000000e+00
0.000000000000000000e+00
9.909133386381721415e-17
9.909133386381721415e-17
0.000000000000000000e+00
0.000000000000000000e+00
0.000000000000000000e+00
9.909133386381721415e-17
0.000000000000000000e+00
0.000000000000000000e+00
0.000000000000000000e+00
2.638701818871324462e-02
1.563631402363377942e-01
4.025764698702344879e-01
7.007597811595469572e-01
8.886990658599535076e-01
9.686423456381626496e-01
9.686423456381629826e-01
9.205968331454390530e-01
8.436368597636618727e-01
7.667018254961281976e-01
6.691745988124823130e-01
5.999820636415099662e-01
5.601507564885391810e-01
5.999820636415097441e-01
6.691745988124823130e-01
7.667018254961281976e-01
8.436368597636614286e-01
9.205968331454390530e-01
9.686423456381627606e-01
9.686423456381626496e-01
8.886990658599537296e-01
7.007597811595470683e-01
4.025764698702346545e-01
1.563631402363379885e-01
2.638701818871324462e-02
0.000000000000000000e+00
0.000000000000000000e+00
0.000000000000000000e+00
9.909133386381721415e-17
1.981826677276344283e-16
9.909133386381721415e-17
0.000000000000000000e+00
9.909133386381721415e-17
9.909133386381721415e-17
9.909133386381721415e-17
0.000000000000000000e+00
0.000000000000000000e+00
0.000000000000000000e+00
0.000000000000000000e+00
9.909133386381721415e-17
9.909133386381721415e-17
0.000000000000000000e+00
0.000000000000000000e+00
0.000000000000000000e+00
9.909133386381721415e-17
1.981826677276344283e-16
9.909133386381721415e-17
9.909133386381721415e-17
9.909133386381721415e-17
0.000000000000000000e+00
0.000000000000000000e+00
0.000000000000000000e+00
9.909133386381721415e-17
0.000000000000000000e+00
1.981826677276344283e-16
0.000000000000000000e+00
9.909133386381721415e-17
0.000000000000000000e+00
9.909133386381721415e-17
2.972740015914516548e-16
0.000000000000000000e+00
4.748594839680867451e-03
7.940316685456104417e-02
2.356591484625071564e-01
4.896645567817869971e-01
7.007597811595469572e-01
8.111273431075504137e-01
8.111273431075503026e-01
7.296532978100815914e-01
5.906094180948315842e-01
4.398492435114605970e-01
3.308254011875178535e-01
2.615180314897403435e-01
2.461486266643911625e-01
2.615180314897400660e-01
3.308254011875178535e-01
4.398492435114603749e-01
5.906094180948313621e-01
7.296532978100819244e-01
8.111273431075501916e-01
8.111273431075503026e-01
7.007597811595475124e-01
4.896645567817869971e-01
2.356591484625070454e-01
7.940316685456079437e-02
4.748594839680867451e-03
2.972740015914516548e-16
9.909133386381721415e-17
9.909133386381721415e-17
0.000000000000000000e+00
9.909133386381721415e-17
9.909133386381721415e-17
0.000000000000000000e+00
9.909133386381721415e-17
9.909133386381721415e-17
9.909133386381721415e-17
9.909133386381721415e-17
0.000000000000000000e+00
0.000000000000000000e+00
0.000000000000000000e+00
1.981826677276344283e-16
0.000000000000000000e+00
0.000000000000000000e+00
0.000000000000000000e+00
0.000000000000000000e+00
0.000000000000000000e+00
9.909133386381721415e-17
9.909133386381721415e-17
9.909133386381721415e-17
9.909133386381721415e-17
0.000000000000000000e+00
0.000000000000000000e+00
0.000000000000000000e+00
9.909133386381721415e-17
9.909133386381721415e-17
0.000000000000000000e+00
0.000000000000000000e+00
0.000000000000000000e+00
0.000000000000000000e+00
0.000000000000000000e+00
1.981826677276344283e-16
0.000000000000000000e+00
9.909133386381721415e-17
2.638701818871304686e-02
9.793069057289087442e-02
2.356591484625071564e-01
4.025764698702346545e-01
5.200773026547542699e-01
5.200773026547540479e-01
4.093905819051685824e-01
2.703467021899187972e-01
1.622497004170616874e-01
1.036539142852657691e-01
6.112998419782087606e-02
5.397906211968115514e-02
6.112998419782102871e-02
1.036539142852656720e-01
1.622497004170614099e-01
2.703467021899185196e-01
4.093905819051683048e-01
5.200773026547539368e-01
5.200773026547539368e-01
4.025764698702353206e-01
2.356591484625071564e-01
9.793069057289077728e-02
2.638701818871304686e-02
0.000000000000000000e+00
0.000000000000000000e+00
9.909133386381721415e-17
0.000000000000000000e+00
0.000000000000000000e+00
9.909133386381721415e-17
9.909133386381721415e-17
0.000000000000000000e+00
9.909133386381721415e-17
0.000000000000000000e+00
9.909133386381721415e-17
9.909133386381721415e-17
0.000000000000000000e+00
0.000000000000000000e+00
0.000000000000000000e+00
9.909133386381721415e-17
0.000000000000000000e+00
0.000000000000000000e+00
9.909133386381721415e-17
0.000000000000000000e+00
0.000000000000000000e+00
0.000000000000000000e+00
0.000000000000000000e+00
1.981826677276344283e-16
9.909133386381721415e-17
0.000000000000000000e+00
0.000000000000000000e+00
0.000000000000000000e+00
9.909133386381721415e-17
9.909133386381721415e-17
0.000000000000000000e+00
0.000000000000000000e+00
0.000000000000000000e+00
0.000000000000000000e+00
0.000000000000000000e+00
0.000000000000000000e+00
0.000000000000000000e+00
0.000000000000000000e+00
4.748594839680768571e-03
2.638701818871304686e-02
7.940316685456065560e-02
1.563631402363377942e-01
2.056519263499042571e-01
2.056519263499045069e-01
1.563631402363379053e-01
7.940316685456104417e-02
2.638701818871334176e-02
4.748594839680867451e-03
0.000000000000000000e+00
9.909133386381721415e-17
1.981826677276344283e-16
4.748594839680768571e-03
2.638701818871324462e-02
7.940316685456079437e-02
1.563631402363379885e-01
2.056519263499040073e-01
2.056519263499043959e-01
1.563631402363383494e-01
7.940316685456065560e-02
2.638701818871304686e-02
4.748594839680569946e-03
0.000000000000000000e+00
0.000000000000000000e+00
9.909133386381721415e-17
9.909133386381721415e-17
1.981826677276344283e-16
0.000000000000000000e+00
0.000000000000000000e+00
0.000000000000000000e+00
9.909133386381721415e-17
9.909133386381721415e-17
9.909133386381721415e-17
9.909133386381721415e-17
0.000000000000000000e+00
0.000000000000000000e+00
0.000000000000000000e+00
1.981826677276344283e-16
0.000000000000000000e+00
9.909133386381721415e-17
9.909133386381721415e-17
9.909133386381721415e-17
0.000000000000000000e+00
1.981826677276344283e-16
0.000000000000000000e+00
9.909133386381721415e-17
9.909133386381721415e-17
0.000000000000000000e+00
0.000000000000000000e+00
0.000000000000000000e+00
9.909133386381721415e-17
9.909133386381721415e-17
1.981826677276344283e-16
0.000000000000000000e+00
0.000000000000000000e+00
0.000000000000000000e+00
9.909133386381721415e-17
9.909133386381721415e-17
0.000000000000000000e+00
0.000000000000000000e+00
0.000000000000000000e+00
0.000000000000000000e+00
4.748594839680867451e-03
2.638701818871294624e-02
5.076035493002245547e-02
5.076035493002255261e-02
2.638701818871294624e-02
4.748594839681065209e-03
9.909133386381721415e-17
0.000000000000000000e+00
9.909133386381721415e-17
0.000000000000000000e+00
2.972740015914516548e-16
0.000000000000000000e+00
0.000000000000000000e+00
4.748594839680867451e-03
2.638701818871304686e-02
5.076035493002235832e-02
5.076035493002235832e-02
2.638701818871324462e-02
4.748594839680768571e-03
0.000000000000000000e+00
0.000000000000000000e+00
0.000000000000000000e+00
9.909133386381721415e-17
9.909133386381721415e-17
9.909133386381721415e-17
9.909133386381721415e-17
0.000000000000000000e+00
1.981826677276344283e-16
0.000000000000000000e+00
9.909133386381721415e-17
9.909133386381721415e-17
9.909133386381721415e-17
9.909133386381721415e-17
9.909133386381721415e-17
0.000000000000000000e+00
0.000000000000000000e+00
1.981826677276344283e-16
0.000000000000000000e+00
0.000000000000000000e+00
9.909133386381721415e-17
9.909133386381721415e-17
0.000000000000000000e+00
9.909133386381721415e-17
9.909133386381721415e-17
9.909133386381721415e-17
9.909133386381721415e-17
0.000000000000000000e+00
0.000000000000000000e+00
0.000000000000000000e+00
9.909133386381721415e-17
9.909133386381721415e-17
9.909133386381721415e-17
0.000000000000000000e+00
0.000000000000000000e+00
0.000000000000000000e+00
0.000000000000000000e+00
1.981826677276344283e-16
0.000000000000000000e+00
0.000000000000000000e+00
0.000000000000000000e+00
9.909133386381721415e-17
0.000000000000000000e+00
0.000000000000000000e+00
0.000000000000000000e+00
0.000000000000000000e+00
1.981826677276344283e-16
2.972740015914516548e-16
9.909133386381721415e-17
0.000000000000000000e+00
0.000000000000000000e+00
1.981826677276344283e-16
0.000000000000000000e+00
0.000000000000000000e+00
0.000000000000000000e+00
9.909133386381721415e-17
9.909133386381721415e-17
0.000000000000000000e+00
0.000000000000000000e+00
9.909133386381721415e-17
0.000000000000000000e+00
0.000000000000000000e+00
0.000000000000000000e+00
0.000000000000000000e+00
9.909133386381721415e-17
0.000000000000000000e+00
9.909133386381721415e-17
9.909133386381721415e-17
1.981826677276344283e-16
1.981826677276344283e-16
0.000000000000000000e+00
9.909133386381721415e-17
0.000000000000000000e+00
9.909133386381721415e-17
9.909133386381721415e-17
9.909133386381721415e-17
0.000000000000000000e+00
0.000000000000000000e+00
1.981826677276344283e-16
9.909133386381721415e-17
9.909133386381721415e-17
1.981826677276344283e-16
9.909133386381721415e-17
9.909133386381721415e-17
1.981826677276344283e-16
0.000000000000000000e+00
9.909133386381721415e-17
9.909133386381721415e-17
0.000000000000000000e+00
9.909133386381721415e-17
0.000000000000000000e+00
0.000000000000000000e+00
9.909133386381721415e-17
9.909133386381721415e-17
0.000000000000000000e+00
0.000000000000000000e+00
0.000000000000000000e+00
0.000000000000000000e+00
9.909133386381721415e-17
0.000000000000000000e+00
0.000000000000000000e+00
2.972740015914516548e-16
9.909133386381721415e-17
4.748594839681065209e-03
2.638701818871314400e-02
5.592525425479490109e-02
7.406226547424384077e-02
5.592525425479490109e-02
2.638701818871344237e-02
4.748594839680768571e-03
1.981826677276344283e-16
0.000000000000000000e+00
2.972740015914516548e-16
9.909133386381721415e-17
9.909133386381721415e-17
4.748594839680867451e-03
2.638701818871324462e-02
5.592525425479494966e-02
7.406226547424364648e-02
5.592525425479469986e-02
2.638701818871334176e-02
4.748594839680966330e-03
2.972740015914516548e-16
0.000000000000000000e+00
0.000000000000000000e+00
0.000000000000000000e+00
1.981826677276344283e-16
9.909133386381721415e-17
9.909133386381721415e-17
1.981826677276344283e-16
2.972740015914516548e-16
9.909133386381721415e-17
1.981826677276344283e-16
0.000000000000000000e+00
9.909133386381721415e-17
9.909133386381721415e-17
9.909133386381721415e-17
0.000000000000000000e+00
0.000000000000000000e+00
9.909133386381721415e-17
0.000000000000000000e+00
0.000000000000000000e+00
0.000000000000000000e+00
9.909133386381721415e-17
0.000000000000000000e+00
9.909133386381721415e-17
0.000000000000000000e+00
1.981826677276344283e-16
1.981826677276344283e-16
0.000000000000000000e+00
9.909133386381721415e-17
0.000000000000000000e+00
0.000000000000000000e+00
9.909133386381721415e-17
2.972740015914516548e-16
1.981826677276344283e-16
0.000000000000000000e+00
0.000000000000000000e+00
1.981826677276344283e-16
1.981826677276344283e-16
9.909133386381721415e-17
4.748594839680966330e-03
2.638701818871324462e-02
5.592525425479469986e-02
1.036539142852657136e-01
1.622497004170618540e-01
2.332981745038717747e-01
2.636796959846186561e-01
2.332981745038720800e-01
1.622497004170621315e-01
1.092046371939993932e-01
8.478307061788717403e-02
8.478307061788771526e-02
8.478307061788732668e-02
8.478307061788767363e-02
8.478307061788713239e-02
1.092046371939993377e-01
1.622497004170619928e-01
2.332981745038721355e-01
2.636796959846184896e-01
2.332981745038720800e-01
1.622497004170621315e-01
1.036539142852657136e-01
5.592525425479469986e-02
2.638701818871304686e-02
4.748594839680768571e-03
1.981826677276344283e-16
2.972740015914516548e-16
2.972740015914516548e-16
9.909133386381721415e-17
9.909133386381721415e-17
9.909133386381721415e-17
9.909133386381721415e-17
9.909133386381721415e-17
0.000000000000000000e+00
0.000000000000000000e+00
9.909133386381721415e-17
9.909133386381721415e-17
0.000000000000000000e+00
0.000000000000000000e+00
2.972740015914516548e-16
0.000000000000000000e+00
0.000000000000000000e+00
0.000000000000000000e+00
0.000000000000000000e+00
1.981826677276344283e-16
0.000000000000000000e+00
0.000000000000000000e+00
9.909133386381721415e-17
9.909133386381721415e-17
0.000000000000000000e+00
9.909133386381721415e-17
0.000000000000000000e+00
9.909133386381721415e-17
9.909133386381721415e-17
1.981826677276344283e-16
0.000000000000000000e+00
0.000000000000000000e+00
0.000000000000000000e+00
0.000000000000000000e+00
1.981826677276344283e-16
4.748594839680668825e-03
4.882917555933081327e-02
1.305818465135339945e-01
2.270373980354020715e-01
3.308254011875177425e-01
4.398492435114604859e-01
5.601507564885395141e-01
5.999820636415100772e-01
5.601507564885396251e-01
4.398492435114609300e-01
3.605858924171634894e-01
3.217039097209470899e-01
3.217039097209469789e-01
3.217039097209472565e-01
3.217039097209469789e-01
3.217039097209468679e-01
3.605858924171634894e-01
4.398492435114606525e-01
5.601507564885396251e-01
5.999820636415097441e-01
5.601507564885395141e-01
4.398492435114608190e-01
3.308254011875178535e-01
2.270373980354019605e-01
1.305818465135338002e-01
4.882917555933101450e-02
4.748594839680867451e-03
0.000000000000000000e+00
0.000000000000000000e+00
0.000000000000000000e+00
0.000000000000000000e+00
0.000000000000000000e+00
0.000000000000000000e+00
9.909133386381721415e-17
0.000000000000000000e+00
0.000000000000000000e+00
9.909133386381721415e-17
0.000000000000000000e+00
0.000000000000000000e+00
0.000000000000000000e+00
1.981826677276344283e-16
0.000000000000000000e+00
0.000000000000000000e+00
9.909133386381721415e-17
9.909133386381721415e-17
1.981826677276344283e-16
9.909133386381721415e-17
9.909133386381721415e-17
9.909133386381721415e-17
9.909133386381721415e-17
0.000000000000000000e+00
0.000000000000000000e+00
0.000000000000000000e+00
9.909133386381721415e-17
9.909133386381721415e-17
1.981826677276344283e-16
0.000000000000000000e+00
0.000000000000000000e+00
0.000000000000000000e+00
4.748594839680768571e-03
2.638701818871324462e-02
7.940316685456079437e-02
1.911504206355535973e-01
3.469181207723062710e-01
5.295507011316533674e-01
6.691745988124823130e-01
7.667018254961274204e-01
8.377502995829380072e-01
8.656277290183440609e-01
8.377502995829381183e-01
7.667018254961283086e-01
7.075400020045071736e-01
6.782960902790529101e-01
6.782960902790527991e-01
6.782960902790529101e-01
6.782960902790529101e-01
6.782960902790527991e-01
7.075400020045071736e-01
7.667018254961281976e-01
8.377502995829384513e-01
8.656277290183438389e-01
8.377502995829378962e-01
7.667018254961283086e-01
6.691745988124822020e-01
5.295507011316532564e-01
3.469181207723059379e-01
1.911504206355537916e-01
7.940316685456104417e-02
2.638701818871314400e-02
4.748594839680768571e-03
9.909133386381721415e-17
9.909133386381721415e-17
9.909133386381721415e-17
9.909133386381721415e-17
9.909133386381721415e-17
0.000000000000000000e+00
9.909133386381721415e-17
9.909133386381721415e-17
0.000000000000000000e+00
0.000000000000000000e+00
0.000000000000000000e+00
1.981826677276344283e-16
9.909133386381721415e-17
0.000000000000000000e+00
9.909133386381721415e-17
0.000000000000000000e+00
0.000000000000000000e+00
9.909133386381721415e-17
0.000000000000000000e+00
9.909133386381721415e-17
9.909133386381721415e-17
0.000000000000000000e+00
0.000000000000000000e+00
0.000000000000000000e+00
9.909133386381721415e-17
9.909133386381721415e-17
9.909133386381721415e-17
0.000000000000000000e+00
0.000000000000000000e+00
4.748594839680768571e-03
4.882917555933081327e-02
1.305818465135341333e-01
2.639251786445136472e-01
4.398492435114604859e-01
6.530818792276936735e-01
8.027679379106902324e-01
8.963460857147339533e-01
9.440747457452051128e-01
9.736129818112865264e-01
9.904619517685361307e-01
9.736129818112865264e-01
9.440747457452053348e-01
9.205968331454390530e-01
9.152169293821127427e-01
9.152169293821125207e-01
9.152169293821122986e-01
9.152169293821127427e-01
9.152169293821125207e-01
9.205968331454390530e-01
9.440747457452051128e-01
9.736129818112867484e-01
9.904619517685356866e-01
9.736129818112865264e-01
9.440747457452054459e-01
8.963460857147341754e-01
8.027679379106904545e-01
6.530818792276934515e-01
4.398492435114603749e-01
2.639251786445138137e-01
1.305818465135341333e-01
4.882917555933081327e-02
0.000000000000000000e+00
0.000000000000000000e+00
9.909133386381721415e-17
0.000000000000000000e+00
9.909133386381721415e-17
0.000000000000000000e+00
0.000000000000000000e+00
9.909133386381721415e-17
0.000000000000000000e+00
0.000000000000000000e+00
9.909133386381721415e-17
9.909133386381721415e-17
0.000000000000000000e+00
0.000000000000000000e+00
0.000000000000000000e+00
0.000000000000000000e+00
0.000000000000000000e+00
9.909133386381721415e-17
9.909133386381721415e-17
9.909133386381721415e-17
9.909133386381721415e-17
0.000000000000000000e+00
0.000000000000000000e+00
0.000000000000000000e+00
9.909133386381721415e-17
9.909133386381721415e-17
9.909133386381721415e-17
0.000000000000000000e+00
4.748594839680668825e-03
4.882917555933051490e-02
1.644714300654500638e-01
3.402391938277951056e-01
5.601507564885390700e-01
7.360748213554859642e-01
8.694181534864662275e-01
9.511708244406686941e-01
9.952514051603188472e-01
9.999999999999995559e-01
9.999999999999997780e-01
9.999999999999997780e-01
9.999999999999997780e-01
1.000000000000000000e+00
1.000000000000000000e+00
1.000000000000000000e+00
9.999999999999997780e-01
1.000000000000000000e+00
9.999999999999995559e-01
9.999999999999997780e-01
9.999999999999997780e-01
9.999999999999997780e-01
1.000000000000000000e+00
9.999999999999995559e-01
9.999999999999997780e-01
1.000000000000000000e+00
9.952514051603188472e-01
9.511708244406686941e-01
8.694181534864657834e-01
7.360748213554862973e-01
5.601507564885390700e-01
3.402391938277948280e-01
1.644714300654497308e-01
2.825075259636701877e-02
2.145694107025721345e-02
4.748594839680966330e-03
0.000000000000000000e+00
9.909133386381721415e-17
9.909133386381721415e-17
0.000000000000000000e+00
9.909133386381721415e-17
0.000000000000000000e+00
0.000000000000000000e+00
0.000000000000000000e+00
1.981826677276344283e-16
0.000000000000000000e+00
0.000000000000000000e+00
9.909133386381721415e-17
0.000000000000000000e+00
1.981826677276344283e-16
1.981826677276344283e-16
0.000000000000000000e+00
0.000000000000000000e+00
9.909133386381721415e-17
0.000000000000000000e+00
0.000000000000000000e+00
0.000000000000000000e+00
9.909133386381721415e-17
9.909133386381721415e-17
9.909133386381721415e-17
4.748594839680867451e-03
4.882917555933071613e-02
1.644714300654498695e-01
3.701087815111017698e-01
6.231391000983063089e-01
8.088495793644463472e-01
9.205968331454390530e-01
9.736129818112867484e-01
9.952514051603188472e-01
1.000000000000000000e+00
1.000000000000000000e+00
9.999999999999997780e-01
1.000000000000000000e+00
1.000000000000000000e+00
1.000000000000000000e+00
1.000000000000000000e+00
1.000000000000000000e+00
1.000000000000000000e+00
1.000000000000000000e+00
1.000000000000000000e+00
9.999999999999995559e-01
1.000000000000000000e+00
1.000000000000000000e+00
1.000000000000000000e+00
1.000000000000000000e+00
9.999999999999997780e-01
1.000000000000000000e+00
1.000000000000000000e+00
9.952514051603188472e-01
9.736129818112867484e-01
9.205968331454390530e-01
8.088495793644465692e-01
6.163725828984550903e-01
3.402391938277951056e-01
1.134025366161982851e-01
9.999796222274923152e-02
4.882917555933081327e-02
4.748594839680867451e-03
9.909133386381721415e-17
9.909133386381721415e-17
0.000000000000000000e+00
9.909133386381721415e-17
0.000000000000000000e+00
0.000000000000000000e+00
0.000000000000000000e+00
1.981826677276344283e-16
0.000000000000000000e+00
0.000000000000000000e+00
0.000000000000000000e+00
1.981826677276344283e-16
1.981826677276344283e-16
1.981826677276344283e-16
9.909133386381721415e-17
9.909133386381721415e-17
9.909133386381721415e-17
0.000000000000000000e+00
0.000000000000000000e+00
0.000000000000000000e+00
9.909133386381721415e-17
9.909133386381721415e-17
4.748594839681065209e-03
4.882917555933081327e-02
1.644714300654499251e-01
3.701087815111021029e-01
6.298912184888979526e-01
8.355285699345501582e-01
9.511708244406692492e-01
9.952514051603188472e-01
1.000000000000000000e+00
9.999999999999997780e-01
9.999999999999995559e-01
9.999999999999995559e-01
9.999999999999994449e-01
1.000000000000000000e+00
9.999999999999997780e-01
1.000000000000000000e+00
1.000000000000000000e+00
1.000000000000000000e+00
9.999999999999997780e-01
1.000000000000000000e+00
1.000000000000000000e+00
1.000000000000000000e+00
1.000000000000000000e+00
1.000000000000000000e+00
1.000000000000000000e+00
9.999999999999997780e-01
9.999999999999995559e-01
1.000000000000000000e+00
9.999999999999995559e-01
9.999999999999997780e-01
9.999999999999997780e-01
9.952514051603188472e-01
9.511708244406692492e-01
8.027679379106900104e-01
5.295507011316531454e-01
2.751913346661449267e-01
2.380241844422184005e-01
1.305818465135339390e-01
2.638701818871304686e-02
9.909133386381721415e-17
9.909133386381721415e-17
9.909133386381721415e-17
9.909133386381721415e-17
0.000000000000000000e+00
9.909133386381721415e-17
0.000000000000000000e+00
1.981826677276344283e-16
0.000000000000000000e+00
0.000000000000000000e+00
9.909133386381721415e-17
9.909133386381721415e-17
9.909133386381721415e-17
1.981826677276344283e-16
9.909133386381721415e-17
9.909133386381721415e-17
9.909133386381721415e-17
0.000000000000000000e+00
0.000000000000000000e+00
0.000000000000000000e+00
9.909133386381721415e-17
9.909133386381721415e-17
2.638701818871314400e-02
1.305818465135337447e-01
3.402391938277948280e-01
6.231391000983060868e-01
8.355285699345500472e-01
9.511708244406691382e-01
9.952514051603188472e-01
1.000000000000000000e+00
1.000000000000000000e+00
9.999999999999997780e-01
1.000000000000000000e+00
9.999999999999997780e-01
1.000000000000000000e+00
1.000000000000000000e+00
9.999999999999997780e-01
1.000000000000000000e+00
9.999999999999995559e-01
9.999999999999997780e-01
1.000000000000000000e+00
1.000000000000000000e+00
1.000000000000000000e+00
9.999999999999995559e-01
9.999999999999997780e-01
1.000000000000000000e+00
1.000000000000000000e+00
9.999999999999997780e-01
1.000000000000000000e+00
1.000000000000000000e+00
1.000000000000000000e+00
9.999999999999997780e-01
9.999999999999997780e-01
1.000000000000000000e+00
9.952514051603190692e-01
8.907953628060008011e-01
6.394141075828359000e-01
4.378843579373667971e-01
4.450080995446230592e-01
2.639251786445139802e-01
7.940316685456090540e-02
4.748594839680867451e-03
9.909133386381721415e-17
9.909133386381721415e-17
9.909133386381721415e-17
0.000000000000000000e+00
0.000000000000000000e+00
0.000000000000000000e+00
1.981826677276344283e-16
0.000000000000000000e+00
0.000000000000000000e+00
9.909133386381721415e-17
9.909133386381721415e-17
9.909133386381721415e-17
1.981826677276344283e-16
9.909133386381721415e-17
9.909133386381721415e-17
9.909133386381721415e-17
0.000000000000000000e+00
0.000000000000000000e+00
0.000000000000000000e+00
1.981826677276344283e-16
4.748594839681065209e-03
7.940316685456104417e-02
2.639251786445138137e-01
5.601507564885391810e-01
8.088495793644463472e-01
9.511708244406692492e-01
9.952514051603191803e-01
1.000000000000000000e+00
1.000000000000000000e+00
1.000000000000000000e+00
9.999999999999997780e-01
1.000000000000000000e+00
1.000000000000000000e+00
9.999999999999997780e-01
1.000000000000000000e+00
1.000000000000000000e+00
1.000000000000000000e+00
1.000000000000000000e+00
1.000000000000000000e+00
1.000000000000000000e+00
1.000000000000000000e+00
1.000000000000000000e+00
9.999999999999995559e-01
1.000000000000000000e+00
1.000000000000000000e+00
1.000000000000000000e+00
1.000000000000000000e+00
9.999999999999997780e-01
1.000000000000000000e+00
1.000000000000000000e+00
9.999999999999997780e-01
9.999999999999997780e-01
1.000000000000000000e+00
1.000000000000000000e+00
9.152169293821127427e-01
6.782960902790530211e-01
5.721552865365403528e-01
6.256789850060271441e-01
4.398492435114606525e-01
1.911504206355536528e-01
4.882917555933071613e-02
4.748594839680867451e-03
9.909133386381721415e-17
9.909133386381721415e-17
0.000000000000000000e+00
0.000000000000000000e+00
0.000000000000000000e+00
4.748594839681065209e-03
2.638701818871304686e-02
5.592525425479479700e-02
7.940316685456075274e-02
7.940316685456100254e-02
5.592525425479494966e-02
2.638701818871324462e-02
4.748594839681065209e-03
9.909133386381721415e-17
0.000000000000000000e+00
0.000000000000000000e+00
0.000000000000000000e+00
0.000000000000000000e+00
4.748594839680966330e-03
4.882917555933081327e-02
1.911504206355539581e-01
4.398492435114606525e-01
7.360748213554860753e-01
9.205968331454390530e-01
9.952514051603190692e-01
1.000000000000000000e+00
1.000000000000000000e+00
9.999999999999997780e-01
1.000000000000000000e+00
9.999999999999997780e-01
9.999999999999995559e-01
9.999999999999995559e-01
9.999999999999994449e-01
1.000000000000000000e+00
9.999999999999997780e-01
1.000000000000000000e+00
1.000000000000000000e+00
1.000000000000000000e+00
9.999999999999997780e-01
1.000000000000000000e+00
1.000000000000000000e+00
1.000000000000000000e+00
1.000000000000000000e+00
1.000000000000000000e+00
1.000000000000000000e+00
9.999999999999997780e-01
9.999999999999995559e-01
1.000000000000000000e+00
9.999999999999995559e-01
9.999999999999997780e-01
9.999999999999997780e-01
9.999999999999997780e-01
1.000000000000000000e+00
9.152169293821125207e-01
6.782960902790525770e-01
6.419399706171209363e-01
7.690587082238733441e-01
6.530818792276936735e-01
3.469181207723059934e-01
1.305818465135338002e-01
2.638701818871314400e-02
9.909133386381721415e-17
9.909133386381721415e-17
0.000000000000000000e+00
4.748594839680867451e-03
2.638701818871304686e-02
7.940316685456100254e-02
1.563631402363379053e-01
2.332981745038717747e-01
2.924599979954926599e-01
2.924599979954926599e-01
2.332981745038718302e-01
1.563631402363379885e-01
7.940316685456090540e-02
2.638701818871314400e-02
4.748594839680867451e-03
0.000000000000000000e+00
0.000000000000000000e+00
0.000000000000000000e+00
2.638701818871324462e-02
1.305818465135339390e-01
3.469181207723060489e-01
6.530818792276934515e-01
8.694181534864657834e-01
9.736129818112867484e-01
9.999999999999997780e-01
1.000000000000000000e+00
9.999999999999997780e-01
1.000000000000000000e+00
1.000000000000000000e+00
9.999999999999997780e-01
1.000000000000000000e+00
9.999999999999997780e-01
1.000000000000000000e+00
1.000000000000000000e+00
9.999999999999997780e-01
1.000000000000000000e+00
9.999999999999995559e-01
9.999999999999997780e-01
1.000000000000000000e+00
1.000000000000000000e+00
1.000000000000000000e+00
9.999999999999995559e-01
9.999999999999997780e-01
1.000000000000000000e+00
1.000000000000000000e+00
9.999999999999997780e-01
1.000000000000000000e+00
1.000000000000000000e+00
1.000000000000000000e+00
9.999999999999997780e-01
9.999999999999997780e-01
1.000000000000000000e+00
9.999999999999997780e-01
9.152169293821125207e-01
6.782960902790525770e-01
6.716703730462404431e-01
8.598753849296451035e-01
8.027679379106900104e-01
5.295507011316532564e-01
2.270373980354024046e-01
5.592525425479469986e-02
9.909133386381721415e-17
9.909133386381721415e-17
0.000000000000000000e+00
2.638701818871314400e-02
9.793069057289068013e-02
2.356591484625074617e-01
4.025764698702346545e-01
5.601507564885390700e-01
6.394141075828359000e-01
6.394141075828359000e-01
5.601507564885391810e-01
4.025764698702349320e-01
2.356591484625072674e-01
9.793069057289098545e-02
2.638701818871314400e-02
0.000000000000000000e+00
0.000000000000000000e+00
0.000000000000000000e+00
5.592525425479490109e-02
2.270373980354025156e-01
5.295507011316537005e-01
8.027679379106900104e-01
9.511708244406689161e-01
9.952514051603186251e-01
1.000000000000000000e+00
9.999999999999997780e-01
9.999999999999997780e-01
1.000000000000000000e+00
1.000000000000000000e+00
9.999999999999997780e-01
1.000000000000000000e+00
9.999999999999995559e-01
9.999999999999997780e-01
1.000000000000000000e+00
1.000000000000000000e+00
1.000000000000000000e+00
9.999999999999997780e-01
1.000000000000000000e+00
9.999999999999997780e-01
1.000000000000000000e+00
9.999999999999997780e-01
9.999999999999995559e-01
9.999999999999995559e-01
1.000000000000000000e+00
1.000000000000000000e+00
9.999999999999997780e-01
9.999999999999995559e-01
1.000000000000000000e+00
1.000000000000000000e+00
9.999999999999997780e-01
1.000000000000000000e+00
1.000000000000000000e+00
1.000000000000000000e+00
9.152169293821125207e-01
6.782960902790529101e-01
6.782960902790525770e-01
9.097982427561326357e-01
8.963460857147339533e-01
6.691745988124819799e-01
3.308254011875177425e-01
1.036539142852657136e-01
4.748594839680867451e-03
9.909133386381721415e-17
4.748594839680768571e-03
7.940316685456090540e-02
2.356591484625071564e-01
4.896645567817874967e-01
7.007597811595470683e-01
8.377502995829380072e-01
8.907953628060006901e-01
8.907953628060006901e-01
8.377502995829380072e-01
7.007597811595471793e-01
4.896645567817873301e-01
2.356591484625074062e-01
7.940316685456079437e-02
4.748594839680768571e-03
0.000000000000000000e+00
4.748594839680768571e-03
1.036539142852657691e-01
3.308254011875178535e-01
6.691745988124819799e-01
8.963460857147341754e-01
9.952514051603186251e-01
9.999999999999997780e-01
9.999999999999997780e-01
1.000000000000000000e+00
9.999999999999997780e-01
1.000000000000000000e+00
1.000000000000000000e+00
1.000000000000000000e+00
9.999999999999997780e-01
9.999999999999995559e-01
9.999999999999995559e-01
9.999999999999997780e-01
9.999999999999997780e-01
1.000000000000000000e+00
9.999999999999997780e-01
1.000000000000000000e+00
1.000000000000000000e+00
9.999999999999995559e-01
1.000000000000000000e+00
9.999999999999997780e-01
9.999999999999995559e-01
1.000000000000000000e+00
1.000000000000000000e+00
9.999999999999995559e-01
9.999999999999995559e-01
1.000000000000000000e+00
9.999999999999997780e-01
1.000000000000000000e+00
9.999999999999997780e-01
9.999999999999997780e-01
9.999999999999995559e-01
9.152169293821125207e-01
6.782960902790529101e-01
6.782960902790525770e-01
9.152169293821122986e-01
9.440747457452053348e-01
7.667018254961278645e-01
4.398492435114603749e-01
1.622497004170618540e-01
2.638701818871314400e-02
9.909133386381721415e-17
2.638701818871314400e-02
1.563631402363379885e-01
4.025764698702348210e-01
7.007597811595472903e-01
8.886990658599532855e-01
9.736129818112865264e-01
9.952514051603190692e-01
9.952514051603190692e-01
9.736129818112863044e-01
8.886990658599535076e-01
7.007597811595470683e-01
4.025764698702349320e-01
1.563631402363379608e-01
2.638701818871304686e-02
0.000000000000000000e+00
2.638701818871304686e-02
1.622497004170618817e-01
4.398492435114604859e-01
7.667018254961281976e-01
9.440747457452051128e-01
9.999999999999995559e-01
1.000000000000000000e+00
9.999999999999997780e-01
9.999999999999997780e-01
9.999999999999997780e-01
1.000000000000000000e+00
1.000000000000000000e+00
9.999999999999995559e-01
9.999999999999997780e-01
9.999999999999995559e-01
9.999999999999997780e-01
9.999999999999997780e-01
9.999999999999997780e-01
1.000000000000000000e+00
9.999999999999997780e-01
1.000000000000000000e+00
9.999999999999995559e-01
1.000000000000000000e+00
9.999999999999995559e-01
9.999999999999995559e-01
9.999999999999997780e-01
9.999999999999997780e-01
1.000000000000000000e+00
9.999999999999995559e-01
9.999999999999997780e-01
1.000000000000000000e+00
9.999999999999997780e-01
9.999999999999995559e-01
9.999999999999997780e-01
1.000000000000000000e+00
9.999999999999997780e-01
9.152169293821122986e-01
6.782960902790525770e-01
6.782960902790529101e-01
9.152169293821122986e-01
9.736129818112867484e-01
8.377502995829380072e-01
5.601507564885395141e-01
2.332981745038719412e-01
5.592525425479490109e-02
9.909133386381721415e-17
5.076035493002245547e-02
2.056519263499043959e-01
5.200773026547541589e-01
8.111273431075504137e-01
9.686423456381627606e-01
9.999999999999997780e-01
1.000000000000000000e+00
1.000000000000000000e+00
9.999999999999997780e-01
9.686423456381627606e-01
8.111273431075503026e-01
5.200773026547544919e-01
2.056519263499042571e-01
5.076035493002235832e-02
0.000000000000000000e+00
5.592525425479469986e-02
2.332981745038719412e-01
5.601507564885395141e-01
8.377502995829380072e-01
9.736129818112867484e-01
1.000000000000000000e+00
1.000000000000000000e+00
9.999999999999997780e-01
1.000000000000000000e+00
9.999999999999997780e-01
1.000000000000000000e+00
1.000000000000000000e+00
9.999999999999997780e-01
1.000000000000000000e+00
1.000000000000000000e+00
9.999999999999997780e-01
1.000000000000000000e+00
9.999999999999997780e-01
1.000000000000000000e+00
1.000000000000000000e+00
1.000000000000000000e+00
9.999999999999997780e-01
1.000000000000000000e+00
1.000000000000000000e+00
9.999999999999997780e-01
9.999999999999997780e-01
1.000000000000000000e+00
9.999999999999997780e-01
9.999999999999997780e-01
1.000000000000000000e+00
1.000000000000000000e+00
1.000000000000000000e+00
1.000000000000000000e+00
1.000000000000000000e+00
1.000000000000000000e+00
9.999999999999997780e-01
9.152169293821125207e-01
6.782960902790529101e-01
6.782960902790525770e-01
9.152169293821122986e-01
9.904619517685361307e-01
8.656277290183438389e-01
5.999820636415097441e-01
2.636796959846183230e-01
7.406226547424384077e-02
9.909133386381721415e-17
5.076035493002245547e-02
2.056519263499043959e-01
5.200773026547540479e-01
8.111273431075504137e-01
9.686423456381626496e-01
1.000000000000000000e+00
9.999999999999997780e-01
1.000000000000000000e+00
9.999999999999997780e-01
9.686423456381629826e-01
8.111273431075501916e-01
5.200773026547540479e-01
2.056519263499042571e-01
5.076035493002235832e-02
0.000000000000000000e+00
7.406226547424368811e-02
2.636796959846184341e-01
5.999820636415097441e-01
8.656277290183438389e-01
9.904619517685361307e-01
9.999999999999997780e-01
1.000000000000000000e+00
9.999999999999997780e-01
1.000000000000000000e+00
1.000000000000000000e+00
1.000000000000000000e+00
1.000000000000000000e+00
1.000000000000000000e+00
9.999999999999997780e-01
1.000000000000000000e+00
9.999999999999997780e-01
1.000000000000000000e+00
1.000000000000000000e+00
1.000000000000000000e+00
9.999999999999997780e-01
1.000000000000000000e+00
1.000000000000000000e+00
1.000000000000000000e+00
1.000000000000000000e+00
9.999999999999997780e-01
1.000000000000000000e+00
1.000000000000000000e+00
1.000000000000000000e+00
1.000000000000000000e+00
1.000000000000000000e+00
1.000000000000000000e+00
9.999999999999997780e-01
1.000000000000000000e+00
1.000000000000000000e+00
1.000000000000000000e+00
1.000000000000000000e+00
9.152169293821125207e-01
6.782960902790529101e-01
6.782960902790525770e-01
9.152169293821122986e-01
9.736129818112867484e-01
8.377502995829380072e-01
5.601507564885394030e-01
2.332981745038718302e-01
5.592525425479490109e-02
9.909133386381721415e-17
2.638701818871314400e-02
1.563631402363380996e-01
4.093905819051684714e-01
7.296532978100815914e-01
9.205968331454390530e-01
9.952514051603188472e-01
9.999999999999997780e-01
9.999999999999997780e-01
9.952514051603190692e-01
9.205968331454390530e-01
7.296532978100815914e-01
4.093905819051685269e-01
1.563631402363379885e-01
2.638701818871304686e-02
9.909133386381721415e-17
5.592525425479469986e-02
2.332981745038720245e-01
5.601507564885395141e-01
8.377502995829380072e-01
9.736129818112867484e-01
9.999999999999997780e-01
1.000000000000000000e+00
9.999999999999997780e-01
1.000000000000000000e+00
1.000000000000000000e+00
1.000000000000000000e+00
1.000000000000000000e+00
9.999999999999997780e-01
1.000000000000000000e+00
1.000000000000000000e+00
1.000000000000000000e+00
1.000000000000000000e+00
9.999999999999997780e-01
1.000000000000000000e+00
9.999999999999997780e-01
1.000000000000000000e+00
1.000000000000000000e+00
9.999999999999997780e-01
1.000000000000000000e+00
9.999999999999997780e-01
1.000000000000000000e+00
1.000000000000000000e+00
9.999999999999997780e-01
9.999999999999997780e-01
1.000000000000000000e+00
1.000000000000000000e+00
9.999999999999997780e-01
9.999999999999997780e-01
1.000000000000000000e+00
1.000000000000000000e+00
1.000000000000000000e+00
9.152169293821122986e-01
6.782960902790525770e-01
6.782960902790529101e-01
9.152169293821122986e-01
9.440747457452053348e-01
7.667018254961278645e-01
4.398492435114605970e-01
1.622497004170618540e-01
2.638701818871324462e-02
9.909133386381721415e-17
4.748594839680867451e-03
7.940316685456090540e-02
2.703467021899182421e-01
5.906094180948313621e-01
8.436368597636618727e-01
9.736129818112867484e-01
9.999999999999997780e-01
1.000000000000000000e+00
9.736129818112867484e-01
8.436368597636618727e-01
5.906094180948312511e-01
2.703467021899184086e-01
7.940316685456090540e-02
4.748594839680768571e-03
9.909133386381721415e-17
2.638701818871314400e-02
1.622497004170619928e-01
4.398492435114604859e-01
7.667018254961281976e-01
9.440747457452048907e-01
9.999999999999997780e-01
1.000000000000000000e+00
9.999999999999997780e-01
1.000000000000000000e+00
9.999999999999997780e-01
9.999999999999997780e-01
1.000000000000000000e+00
9.999999999999995559e-01
9.999999999999997780e-01
9.999999999999997780e-01
9.999999999999997780e-01
1.000000000000000000e+00
1.000000000000000000e+00
1.000000000000000000e+00
1.000000000000000000e+00
1.000000000000000000e+00
9.999999999999997780e-01
1.000000000000000000e+00
1.000000000000000000e+00
9.999999999999997780e-01
1.000000000000000000e+00
1.000000000000000000e+00
1.000000000000000000e+00
9.999999999999995559e-01
1.000000000000000000e+00
1.000000000000000000e+00
9.999999999999997780e-01
9.999999999999995559e-01
9.999999999999997780e-01
9.999999999999997780e-01
9.999999999999997780e-01
9.152169293821125207e-01
6.782960902790529101e-01
6.782960902790525770e-01
9.152169293821125207e-01
9.205968331454390530e-01
7.075400020045072846e-01
3.605858924171636004e-01
1.092046371939991434e-01
4.748594839680867451e-03
9.909133386381721415e-17
0.000000000000000000e+00
2.638701818871324462e-02
1.622497004170618540e-01
4.398492435114607080e-01
7.667018254961278645e-01
9.440747457452051128e-01
9.999999999999997780e-01
9.999999999999997780e-01
9.440747457452051128e-01
7.667018254961281976e-01
4.398492435114605970e-01
1.622497004170618817e-01
2.638701818871324462e-02
0.000000000000000000e+00
9.909133386381721415e-17
4.748594839680867451e-03
1.092046371939993377e-01
3.605858924171636004e-01
7.075400020045072846e-01
9.205968331454390530e-01
9.999999999999997780e-01
9.999999999999997780e-01
9.999999999999997780e-01
1.000000000000000000e+00
1.000000000000000000e+00
1.000000000000000000e+00
1.000000000000000000e+00
9.999999999999997780e-01
1.000000000000000000e+00
9.999999999999997780e-01
1.000000000000000000e+00
1.000000000000000000e+00
9.999999999999995559e-01
1.000000000000000000e+00
1.000000000000000000e+00
1.000000000000000000e+00
1.000000000000000000e+00
9.999999999999997780e-01
1.000000000000000000e+00
9.999999999999997780e-01
1.000000000000000000e+00
1.000000000000000000e+00
1.000000000000000000e+00
9.999999999999997780e-01
1.000000000000000000e+00
1.000000000000000000e+00
1.000000000000000000e+00
9.999999999999997780e-01
1.000000000000000000e+00
9.999999999999997780e-01
1.000000000000000000e+00
9.152169293821125207e-01
6.782960902790525770e-01
6.782960902790525770e-01
9.152169293821125207e-01
9.152169293821125207e-01
6.782960902790525770e-01
3.217039097209469234e-01
8.478307061788732668e-02
9.909133386381721415e-17
9.909133386381721415e-17
0.000000000000000000e+00
4.748594839681065209e-03
1.036539142852657136e-01
3.308254011875179645e-01
6.691745988124819799e-01
8.963460857147343974e-01
9.952514051603191803e-01
9.952514051603191803e-01
8.963460857147343974e-01
6.691745988124819799e-01
3.308254011875179645e-01
1.036539142852657691e-01
4.748594839681065209e-03
9.909133386381721415e-17
9.909133386381721415e-17
0.000000000000000000e+00
8.478307061788747934e-02
3.217039097209468679e-01
6.782960902790529101e-01
9.152169293821122986e-01
9.999999999999997780e-01
9.999999999999997780e-01
9.999999999999997780e-01
1.000000000000000000e+00
9.999999999999997780e-01
1.000000000000000000e+00
1.000000000000000000e+00
1.000000000000000000e+00
9.999999999999997780e-01
1.000000000000000000e+00
9.999999999999997780e-01
1.000000000000000000e+00
1.000000000000000000e+00
1.000000000000000000e+00
9.999999999999997780e-01
1.000000000000000000e+00
1.000000000000000000e+00
1.000000000000000000e+00
1.000000000000000000e+00
9.999999999999997780e-01
1.000000000000000000e+00
9.999999999999997780e-01
1.000000000000000000e+00
1.000000000000000000e+00
1.000000000000000000e+00
1.000000000000000000e+00
9.999999999999997780e-01
1.000000000000000000e+00
9.999999999999997780e-01
1.000000000000000000e+00
9.999999999999997780e-01
9.152169293821122986e-01
6.782960902790529101e-01
6.782960902790529101e-01
9.152169293821122986e-01
9.152169293821125207e-01
6.782960902790529101e-01
3.217039097209470899e-01
8.478307061788732668e-02
9.909133386381721415e-17
9.909133386381721415e-17
0.000000000000000000e+00
1.981826677276344283e-16
6.112998419782073034e-02
2.615180314897402880e-01
5.999820636415097441e-01
8.636897965058124571e-01
9.785430589297426929e-01
9.785430589297426929e-01
8.636897965058126792e-01
5.999820636415100772e-01
2.615180314897402880e-01
6.112998419782077891e-02
9.909133386381721415e-17
9.909133386381721415e-17
9.909133386381721415e-17
0.000000000000000000e+00
8.478307061788747934e-02
3.217039097209470899e-01
6.782960902790530211e-01
9.152169293821125207e-01
9.999999999999995559e-01
9.999999999999997780e-01
9.999999999999997780e-01
1.000000000000000000e+00
9.999999999999997780e-01
1.000000000000000000e+00
1.000000000000000000e+00
9.999999999999997780e-01
9.999999999999997780e-01
9.999999999999997780e-01
9.999999999999997780e-01
1.000000000000000000e+00
1.000000000000000000e+00
1.000000000000000000e+00
1.000000000000000000e+00
1.000000000000000000e+00
1.000000000000000000e+00
1.000000000000000000e+00
1.000000000000000000e+00
1.000000000000000000e+00
1.000000000000000000e+00
9.999999999999997780e-01
1.000000000000000000e+00
1.000000000000000000e+00
1.000000000000000000e+00
1.000000000000000000e+00
9.999999999999997780e-01
9.999999999999997780e-01
1.000000000000000000e+00
9.999999999999997780e-01
9.999999999999997780e-01
9.152169293821125207e-01
6.782960902790529101e-01
6.782960902790525770e-01
9.152169293821125207e-01
9.152169293821125207e-01
6.782960902790529101e-01
3.217039097209469234e-01
8.478307061788732668e-02
9.909133386381721415e-17
9.909133386381721415e-17
0.000000000000000000e+00
1.981826677276344283e-16
5.397906211968125922e-02
2.461486266643912180e-01
5.601507564885391810e-01
8.497119999711344462e-01
9.717492474036331096e-01
9.717492474036328876e-01
8.497119999711342242e-01
5.601507564885396251e-01
2.461486266643912180e-01
5.397906211968130780e-02
1.981826677276344283e-16
9.909133386381721415e-17
9.909133386381721415e-17
0.000000000000000000e+00
8.478307061788747934e-02
3.217039097209469234e-01
6.782960902790529101e-01
9.152169293821125207e-01
9.999999999999995559e-01
9.999999999999995559e-01
9.999999999999997780e-01
1.000000000000000000e+00
1.000000000000000000e+00
1.000000000000000000e+00
1.000000000000000000e+00
1.000000000000000000e+00
9.999999999999997780e-01
9.999999999999997780e-01
1.000000000000000000e+00
1.000000000000000000e+00
1.000000000000000000e+00
1.000000000000000000e+00
1.000000000000000000e+00
1.000000000000000000e+00
1.000000000000000000e+00
1.000000000000000000e+00
1.000000000000000000e+00
9.999999999999997780e-01
9.999999999999997780e-01
1.000000000000000000e+00
1.000000000000000000e+00
1.000000000000000000e+00
1.000000000000000000e+00
1.000000000000000000e+00
9.999999999999997780e-01
9.999999999999997780e-01
9.999999999999997780e-01
9.999999999999997780e-01
1.000000000000000000e+00
9.152169293821125207e-01
6.782960902790529101e-01
6.782960902790527991e-01
9.152169293821125207e-01
9.152169293821125207e-01
6.782960902790530211e-01
3.217039097209469234e-01
8.478307061788732668e-02
9.909133386381721415e-17
9.909133386381721415e-17
0.000000000000000000e+00
1.981826677276344283e-16
6.112998419782077891e-02
2.615180314897405101e-01
5.999820636415099662e-01
8.636897965058124571e-01
9.785430589297426929e-01
9.785430589297426929e-01
8.636897965058124571e-01
5.999820636415100772e-01
2.615180314897403435e-01
6.112998419782077891e-02
1.981826677276344283e-16
9.909133386381721415e-17
9.909133386381721415e-17
0.000000000000000000e+00
8.478307061788747934e-02
3.217039097209469234e-01
6.782960902790531321e-01
9.152169293821125207e-01
9.999999999999995559e-01
9.999999999999997780e-01
1.000000000000000000e+00
1.000000000000000000e+00
1.000000000000000000e+00
1.000000000000000000e+00
1.000000000000000000e+00
1.000000000000000000e+00
1.000000000000000000e+00
9.999999999999997780e-01
1.000000000000000000e+00
1.000000000000000000e+00
1.000000000000000000e+00
1.000000000000000000e+00
1.000000000000000000e+00
1.000000000000000000e+00
1.000000000000000000e+00
1.000000000000000000e+00
1.000000000000000000e+00
9.999999999999997780e-01
9.999999999999997780e-01
1.000000000000000000e+00
1.000000000000000000e+00
9.999999999999997780e-01
9.999999999999997780e-01
1.000000000000000000e+00
1.000000000000000000e+00
9.999999999999997780e-01
1.000000000000000000e+00
9.999999999999997780e-01
9.999999999999997780e-01
9.152169293821122986e-01
6.782960902790525770e-01
6.782960902790529101e-01
9.152169293821125207e-01
9.152169293821127427e-01
6.782960902790529101e-01
3.217039097209469234e-01
8.478307061788732668e-02
9.909133386381721415e-17
9.909133386381721415e-17
9.909133386381721415e-17
4.748594839681065209e-03
1.036539142852657136e-01
3.308254011875179645e-01
6.691745988124819799e-01
8.963460857147343974e-01
9.952514051603190692e-01
9.952514051603190692e-01
8.963460857147341754e-01
6.691745988124822020e-01
3.308254011875178535e-01
1.036539142852658246e-01
4.748594839680966330e-03
9.909133386381721415e-17
9.909133386381721415e-17
0.000000000000000000e+00
8.478307061788747934e-02
3.217039097209469234e-01
6.782960902790527991e-01
9.152169293821125207e-01
9.999999999999997780e-01
9.999999999999997780e-01
9.999999999999997780e-01
1.000000000000000000e+00
9.999999999999997780e-01
9.999999999999997780e-01
1.000000000000000000e+00
9.999999999999997780e-01
1.000000000000000000e+00
9.999999999999997780e-01
1.000000000000000000e+00
1.000000000000000000e+00
1.000000000000000000e+00
1.000000000000000000e+00
1.000000000000000000e+00
1.000000000000000000e+00
1.000000000000000000e+00
1.000000000000000000e+00
1.000000000000000000e+00
1.000000000000000000e+00
1.000000000000000000e+00
1.000000000000000000e+00
1.000000000000000000e+00
1.000000000000000000e+00
1.000000000000000000e+00
9.999999999999997780e-01
9.999999999999997780e-01
9.999999999999997780e-01
9.999999999999995559e-01
9.999999999999997780e-01
9.999999999999997780e-01
9.152169293821125207e-01
6.782960902790527991e-01
6.782960902790529101e-01
9.152169293821122986e-01
9.205968331454391640e-01
7.075400020045072846e-01
3.605858924171634894e-01
1.092046371939991850e-01
4.748594839680966330e-03
9.909133386381721415e-17
0.000000000000000000e+00
2.638701818871324462e-02
1.622497004170618540e-01
4.398492435114606525e-01
7.667018254961278645e-01
9.440747457452051128e-01
1.000000000000000000e+00
1.000000000000000000e+00
9.440747457452051128e-01
7.667018254961280865e-01
4.398492435114606525e-01
1.622497004170618817e-01
2.638701818871324462e-02
0.000000000000000000e+00
9.909133386381721415e-17
4.748594839680867451e-03
1.092046371939993377e-01
3.605858924171634894e-01
7.075400020045072846e-01
9.205968331454391640e-01
9.999999999999997780e-01
9.999999999999997780e-01
1.000000000000000000e+00
1.000000000000000000e+00
9.999999999999997780e-01
9.999999999999997780e-01
1.000000000000000000e+00
9.999999999999997780e-01
9.999999999999997780e-01
9.999999999999997780e-01
1.000000000000000000e+00
1.000000000000000000e+00
9.999999999999995559e-01
1.000000000000000000e+00
9.999999999999997780e-01
9.999999999999997780e-01
9.999999999999997780e-01
1.000000000000000000e+00
1.000000000000000000e+00
9.999999999999995559e-01
9.999999999999995559e-01
9.999999999999997780e-01
1.000000000000000000e+00
9.999999999999997780e-01
1.000000000000000000e+00
1.000000000000000000e+00
9.999999999999995559e-01
9.999999999999995559e-01
9.999999999999997780e-01
9.999999999999997780e-01
9.999999999999997780e-01
9.152169293821127427e-01
6.782960902790525770e-01
6.782960902790529101e-01
9.152169293821122986e-01
9.440747457452051128e-01
7.667018254961278645e-01
4.398492435114604304e-01
1.622497004170618540e-01
2.638701818871324462e-02
9.909133386381721415e-17
4.748594839680867451e-03
7.940316685456100254e-02
2.703467021899182421e-01
5.906094180948313621e-01
8.436368597636618727e-01
9.736129818112867484e-01
9.999999999999997780e-01
9.999999999999997780e-01
9.736129818112865264e-01
8.436368597636616506e-01
5.906094180948313621e-01
2.703467021899184086e-01
7.940316685456079437e-02
4.748594839680768571e-03
0.000000000000000000e+00
2.638701818871314400e-02
1.622497004170618817e-01
4.398492435114603749e-01
7.667018254961278645e-01
9.440747457452048907e-01
9.999999999999997780e-01
1.000000000000000000e+00
1.000000000000000000e+00
1.000000000000000000e+00
1.000000000000000000e+00
9.999999999999997780e-01
1.000000000000000000e+00
9.999999999999995559e-01
1.000000000000000000e+00
9.999999999999995559e-01
9.999999999999997780e-01
1.000000000000000000e+00
1.000000000000000000e+00
1.000000000000000000e+00
1.000000000000000000e+00
1.000000000000000000e+00
9.999999999999997780e-01
9.999999999999997780e-01
9.999999999999997780e-01
9.999999999999997780e-01
1.000000000000000000e+00
9.999999999999997780e-01
1.000000000000000000e+00
1.000000000000000000e+00
9.999999999999997780e-01
1.000000000000000000e+00
9.999999999999997780e-01
9.999999999999995559e-01
9.999999999999997780e-01
9.999999999999997780e-01
1.000000000000000000e+00
9.152169293821122986e-01
6.782960902790527991e-01
6.782960902790530211e-01
9.152169293821125207e-01
9.736129818112867484e-01
8.377502995829380072e-01
5.601507564885395141e-01
2.332981745038719412e-01
5.592525425479490109e-02
9.909133386381721415e-17
2.638701818871314400e-02
1.563631402363380996e-01
4.093905819051683603e-01
7.296532978100818134e-01
9.205968331454390530e-01
9.952514051603190692e-01
1.000000000000000000e+00
1.000000000000000000e+00
9.952514051603188472e-01
9.205968331454390530e-01
7.296532978100815914e-01
4.093905819051685269e-01
1.563631402363379885e-01
2.638701818871304686e-02
0.000000000000000000e+00
5.592525425479469986e-02
2.332981745038720245e-01
5.601507564885391810e-01
8.377502995829380072e-01
9.736129818112867484e-01
9.999999999999997780e-01
1.000000000000000000e+00
9.999999999999997780e-01
1.000000000000000000e+00
1.000000000000000000e+00
1.000000000000000000e+00
9.999999999999997780e-01
1.000000000000000000e+00
9.999999999999997780e-01
9.999999999999997780e-01
1.000000000000000000e+00
1.000000000000000000e+00
1.000000000000000000e+00
1.000000000000000000e+00
1.000000000000000000e+00
1.000000000000000000e+00
9.999999999999997780e-01
1.000000000000000000e+00
1.000000000000000000e+00
1.000000000000000000e+00
1.000000000000000000e+00
1.000000000000000000e+00
1.000000000000000000e+00
9.999999999999997780e-01
1.000000000000000000e+00
1.000000000000000000e+00
9.999999999999997780e-01
9.999999999999997780e-01
9.999999999999995559e-01
9.999999999999997780e-01
9.999999999999997780e-01
9.152169293821125207e-01
6.782960902790525770e-01
6.782960902790527991e-01
9.152169293821125207e-01
9.904619517685361307e-01
8.656277290183438389e-01
5.999820636415097441e-01
2.636796959846183230e-01
7.406226547424384077e-02
9.909133386381721415e-17
5.076035493002245547e-02
2.056519263499043959e-01
5.200773026547540479e-01
8.111273431075504137e-01
9.686423456381626496e-01
9.999999999999997780e-01
9.999999999999997780e-01
9.999999999999997780e-01
1.000000000000000000e+00
9.686423456381627606e-01
8.111273431075503026e-01
5.200773026547541589e-01
2.056519263499042571e-01
5.076035493002235832e-02
0.000000000000000000e+00
7.406226547424378526e-02
2.636796959846184341e-01
5.999820636415097441e-01
8.656277290183438389e-01
9.904619517685361307e-01
9.999999999999997780e-01
9.999999999999997780e-01
9.999999999999997780e-01
1.000000000000000000e+00
1.000000000000000000e+00
1.000000000000000000e+00
1.000000000000000000e+00
9.999999999999997780e-01
1.000000000000000000e+00
1.000000000000000000e+00
9.999999999999995559e-01
9.999999999999997780e-01
1.000000000000000000e+00
1.000000000000000000e+00
1.000000000000000000e+00
1.000000000000000000e+00
9.999999999999995559e-01
9.999999999999997780e-01
1.000000000000000000e+00
9.999999999999997780e-01
1.000000000000000000e+00
9.999999999999997780e-01
1.000000000000000000e+00
9.999999999999997780e-01
9.999999999999997780e-01
1.000000000000000000e+00
1.000000000000000000e+00
1.000000000000000000e+00
9.999999999999997780e-01
9.999999999999997780e-01
9.999999999999997780e-01
9.152169293821125207e-01
6.782960902790529101e-01
6.782960902790530211e-01
9.152169293821122986e-01
9.736129818112871925e-01
8.377502995829380072e-01
5.601507564885394030e-01
2.332981745038719412e-01
5.592525425479490109e-02
9.909133386381721415e-17
5.076035493002245547e-02
2.056519263499043959e-01
5.200773026547540479e-01
8.111273431075501916e-01
9.686423456381627606e-01
9.999999999999997780e-01
1.000000000000000000e+00
1.000000000000000000e+00
9.999999999999997780e-01
9.686423456381627606e-01
8.111273431075501916e-01
5.200773026547541589e-01
2.056519263499042571e-01
5.076035493002235832e-02
0.000000000000000000e+00
5.592525425479469986e-02
2.332981745038719967e-01
5.601507564885391810e-01
8.377502995829380072e-01
9.736129818112869705e-01
9.999999999999995559e-01
1.000000000000000000e+00
1.000000000000000000e+00
1.000000000000000000e+00
1.000000000000000000e+00
1.000000000000000000e+00
1.000000000000000000e+00
9.999999999999997780e-01
9.999999999999997780e-01
1.000000000000000000e+00
1.000000000000000000e+00
1.000000000000000000e+00
1.000000000000000000e+00
1.000000000000000000e+00
9.999999999999997780e-01
1.000000000000000000e+00
9.999999999999997780e-01
1.000000000000000000e+00
9.999999999999997780e-01
9.999999999999997780e-01
9.999999999999997780e-01
1.000000000000000000e+00
1.000000000000000000e+00
9.999999999999997780e-01
1.000000000000000000e+00
1.000000000000000000e+00
1.000000000000000000e+00
1.000000000000000000e+00
1.000000000000000000e+00
1.000000000000000000e+00
1.000000000000000000e+00
9.152169293821125207e-01
6.782960902790527991e-01
6.782960902790529101e-01
9.152169293821122986e-01
9.440747457452053348e-01
7.667018254961278645e-01
4.398492435114604859e-01
1.622497004170618817e-01
2.638701818871314400e-02
9.909133386381721415e-17
2.638701818871314400e-02
1.563631402363380996e-01
4.025764698702348210e-01
7.007597811595471793e-01
8.886990658599532855e-01
9.736129818112867484e-01
9.952514051603190692e-01
9.952514051603190692e-01
9.736129818112867484e-01
8.886990658599535076e-01
7.007597811595471793e-01
4.025764698702349875e-01
1.563631402363379885e-01
2.638701818871304686e-02
9.909133386381721415e-17
2.638701818871314400e-02
1.622497004170618817e-01
4.398492435114603749e-01
7.667018254961280865e-01
9.440747457452053348e-01
9.999999999999997780e-01
1.000000000000000000e+00
9.999999999999997780e-01
1.000000000000000000e+00
1.000000000000000000e+00
1.000000000000000000e+00
1.000000000000000000e+00
1.000000000000000000e+00
1.000000000000000000e+00
9.999999999999997780e-01
1.000000000000000000e+00
1.000000000000000000e+00
1.000000000000000000e+00
1.000000000000000000e+00
1.000000000000000000e+00
1.000000000000000000e+00
1.000000000000000000e+00
1.000000000000000000e+00
1.000000000000000000e+00
1.000000000000000000e+00
1.000000000000000000e+00
1.000000000000000000e+00
1.000000000000000000e+00
1.000000000000000000e+00
1.000000000000000000e+00
1.000000000000000000e+00
1.000000000000000000e+00
1.000000000000000000e+00
9.999999999999997780e-01
9.999999999999997780e-01
9.999999999999997780e-01
9.152169293821125207e-01
6.782960902790529101e-01
6.782960902790529101e-01
9.097982427561328578e-01
8.963460857147343974e-01
6.691745988124822020e-01
3.308254011875178535e-01
1.036539142852657136e-01
4.748594839680867451e-03
9.909133386381721415e-17
4.748594839680867451e-03
7.940316685456100254e-02
2.356591484625071564e-01
4.896645567817874967e-01
7.007597811595470683e-01
8.377502995829378962e-01
8.907953628060006901e-01
8.907953628060005791e-01
8.377502995829380072e-01
7.007597811595470683e-01
4.896645567817874967e-01
2.356591484625072674e-01
7.940316685456090540e-02
4.748594839680768571e-03
9.909133386381721415e-17
4.748594839680867451e-03
1.036539142852657691e-01
3.308254011875178535e-01
6.691745988124819799e-01
8.963460857147339533e-01
9.952514051603190692e-01
9.999999999999997780e-01
1.000000000000000000e+00
1.000000000000000000e+00
1.000000000000000000e+00
9.999999999999997780e-01
1.000000000000000000e+00
1.000000000000000000e+00
1.000000000000000000e+00
1.000000000000000000e+00
9.999999999999997780e-01
1.000000000000000000e+00
1.000000000000000000e+00
1.000000000000000000e+00
9.999999999999997780e-01
1.000000000000000000e+00
1.000000000000000000e+00
1.000000000000000000e+00
1.000000000000000000e+00
9.999999999999995559e-01
9.999999999999997780e-01
1.000000000000000000e+00
1.000000000000000000e+00
1.000000000000000000e+00
9.999999999999997780e-01
1.000000000000000000e+00
1.000000000000000000e+00
1.000000000000000000e+00
1.000000000000000000e+00
9.999999999999997780e-01
1.000000000000000000e+00
9.152169293821125207e-01
6.782960902790525770e-01
6.716703730462404431e-01
8.598753849296453255e-01
8.027679379106900104e-01
5.295507011316535895e-01
2.270373980354025156e-01
5.592525425479490109e-02
9.909133386381721415e-17
9.909133386381721415e-17
0.000000000000000000e+00
2.638701818871324462e-02
9.793069057289077728e-02
2.356591484625074617e-01
4.025764698702349320e-01
5.601507564885391810e-01
6.394141075828361220e-01
6.394141075828363441e-01
5.601507564885391810e-01
4.025764698702349320e-01
2.356591484625072674e-01
9.793069057289092993e-02
2.638701818871324462e-02
0.000000000000000000e+00
9.909133386381721415e-17
9.909133386381721415e-17
5.592525425479490109e-02
2.270373980354023769e-01
5.295507011316537005e-01
8.027679379106900104e-01
9.511708244406689161e-01
9.952514051603190692e-01
1.000000000000000000e+00
1.000000000000000000e+00
1.000000000000000000e+00
9.999999999999997780e-01
1.000000000000000000e+00
1.000000000000000000e+00
1.000000000000000000e+00
1.000000000000000000e+00
1.000000000000000000e+00
1.000000000000000000e+00
9.999999999999997780e-01
1.000000000000000000e+00
1.000000000000000000e+00
1.000000000000000000e+00
1.000000000000000000e+00
1.000000000000000000e+00
1.000000000000000000e+00
1.000000000000000000e+00
1.000000000000000000e+00
1.000000000000000000e+00
1.000000000000000000e+00
1.000000000000000000e+00
1.000000000000000000e+00
1.000000000000000000e+00
1.000000000000000000e+00
1.000000000000000000e+00
1.000000000000000000e+00
9.999999999999997780e-01
9.999999999999997780e-01
9.152169293821125207e-01
6.782960902790525770e-01
6.419399706171211584e-01
7.690587082238735661e-01
6.530818792276936735e-01
3.469181207723060489e-01
1.305818465135338002e-01
2.638701818871324462e-02
9.909133386381721415e-17
9.909133386381721415e-17
0.000000000000000000e+00
4.748594839680966330e-03
2.638701818871304686e-02
7.940316685456090540e-02
1.563631402363379885e-01
2.332981745038718302e-01
2.924599979954926599e-01
2.924599979954925488e-01
2.332981745038719412e-01
1.563631402363379885e-01
7.940316685456079437e-02
2.638701818871324462e-02
4.748594839680867451e-03
0.000000000000000000e+00
9.909133386381721415e-17
9.909133386381721415e-17
2.638701818871324462e-02
1.305818465135337447e-01
3.469181207723062155e-01
6.530818792276936735e-01
8.694181534864657834e-01
9.736129818112867484e-01
1.000000000000000000e+00
1.000000000000000000e+00
1.000000000000000000e+00
1.000000000000000000e+00
1.000000000000000000e+00
1.000000000000000000e+00
1.000000000000000000e+00
9.999999999999995559e-01
1.000000000000000000e+00
1.000000000000000000e+00
1.000000000000000000e+00
1.000000000000000000e+00
1.000000000000000000e+00
1.000000000000000000e+00
1.000000000000000000e+00
9.999999999999997780e-01
1.000000000000000000e+00
1.000000000000000000e+00
1.000000000000000000e+00
9.999999999999997780e-01
9.999999999999997780e-01
1.000000000000000000e+00
1.000000000000000000e+00
1.000000000000000000e+00
1.000000000000000000e+00
9.999999999999997780e-01
1.000000000000000000e+00
9.999999999999997780e-01
1.000000000000000000e+00
9.152169293821125207e-01
6.782960902790529101e-01
5.721552865365403528e-01
6.256789850060271441e-01
4.398492435114604859e-01
1.911504206355537638e-01
4.882917555933081327e-02
4.748594839680867451e-03
9.909133386381721415e-17
9.909133386381721415e-17
0.000000000000000000e+00
9.909133386381721415e-17
0.000000000000000000e+00
4.748594839680867451e-03
2.638701818871314400e-02
5.592525425479469986e-02
7.940316685456090540e-02
7.940316685456090540e-02
5.592525425479469986e-02
2.638701818871314400e-02
4.748594839680966330e-03
0.000000000000000000e+00
9.909133386381721415e-17
0.000000000000000000e+00
0.000000000000000000e+00
9.909133386381721415e-17
4.748594839680966330e-03
4.882917555933071613e-02
1.911504206355537083e-01
4.398492435114606525e-01
7.360748213554859642e-01
9.205968331454390530e-01
9.952514051603188472e-01
1.000000000000000000e+00
1.000000000000000000e+00
1.000000000000000000e+00
1.000000000000000000e+00
9.999999999999997780e-01
9.999999999999997780e-01
9.999999999999997780e-01
9.999999999999997780e-01
1.000000000000000000e+00
9.999999999999997780e-01
1.000000000000000000e+00
9.999999999999997780e-01
1.000000000000000000e+00
1.000000000000000000e+00
1.000000000000000000e+00
1.000000000000000000e+00
1.000000000000000000e+00
1.000000000000000000e+00
1.000000000000000000e+00
1.000000000000000000e+00
9.999999999999997780e-01
9.999999999999995559e-01
1.000000000000000000e+00
1.000000000000000000e+00
9.999999999999997780e-01
1.000000000000000000e+00
9.999999999999997780e-01
1.000000000000000000e+00
9.152169293821125207e-01
6.782960902790529101e-01
4.378843579373668526e-01
4.450080995446232812e-01
2.639251786445138692e-01
7.940316685456079437e-02
4.748594839680867451e-03
9.909133386381721415e-17
9.909133386381721415e-17
9.909133386381721415e-17
0.000000000000000000e+00
9.909133386381721415e-17
0.000000000000000000e+00
0.000000000000000000e+00
0.000000000000000000e+00
0.000000000000000000e+00
9.909133386381721415e-17
9.909133386381721415e-17
9.909133386381721415e-17
9.909133386381721415e-17
1.981826677276344283e-16
0.000000000000000000e+00
9.909133386381721415e-17
0.000000000000000000e+00
0.000000000000000000e+00
9.909133386381721415e-17
9.909133386381721415e-17
4.748594839680867451e-03
7.940316685456090540e-02
2.639251786445138137e-01
5.601507564885390700e-01
8.088495793644461251e-01
9.511708244406691382e-01
9.952514051603190692e-01
1.000000000000000000e+00
9.999999999999997780e-01
1.000000000000000000e+00
9.999999999999997780e-01
1.000000000000000000e+00
9.999999999999997780e-01
9.999999999999997780e-01
1.000000000000000000e+00
9.999999999999997780e-01
1.000000000000000000e+00
1.000000000000000000e+00
1.000000000000000000e+00
1.000000000000000000e+00
1.000000000000000000e+00
1.000000000000000000e+00
1.000000000000000000e+00
1.000000000000000000e+00
1.000000000000000000e+00
1.000000000000000000e+00
9.999999999999997780e-01
1.000000000000000000e+00
1.000000000000000000e+00
1.000000000000000000e+00
9.999999999999997780e-01
1.000000000000000000e+00
9.999999999999997780e-01
1.000000000000000000e+00
9.152169293821125207e-01
6.782960902790529101e-01
2.751913346661449267e-01
2.380241844422185116e-01
1.305818465135338002e-01
2.638701818871314400e-02
0.000000000000000000e+00
9.909133386381721415e-17
9.909133386381721415e-17
0.000000000000000000e+00
0.000000000000000000e+00
9.909133386381721415e-17
0.000000000000000000e+00
0.000000000000000000e+00
0.000000000000000000e+00
0.000000000000000000e+00
9.909133386381721415e-17
0.000000000000000000e+00
0.000000000000000000e+00
9.909133386381721415e-17
9.909133386381721415e-17
0.000000000000000000e+00
9.909133386381721415e-17
0.000000000000000000e+00
0.000000000000000000e+00
9.909133386381721415e-17
9.909133386381721415e-17
0.000000000000000000e+00
2.638701818871324462e-02
1.305818465135338002e-01
3.402391938277949390e-01
6.163725828984547572e-01
8.027679379106900104e-01
8.907953628060008011e-01
9.152169293821125207e-01
9.152169293821125207e-01
9.152169293821127427e-01
9.152169293821125207e-01
9.152169293821122986e-01
9.152169293821125207e-01
9.152169293821122986e-01
9.152169293821125207e-01
9.152169293821125207e-01
9.152169293821130758e-01
9.152169293821127427e-01
9.152169293821127427e-01
9.152169293821125207e-01
9.152169293821127427e-01
9.152169293821125207e-01
9.152169293821125207e-01
9.152169293821127427e-01
9.152169293821127427e-01
9.152169293821125207e-01
9.152169293821125207e-01
9.152169293821122986e-01
9.152169293821127427e-01
9.152169293821122986e-01
9.152169293821125207e-01
9.152169293821127427e-01
9.152169293821125207e-01
9.152169293821125207e-01
8.256452970162027061e-01
6.025389341798773613e-01
1.134025366161983267e-01
9.999796222274903723e-02
4.882917555933071613e-02
4.748594839680768571e-03
0.000000000000000000e+00
9.909133386381721415e-17
0.000000000000000000e+00
0.000000000000000000e+00
0.000000000000000000e+00
9.909133386381721415e-17
0.000000000000000000e+00
0.000000000000000000e+00
0.000000000000000000e+00
0.000000000000000000e+00
9.909133386381721415e-17
0.000000000000000000e+00
0.000000000000000000e+00
0.000000000000000000e+00
9.909133386381721415e-17
0.000000000000000000e+00
0.000000000000000000e+00
0.000000000000000000e+00
0.000000000000000000e+00
0.000000000000000000e+00
9.909133386381721415e-17
0.000000000000000000e+00
4.748594839680867451e-03
4.882917555933071613e-02
1.644714300654498695e-01
3.402391938277949945e-01
5.295507011316535895e-01
6.394141075828363441e-01
6.782960902790529101e-01
6.782960902790529101e-01
6.782960902790530211e-01
6.782960902790527991e-01
6.782960902790527991e-01
6.782960902790527991e-01
6.782960902790529101e-01
6.782960902790530211e-01
6.782960902790527991e-01
6.782960902790529101e-01
6.782960902790529101e-01
6.782960902790529101e-01
6.782960902790530211e-01
6.782960902790531321e-01
6.782960902790531321e-01
6.782960902790525770e-01
6.782960902790529101e-01
6.782960902790527991e-01
6.782960902790529101e-01
6.782960902790529101e-01
6.782960902790530211e-01
6.782960902790529101e-01
6.782960902790529101e-01
6.782960902790529101e-01
6.782960902790529101e-01
6.782960902790530211e-01
6.782960902790529101e-01
6.025389341798773613e-01
4.284567855732983044e-01
