0.000000000000000000e+00
0.000000000000000000e+00
0.000000000000000000e+00
0.000000000000000000e+00
0.000000000000000000e+00
4.795131920625242926e-03
2.662707795652437953e-02
7.999963026542489253e-02
1.920520761553490552e-01
3.475586157303635626e-01
5.294156548746795643e-01
6.388212143519717001e-01
6.775758054890791415e-01
6.775758054890791415e-01
6.775758054890793636e-01
6.775758054890793636e-01
6.775758054890793636e-01
6.775758054890791415e-01
6.388212143519717001e-01
5.294156548746795643e-01
3.475586157303635626e-01
1.920520761553490552e-01
7.999963026542504518e-02
2.662707795652437953e-02
4.795131920625343540e-03
0.000000000000000000e+00
0.000000000000000000e+00
0.000000000000000000e+00
0.000000000000000000e+00
2.850610273498500186e-02
1.141495910559660876e-01
2.824790409331049967e-01
4.686214555674308446e-01
6.113937819862259593e-01
6.709699744762719353e-01
6.775758054890793636e-01
6.775758054890791415e-01
6.775758054890791415e-01
6.775758054890789195e-01
6.388212143519715891e-01
5.294156548746797863e-01
3.409018833601060727e-01
1.653468862650817328e-01
4.923952342283983291e-02
4.795131920625242926e-03
0.000000000000000000e+00
4.795131920625242926e-03
4.923952342283983291e-02
1.653468862650818161e-01
3.409018833601060727e-01
5.294156548746795643e-01
6.388212143519715891e-01
6.775758054890791415e-01
6.775758054890791415e-01
6.775758054890793636e-01
6.775758054890793636e-01
6.709699744762719353e-01
6.113937819862259593e-01
4.686214555674308446e-01
2.824790409331049967e-01
1.141495910559658794e-01
0.000000000000000000e+00
0.000000000000000000e+00
0.000000000000000000e+00
0.000000000000000000e+00
4.795131920625142312e-03
4.923952342283978434e-02
1.313844266462092791e-01
2.647804532363107199e-01
4.401213221690357669e-01
6.524413842696362709e-01
8.018638444718094727e-01
8.900639037403770271e-01
9.145928432137996333e-01
9.145928432137996333e-01
9.145928432137996333e-01
9.145928432137996333e-01
9.145928432137996333e-01
9.145928432137998554e-01
8.900639037403770271e-01
8.018638444718094727e-01
6.524413842696361598e-01
4.401213221690357669e-01
2.647804532363107755e-01
1.313844266462093902e-01
4.923952342283983291e-02
4.795131920625343540e-03
0.000000000000000000e+00
0.000000000000000000e+00
0.000000000000000000e+00
2.165551968762048987e-02
1.006923301843253848e-01
2.671872026647190701e-01
5.154436978558825100e-01
7.312218214718470000e-01
8.590475181220770251e-01
9.091478145843530090e-01
9.145928432137995223e-01
9.145928432137995223e-01
9.145928432137996333e-01
8.900639037403766940e-01
8.018638444718092506e-01
6.226063927861353875e-01
3.706668941863375810e-01
1.653468862650818161e-01
4.923952342283983291e-02
9.630011687850678279e-03
4.923952342283983291e-02
1.653468862650817606e-01
3.706668941863376365e-01
6.226063927861353875e-01
8.018638444718092506e-01
8.900639037403768050e-01
9.145928432137996333e-01
9.145928432137996333e-01
9.145928432137995223e-01
9.091478145843532310e-01
8.590475181220770251e-01
7.312218214718470000e-01
5.154436978558825100e-01
2.671872026647190701e-01
1.006923301843253848e-01
0.000000000000000000e+00
0.000000000000000000e+00
4.795131920625242926e-03
2.662707795652427892e-02
7.999963026542489253e-02
1.920520761553488887e-01
3.475586157303635071e-01
5.598786778309637890e-01
7.352195467636891690e-01
8.686155733537906931e-01
9.507604765771600075e-01
9.952048680793748048e-01
9.999999999999995559e-01
9.999999999999995559e-01
1.000000000000000000e+00
1.000000000000000000e+00
1.000000000000000000e+00
9.999999999999995559e-01
9.952048680793748048e-01
9.507604765771600075e-01
8.686155733537904711e-01
7.352195467636893911e-01
5.598786778309642331e-01
3.475586157303635626e-01
1.920520761553490552e-01
7.999963026542504518e-02
2.662707795652427892e-02
4.795131920625142312e-03
0.000000000000000000e+00
4.795131920625343540e-03
4.923952342283993006e-02
1.653468862650818161e-01
3.773936072138643905e-01
6.590981166398939273e-01
8.686155733537905821e-01
9.733729220434754748e-01
1.000000000000000000e+00
1.000000000000000000e+00
9.999999999999995559e-01
9.952048680793743607e-01
9.507604765771601185e-01
8.346531137349180174e-01
6.226063927861353875e-01
3.409018833601061838e-01
1.313844266462092791e-01
5.442435111588780905e-02
1.313844266462092791e-01
3.409018833601061838e-01
6.226063927861357206e-01
8.346531137349180174e-01
9.507604765771601185e-01
9.952048680793743607e-01
1.000000000000000000e+00
1.000000000000000000e+00
1.000000000000000000e+00
9.733729220434754748e-01
8.686155733537906931e-01
6.590981166398939273e-01
3.773936072138643349e-01
1.653468862650814275e-01
4.923952342283978434e-02
0.000000000000000000e+00
0.000000000000000000e+00
2.662707795652427892e-02
9.861617493833234327e-02
2.365509978181331019e-01
4.332957326979748891e-01
6.524413842696361598e-01
8.079479238446509726e-01
9.200003697345752185e-01
9.733729220434754748e-01
9.952048680793748048e-01
1.000000000000000000e+00
9.999999999999995559e-01
1.000000000000000000e+00
9.999999999999995559e-01
1.000000000000000000e+00
1.000000000000000000e+00
9.999999999999995559e-01
9.999999999999995559e-01
9.952048680793748048e-01
9.733729220434754748e-01
9.200003697345751075e-01
8.079479238446510836e-01
6.524413842696362709e-01
4.332957326979750001e-01
2.365509978181332962e-01
9.861617493833228776e-02
2.662707795652437953e-02
0.000000000000000000e+00
0.000000000000000000e+00
4.795131920625242926e-03
4.923952342283963168e-02
1.920520761553490552e-01
4.401213221690360444e-01
7.352195467636889470e-01
9.200003697345754405e-01
9.952048680793745827e-01
1.000000000000000000e+00
9.999999999999995559e-01
1.000000000000000000e+00
9.952048680793748048e-01
9.455756488841122742e-01
7.744084656085227225e-01
4.894492000886671024e-01
2.004311537412646893e-01
1.064539791862878226e-01
2.004311537412646893e-01
4.894492000886671024e-01
7.744084656085227225e-01
9.455756488841120522e-01
9.952048680793748048e-01
1.000000000000000000e+00
1.000000000000000000e+00
1.000000000000000000e+00
9.952048680793748048e-01
9.200003697345754405e-01
7.352195467636891690e-01
4.401213221690359334e-01
1.920520761553490552e-01
4.923952342283978434e-02
4.795131920625242926e-03
0.000000000000000000e+00
4.795131920625343540e-03
7.999963026542489253e-02
2.365509978181332407e-01
4.897119242587367194e-01
7.064930820684998114e-01
8.686155733537904711e-01
9.507604765771601185e-01
9.952048680793748048e-01
1.000000000000000000e+00
9.999999999999995559e-01
1.000000000000000000e+00
1.000000000000000000e+00
1.000000000000000000e+00
1.000000000000000000e+00
1.000000000000000000e+00
1.000000000000000000e+00
1.000000000000000000e+00
1.000000000000000000e+00
9.999999999999995559e-01
9.999999999999995559e-01
9.952048680793743607e-01
9.507604765771601185e-01
8.686155733537906931e-01
7.064930820685001445e-01
4.897119242587370525e-01
2.365509978181332962e-01
7.999963026542489253e-02
4.795131920625242926e-03
0.000000000000000000e+00
1.007130866517849043e-16
4.795131920625343540e-03
7.999963026542473987e-02
2.647804532363107755e-01
5.598786778309637890e-01
8.079479238446509726e-01
9.507604765771601185e-01
9.952048680793743607e-01
1.000000000000000000e+00
9.999999999999995559e-01
1.000000000000000000e+00
9.683619775150876796e-01
8.102269279403039315e-01
5.199853892105127384e-01
2.065573417203658835e-01
1.064539791862878226e-01
2.065573417203658835e-01
5.199853892105127384e-01
8.102269279403039315e-01
9.683619775150876796e-01
1.000000000000000000e+00
9.999999999999995559e-01
1.000000000000000000e+00
9.952048680793743607e-01
9.507604765771603406e-01
8.079479238446507505e-01
5.598786778309641221e-01
2.647804532363107755e-01
7.999963026542489253e-02
4.795131920625242926e-03
0.000000000000000000e+00
4.795131920625343540e-03
4.923952342283968026e-02
1.920520761553491940e-01
4.332957326979748891e-01
7.064930820685001445e-01
8.879597172043410813e-01
9.733729220434756968e-01
9.952048680793748048e-01
1.000000000000000000e+00
1.000000000000000000e+00
1.000000000000000000e+00
1.000000000000000000e+00
9.999999999999995559e-01
1.000000000000000000e+00
1.000000000000000000e+00
1.000000000000000000e+00
1.000000000000000000e+00
1.000000000000000000e+00
1.000000000000000000e+00
1.000000000000000000e+00
9.999999999999995559e-01
1.000000000000000000e+00
9.952048680793748048e-01
9.733729220434756968e-01
8.879597172043411923e-01
7.064930820685002555e-01
4.332957326979747781e-01
1.920520761553491940e-01
4.923952342283983291e-02
4.795131920625242926e-03
0.000000000000000000e+00
1.007130866517849043e-16
2.662707795652427892e-02
1.313844266462091681e-01
3.409018833601062393e-01
6.226063927861357206e-01
8.346531137349180174e-01
9.507604765771601185e-01
9.952048680793748048e-01
9.999999999999995559e-01
9.952048680793748048e-01
9.200003697345751075e-01
7.288092554973696346e-01
4.097933396213096491e-01
1.572253656163562219e-01
5.442435111588771190e-02
1.572253656163562219e-01
4.097933396213096491e-01
7.288092554973699677e-01
9.200003697345751075e-01
9.952048680793748048e-01
1.000000000000000000e+00
9.952048680793748048e-01
9.507604765771601185e-01
8.346531137349180174e-01
6.226063927861357206e-01
3.409018833601062393e-01
1.313844266462094179e-01
2.662707795652427892e-02
0.000000000000000000e+00
0.000000000000000000e+00
2.662707795652437953e-02
1.313844266462093902e-01
3.475586157303635626e-01
6.524413842696362709e-01
8.686155733537906931e-01
9.733729220434754748e-01
1.000000000000000000e+00
1.000000000000000000e+00
1.000000000000000000e+00
1.000000000000000000e+00
9.999999999999995559e-01
1.000000000000000000e+00
1.000000000000000000e+00
1.000000000000000000e+00
1.000000000000000000e+00
1.000000000000000000e+00
1.000000000000000000e+00
1.000000000000000000e+00
1.000000000000000000e+00
9.999999999999995559e-01
9.999999999999995559e-01
1.000000000000000000e+00
1.000000000000000000e+00
1.000000000000000000e+00
9.733729220434756968e-01
8.686155733537909152e-01
6.524413842696362709e-01
3.475586157303635626e-01
1.313844266462092791e-01
2.662707795652448015e-02
1.007130866517849043e-16
0.000000000000000000e+00
4.795131920625142312e-03
4.923952342283993006e-02
1.653468862650817328e-01
3.773936072138646125e-01
6.590981166398939273e-01
8.686155733537904711e-01
9.733729220434753637e-01
9.952048680793748048e-01
9.507604765771601185e-01
8.079479238446510836e-01
5.598786778309636780e-01
2.647804532363106644e-01
7.999963026542489253e-02
9.630011687850577665e-03
7.999963026542489253e-02
2.647804532363106644e-01
5.598786778309639001e-01
8.079479238446507505e-01
9.507604765771600075e-01
9.952048680793748048e-01
9.733729220434756968e-01
8.686155733537904711e-01
6.590981166398939273e-01
3.773936072138646125e-01
1.653468862650817606e-01
4.923952342283978434e-02
4.795131920625242926e-03
0.000000000000000000e+00
0.000000000000000000e+00
7.999963026542504518e-02
2.647804532363107199e-01
5.598786778309642331e-01
8.079479238446510836e-01
9.507604765771600075e-01
9.952048680793748048e-01
9.999999999999995559e-01
1.000000000000000000e+00
9.999999999999995559e-01
1.000000000000000000e+00
9.999999999999995559e-01
1.000000000000000000e+00
1.000000000000000000e+00
1.000000000000000000e+00
1.000000000000000000e+00
1.000000000000000000e+00
1.000000000000000000e+00
1.000000000000000000e+00
9.999999999999995559e-01
9.999999999999995559e-01
9.999999999999995559e-01
1.000000000000000000e+00
1.000000000000000000e+00
9.999999999999995559e-01
9.952048680793748048e-01
9.507604765771601185e-01
8.079479238446509726e-01
5.598786778309641221e-01
2.647804532363106644e-01
7.999963026542458722e-02
4.795131920625343540e-03
0.000000000000000000e+00
0.000000000000000000e+00
4.795131920625242926e-03
4.923952342283978434e-02
1.920520761553488054e-01
4.401213221690359889e-01
7.352195467636891690e-01
9.145928432137996333e-01
9.455756488841122742e-01
8.346531137349183505e-01
6.226063927861357206e-01
3.409018833601060727e-01
1.313844266462092791e-01
2.662707795652437953e-02
0.000000000000000000e+00
2.662707795652437953e-02
1.313844266462092791e-01
3.409018833601060172e-01
6.226063927861357206e-01
8.346531137349183505e-01
9.455756488841120522e-01
9.145928432137996333e-01
7.352195467636895021e-01
4.401213221690359889e-01
1.920520761553488887e-01
4.923952342283983291e-02
4.795131920625142312e-03
1.007130866517849043e-16
1.007130866517849043e-16
0.000000000000000000e+00
1.920520761553489997e-01
4.401213221690363775e-01
7.352195467636893911e-01
9.200003697345752185e-01
9.952048680793748048e-01
1.000000000000000000e+00
1.000000000000000000e+00
1.000000000000000000e+00
1.000000000000000000e+00
1.000000000000000000e+00
1.000000000000000000e+00
1.000000000000000000e+00
1.000000000000000000e+00
1.000000000000000000e+00
1.000000000000000000e+00
1.000000000000000000e+00
1.000000000000000000e+00
1.000000000000000000e+00
1.000000000000000000e+00
1.000000000000000000e+00
9.999999999999995559e-01
1.000000000000000000e+00
1.000000000000000000e+00
9.999999999999995559e-01
1.000000000000000000e+00
9.952048680793748048e-01
9.200003697345751075e-01
7.352195467636891690e-01
4.401213221690357114e-01
1.920520761553485001e-01
4.923952342283993006e-02
4.795131920625242926e-03
0.000000000000000000e+00
0.000000000000000000e+00
4.795131920625142312e-03
7.999963026542498967e-02
2.711907445026299213e-01
5.902066603786901844e-01
8.102269279403040425e-01
8.368782156205709644e-01
6.590981166398939273e-01
3.773936072138642239e-01
1.653468862650817328e-01
4.923952342283983291e-02
4.795131920625242926e-03
0.000000000000000000e+00
4.795131920625242926e-03
4.923952342283978434e-02
1.653468862650817606e-01
3.773936072138643349e-01
6.590981166398939273e-01
8.368782156205708533e-01
8.102269279403044866e-01
5.902066603786902954e-01
2.711907445026300878e-01
7.999963026542498967e-02
4.795131920625142312e-03
0.000000000000000000e+00
0.000000000000000000e+00
0.000000000000000000e+00
0.000000000000000000e+00
3.475586157303637291e-01
6.524413842696366039e-01
8.686155733537908041e-01
9.733729220434756968e-01
9.999999999999995559e-01
9.999999999999995559e-01
1.000000000000000000e+00
1.000000000000000000e+00
1.000000000000000000e+00
1.000000000000000000e+00
1.000000000000000000e+00
1.000000000000000000e+00
9.999999999999995559e-01
9.999999999999995559e-01
9.999999999999995559e-01
9.999999999999995559e-01
9.999999999999995559e-01
9.999999999999995559e-01
1.000000000000000000e+00
1.000000000000000000e+00
9.999999999999995559e-01
1.000000000000000000e+00
1.000000000000000000e+00
1.000000000000000000e+00
1.000000000000000000e+00
1.000000000000000000e+00
9.733729220434754748e-01
8.686155733537905821e-01
6.524413842696361598e-01
3.475586157303635626e-01
1.313844266462094179e-01
2.662707795652417830e-02
0.000000000000000000e+00
0.000000000000000000e+00
0.000000000000000000e+00
2.662707795652427892e-02
1.631217843794290911e-01
4.401213221690359889e-01
6.934419349075947592e-01
6.999783853504373266e-01
4.705843451253206577e-01
1.981361555281906661e-01
4.923952342283978434e-02
4.795131920625343540e-03
0.000000000000000000e+00
0.000000000000000000e+00
0.000000000000000000e+00
4.795131920625242926e-03
4.923952342283978434e-02
1.981361555281907216e-01
4.705843451253204912e-01
6.999783853504371045e-01
6.934419349075947592e-01
4.401213221690359334e-01
1.631217843794289801e-01
2.662707795652437953e-02
0.000000000000000000e+00
0.000000000000000000e+00
0.000000000000000000e+00
0.000000000000000000e+00
0.000000000000000000e+00
5.294156548746795643e-01
8.018638444718092506e-01
9.507604765771601185e-01
9.952048680793749158e-01
9.999999999999995559e-01
9.999999999999995559e-01
1.000000000000000000e+00
1.000000000000000000e+00
1.000000000000000000e+00
9.999999999999995559e-01
1.000000000000000000e+00
1.000000000000000000e+00
1.000000000000000000e+00
1.000000000000000000e+00
1.000000000000000000e+00
1.000000000000000000e+00
1.000000000000000000e+00
1.000000000000000000e+00
1.000000000000000000e+00
1.000000000000000000e+00
1.000000000000000000e+00
1.000000000000000000e+00
1.000000000000000000e+00
1.000000000000000000e+00
1.000000000000000000e+00
1.000000000000000000e+00
9.952048680793748048e-01
9.507604765771601185e-01
8.018638444718092506e-01
5.294156548746795643e-01
2.279359503378724505e-01
5.638335900603252959e-02
0.000000000000000000e+00
0.000000000000000000e+00
0.000000000000000000e+00
4.795131920625142312e-03
1.099360962596230284e-01
3.611787856480282444e-01
6.020871858201162219e-01
6.020871858201162219e-01
3.611787856480285219e-01
1.099360962596228758e-01
4.795131920625242926e-03
0.000000000000000000e+00
0.000000000000000000e+00
1.007130866517849043e-16
0.000000000000000000e+00
0.000000000000000000e+00
4.795131920625343540e-03
1.099360962596230284e-01
3.611787856480284664e-01
6.020871858201157778e-01
6.020871858201163329e-01
3.611787856480284109e-01
1.099360962596230284e-01
4.795131920625343540e-03
0.000000000000000000e+00
0.000000000000000000e+00
0.000000000000000000e+00
0.000000000000000000e+00
0.000000000000000000e+00
6.388212143519717001e-01
8.900639037403770271e-01
9.952048680793748048e-01
1.000000000000000000e+00
1.000000000000000000e+00
1.000000000000000000e+00
1.000000000000000000e+00
1.000000000000000000e+00
1.000000000000000000e+00
1.000000000000000000e+00
1.000000000000000000e+00
1.000000000000000000e+00
1.000000000000000000e+00
9.999999999999995559e-01
1.000000000000000000e+00
1.000000000000000000e+00
1.000000000000000000e+00
1.000000000000000000e+00
1.000000000000000000e+00
1.000000000000000000e+00
1.000000000000000000e+00
1.000000000000000000e+00
1.000000000000000000e+00
1.000000000000000000e+00
1.000000000000000000e+00
1.000000000000000000e+00
1.000000000000000000e+00
9.952048680793745827e-01
8.900639037403772491e-01
6.388212143519717001e-01
2.932577905068154411e-01
7.999963026542473987e-02
0.000000000000000000e+00
0.000000000000000000e+00
0.000000000000000000e+00
0.000000000000000000e+00
8.540715678620022788e-02
3.224241945109205809e-01
5.650109021980307400e-01
5.650109021980306290e-01
3.224241945109206364e-01
8.540715678620022788e-02
0.000000000000000000e+00
0.000000000000000000e+00
0.000000000000000000e+00
1.007130866517849043e-16
0.000000000000000000e+00
0.000000000000000000e+00
0.000000000000000000e+00
8.540715678620038054e-02
3.224241945109205809e-01
5.650109021980302959e-01
5.650109021980308510e-01
3.224241945109206919e-01
8.540715678620032503e-02
0.000000000000000000e+00
0.000000000000000000e+00
0.000000000000000000e+00
0.000000000000000000e+00
0.000000000000000000e+00
0.000000000000000000e+00
6.775758054890791415e-01
9.145928432137996333e-01
1.000000000000000000e+00
1.000000000000000000e+00
1.000000000000000000e+00
1.000000000000000000e+00
1.000000000000000000e+00
1.000000000000000000e+00
1.000000000000000000e+00
1.000000000000000000e+00
1.000000000000000000e+00
1.000000000000000000e+00
1.000000000000000000e+00
1.000000000000000000e+00
1.000000000000000000e+00
1.000000000000000000e+00
1.000000000000000000e+00
1.000000000000000000e+00
1.000000000000000000e+00
1.000000000000000000e+00
1.000000000000000000e+00
1.000000000000000000e+00
1.000000000000000000e+00
1.000000000000000000e+00
1.000000000000000000e+00
1.000000000000000000e+00
1.000000000000000000e+00
1.000000000000000000e+00
9.145928432137996333e-01
6.775758054890791415e-01
3.224241945109206919e-01
8.540715678620022788e-02
0.000000000000000000e+00
0.000000000000000000e+00
0.000000000000000000e+00
0.000000000000000000e+00
8.540715678620032503e-02
3.224241945109205809e-01
5.650109021980306290e-01
5.650109021980306290e-01
3.224241945109209140e-01
8.540715678620022788e-02
0.000000000000000000e+00
0.000000000000000000e+00
0.000000000000000000e+00
0.000000000000000000e+00
0.000000000000000000e+00
0.000000000000000000e+00
1.007130866517849043e-16
8.540715678620038054e-02
3.224241945109206364e-01
5.650109021980302959e-01
5.650109021980306290e-01
3.224241945109205809e-01
8.540715678620022788e-02
0.000000000000000000e+00
0.000000000000000000e+00
0.000000000000000000e+00
0.000000000000000000e+00
0.000000000000000000e+00
0.000000000000000000e+00
6.775758054890791415e-01
9.145928432137996333e-01
1.000000000000000000e+00
1.000000000000000000e+00
1.000000000000000000e+00
9.999999999999995559e-01
1.000000000000000000e+00
1.000000000000000000e+00
1.000000000000000000e+00
1.000000000000000000e+00
1.000000000000000000e+00
1.000000000000000000e+00
1.000000000000000000e+00
1.000000000000000000e+00
1.000000000000000000e+00
1.000000000000000000e+00
1.000000000000000000e+00
1.000000000000000000e+00
1.000000000000000000e+00
1.000000000000000000e+00
1.000000000000000000e+00
1.000000000000000000e+00
1.000000000000000000e+00
9.999999999999995559e-01
1.000000000000000000e+00
1.000000000000000000e+00
9.999999999999995559e-01
9.999999999999995559e-01
9.145928432137993003e-01
6.775758054890789195e-01
3.224241945109205809e-01
8.540715678620022788e-02
0.000000000000000000e+00
0.000000000000000000e+00
0.000000000000000000e+00
0.000000000000000000e+00
8.540715678620032503e-02
3.224241945109205809e-01
5.650109021980305180e-01
5.650109021980307400e-01
3.224241945109206919e-01
8.540715678620022788e-02
0.000000000000000000e+00
0.000000000000000000e+00
0.000000000000000000e+00
0.000000000000000000e+00
0.000000000000000000e+00
0.000000000000000000e+00
0.000000000000000000e+00
8.540715678620038054e-02
3.224241945109206364e-01
5.650109021980302959e-01
5.650109021980306290e-01
3.224241945109205809e-01
8.540715678620032503e-02
1.007130866517849043e-16
0.000000000000000000e+00
0.000000000000000000e+00
0.000000000000000000e+00
0.000000000000000000e+00
0.000000000000000000e+00
6.775758054890791415e-01
9.145928432137996333e-01
1.000000000000000000e+00
1.000000000000000000e+00
1.000000000000000000e+00
1.000000000000000000e+00
1.000000000000000000e+00
9.999999999999995559e-01
1.000000000000000000e+00
1.000000000000000000e+00
1.000000000000000000e+00
1.000000000000000000e+00
1.000000000000000000e+00
1.000000000000000000e+00
1.000000000000000000e+00
1.000000000000000000e+00
1.000000000000000000e+00
1.000000000000000000e+00
1.000000000000000000e+00
1.000000000000000000e+00
9.999999999999995559e-01
1.000000000000000000e+00
1.000000000000000000e+00
1.000000000000000000e+00
1.000000000000000000e+00
1.000000000000000000e+00
1.000000000000000000e+00
9.999999999999995559e-01
9.145928432137995223e-01
6.775758054890791415e-01
3.224241945109205809e-01
8.540715678620038054e-02
0.000000000000000000e+00
0.000000000000000000e+00
0.000000000000000000e+00
0.000000000000000000e+00
8.540715678620032503e-02
3.224241945109205809e-01
5.650109021980306290e-01
5.650109021980302959e-01
3.224241945109208030e-01
8.540715678620022788e-02
0.000000000000000000e+00
0.000000000000000000e+00
0.000000000000000000e+00
0.000000000000000000e+00
0.000000000000000000e+00
0.000000000000000000e+00
0.000000000000000000e+00
8.540715678620032503e-02
3.224241945109205809e-01
5.650109021980302959e-01
5.650109021980306290e-01
3.224241945109205809e-01
8.540715678620032503e-02
1.007130866517849043e-16
0.000000000000000000e+00
0.000000000000000000e+00
0.000000000000000000e+00
0.000000000000000000e+00
0.000000000000000000e+00
6.775758054890791415e-01
9.145928432137995223e-01
1.000000000000000000e+00
1.000000000000000000e+00
1.000000000000000000e+00
1.000000000000000000e+00
1.000000000000000000e+00
1.000000000000000000e+00
1.000000000000000000e+00
1.000000000000000000e+00
1.000000000000000000e+00
1.000000000000000000e+00
1.000000000000000000e+00
1.000000000000000000e+00
1.000000000000000000e+00
1.000000000000000000e+00
1.000000000000000000e+00
1.000000000000000000e+00
1.000000000000000000e+00
1.000000000000000000e+00
1.000000000000000000e+00
1.000000000000000000e+00
1.000000000000000000e+00
1.000000000000000000e+00
1.000000000000000000e+00
1.000000000000000000e+00
9.999999999999995559e-01
1.000000000000000000e+00
9.145928432137995223e-01
6.775758054890791415e-01
3.224241945109205254e-01
8.540715678620032503e-02
0.000000000000000000e+00
0.000000000000000000e+00
0.000000000000000000e+00
0.000000000000000000e+00
8.540715678620032503e-02
3.224241945109205809e-01
5.650109021980307400e-01
5.650109021980306290e-01
3.224241945109209140e-01
8.540715678620022788e-02
0.000000000000000000e+00
0.000000000000000000e+00
0.000000000000000000e+00
0.000000000000000000e+00
0.000000000000000000e+00
0.000000000000000000e+00
0.000000000000000000e+00
8.540715678620038054e-02
3.224241945109206919e-01
5.650109021980302959e-01
5.650109021980306290e-01
3.224241945109206919e-01
8.540715678620022788e-02
0.000000000000000000e+00
0.000000000000000000e+00
0.000000000000000000e+00
0.000000000000000000e+00
0.000000000000000000e+00
0.000000000000000000e+00
6.775758054890791415e-01
9.145928432137996333e-01
9.999999999999995559e-01
1.000000000000000000e+00
1.000000000000000000e+00
1.000000000000000000e+00
1.000000000000000000e+00
9.999999999999995559e-01
1.000000000000000000e+00
9.999999999999995559e-01
1.000000000000000000e+00
1.000000000000000000e+00
9.999999999999995559e-01
1.000000000000000000e+00
9.999999999999995559e-01
1.000000000000000000e+00
1.000000000000000000e+00
9.999999999999995559e-01
9.999999999999995559e-01
1.000000000000000000e+00
9.999999999999995559e-01
1.000000000000000000e+00
1.000000000000000000e+00
1.000000000000000000e+00
1.000000000000000000e+00
1.000000000000000000e+00
1.000000000000000000e+00
9.999999999999995559e-01
9.145928432137995223e-01
6.775758054890791415e-01
3.224241945109205809e-01
8.540715678620022788e-02
0.000000000000000000e+00
0.000000000000000000e+00
0.000000000000000000e+00
0.000000000000000000e+00
8.540715678620032503e-02
3.224241945109206919e-01
5.650109021980302959e-01
5.650109021980305180e-01
3.224241945109208030e-01
8.540715678620022788e-02
0.000000000000000000e+00
0.000000000000000000e+00
0.000000000000000000e+00
0.000000000000000000e+00
0.000000000000000000e+00
0.000000000000000000e+00
0.000000000000000000e+00
8.540715678620038054e-02
3.224241945109206364e-01
5.650109021980301849e-01
5.650109021980306290e-01
3.224241945109208030e-01
8.540715678620022788e-02
1.007130866517849043e-16
0.000000000000000000e+00
0.000000000000000000e+00
0.000000000000000000e+00
0.000000000000000000e+00
0.000000000000000000e+00
6.775758054890791415e-01
9.145928432137996333e-01
1.000000000000000000e+00
1.000000000000000000e+00
1.000000000000000000e+00
1.000000000000000000e+00
1.000000000000000000e+00
1.000000000000000000e+00
1.000000000000000000e+00
1.000000000000000000e+00
9.999999999999995559e-01
9.999999999999995559e-01
1.000000000000000000e+00
1.000000000000000000e+00
1.000000000000000000e+00
1.000000000000000000e+00
1.000000000000000000e+00
1.000000000000000000e+00
9.999999999999995559e-01
1.000000000000000000e+00
1.000000000000000000e+00
9.999999999999995559e-01
1.000000000000000000e+00
9.999999999999995559e-01
1.000000000000000000e+00
1.000000000000000000e+00
1.000000000000000000e+00
1.000000000000000000e+00
9.145928432137995223e-01
6.775758054890793636e-01
3.224241945109205809e-01
8.540715678620032503e-02
0.000000000000000000e+00
0.000000000000000000e+00
1.007130866517849043e-16
0.000000000000000000e+00
8.540715678620032503e-02
3.224241945109206364e-01
5.650109021980306290e-01
5.650109021980302959e-01
3.224241945109206919e-01
8.540715678620022788e-02
0.000000000000000000e+00
0.000000000000000000e+00
0.000000000000000000e+00
0.000000000000000000e+00
0.000000000000000000e+00
0.000000000000000000e+00
0.000000000000000000e+00
8.540715678620042217e-02
3.224241945109206364e-01
5.650109021980300739e-01
5.650109021980305180e-01
3.224241945109208030e-01
8.540715678620022788e-02
1.007130866517849043e-16
0.000000000000000000e+00
0.000000000000000000e+00
0.000000000000000000e+00
0.000000000000000000e+00
0.000000000000000000e+00
6.388212143519712560e-01
8.900639037403772491e-01
9.952048680793748048e-01
1.000000000000000000e+00
1.000000000000000000e+00
1.000000000000000000e+00
9.999999999999995559e-01
1.000000000000000000e+00
1.000000000000000000e+00
9.999999999999995559e-01
1.000000000000000000e+00
1.000000000000000000e+00
1.000000000000000000e+00
1.000000000000000000e+00
1.000000000000000000e+00
1.000000000000000000e+00
1.000000000000000000e+00
9.999999999999995559e-01
1.000000000000000000e+00
1.000000000000000000e+00
9.999999999999995559e-01
9.999999999999995559e-01
1.000000000000000000e+00
1.000000000000000000e+00
9.999999999999995559e-01
1.000000000000000000e+00
1.000000000000000000e+00
9.952048680793745827e-01
8.900639037403764720e-01
6.388212143519715891e-01
2.932577905068154411e-01
7.999963026542489253e-02
0.000000000000000000e+00
0.000000000000000000e+00
1.007130866517849043e-16
1.007130866517849043e-16
8.540715678620038054e-02
3.224241945109205809e-01
5.650109021980307400e-01
5.650109021980302959e-01
3.224241945109206919e-01
8.540715678620022788e-02
0.000000000000000000e+00
0.000000000000000000e+00
0.000000000000000000e+00
0.000000000000000000e+00
0.000000000000000000e+00
0.000000000000000000e+00
0.000000000000000000e+00
8.540715678620038054e-02
3.224241945109206919e-01
5.650109021980301849e-01
5.650109021980306290e-01
3.224241945109206919e-01
8.540715678620038054e-02
1.007130866517849043e-16
0.000000000000000000e+00
0.000000000000000000e+00
0.000000000000000000e+00
0.000000000000000000e+00
0.000000000000000000e+00
5.294156548746793423e-01
8.018638444718094727e-01
9.507604765771600075e-01
9.952048680793748048e-01
1.000000000000000000e+00
9.999999999999995559e-01
9.999999999999995559e-01
1.000000000000000000e+00
1.000000000000000000e+00
9.999999999999995559e-01
9.999999999999995559e-01
1.000000000000000000e+00
9.999999999999995559e-01
1.000000000000000000e+00
1.000000000000000000e+00
1.000000000000000000e+00
1.000000000000000000e+00
1.000000000000000000e+00
1.000000000000000000e+00
9.999999999999995559e-01
9.999999999999995559e-01
9.999999999999995559e-01
1.000000000000000000e+00
1.000000000000000000e+00
9.999999999999995559e-01
1.000000000000000000e+00
9.952048680793748048e-01
9.507604765771601185e-01
8.018638444718092506e-01
5.294156548746794533e-01
2.279359503378726171e-01
5.638335900603283490e-02
0.000000000000000000e+00
0.000000000000000000e+00
0.000000000000000000e+00
4.795131920625242926e-03
1.099360962596230284e-01
3.611787856480284664e-01
6.020871858201162219e-01
6.020871858201163329e-01
3.611787856480285219e-01
1.099360962596230284e-01
4.795131920625242926e-03
0.000000000000000000e+00
0.000000000000000000e+00
1.007130866517849043e-16
0.000000000000000000e+00
0.000000000000000000e+00
4.795131920625242926e-03
1.099360962596232227e-01
3.611787856480285219e-01
6.020871858201159998e-01
6.020871858201163329e-01
3.611787856480285219e-01
1.099360962596229729e-01
4.795131920625343540e-03
0.000000000000000000e+00
0.000000000000000000e+00
0.000000000000000000e+00
0.000000000000000000e+00
0.000000000000000000e+00
3.475586157303635071e-01
6.524413842696361598e-01
8.686155733537903600e-01
9.733729220434756968e-01
1.000000000000000000e+00
9.999999999999995559e-01
9.999999999999995559e-01
9.999999999999995559e-01
9.999999999999995559e-01
9.999999999999995559e-01
9.999999999999995559e-01
1.000000000000000000e+00
1.000000000000000000e+00
1.000000000000000000e+00
1.000000000000000000e+00
1.000000000000000000e+00
1.000000000000000000e+00
1.000000000000000000e+00
1.000000000000000000e+00
1.000000000000000000e+00
1.000000000000000000e+00
9.999999999999995559e-01
9.999999999999995559e-01
1.000000000000000000e+00
9.999999999999995559e-01
1.000000000000000000e+00
9.733729220434756968e-01
8.686155733537903600e-01
6.524413842696360488e-01
3.475586157303635071e-01
1.313844266462090848e-01
2.662707795652437953e-02
0.000000000000000000e+00
0.000000000000000000e+00
0.000000000000000000e+00
2.662707795652437953e-02
1.631217843794289801e-01
4.401213221690357669e-01
6.934419349075947592e-01
6.999783853504372155e-01
4.705843451253206022e-01
1.981361555281906661e-01
4.923952342283978434e-02
4.795131920625242926e-03
0.000000000000000000e+00
0.000000000000000000e+00
0.000000000000000000e+00
4.795131920625242926e-03
4.923952342283978434e-02
1.981361555281906661e-01
4.705843451253204912e-01
6.999783853504374376e-01
6.934419349075949812e-01
4.401213221690358779e-01
1.631217843794288969e-01
2.662707795652437953e-02
0.000000000000000000e+00
0.000000000000000000e+00
0.000000000000000000e+00
0.000000000000000000e+00
0.000000000000000000e+00
1.920520761553490552e-01
4.401213221690359334e-01
7.352195467636889470e-01
9.200003697345754405e-01
9.952048680793748048e-01
9.999999999999995559e-01
9.999999999999995559e-01
9.999999999999995559e-01
1.000000000000000000e+00
9.999999999999995559e-01
1.000000000000000000e+00
1.000000000000000000e+00
1.000000000000000000e+00
1.000000000000000000e+00
1.000000000000000000e+00
1.000000000000000000e+00
1.000000000000000000e+00
1.000000000000000000e+00
9.999999999999995559e-01
1.000000000000000000e+00
9.999999999999995559e-01
1.000000000000000000e+00
9.999999999999995559e-01
1.000000000000000000e+00
9.999999999999995559e-01
9.952048680793748048e-01
9.200003697345752185e-01
7.352195467636889470e-01
4.401213221690354893e-01
1.920520761553489997e-01
4.923952342283978434e-02
4.795131920625242926e-03
0.000000000000000000e+00
0.000000000000000000e+00
4.795131920625343540e-03
7.999963026542489253e-02
2.711907445026299768e-01
5.902066603786902954e-01
8.102269279403040425e-01
8.368782156205708533e-01
6.590981166398935942e-01
3.773936072138642239e-01
1.653468862650816218e-01
4.923952342283978434e-02
4.795131920625242926e-03
0.000000000000000000e+00
4.795131920625343540e-03
4.923952342283978434e-02
1.653468862650817328e-01
3.773936072138643349e-01
6.590981166398937052e-01
8.368782156205708533e-01
8.102269279403042646e-01
5.902066603786902954e-01
2.711907445026300323e-01
7.999963026542489253e-02
4.795131920625142312e-03
0.000000000000000000e+00
0.000000000000000000e+00
0.000000000000000000e+00
0.000000000000000000e+00
7.999963026542489253e-02
2.647804532363106644e-01
5.598786778309636780e-01
8.079479238446511946e-01
9.507604765771600075e-01
9.952048680793745827e-01
1.000000000000000000e+00
1.000000000000000000e+00
9.999999999999995559e-01
9.999999999999995559e-01
1.000000000000000000e+00
1.000000000000000000e+00
9.999999999999995559e-01
9.999999999999995559e-01
9.999999999999995559e-01
9.999999999999995559e-01
1.000000000000000000e+00
9.999999999999995559e-01
9.999999999999995559e-01
1.000000000000000000e+00
9.999999999999995559e-01
9.999999999999995559e-01
1.000000000000000000e+00
1.000000000000000000e+00
9.952048680793748048e-01
9.507604765771601185e-01
8.079479238446509726e-01
5.598786778309636780e-01
2.647804532363105534e-01
7.999963026542489253e-02
4.795131920625142312e-03
0.000000000000000000e+00
0.000000000000000000e+00
4.795131920625142312e-03
4.923952342283968026e-02
1.920520761553488609e-01
4.401213221690359334e-01
7.352195467636891690e-01
9.145928432137996333e-01
9.455756488841120522e-01
8.346531137349183505e-01
6.226063927861353875e-01
3.409018833601059062e-01
1.313844266462092791e-01
2.662707795652437953e-02
0.000000000000000000e+00
2.662707795652437953e-02
1.313844266462092791e-01
3.409018833601060727e-01
6.226063927861353875e-01
8.346531137349180174e-01
9.455756488841118301e-01
9.145928432137996333e-01
7.352195467636891690e-01
4.401213221690359334e-01
1.920520761553488887e-01
4.923952342283963168e-02
4.795131920625142312e-03
0.000000000000000000e+00
0.000000000000000000e+00
0.000000000000000000e+00
2.662707795652448015e-02
1.313844266462094179e-01
3.475586157303637291e-01
6.524413842696366039e-01
8.686155733537905821e-01
9.733729220434754748e-01
1.000000000000000000e+00
9.999999999999995559e-01
1.000000000000000000e+00
9.999999999999995559e-01
1.000000000000000000e+00
1.000000000000000000e+00
1.000000000000000000e+00
1.000000000000000000e+00
1.000000000000000000e+00
1.000000000000000000e+00
1.000000000000000000e+00
9.999999999999995559e-01
9.999999999999995559e-01
1.000000000000000000e+00
1.000000000000000000e+00
1.000000000000000000e+00
1.000000000000000000e+00
1.000000000000000000e+00
9.733729220434759188e-01
8.686155733537909152e-01
6.524413842696362709e-01
3.475586157303634516e-01
1.313844266462090848e-01
2.662707795652427892e-02
0.000000000000000000e+00
0.000000000000000000e+00
4.795131920625343540e-03
4.923952342283978434e-02
1.653468862650816218e-01
3.773936072138643349e-01
6.590981166398935942e-01
8.686155733537904711e-01
9.733729220434754748e-01
9.952048680793748048e-01
9.507604765771601185e-01
8.079479238446510836e-01
5.598786778309636780e-01
2.647804532363106644e-01
7.999963026542489253e-02
9.630011687850678279e-03
7.999963026542489253e-02
2.647804532363106644e-01
5.598786778309641221e-01
8.079479238446510836e-01
9.507604765771600075e-01
9.952048680793748048e-01
9.733729220434754748e-01
8.686155733537904711e-01
6.590981166398935942e-01
3.773936072138643349e-01
1.653468862650816218e-01
4.923952342283978434e-02
4.795131920625343540e-03
0.000000000000000000e+00
0.000000000000000000e+00
4.795131920625343540e-03
4.923952342283978434e-02
1.920520761553488609e-01
4.332957326979752777e-01
7.064930820685001445e-01
8.879597172043410813e-01
9.733729220434754748e-01
9.952048680793748048e-01
1.000000000000000000e+00
1.000000000000000000e+00
1.000000000000000000e+00
9.999999999999995559e-01
9.999999999999995559e-01
1.000000000000000000e+00
9.999999999999995559e-01
1.000000000000000000e+00
1.000000000000000000e+00
9.999999999999995559e-01
9.999999999999995559e-01
1.000000000000000000e+00
1.000000000000000000e+00
1.000000000000000000e+00
9.952048680793748048e-01
9.733729220434756968e-01
8.879597172043411923e-01
7.064930820685003665e-01
4.332957326979754442e-01
1.920520761553488609e-01
4.923952342283968026e-02
4.795131920625242926e-03
0.000000000000000000e+00
0.000000000000000000e+00
2.662707795652427892e-02
1.313844266462091681e-01
3.409018833601060727e-01
6.226063927861353875e-01
8.346531137349177953e-01
9.507604765771601185e-01
9.952048680793748048e-01
1.000000000000000000e+00
9.952048680793748048e-01
9.200003697345751075e-01
7.288092554973699677e-01
4.097933396213096491e-01
1.572253656163562219e-01
5.442435111588780905e-02
1.572253656163563329e-01
4.097933396213096491e-01
7.288092554973700787e-01
9.200003697345751075e-01
9.952048680793748048e-01
1.000000000000000000e+00
9.952048680793748048e-01
9.507604765771601185e-01
8.346531137349180174e-01
6.226063927861357206e-01
3.409018833601059062e-01
1.313844266462092791e-01
2.662707795652448015e-02
0.000000000000000000e+00
0.000000000000000000e+00
0.000000000000000000e+00
4.795131920625343540e-03
7.999963026542504518e-02
2.365509978181332962e-01
4.897119242587369414e-01
7.064930820685001445e-01
8.686155733537906931e-01
9.507604765771600075e-01
9.952048680793748048e-01
9.999999999999995559e-01
9.999999999999995559e-01
9.999999999999995559e-01
1.000000000000000000e+00
1.000000000000000000e+00
9.999999999999995559e-01
1.000000000000000000e+00
9.999999999999995559e-01
9.999999999999995559e-01
9.999999999999995559e-01
9.999999999999995559e-01
9.999999999999995559e-01
9.952048680793745827e-01
9.507604765771601185e-01
8.686155733537906931e-01
7.064930820685001445e-01
4.897119242587371635e-01
2.365509978181331296e-01
7.999963026542514233e-02
4.795131920625142312e-03
0.000000000000000000e+00
0.000000000000000000e+00
4.795131920625142312e-03
7.999963026542479538e-02
2.647804532363106089e-01
5.598786778309637890e-01
8.079479238446510836e-01
9.507604765771600075e-01
9.952048680793748048e-01
1.000000000000000000e+00
1.000000000000000000e+00
1.000000000000000000e+00
9.683619775150876796e-01
8.102269279403040425e-01
5.199853892105127384e-01
2.065573417203658835e-01
1.064539791862878226e-01
2.065573417203659945e-01
5.199853892105127384e-01
8.102269279403040425e-01
9.683619775150877906e-01
1.000000000000000000e+00
1.000000000000000000e+00
1.000000000000000000e+00
9.952048680793745827e-01
9.507604765771601185e-01
8.079479238446510836e-01
5.598786778309637890e-01
2.647804532363107199e-01
7.999963026542479538e-02
4.795131920625343540e-03
0.000000000000000000e+00
0.000000000000000000e+00
0.000000000000000000e+00
2.662707795652437953e-02
9.861617493833224612e-02
2.365509978181331019e-01
4.332957326979749446e-01
6.524413842696367150e-01
8.079479238446505285e-01
9.200003697345752185e-01
9.733729220434754748e-01
9.952048680793745827e-01
9.999999999999995559e-01
9.999999999999995559e-01
9.999999999999995559e-01
9.999999999999995559e-01
9.999999999999995559e-01
1.000000000000000000e+00
9.999999999999995559e-01
1.000000000000000000e+00
9.952048680793743607e-01
9.733729220434754748e-01
9.200003697345752185e-01
8.079479238446507505e-01
6.524413842696362709e-01
4.332957326979752222e-01
2.365509978181335460e-01
9.861617493833234327e-02
2.662707795652448015e-02
0.000000000000000000e+00
0.000000000000000000e+00
4.795131920625242926e-03
4.923952342283968026e-02
1.920520761553491940e-01
4.401213221690363775e-01
7.352195467636889470e-01
9.200003697345751075e-01
9.952048680793745827e-01
9.999999999999995559e-01
9.999999999999995559e-01
9.999999999999995559e-01
9.952048680793748048e-01
9.455756488841122742e-01
7.744084656085227225e-01
4.894492000886671024e-01
2.004311537412646893e-01
1.064539791862878226e-01
2.004311537412647448e-01
4.894492000886671024e-01
7.744084656085229446e-01
9.455756488841124963e-01
9.952048680793748048e-01
9.999999999999995559e-01
9.999999999999995559e-01
9.999999999999995559e-01
9.952048680793748048e-01
9.200003697345751075e-01
7.352195467636889470e-01
4.401213221690360444e-01
1.920520761553494160e-01
4.923952342283983291e-02
4.795131920625142312e-03
0.000000000000000000e+00
0.000000000000000000e+00
4.795131920625242926e-03
2.662707795652437953e-02
7.999963026542489253e-02
1.920520761553488887e-01
3.475586157303635626e-01
5.598786778309637890e-01
7.352195467636889470e-01
8.686155733537905821e-01
9.507604765771601185e-01
9.952048680793745827e-01
9.999999999999995559e-01
1.000000000000000000e+00
1.000000000000000000e+00
1.000000000000000000e+00
1.000000000000000000e+00
9.999999999999995559e-01
9.952048680793743607e-01
9.507604765771601185e-01
8.686155733537904711e-01
7.352195467636891690e-01
5.598786778309639001e-01
3.475586157303637291e-01
1.920520761553489442e-01
7.999963026542514233e-02
2.662707795652427892e-02
4.795131920625242926e-03
0.000000000000000000e+00
4.795131920625041698e-03
4.923952342283993006e-02
1.653468862650818161e-01
3.773936072138643349e-01
6.590981166398939273e-01
8.686155733537904711e-01
9.733729220434753637e-01
9.999999999999995559e-01
1.000000000000000000e+00
9.999999999999995559e-01
9.952048680793745827e-01
9.507604765771603406e-01
8.346531137349180174e-01
6.226063927861353875e-01
3.409018833601061838e-01
1.313844266462092791e-01
5.442435111588780905e-02
1.313844266462093902e-01
3.409018833601061838e-01
6.226063927861357206e-01
8.346531137349180174e-01
9.507604765771600075e-01
9.952048680793748048e-01
1.000000000000000000e+00
1.000000000000000000e+00
1.000000000000000000e+00
9.733729220434756968e-01
8.686155733537904711e-01
6.590981166398939273e-01
3.773936072138643349e-01
1.653468862650818716e-01
4.923952342283983291e-02
0.000000000000000000e+00
0.000000000000000000e+00
0.000000000000000000e+00
0.000000000000000000e+00
4.795131920625242926e-03
4.923952342283963168e-02
1.313844266462092791e-01
2.647804532363107755e-01
4.401213221690359334e-01
6.524413842696362709e-01
8.018638444718094727e-01
8.900639037403770271e-01
9.145928432137995223e-01
9.145928432137996333e-01
9.145928432137996333e-01
9.145928432137996333e-01
9.145928432137996333e-01
9.145928432137996333e-01
8.900639037403768050e-01
8.018638444718094727e-01
6.524413842696360488e-01
4.401213221690360444e-01
2.647804532363106644e-01
1.313844266462092791e-01
4.923952342283993006e-02
4.795131920625444154e-03
0.000000000000000000e+00
0.000000000000000000e+00
4.795131920625242926e-03
4.923952342283978434e-02
1.653468862650816218e-01
3.706668941863373035e-01
6.293331058136618639e-01
8.346531137349182394e-01
9.507604765771597854e-01
9.952048680793745827e-01
1.000000000000000000e+00
1.000000000000000000e+00
9.952048680793748048e-01
9.507604765771600075e-01
8.346531137349183505e-01
6.293331058136625300e-01
3.706668941863376365e-01
1.653468862650817606e-01
4.923952342283983291e-02
9.630011687850678279e-03
4.923952342283993006e-02
1.653468862650818161e-01
3.706668941863379696e-01
6.293331058136625300e-01
8.346531137349182394e-01
9.507604765771601185e-01
9.952048680793748048e-01
1.000000000000000000e+00
1.000000000000000000e+00
9.952048680793748048e-01
9.507604765771600075e-01
8.346531137349180174e-01
6.293331058136618639e-01
3.706668941863376920e-01
1.653468862650816218e-01
2.850610273498500186e-02
2.165551968762048987e-02
4.795131920625343540e-03
1.007130866517849043e-16
0.000000000000000000e+00
4.795131920625242926e-03
2.662707795652437953e-02
7.999963026542489253e-02
1.920520761553489442e-01
3.475586157303635626e-01
5.294156548746796753e-01
6.388212143519717001e-01
6.775758054890793636e-01
6.775758054890791415e-01
6.775758054890793636e-01
6.775758054890793636e-01
6.775758054890793636e-01
6.775758054890793636e-01
6.388212143519717001e-01
5.294156548746797863e-01
3.475586157303637291e-01
1.920520761553489442e-01
7.999963026542489253e-02
2.662707795652437953e-02
4.795131920625242926e-03
1.007130866517849043e-16
0.000000000000000000e+00
4.795131920625444154e-03
4.923952342283993006e-02
1.653468862650816218e-01
3.706668941863374700e-01
6.293331058136621969e-01
8.346531137349177953e-01
9.507604765771600075e-01
9.952048680793743607e-01
1.000000000000000000e+00
9.999999999999995559e-01
1.000000000000000000e+00
9.733729220434754748e-01
8.686155733537904711e-01
6.590981166398941493e-01
3.773936072138643349e-01
1.653468862650816218e-01
4.923952342283968026e-02
4.795131920625242926e-03
0.000000000000000000e+00
4.795131920625343540e-03
4.923952342283983291e-02
1.653468862650818716e-01
3.773936072138645570e-01
6.590981166398939273e-01
8.686155733537906931e-01
9.733729220434756968e-01
1.000000000000000000e+00
1.000000000000000000e+00
9.999999999999995559e-01
9.952048680793743607e-01
9.507604765771600075e-01
8.346531137349180174e-01
6.226063927861357206e-01
3.409018833601060172e-01
1.141495910559658794e-01
1.006923301843254820e-01
4.923952342283993006e-02
4.795131920625343540e-03
1.007130866517849043e-16
0.000000000000000000e+00
0.000000000000000000e+00
4.795131920625142312e-03
4.923952342283968026e-02
1.313844266462092791e-01
2.279359503378726726e-01
2.932577905068154411e-01
3.224241945109206919e-01
3.224241945109209695e-01
3.224241945109206919e-01
3.224241945109209140e-01
3.224241945109206919e-01
3.224241945109208030e-01
2.932577905068156077e-01
2.279359503378726726e-01
1.313844266462090848e-01
4.923952342283993006e-02
4.795131920625343540e-03
1.007130866517849043e-16
0.000000000000000000e+00
3.021392599553547129e-16
4.795131920625444154e-03
4.923952342283993006e-02
1.653468862650818161e-01
3.706668941863374700e-01
6.293331058136621969e-01
8.346531137349180174e-01
9.507604765771600075e-01
9.952048680793748048e-01
9.999999999999995559e-01
1.000000000000000000e+00
1.000000000000000000e+00
9.952048680793748048e-01
9.200003697345748854e-01
7.352195467636893911e-01
4.401213221690360444e-01
1.920520761553488609e-01
4.923952342283978434e-02
4.795131920625142312e-03
0.000000000000000000e+00
0.000000000000000000e+00
0.000000000000000000e+00
4.795131920625242926e-03
4.923952342283993006e-02
1.920520761553489442e-01
4.401213221690359334e-01
7.352195467636891690e-01
9.200003697345751075e-01
9.952048680793748048e-01
1.000000000000000000e+00
1.000000000000000000e+00
1.000000000000000000e+00
9.952048680793743607e-01
9.507604765771600075e-01
8.018638444718092506e-01
5.294156548746794533e-01
2.824790409331049967e-01
2.671872026647193477e-01
1.653468862650818161e-01
4.923952342283978434e-02
4.795131920625242926e-03
0.000000000000000000e+00
1.007130866517849043e-16
0.000000000000000000e+00
4.795131920625142312e-03
2.662707795652437953e-02
5.638335900603293899e-02
7.999963026542489253e-02
8.540715678620022788e-02
8.540715678620022788e-02
8.540715678620022788e-02
8.540715678620038054e-02
8.540715678620038054e-02
8.540715678620032503e-02
7.999963026542504518e-02
5.638335900603298756e-02
2.662707795652437953e-02
4.795131920625142312e-03
1.007130866517849043e-16
0.000000000000000000e+00
0.000000000000000000e+00
4.795131920625544768e-03
4.923952342283983291e-02
1.653468862650818716e-01
3.706668941863376365e-01
6.293331058136621969e-01
8.346531137349180174e-01
9.507604765771597854e-01
9.952048680793748048e-01
1.000000000000000000e+00
9.999999999999995559e-01
1.000000000000000000e+00
9.952048680793743607e-01
9.507604765771600075e-01
8.079479238446507505e-01
5.598786778309637890e-01
2.647804532363107755e-01
7.999963026542489253e-02
4.795131920625343540e-03
0.000000000000000000e+00
0.000000000000000000e+00
0.000000000000000000e+00
0.000000000000000000e+00
0.000000000000000000e+00
4.795131920625343540e-03
7.999963026542504518e-02
2.647804532363106089e-01
5.598786778309639001e-01
8.079479238446509726e-01
9.507604765771601185e-01
9.952048680793743607e-01
1.000000000000000000e+00
9.999999999999995559e-01
9.999999999999995559e-01
9.952048680793743607e-01
8.900639037403772491e-01
6.388212143519717001e-01
4.686214555674306226e-01
5.154436978558825100e-01
3.773936072138643349e-01
1.920520761553490552e-01
7.999963026542489253e-02
2.662707795652437953e-02
4.795131920625242926e-03
0.000000000000000000e+00
0.000000000000000000e+00
0.000000000000000000e+00
0.000000000000000000e+00
0.000000000000000000e+00
0.000000000000000000e+00
0.000000000000000000e+00
1.007130866517849043e-16
3.021392599553547129e-16
3.021392599553547129e-16
1.007130866517849043e-16
0.000000000000000000e+00
1.007130866517849043e-16
0.000000000000000000e+00
0.000000000000000000e+00
0.000000000000000000e+00
4.795131920625343540e-03
2.662707795652427892e-02
7.999963026542514233e-02
1.920520761553490552e-01
3.773936072138646125e-01
6.293331058136620859e-01
8.346531137349180174e-01
9.507604765771600075e-01
9.952048680793748048e-01
9.999999999999995559e-01
1.000000000000000000e+00
9.999999999999995559e-01
9.952048680793748048e-01
9.507604765771600075e-01
8.346531137349180174e-01
6.226063927861357206e-01
3.409018833601062393e-01
1.313844266462094734e-01
2.662707795652427892e-02
0.000000000000000000e+00
0.000000000000000000e+00
0.000000000000000000e+00
0.000000000000000000e+00
0.000000000000000000e+00
0.000000000000000000e+00
1.007130866517849043e-16
2.662707795652437953e-02
1.313844266462092791e-01
3.409018833601060727e-01
6.226063927861357206e-01
8.346531137349180174e-01
9.507604765771600075e-01
9.952048680793748048e-01
9.999999999999995559e-01
9.999999999999995559e-01
1.000000000000000000e+00
9.145928432137996333e-01
6.775758054890793636e-01
6.113937819862259593e-01
7.312218214718470000e-01
6.590981166398937052e-01
4.401213221690360444e-01
2.647804532363108310e-01
1.313844266462091681e-01
4.923952342283978434e-02
4.795131920625142312e-03
0.000000000000000000e+00
0.000000000000000000e+00
0.000000000000000000e+00
0.000000000000000000e+00
0.000000000000000000e+00
3.021392599553547129e-16
1.007130866517849043e-16
0.000000000000000000e+00
1.007130866517849043e-16
0.000000000000000000e+00
0.000000000000000000e+00
0.000000000000000000e+00
0.000000000000000000e+00
1.007130866517849043e-16
4.795131920625343540e-03
4.923952342283993006e-02
1.313844266462092791e-01
2.647804532363110530e-01
4.401213221690362665e-01
6.590981166398941493e-01
8.346531137349182394e-01
9.507604765771600075e-01
9.952048680793748048e-01
1.000000000000000000e+00
1.000000000000000000e+00
1.000000000000000000e+00
9.952048680793748048e-01
9.507604765771600075e-01
8.346531137349184615e-01
6.293331058136625300e-01
3.706668941863374700e-01
1.653468862650818161e-01
4.923952342283993006e-02
4.795131920625242926e-03
0.000000000000000000e+00
0.000000000000000000e+00
0.000000000000000000e+00
0.000000000000000000e+00
0.000000000000000000e+00
0.000000000000000000e+00
0.000000000000000000e+00
4.795131920625242926e-03
4.923952342283978434e-02
1.653468862650817328e-01
3.706668941863376365e-01
6.293331058136621969e-01
8.346531137349183505e-01
9.507604765771601185e-01
9.952048680793748048e-01
9.999999999999995559e-01
1.000000000000000000e+00
9.145928432137996333e-01
6.775758054890791415e-01
6.709699744762721574e-01
8.590475181220771361e-01
8.686155733537908041e-01
7.352195467636889470e-01
5.598786778309636780e-01
3.409018833601060172e-01
1.653468862650818161e-01
4.923952342283993006e-02
4.795131920625242926e-03
0.000000000000000000e+00
2.014261733035698086e-16
0.000000000000000000e+00
0.000000000000000000e+00
0.000000000000000000e+00
0.000000000000000000e+00
1.007130866517849043e-16
1.007130866517849043e-16
0.000000000000000000e+00
1.007130866517849043e-16
2.014261733035698086e-16
0.000000000000000000e+00
4.795131920625142312e-03
4.923952342283993006e-02
1.653468862650816218e-01
3.409018833601059062e-01
5.598786778309641221e-01
7.352195467636893911e-01
8.686155733537906931e-01
9.507604765771600075e-01
9.952048680793748048e-01
9.999999999999995559e-01
9.999999999999995559e-01
1.000000000000000000e+00
9.952048680793748048e-01
9.507604765771600075e-01
8.346531137349182394e-01
6.293331058136619749e-01
3.706668941863378586e-01
1.653468862650817606e-01
4.923952342283993006e-02
4.795131920625343540e-03
0.000000000000000000e+00
1.007130866517849043e-16
0.000000000000000000e+00
0.000000000000000000e+00
0.000000000000000000e+00
0.000000000000000000e+00
0.000000000000000000e+00
1.007130866517849043e-16
1.007130866517849043e-16
4.795131920625242926e-03
4.923952342283983291e-02
1.653468862650817328e-01
3.706668941863378586e-01
6.293331058136619749e-01
8.346531137349184615e-01
9.507604765771600075e-01
9.952048680793743607e-01
9.999999999999995559e-01
9.145928432137996333e-01
6.775758054890791415e-01
6.775758054890791415e-01
9.091478145843532310e-01
9.733729220434754748e-01
9.200003697345751075e-01
8.079479238446507505e-01
6.226063927861353875e-01
3.773936072138646125e-01
1.920520761553488609e-01
7.999963026542489253e-02
2.662707795652437953e-02
4.795131920625343540e-03
0.000000000000000000e+00
0.000000000000000000e+00
0.000000000000000000e+00
0.000000000000000000e+00
0.000000000000000000e+00
0.000000000000000000e+00
0.000000000000000000e+00
0.000000000000000000e+00
4.795131920625242926e-03
2.662707795652437953e-02
7.999963026542489253e-02
1.920520761553489442e-01
3.773936072138643905e-01
6.226063927861353875e-01
8.079479238446511946e-01
9.200003697345752185e-01
9.733729220434759188e-01
9.952048680793748048e-01
1.000000000000000000e+00
1.000000000000000000e+00
9.999999999999995559e-01
9.952048680793748048e-01
9.507604765771601185e-01
8.346531137349180174e-01
6.293331058136620859e-01
3.706668941863374700e-01
1.653468862650818161e-01
4.923952342283978434e-02
4.795131920625142312e-03
1.007130866517849043e-16
1.007130866517849043e-16
1.007130866517849043e-16
0.000000000000000000e+00
0.000000000000000000e+00
0.000000000000000000e+00
0.000000000000000000e+00
0.000000000000000000e+00
2.014261733035698086e-16
2.014261733035698086e-16
0.000000000000000000e+00
4.795131920625142312e-03
4.923952342283978434e-02
1.653468862650818161e-01
3.706668941863375810e-01
6.293331058136625300e-01
8.346531137349180174e-01
9.507604765771600075e-01
9.952048680793748048e-01
9.145928432137995223e-01
6.775758054890791415e-01
6.775758054890793636e-01
9.145928432137996333e-01
1.000000000000000000e+00
9.952048680793748048e-01
9.507604765771601185e-01
8.346531137349180174e-01
6.590981166398937052e-01
4.401213221690359889e-01
2.711907445026299213e-01
1.631217843794290911e-01
1.099360962596230701e-01
8.540715678620022788e-02
8.540715678620013074e-02
8.540715678620038054e-02
8.540715678620022788e-02
8.540715678620022788e-02
8.540715678620022788e-02
8.540715678620022788e-02
8.540715678620022788e-02
1.099360962596230284e-01
1.631217843794289801e-01
2.711907445026299213e-01
4.401213221690359889e-01
6.590981166398937052e-01
8.346531137349180174e-01
9.507604765771603406e-01
9.952048680793748048e-01
1.000000000000000000e+00
9.999999999999995559e-01
1.000000000000000000e+00
1.000000000000000000e+00
9.952048680793748048e-01
9.507604765771600075e-01
8.346531137349180174e-01
6.293331058136619749e-01
3.706668941863374700e-01
1.653468862650817328e-01
4.923952342283968026e-02
4.795131920625242926e-03
0.000000000000000000e+00
3.021392599553547129e-16
0.000000000000000000e+00
0.000000000000000000e+00
0.000000000000000000e+00
0.000000000000000000e+00
0.000000000000000000e+00
0.000000000000000000e+00
0.000000000000000000e+00
0.000000000000000000e+00
0.000000000000000000e+00
1.007130866517849043e-16
1.007130866517849043e-16
4.795131920625242926e-03
4.923952342283968026e-02
1.653468862650817606e-01
3.706668941863378586e-01
6.293331058136619749e-01
8.346531137349180174e-01
9.507604765771600075e-01
9.091478145843532310e-01
6.775758054890791415e-01
6.775758054890791415e-01
9.145928432137995223e-01
1.000000000000000000e+00
1.000000000000000000e+00
9.952048680793748048e-01
9.507604765771601185e-01
8.686155733537904711e-01
7.352195467636891690e-01
5.902066603786904064e-01
4.401213221690359889e-01
3.611787856480284664e-01
3.224241945109209140e-01
3.224241945109206364e-01
3.224241945109205809e-01
3.224241945109205254e-01
3.224241945109206364e-01
3.224241945109209140e-01
3.224241945109205809e-01
3.224241945109205809e-01
3.611787856480286885e-01
4.401213221690356558e-01
5.902066603786902954e-01
7.352195467636889470e-01
8.686155733537905821e-01
9.507604765771601185e-01
9.952048680793748048e-01
1.000000000000000000e+00
1.000000000000000000e+00
9.999999999999995559e-01
1.000000000000000000e+00
9.952048680793748048e-01
9.507604765771600075e-01
8.346531137349175733e-01
6.293331058136620859e-01
3.706668941863375810e-01
1.653468862650817328e-01
4.923952342283993006e-02
4.795131920625343540e-03
0.000000000000000000e+00
0.000000000000000000e+00
0.000000000000000000e+00
0.000000000000000000e+00
0.000000000000000000e+00
0.000000000000000000e+00
0.000000000000000000e+00
0.000000000000000000e+00
0.000000000000000000e+00
0.000000000000000000e+00
0.000000000000000000e+00
2.014261733035698086e-16
0.000000000000000000e+00
0.000000000000000000e+00
2.014261733035698086e-16
4.795131920625343540e-03
4.923952342283993006e-02
1.653468862650816218e-01
3.706668941863374700e-01
6.293331058136619749e-01
8.346531137349177953e-01
8.590475181220773582e-01
6.709699744762719353e-01
6.775758054890793636e-01
9.145928432137996333e-01
1.000000000000000000e+00
1.000000000000000000e+00
1.000000000000000000e+00
9.952048680793748048e-01
9.733729220434756968e-01
9.145928432137996333e-01
8.102269279403042646e-01
6.934419349075947592e-01
6.020871858201165550e-01
5.650109021980306290e-01
5.650109021980306290e-01
5.650109021980305180e-01
5.650109021980302959e-01
5.650109021980306290e-01
5.650109021980308510e-01
5.650109021980306290e-01
5.650109021980302959e-01
6.020871858201163329e-01
6.934419349075949812e-01
8.102269279403042646e-01
9.145928432137996333e-01
9.733729220434754748e-01
9.952048680793748048e-01
1.000000000000000000e+00
9.999999999999995559e-01
1.000000000000000000e+00
9.952048680793743607e-01
9.733729220434756968e-01
9.200003697345746634e-01
8.079479238446510836e-01
6.226063927861353875e-01
3.706668941863374700e-01
1.653468862650817328e-01
4.923952342283978434e-02
4.795131920625343540e-03
0.000000000000000000e+00
2.014261733035698086e-16
2.014261733035698086e-16
1.007130866517849043e-16
0.000000000000000000e+00
1.007130866517849043e-16
0.000000000000000000e+00
0.000000000000000000e+00
0.000000000000000000e+00
0.000000000000000000e+00
0.000000000000000000e+00
1.007130866517849043e-16
0.000000000000000000e+00
0.000000000000000000e+00
0.000000000000000000e+00
3.021392599553547129e-16
0.000000000000000000e+00
4.795131920625242926e-03
4.923952342283993006e-02
1.653468862650816218e-01
3.706668941863375810e-01
6.226063927861353875e-01
7.024298784004654461e-01
5.718308603770414500e-01
6.388212143519712560e-01
8.900639037403770271e-01
9.952048680793743607e-01
1.000000000000000000e+00
1.000000000000000000e+00
1.000000000000000000e+00
9.952048680793748048e-01
9.455756488841122742e-01
8.368782156205709644e-01
6.999783853504374376e-01
6.020871858201163329e-01
5.650109021980301849e-01
5.650109021980302959e-01
5.650109021980306290e-01
5.650109021980306290e-01
5.650109021980302959e-01
5.650109021980307400e-01
5.650109021980302959e-01
5.650109021980301849e-01
6.020871858201163329e-01
6.999783853504374376e-01
8.368782156205708533e-01
9.455756488841122742e-01
9.952048680793748048e-01
1.000000000000000000e+00
1.000000000000000000e+00
1.000000000000000000e+00
9.952048680793743607e-01
9.507604765771600075e-01
8.686155733537908041e-01
7.352195467636887249e-01
5.598786778309637890e-01
3.409018833601060727e-01
1.653468862650816218e-01
4.923952342283993006e-02
4.795131920625343540e-03
3.021392599553547129e-16
0.000000000000000000e+00
0.000000000000000000e+00
0.000000000000000000e+00
0.000000000000000000e+00
0.000000000000000000e+00
0.000000000000000000e+00
0.000000000000000000e+00
0.000000000000000000e+00
0.000000000000000000e+00
1.007130866517849043e-16
1.007130866517849043e-16
0.000000000000000000e+00
3.021392599553547129e-16
0.000000000000000000e+00
0.000000000000000000e+00
2.014261733035698086e-16
0.000000000000000000e+00
0.000000000000000000e+00
4.795131920625242926e-03
4.923952342283978434e-02
1.653468862650816218e-01
3.409018833601061838e-01
4.520944217941612608e-01
3.892102609160512094e-01
5.294156548746795643e-01
8.018638444718092506e-01
9.507604765771603406e-01
9.952048680793748048e-01
1.000000000000000000e+00
9.952048680793748048e-01
9.507604765771601185e-01
8.346531137349182394e-01
6.590981166398939273e-01
4.705843451253204912e-01
3.611787856480282444e-01
3.224241945109206364e-01
3.224241945109211360e-01
3.224241945109211360e-01
3.224241945109206364e-01
3.224241945109209695e-01
3.224241945109206364e-01
3.224241945109206364e-01
3.224241945109205809e-01
3.611787856480282444e-01
4.705843451253204912e-01
6.590981166398937052e-01
8.346531137349180174e-01
9.507604765771600075e-01
9.952048680793748048e-01
1.000000000000000000e+00
9.952048680793743607e-01
9.507604765771603406e-01
8.346531137349182394e-01
6.590981166398937052e-01
4.401213221690359334e-01
2.647804532363107755e-01
1.313844266462091681e-01
4.923952342283968026e-02
4.795131920625343540e-03
0.000000000000000000e+00
0.000000000000000000e+00
0.000000000000000000e+00
0.000000000000000000e+00
3.021392599553547129e-16
0.000000000000000000e+00
0.000000000000000000e+00
0.000000000000000000e+00
0.000000000000000000e+00
1.007130866517849043e-16
0.000000000000000000e+00
0.000000000000000000e+00
0.000000000000000000e+00
0.000000000000000000e+00
0.000000000000000000e+00
0.000000000000000000e+00
0.000000000000000000e+00
0.000000000000000000e+00
0.000000000000000000e+00
0.000000000000000000e+00
0.000000000000000000e+00
4.795131920625041698e-03
4.923952342283978434e-02
1.313844266462090848e-01
1.943354823389608077e-01
1.735309839640015450e-01
3.409018833601060727e-01
6.226063927861353875e-01
8.346531137349180174e-01
9.455756488841122742e-01
9.683619775150876796e-01
9.200003697345746634e-01
8.079479238446510836e-01
6.226063927861353875e-01
3.773936072138642239e-01
1.981361555281906661e-01
1.099360962596228203e-01
8.540715678620038054e-02
8.540715678620013074e-02
8.540715678620053319e-02
8.540715678620032503e-02
8.540715678620032503e-02
8.540715678620038054e-02
8.540715678620022788e-02
8.540715678620032503e-02
1.099360962596228203e-01
1.981361555281905551e-01
3.773936072138642239e-01
6.226063927861353875e-01
8.079479238446505285e-01
9.200003697345751075e-01
9.683619775150876796e-01
9.455756488841122742e-01
8.346531137349180174e-01
6.293331058136620859e-01
3.773936072138643349e-01
1.920520761553488887e-01
7.999963026542489253e-02
2.662707795652427892e-02
4.795131920625242926e-03
0.000000000000000000e+00
0.000000000000000000e+00
0.000000000000000000e+00
0.000000000000000000e+00
1.007130866517849043e-16
0.000000000000000000e+00
0.000000000000000000e+00
0.000000000000000000e+00
0.000000000000000000e+00
0.000000000000000000e+00
0.000000000000000000e+00
0.000000000000000000e+00
0.000000000000000000e+00
0.000000000000000000e+00
0.000000000000000000e+00
0.000000000000000000e+00
0.000000000000000000e+00
0.000000000000000000e+00
0.000000000000000000e+00
0.000000000000000000e+00
0.000000000000000000e+00
0.000000000000000000e+00
0.000000000000000000e+00
4.795131920625142312e-03
2.662707795652427892e-02
5.118398155056123194e-02
5.118398155056132909e-02
1.653468862650817606e-01
3.706668941863376365e-01
6.226063927861353875e-01
7.744084656085233886e-01
8.102269279403039315e-01
7.288092554973699677e-01
5.598786778309636780e-01
3.409018833601059062e-01
1.653468862650817328e-01
4.923952342283952760e-02
4.795131920625242926e-03
0.000000000000000000e+00
0.000000000000000000e+00
0.000000000000000000e+00
0.000000000000000000e+00
0.000000000000000000e+00
0.000000000000000000e+00
0.000000000000000000e+00
0.000000000000000000e+00
4.795131920625242926e-03
4.923952342283963168e-02
1.653468862650818161e-01
3.409018833601057397e-01
5.598786778309636780e-01
7.288092554973695236e-01
8.102269279403040425e-01
7.744084656085229446e-01
6.226063927861353875e-01
3.706668941863373035e-01
1.653468862650816773e-01
4.923952342283968026e-02
4.795131920625142312e-03
0.000000000000000000e+00
0.000000000000000000e+00
1.007130866517849043e-16
0.000000000000000000e+00
0.000000000000000000e+00
0.000000000000000000e+00
0.000000000000000000e+00
2.014261733035698086e-16
3.021392599553547129e-16
0.000000000000000000e+00
0.000000000000000000e+00
0.000000000000000000e+00
0.000000000000000000e+00
0.000000000000000000e+00
0.000000000000000000e+00
0.000000000000000000e+00
0.000000000000000000e+00
1.007130866517849043e-16
0.000000000000000000e+00
0.000000000000000000e+00
2.014261733035698086e-16
0.000000000000000000e+00
0.000000000000000000e+00
0.000000000000000000e+00
0.000000000000000000e+00
0.000000000000000000e+00
0.000000000000000000e+00
0.000000000000000000e+00
0.000000000000000000e+00
4.923952342283978434e-02
1.653468862650817606e-01
3.409018833601060172e-01
4.894492000886673799e-01
5.199853892105127384e-01
4.097933396213093160e-01
2.647804532363107755e-01
1.313844266462092791e-01
4.923952342283978434e-02
4.795131920625242926e-03
1.007130866517849043e-16
0.000000000000000000e+00
0.000000000000000000e+00
0.000000000000000000e+00
0.000000000000000000e+00
0.000000000000000000e+00
1.007130866517849043e-16
0.000000000000000000e+00
0.000000000000000000e+00
1.007130866517849043e-16
4.795131920625343540e-03
4.923952342283983291e-02
1.313844266462094734e-01
2.647804532363107755e-01
4.097933396213094825e-01
5.199853892105126274e-01
4.894492000886671024e-01
3.409018833601057952e-01
1.653468862650815663e-01
4.923952342283978434e-02
4.795131920625242926e-03
0.000000000000000000e+00
0.000000000000000000e+00
0.000000000000000000e+00
0.000000000000000000e+00
0.000000000000000000e+00
1.007130866517849043e-16
0.000000000000000000e+00
0.000000000000000000e+00
0.000000000000000000e+00
1.007130866517849043e-16
0.000000000000000000e+00
1.007130866517849043e-16
0.000000000000000000e+00
0.000000000000000000e+00
0.000000000000000000e+00
0.000000000000000000e+00
0.000000000000000000e+00
0.000000000000000000e+00
0.000000000000000000e+00
0.000000000000000000e+00
0.000000000000000000e+00
0.000000000000000000e+00
0.000000000000000000e+00
0.000000000000000000e+00
0.000000000000000000e+00
0.000000000000000000e+00
0.000000000000000000e+00
0.000000000000000000e+00
0.000000000000000000e+00
0.000000000000000000e+00
4.795131920625343540e-03
4.923952342283993006e-02
1.313844266462093902e-01
2.004311537412648558e-01
2.065573417203661055e-01
1.572253656163563329e-01
7.999963026542479538e-02
2.662707795652448015e-02
4.795131920625242926e-03
0.000000000000000000e+00
2.014261733035698086e-16
0.000000000000000000e+00
0.000000000000000000e+00
0.000000000000000000e+00
0.000000000000000000e+00
0.000000000000000000e+00
0.000000000000000000e+00
0.000000000000000000e+00
0.000000000000000000e+00
0.000000000000000000e+00
0.000000000000000000e+00
4.795131920625142312e-03
2.662707795652458076e-02
7.999963026542449007e-02
1.572253656163563329e-01
2.065573417203662443e-01
2.004311537412647448e-01
1.313844266462091681e-01
4.923952342283968026e-02
4.795131920625242926e-03
0.000000000000000000e+00
0.000000000000000000e+00
0.000000000000000000e+00
0.000000000000000000e+00
0.000000000000000000e+00
0.000000000000000000e+00
0.000000000000000000e+00
0.000000000000000000e+00
0.000000000000000000e+00
0.000000000000000000e+00
1.007130866517849043e-16
0.000000000000000000e+00
0.000000000000000000e+00
0.000000000000000000e+00
0.000000000000000000e+00
0.000000000000000000e+00
0.000000000000000000e+00
0.000000000000000000e+00
0.000000000000000000e+00
1.007130866517849043e-16
0.000000000000000000e+00
0.000000000000000000e+00
0.000000000000000000e+00
0.000000000000000000e+00
0.000000000000000000e+00
0.000000000000000000e+00
0.000000000000000000e+00
0.000000000000000000e+00
0.000000000000000000e+00
0.000000000000000000e+00
0.000000000000000000e+00
0.000000000000000000e+00
9.630011687850678279e-03
5.442435111588746210e-02
1.064539791862879198e-01
1.064539791862878226e-01
5.442435111588786456e-02
9.630011687850577665e-03
0.000000000000000000e+00
0.000000000000000000e+00
0.000000000000000000e+00
0.000000000000000000e+00
0.000000000000000000e+00
0.000000000000000000e+00
0.000000000000000000e+00
0.000000000000000000e+00
3.021392599553547129e-16
0.000000000000000000e+00
0.000000000000000000e+00
0.000000000000000000e+00
0.000000000000000000e+00
0.000000000000000000e+00
0.000000000000000000e+00
0.000000000000000000e+00
9.630011687850477051e-03
5.442435111588780905e-02
1.064539791862880724e-01
1.064539791862878226e-01
5.442435111588746210e-02
9.630011687850477051e-03
0.000000000000000000e+00
0.000000000000000000e+00
0.000000000000000000e+00
0.000000000000000000e+00
0.000000000000000000e+00
0.000000000000000000e+00
1.007130866517849043e-16
1.007130866517849043e-16
0.000000000000000000e+00
1.007130866517849043e-16
0.000000000000000000e+00
0.000000000000000000e+00
0.000000000000000000e+00
0.000000000000000000e+00
0.000000000000000000e+00
0.000000000000000000e+00
0.000000000000000000e+00
0.000000000000000000e+00
0.000000000000000000e+00
1.007130866517849043e-16
0.000000000000000000e+00
0.000000000000000000e+00
0.000000000000000000e+00
0.000000000000000000e+00
0.000000000000000000e+00
0.000000000000000000e+00
0.000000000000000000e+00
0.000000000000000000e+00
0.000000000000000000e+00
0.000000000000000000e+00
0.000000000000000000e+00
0.000000000000000000e+00
4.795131920625142312e-03
4.923952342283993006e-02
1.313844266462092791e-01
2.004311537412648558e-01
2.065573417203658835e-01
1.572253656163559166e-01
7.999963026542489253e-02
2.662707795652458076e-02
4.795131920625343540e-03
3.021392599553547129e-16
0.000000000000000000e+00
0.000000000000000000e+00
0.000000000000000000e+00
0.000000000000000000e+00
0.000000000000000000e+00
1.007130866517849043e-16
1.007130866517849043e-16
0.000000000000000000e+00
0.000000000000000000e+00
0.000000000000000000e+00
0.000000000000000000e+00
4.795131920625242926e-03
2.662707795652448015e-02
7.999963026542504518e-02
1.572253656163559166e-01
2.065573417203661055e-01
2.004311537412646893e-01
1.313844266462091681e-01
4.923952342283983291e-02
4.795131920625142312e-03
0.000000000000000000e+00
0.000000000000000000e+00
0.000000000000000000e+00
0.000000000000000000e+00
0.000000000000000000e+00
0.000000000000000000e+00
0.000000000000000000e+00
0.000000000000000000e+00
0.000000000000000000e+00
1.007130866517849043e-16
0.000000000000000000e+00
0.000000000000000000e+00
0.000000000000000000e+00
0.000000000000000000e+00
0.000000000000000000e+00
0.000000000000000000e+00
0.000000000000000000e+00
0.000000000000000000e+00
1.007130866517849043e-16
0.000000000000000000e+00
0.000000000000000000e+00
0.000000000000000000e+00
0.000000000000000000e+00
0.000000000000000000e+00
0.000000000000000000e+00
0.000000000000000000e+00
0.000000000000000000e+00
0.000000000000000000e+00
0.000000000000000000e+00
0.000000000000000000e+00
0.000000000000000000e+00
4.923952342283978434e-02
1.653468862650818161e-01
3.409018833601060172e-01
4.894492000886672689e-01
5.199853892105128494e-01
4.097933396213097046e-01
2.647804532363111085e-01
1.313844266462092791e-01
4.923952342283978434e-02
4.795131920625142312e-03
0.000000000000000000e+00
0.000000000000000000e+00
0.000000000000000000e+00
0.000000000000000000e+00
0.000000000000000000e+00
3.021392599553547129e-16
2.014261733035698086e-16
0.000000000000000000e+00
0.000000000000000000e+00
0.000000000000000000e+00
4.795131920625242926e-03
4.923952342283993006e-02
1.313844266462090848e-01
2.647804532363107755e-01
4.097933396213099266e-01
5.199853892105127384e-01
4.894492000886672134e-01
3.409018833601059062e-01
1.653468862650816218e-01
4.923952342283963168e-02
4.795131920625142312e-03
0.000000000000000000e+00
0.000000000000000000e+00
0.000000000000000000e+00
0.000000000000000000e+00
0.000000000000000000e+00
0.000000000000000000e+00
0.000000000000000000e+00
0.000000000000000000e+00
1.007130866517849043e-16
0.000000000000000000e+00
0.000000000000000000e+00
0.000000000000000000e+00
0.000000000000000000e+00
0.000000000000000000e+00
0.000000000000000000e+00
0.000000000000000000e+00
0.000000000000000000e+00
0.000000000000000000e+00
1.007130866517849043e-16
0.000000000000000000e+00
0.000000000000000000e+00
0.000000000000000000e+00
0.000000000000000000e+00
0.000000000000000000e+00
1.007130866517849043e-16
0.000000000000000000e+00
0.000000000000000000e+00
0.000000000000000000e+00
0.000000000000000000e+00
0.000000000000000000e+00
1.653468862650817328e-01
3.706668941863376365e-01
6.226063927861357206e-01
7.744084656085227225e-01
8.102269279403044866e-01
7.288092554973700787e-01
5.598786778309641221e-01
3.409018833601066278e-01
1.653468862650818161e-01
4.923952342283968026e-02
4.795131920625142312e-03
0.000000000000000000e+00
0.000000000000000000e+00
0.000000000000000000e+00
0.000000000000000000e+00
2.014261733035698086e-16
0.000000000000000000e+00
0.000000000000000000e+00
0.000000000000000000e+00
4.795131920625242926e-03
4.923952342283963168e-02
1.653468862650817328e-01
3.409018833601062393e-01
5.598786778309639001e-01
7.288092554973699677e-01
8.102269279403047086e-01
7.744084656085227225e-01
6.226063927861353875e-01
3.706668941863375810e-01
1.653468862650815663e-01
4.923952342283968026e-02
4.795131920625142312e-03
0.000000000000000000e+00
0.000000000000000000e+00
0.000000000000000000e+00
0.000000000000000000e+00
0.000000000000000000e+00
0.000000000000000000e+00
2.014261733035698086e-16
0.000000000000000000e+00
1.007130866517849043e-16
0.000000000000000000e+00
0.000000000000000000e+00
0.000000000000000000e+00
0.000000000000000000e+00
0.000000000000000000e+00
0.000000000000000000e+00
0.000000000000000000e+00
0.000000000000000000e+00
1.007130866517849043e-16
0.000000000000000000e+00
0.000000000000000000e+00
0.000000000000000000e+00
0.000000000000000000e+00
0.000000000000000000e+00
0.000000000000000000e+00
0.000000000000000000e+00
0.000000000000000000e+00
0.000000000000000000e+00
0.000000000000000000e+00
0.000000000000000000e+00
3.409018833601060172e-01
6.226063927861357206e-01
8.346531137349180174e-01
9.455756488841122742e-01
9.683619775150877906e-01
9.200003697345751075e-01
8.079479238446510836e-01
6.226063927861357206e-01
3.773936072138643349e-01
1.981361555281906106e-01
1.099360962596230284e-01
8.540715678620022788e-02
8.540715678620013074e-02
8.540715678620038054e-02
8.540715678620022788e-02
8.540715678620032503e-02
8.540715678620032503e-02
8.540715678620022788e-02
8.540715678620001972e-02
1.099360962596230701e-01
1.981361555281905551e-01
3.773936072138648345e-01
6.226063927861353875e-01
8.079479238446510836e-01
9.200003697345752185e-01
9.683619775150880127e-01
9.455756488841120522e-01
8.346531137349180174e-01
6.293331058136620859e-01
3.773936072138643349e-01
1.920520761553488609e-01
7.999963026542473987e-02
2.662707795652417830e-02
4.795131920625142312e-03
0.000000000000000000e+00
0.000000000000000000e+00
0.000000000000000000e+00
0.000000000000000000e+00
0.000000000000000000e+00
3.021392599553547129e-16
1.007130866517849043e-16
0.000000000000000000e+00
0.000000000000000000e+00
0.000000000000000000e+00
0.000000000000000000e+00
0.000000000000000000e+00
0.000000000000000000e+00
0.000000000000000000e+00
1.007130866517849043e-16
0.000000000000000000e+00
0.000000000000000000e+00
0.000000000000000000e+00
0.000000000000000000e+00
0.000000000000000000e+00
0.000000000000000000e+00
0.000000000000000000e+00
0.000000000000000000e+00
4.795131920625142312e-03
2.662707795652417830e-02
5.118398155056132909e-02
5.118398155056117643e-02
5.294156548746795643e-01
8.018638444718094727e-01
9.507604765771601185e-01
9.952048680793749158e-01
1.000000000000000000e+00
9.952048680793749158e-01
9.507604765771603406e-01
8.346531137349182394e-01
6.590981166398935942e-01
4.705843451253202692e-01
3.611787856480284109e-01
3.224241945109206364e-01
3.224241945109205809e-01
3.224241945109205254e-01
3.224241945109205254e-01
3.224241945109206919e-01
3.224241945109205809e-01
3.224241945109205809e-01
3.224241945109206919e-01
3.611787856480282444e-01
4.705843451253202692e-01
6.590981166398937052e-01
8.346531137349184615e-01
9.507604765771601185e-01
9.952048680793748048e-01
1.000000000000000000e+00
9.952048680793745827e-01
9.507604765771600075e-01
8.346531137349183505e-01
6.590981166398941493e-01
4.401213221690359334e-01
2.647804532363106644e-01
1.313844266462091681e-01
4.923952342283968026e-02
4.795131920625242926e-03
0.000000000000000000e+00
0.000000000000000000e+00
0.000000000000000000e+00
0.000000000000000000e+00
1.007130866517849043e-16
1.007130866517849043e-16
0.000000000000000000e+00
0.000000000000000000e+00
0.000000000000000000e+00
1.007130866517849043e-16
0.000000000000000000e+00
0.000000000000000000e+00
0.000000000000000000e+00
0.000000000000000000e+00
1.007130866517849043e-16
0.000000000000000000e+00
0.000000000000000000e+00
0.000000000000000000e+00
0.000000000000000000e+00
0.000000000000000000e+00
0.000000000000000000e+00
4.795131920625142312e-03
4.923952342283983291e-02
1.313844266462092236e-01
1.943354823389606967e-01
1.735309839640015450e-01
6.388212143519712560e-01
8.900639037403768050e-01
9.952048680793748048e-01
1.000000000000000000e+00
1.000000000000000000e+00
1.000000000000000000e+00
9.952048680793749158e-01
9.455756488841124963e-01
8.368782156205708533e-01
6.999783853504372155e-01
6.020871858201162219e-01
5.650109021980307400e-01
5.650109021980302959e-01
5.650109021980302959e-01
5.650109021980302959e-01
5.650109021980301849e-01
5.650109021980301849e-01
5.650109021980302959e-01
5.650109021980307400e-01
6.020871858201163329e-01
6.999783853504372155e-01
8.368782156205709644e-01
9.455756488841122742e-01
9.952048680793745827e-01
1.000000000000000000e+00
1.000000000000000000e+00
1.000000000000000000e+00
9.952048680793748048e-01
9.507604765771600075e-01
8.686155733537906931e-01
7.352195467636891690e-01
5.598786778309636780e-01
3.409018833601060172e-01
1.653468862650816218e-01
4.923952342283978434e-02
4.795131920625242926e-03
0.000000000000000000e+00
0.000000000000000000e+00
1.007130866517849043e-16
0.000000000000000000e+00
2.014261733035698086e-16
0.000000000000000000e+00
0.000000000000000000e+00
0.000000000000000000e+00
1.007130866517849043e-16
0.000000000000000000e+00
0.000000000000000000e+00
0.000000000000000000e+00
0.000000000000000000e+00
1.007130866517849043e-16
0.000000000000000000e+00
0.000000000000000000e+00
0.000000000000000000e+00
0.000000000000000000e+00
0.000000000000000000e+00
4.795131920625242926e-03
4.923952342283978434e-02
1.653468862650817328e-01
3.409018833601060172e-01
4.520944217941611498e-01
3.892102609160510984e-01
6.775758054890791415e-01
9.145928432137996333e-01
1.000000000000000000e+00
1.000000000000000000e+00
1.000000000000000000e+00
9.952048680793745827e-01
9.733729220434756968e-01
9.145928432137996333e-01
8.102269279403040425e-01
6.934419349075949812e-01
6.020871858201159998e-01
5.650109021980306290e-01
5.650109021980307400e-01
5.650109021980307400e-01
5.650109021980306290e-01
5.650109021980306290e-01
5.650109021980305180e-01
5.650109021980305180e-01
5.650109021980306290e-01
6.020871858201162219e-01
6.934419349075947592e-01
8.102269279403039315e-01
9.145928432137996333e-01
9.733729220434754748e-01
9.952048680793745827e-01
1.000000000000000000e+00
9.999999999999995559e-01
9.999999999999995559e-01
9.952048680793743607e-01
9.733729220434753637e-01
9.200003697345751075e-01
8.079479238446507505e-01
6.226063927861353875e-01
3.706668941863376365e-01
1.653468862650816218e-01
4.923952342283983291e-02
4.795131920625242926e-03
0.000000000000000000e+00
0.000000000000000000e+00
1.007130866517849043e-16
1.007130866517849043e-16
0.000000000000000000e+00
0.000000000000000000e+00
0.000000000000000000e+00
0.000000000000000000e+00
0.000000000000000000e+00
0.000000000000000000e+00
0.000000000000000000e+00
0.000000000000000000e+00
0.000000000000000000e+00
0.000000000000000000e+00
0.000000000000000000e+00
0.000000000000000000e+00
0.000000000000000000e+00
4.795131920625242926e-03
4.923952342283978434e-02
1.653468862650817328e-01
3.706668941863378586e-01
6.226063927861352765e-01
7.024298784004650020e-01
5.718308603770413390e-01
6.775758054890791415e-01
9.145928432138000774e-01
1.000000000000000000e+00
1.000000000000000000e+00
9.952048680793748048e-01
9.507604765771601185e-01
8.686155733537905821e-01
7.352195467636896131e-01
5.902066603786901844e-01
4.401213221690360444e-01
3.611787856480286885e-01
3.224241945109205809e-01
3.224241945109208030e-01
3.224241945109206364e-01
3.224241945109209140e-01
3.224241945109209140e-01
3.224241945109206364e-01
3.224241945109205809e-01
3.224241945109205809e-01
3.611787856480286885e-01
4.401213221690359889e-01
5.902066603786904064e-01
7.352195467636893911e-01
8.686155733537906931e-01
9.507604765771601185e-01
9.952048680793748048e-01
1.000000000000000000e+00
1.000000000000000000e+00
1.000000000000000000e+00
1.000000000000000000e+00
9.952048680793748048e-01
9.507604765771600075e-01
8.346531137349183505e-01
6.293331058136620859e-01
3.706668941863374700e-01
1.653468862650818161e-01
4.923952342283983291e-02
4.795131920625142312e-03
1.007130866517849043e-16
0.000000000000000000e+00
0.000000000000000000e+00
1.007130866517849043e-16
0.000000000000000000e+00
0.000000000000000000e+00
0.000000000000000000e+00
0.000000000000000000e+00
0.000000000000000000e+00
0.000000000000000000e+00
0.000000000000000000e+00
3.021392599553547129e-16
0.000000000000000000e+00
0.000000000000000000e+00
3.021392599553547129e-16
4.795131920625142312e-03
4.923952342283993006e-02
1.653468862650818161e-01
3.706668941863374700e-01
6.293331058136621969e-01
8.346531137349182394e-01
8.590475181220773582e-01
6.709699744762719353e-01
6.775758054890793636e-01
9.145928432137996333e-01
1.000000000000000000e+00
9.952048680793748048e-01
9.507604765771600075e-01
8.346531137349180174e-01
6.590981166398937052e-01
4.401213221690362665e-01
2.711907445026300323e-01
1.631217843794292022e-01
1.099360962596230701e-01
8.540715678620053319e-02
8.540715678620022788e-02
8.540715678620022788e-02
8.540715678620013074e-02
8.540715678620022788e-02
8.540715678620001972e-02
8.540715678620001972e-02
8.540715678620053319e-02
1.099360962596232782e-01
1.631217843794290911e-01
2.711907445026301988e-01
4.401213221690359334e-01
6.590981166398939273e-01
8.346531137349180174e-01
9.507604765771601185e-01
9.952048680793745827e-01
1.000000000000000000e+00
1.000000000000000000e+00
1.000000000000000000e+00
1.000000000000000000e+00
9.952048680793745827e-01
9.507604765771600075e-01
8.346531137349180174e-01
6.293331058136621969e-01
3.706668941863376365e-01
1.653468862650818161e-01
4.923952342283983291e-02
4.795131920625343540e-03
0.000000000000000000e+00
2.014261733035698086e-16
0.000000000000000000e+00
0.000000000000000000e+00
0.000000000000000000e+00
0.000000000000000000e+00
0.000000000000000000e+00
0.000000000000000000e+00
0.000000000000000000e+00
0.000000000000000000e+00
0.000000000000000000e+00
0.000000000000000000e+00
0.000000000000000000e+00
4.795131920625343540e-03
4.923952342283983291e-02
1.653468862650817328e-01
3.706668941863376920e-01
6.293331058136621969e-01
8.346531137349180174e-01
9.507604765771600075e-01
9.091478145843532310e-01
6.775758054890791415e-01
6.775758054890791415e-01
9.091478145843530090e-01
9.733729220434754748e-01
9.200003697345752185e-01
8.079479238446505285e-01
6.226063927861353875e-01
3.773936072138643905e-01
1.920520761553492495e-01
7.999963026542514233e-02
2.662707795652437953e-02
4.795131920625544768e-03
0.000000000000000000e+00
0.000000000000000000e+00
0.000000000000000000e+00
0.000000000000000000e+00
0.000000000000000000e+00
0.000000000000000000e+00
0.000000000000000000e+00
0.000000000000000000e+00
4.795131920625444154e-03
2.662707795652437953e-02
7.999963026542489253e-02
1.920520761553488054e-01
3.773936072138645015e-01
6.226063927861353875e-01
8.079479238446509726e-01
9.200003697345751075e-01
9.733729220434756968e-01
9.952048680793748048e-01
1.000000000000000000e+00
1.000000000000000000e+00
9.999999999999995559e-01
9.952048680793748048e-01
9.507604765771600075e-01
8.346531137349177953e-01
6.293331058136621969e-01
3.706668941863376920e-01
1.653468862650816773e-01
4.923952342283983291e-02
4.795131920625343540e-03
1.007130866517849043e-16
0.000000000000000000e+00
0.000000000000000000e+00
0.000000000000000000e+00
0.000000000000000000e+00
0.000000000000000000e+00
0.000000000000000000e+00
0.000000000000000000e+00
0.000000000000000000e+00
0.000000000000000000e+00
0.000000000000000000e+00
4.795131920625242926e-03
4.923952342283993006e-02
1.653468862650817328e-01
3.706668941863375810e-01
6.293331058136621969e-01
8.346531137349183505e-01
9.507604765771601185e-01
9.952048680793748048e-01
9.145928432137996333e-01
6.775758054890793636e-01
6.709699744762721574e-01
8.590475181220770251e-01
8.686155733537908041e-01
7.352195467636889470e-01
5.598786778309641221e-01
3.409018833601060727e-01
1.653468862650818716e-01
4.923952342284008271e-02
4.795131920625242926e-03
0.000000000000000000e+00
0.000000000000000000e+00
0.000000000000000000e+00
0.000000000000000000e+00
0.000000000000000000e+00
0.000000000000000000e+00
0.000000000000000000e+00
0.000000000000000000e+00
0.000000000000000000e+00
2.014261733035698086e-16
0.000000000000000000e+00
0.000000000000000000e+00
4.795131920625343540e-03
4.923952342283978434e-02
1.653468862650819826e-01
3.409018833601061838e-01
5.598786778309642331e-01
7.352195467636889470e-01
8.686155733537909152e-01
9.507604765771601185e-01
9.952048680793748048e-01
9.999999999999995559e-01
9.999999999999995559e-01
1.000000000000000000e+00
9.952048680793748048e-01
9.507604765771601185e-01
8.346531137349183505e-01
6.293331058136620859e-01
3.706668941863378586e-01
1.653468862650818161e-01
4.923952342283978434e-02
4.795131920625444154e-03
0.000000000000000000e+00
0.000000000000000000e+00
0.000000000000000000e+00
0.000000000000000000e+00
0.000000000000000000e+00
0.000000000000000000e+00
0.000000000000000000e+00
0.000000000000000000e+00
0.000000000000000000e+00
4.795131920625343540e-03
4.923952342283993006e-02
1.653468862650818161e-01
3.706668941863378586e-01
6.293331058136621969e-01
8.346531137349183505e-01
9.507604765771601185e-01
9.952048680793748048e-01
1.000000000000000000e+00
9.145928432137996333e-01
6.775758054890791415e-01
6.113937819862258483e-01
7.312218214718470000e-01
6.590981166398935942e-01
4.401213221690359334e-01
2.647804532363108310e-01
1.313844266462090848e-01
4.923952342283968026e-02
4.795131920625343540e-03
0.000000000000000000e+00
1.007130866517849043e-16
0.000000000000000000e+00
0.000000000000000000e+00
0.000000000000000000e+00
0.000000000000000000e+00
0.000000000000000000e+00
0.000000000000000000e+00
0.000000000000000000e+00
0.000000000000000000e+00
0.000000000000000000e+00
0.000000000000000000e+00
0.000000000000000000e+00
0.000000000000000000e+00
4.795131920624941084e-03
4.923952342283978434e-02
1.313844266462090848e-01
2.647804532363111085e-01
4.401213221690358779e-01
6.590981166398937052e-01
8.346531137349180174e-01
9.507604765771601185e-01
9.952048680793748048e-01
9.999999999999995559e-01
1.000000000000000000e+00
1.000000000000000000e+00
9.952048680793745827e-01
9.507604765771601185e-01
8.346531137349183505e-01
6.293331058136619749e-01
3.706668941863374700e-01
1.653468862650820381e-01
4.923952342284008271e-02
4.795131920625242926e-03
0.000000000000000000e+00
0.000000000000000000e+00
0.000000000000000000e+00
0.000000000000000000e+00
0.000000000000000000e+00
0.000000000000000000e+00
0.000000000000000000e+00
4.795131920625242926e-03
4.923952342283978434e-02
1.653468862650818716e-01
3.706668941863376365e-01
6.293331058136621969e-01
8.346531137349183505e-01
9.507604765771601185e-01
9.952048680793748048e-01
1.000000000000000000e+00
1.000000000000000000e+00
9.145928432137996333e-01
6.775758054890791415e-01
4.686214555674307336e-01
5.154436978558825100e-01
3.773936072138645015e-01
1.920520761553490552e-01
7.999963026542473987e-02
2.662707795652427892e-02
4.795131920625242926e-03
2.014261733035698086e-16
0.000000000000000000e+00
0.000000000000000000e+00
0.000000000000000000e+00
0.000000000000000000e+00
0.000000000000000000e+00
0.000000000000000000e+00
0.000000000000000000e+00
3.021392599553547129e-16
0.000000000000000000e+00
0.000000000000000000e+00
0.000000000000000000e+00
0.000000000000000000e+00
0.000000000000000000e+00
0.000000000000000000e+00
1.007130866517849043e-16
4.795131920625242926e-03
2.662707795652437953e-02
7.999963026542504518e-02
1.920520761553489442e-01
3.773936072138645570e-01
6.293331058136620859e-01
8.346531137349180174e-01
9.507604765771601185e-01
9.952048680793745827e-01
1.000000000000000000e+00
1.000000000000000000e+00
9.999999999999995559e-01
9.952048680793745827e-01
9.507604765771601185e-01
8.346531137349180174e-01
6.226063927861357206e-01
3.409018833601061838e-01
1.313844266462093902e-01
2.662707795652437953e-02
0.000000000000000000e+00
0.000000000000000000e+00
0.000000000000000000e+00
0.000000000000000000e+00
0.000000000000000000e+00
0.000000000000000000e+00
0.000000000000000000e+00
2.662707795652437953e-02
1.313844266462092791e-01
3.409018833601059062e-01
6.226063927861357206e-01
8.346531137349184615e-01
9.507604765771601185e-01
9.952048680793748048e-01
1.000000000000000000e+00
1.000000000000000000e+00
9.999999999999995559e-01
9.145928432137995223e-01
6.775758054890791415e-01
2.824790409331048302e-01
2.671872026647192921e-01
1.653468862650818161e-01
4.923952342283978434e-02
4.795131920625242926e-03
0.000000000000000000e+00
0.000000000000000000e+00
0.000000000000000000e+00
0.000000000000000000e+00
0.000000000000000000e+00
0.000000000000000000e+00
0.000000000000000000e+00
0.000000000000000000e+00
0.000000000000000000e+00
0.000000000000000000e+00
0.000000000000000000e+00
0.000000000000000000e+00
0.000000000000000000e+00
0.000000000000000000e+00
0.000000000000000000e+00
0.000000000000000000e+00
0.000000000000000000e+00
0.000000000000000000e+00
0.000000000000000000e+00
0.000000000000000000e+00
4.795131920625343540e-03
4.923952342283978434e-02
1.653468862650816773e-01
3.706668941863376365e-01
6.226063927861353875e-01
8.018638444718092506e-01
8.900639037403769160e-01
9.145928432137996333e-01
9.145928432137996333e-01
9.145928432137996333e-01
9.145928432137996333e-01
9.091478145843534531e-01
8.590475181220773582e-01
7.024298784004650020e-01
4.520944217941611498e-01
1.943354823389606967e-01
5.118398155056132909e-02
0.000000000000000000e+00
0.000000000000000000e+00
0.000000000000000000e+00
0.000000000000000000e+00
0.000000000000000000e+00
0.000000000000000000e+00
0.000000000000000000e+00
5.118398155056132909e-02
1.943354823389606967e-01
4.520944217941609833e-01
7.024298784004650020e-01
8.590475181220771361e-01
9.091478145843532310e-01
9.145928432137996333e-01
9.145928432137996333e-01
9.145928432137996333e-01
9.145928432137996333e-01
8.247571041533752201e-01
6.020871858201162219e-01
1.141495910559658794e-01
1.006923301843252877e-01
4.923952342283978434e-02
4.795131920625242926e-03
0.000000000000000000e+00
0.000000000000000000e+00
1.007130866517849043e-16
2.014261733035698086e-16
0.000000000000000000e+00
0.000000000000000000e+00
0.000000000000000000e+00
0.000000000000000000e+00
0.000000000000000000e+00
0.000000000000000000e+00
0.000000000000000000e+00
0.000000000000000000e+00
0.000000000000000000e+00
0.000000000000000000e+00
0.000000000000000000e+00
0.000000000000000000e+00
0.000000000000000000e+00
0.000000000000000000e+00
1.007130866517849043e-16
1.007130866517849043e-16
0.000000000000000000e+00
0.000000000000000000e+00
4.795131920625242926e-03
4.923952342283978434e-02
1.653468862650816218e-01
3.409018833601059062e-01
5.294156548746795643e-01
6.388212143519710340e-01
6.775758054890793636e-01
6.775758054890791415e-01
6.775758054890791415e-01
6.775758054890793636e-01
6.775758054890791415e-01
6.709699744762719353e-01
5.718308603770414500e-01
3.892102609160512094e-01
1.735309839640017948e-01
5.118398155056123194e-02
0.000000000000000000e+00
0.000000000000000000e+00
0.000000000000000000e+00
0.000000000000000000e+00
0.000000000000000000e+00
0.000000000000000000e+00
0.000000000000000000e+00
5.118398155056137766e-02
1.735309839640016560e-01
3.892102609160512094e-01
5.718308603770414500e-01
6.709699744762721574e-01
6.775758054890791415e-01
6.775758054890796966e-01
6.775758054890791415e-01
6.775758054890791415e-01
6.775758054890793636e-01
6.020871858201162219e-01
4.287785669624717966e-01
