9.856012456766176875e-17
9.856012456766176875e-17
9.856012456766176875e-17
9.856012456766176875e-17
9.856012456766176875e-17
0.000000000000000000e+00
0.000000000000000000e+00
9.856012456766176875e-17
9.856012456766176875e-17
9.856012456766176875e-17
0.000000000000000000e+00
9.856012456766176875e-17
9.856012456766176875e-17
0.000000000000000000e+00
0.000000000000000000e+00
9.856012456766176875e-17
9.856012456766176875e-17
9.856012456766176875e-17
9.856012456766176875e-17
9.856012456766176875e-17
9.856012456766176875e-17
9.856012456766176875e-17
9.856012456766176875e-17
9.856012456766176875e-17
9.856012456766176875e-17
9.856012456766176875e-17
0.000000000000000000e+00
9.856012456766176875e-17
5.061626067469357504e-02
1.663982900958553834e-01
3.584554384021532702e-01
5.321880494621138435e-01
6.421458399354577073e-01
6.719098675143674315e-01
6.785423682837455894e-01
6.785423682837455894e-01
6.785423682837455894e-01
6.785423682837455894e-01
6.785423682837459225e-01
6.785423682837459225e-01
6.785423682837459225e-01
6.785423682837453674e-01
6.785423682837455894e-01
6.785423682837455894e-01
6.785423682837455894e-01
6.785423682837458115e-01
6.785423682837459225e-01
6.785423682837455894e-01
6.785423682837455894e-01
6.785423682837455894e-01
6.785423682837455894e-01
6.785423682837455894e-01
6.785423682837459225e-01
6.785423682837459225e-01
6.785423682837455894e-01
6.785423682837455894e-01
6.785423682837455894e-01
6.719098675143674315e-01
6.421458399354577073e-01
5.321880494621138435e-01
3.584554384021532702e-01
0.000000000000000000e+00
0.000000000000000000e+00
9.856012456766176875e-17
0.000000000000000000e+00
9.856012456766176875e-17
0.000000000000000000e+00
0.000000000000000000e+00
9.856012456766176875e-17
9.856012456766176875e-17
9.856012456766176875e-17
9.856012456766176875e-17
9.856012456766176875e-17
9.856012456766176875e-17
0.000000000000000000e+00
9.856012456766176875e-17
9.856012456766176875e-17
9.856012456766176875e-17
9.856012456766176875e-17
9.856012456766176875e-17
9.856012456766176875e-17
9.856012456766176875e-17
9.856012456766176875e-17
0.000000000000000000e+00
9.856012456766176875e-17
1.971202491353235375e-16
9.856012456766176875e-17
0.000000000000000000e+00
0.000000000000000000e+00
5.061626067469357504e-02
1.663982900958552447e-01
3.817711766068220824e-01
5.956171251228528085e-01
7.693646322010989635e-01
8.601576264926721338e-01
9.100197242775004414e-01
9.154294107526749213e-01
9.154294107526749213e-01
9.154294107526748103e-01
9.154294107526748103e-01
9.154294107526749213e-01
9.154294107526749213e-01
9.154294107526749213e-01
9.154294107526748103e-01
9.154294107526749213e-01
9.154294107526749213e-01
9.154294107526749213e-01
9.154294107526749213e-01
9.154294107526748103e-01
9.154294107526748103e-01
9.154294107526748103e-01
9.154294107526749213e-01
9.154294107526749213e-01
9.154294107526749213e-01
9.154294107526749213e-01
9.154294107526748103e-01
9.154294107526749213e-01
9.100197242775004414e-01
8.601576264926720228e-01
7.693646322010989635e-01
5.956171251228528085e-01
3.817711766068220824e-01
0.000000000000000000e+00
0.000000000000000000e+00
9.856012456766176875e-17
0.000000000000000000e+00
9.856012456766176875e-17
0.000000000000000000e+00
0.000000000000000000e+00
9.856012456766176875e-17
9.856012456766176875e-17
0.000000000000000000e+00
0.000000000000000000e+00
9.856012456766176875e-17
9.856012456766176875e-17
0.000000000000000000e+00
9.856012456766176875e-17
9.856012456766176875e-17
9.856012456766176875e-17
9.856012456766176875e-17
9.856012456766176875e-17
9.856012456766176875e-17
9.856012456766176875e-17
9.856012456766176875e-17
0.000000000000000000e+00
9.856012456766176875e-17
9.856012456766176875e-17
9.856012456766176875e-17
0.000000000000000000e+00
9.856012456766176875e-17
2.630542390455935242e-02
9.769722538241494558e-02
2.353545468606212665e-01
4.328902678977180063e-01
6.599874319758881613e-01
8.358271907235119702e-01
9.513103940480960308e-01
9.952672115361002048e-01
9.999999999999997780e-01
9.999999999999995559e-01
9.999999999999995559e-01
1.000000000000000000e+00
9.999999999999997780e-01
9.999999999999995559e-01
9.999999999999997780e-01
9.999999999999995559e-01
1.000000000000000000e+00
9.999999999999995559e-01
1.000000000000000000e+00
9.999999999999995559e-01
9.999999999999995559e-01
1.000000000000000000e+00
1.000000000000000000e+00
1.000000000000000000e+00
9.999999999999995559e-01
9.999999999999997780e-01
9.999999999999997780e-01
9.952672115361002048e-01
9.513103940480958087e-01
8.358271907235119702e-01
6.599874319758881613e-01
4.328902678977180063e-01
2.353545468606212110e-01
9.856012456766176875e-17
0.000000000000000000e+00
0.000000000000000000e+00
0.000000000000000000e+00
0.000000000000000000e+00
0.000000000000000000e+00
0.000000000000000000e+00
9.856012456766176875e-17
0.000000000000000000e+00
0.000000000000000000e+00
0.000000000000000000e+00
9.856012456766176875e-17
9.856012456766176875e-17
0.000000000000000000e+00
9.856012456766176875e-17
9.856012456766176875e-17
9.856012456766176875e-17
9.856012456766176875e-17
9.856012456766176875e-17
9.856012456766176875e-17
9.856012456766176875e-17
9.856012456766176875e-17
0.000000000000000000e+00
9.856012456766176875e-17
1.971202491353235375e-16
9.856012456766176875e-17
0.000000000000000000e+00
9.856012456766176875e-17
4.732788463899508143e-03
2.630542390455935242e-02
7.920011934860629599e-02
1.908427033760701774e-01
3.766786715623103854e-01
6.233213284376893926e-01
8.091572966239296560e-01
9.207998806513935097e-01
9.736945760954404117e-01
9.952672115361002048e-01
9.999999999999995559e-01
9.999999999999995559e-01
1.000000000000000000e+00
9.999999999999995559e-01
9.999999999999995559e-01
9.999999999999995559e-01
9.999999999999995559e-01
1.000000000000000000e+00
9.999999999999995559e-01
9.999999999999995559e-01
9.999999999999997780e-01
9.999999999999995559e-01
9.999999999999997780e-01
9.999999999999995559e-01
1.000000000000000000e+00
9.952672115361005378e-01
9.736945760954404117e-01
9.207998806513935097e-01
8.091572966239297671e-01
6.233213284376893926e-01
3.766786715623104409e-01
1.908427033760704550e-01
7.920011934860629599e-02
0.000000000000000000e+00
0.000000000000000000e+00
9.856012456766176875e-17
0.000000000000000000e+00
9.856012456766176875e-17
0.000000000000000000e+00
0.000000000000000000e+00
0.000000000000000000e+00
0.000000000000000000e+00
0.000000000000000000e+00
9.856012456766176875e-17
9.856012456766176875e-17
9.856012456766176875e-17
0.000000000000000000e+00
9.856012456766176875e-17
9.856012456766176875e-17
9.856012456766176875e-17
9.856012456766176875e-17
9.856012456766176875e-17
9.856012456766176875e-17
9.856012456766176875e-17
0.000000000000000000e+00
0.000000000000000000e+00
9.856012456766176875e-17
9.856012456766176875e-17
9.856012456766176875e-17
0.000000000000000000e+00
0.000000000000000000e+00
0.000000000000000000e+00
0.000000000000000000e+00
4.732788463899508143e-03
4.868960595190376106e-02
1.641728092764876690e-01
3.400125680241116721e-01
5.602438594160547014e-01
7.363670523617570352e-01
8.696917153130363509e-01
9.513103940480958087e-01
9.952672115361002048e-01
1.000000000000000000e+00
9.999999999999995559e-01
9.999999999999995559e-01
9.999999999999995559e-01
9.999999999999995559e-01
9.999999999999995559e-01
1.000000000000000000e+00
9.999999999999995559e-01
9.999999999999995559e-01
9.999999999999995559e-01
9.999999999999995559e-01
9.999999999999995559e-01
1.000000000000000000e+00
9.952672115361004268e-01
9.513103940480960308e-01
8.696917153130362399e-01
7.363670523617574792e-01
5.602438594160547014e-01
3.400125680241116721e-01
1.641728092764877800e-01
4.868960595190396229e-02
4.732788463899508143e-03
0.000000000000000000e+00
0.000000000000000000e+00
9.856012456766176875e-17
1.971202491353235375e-16
9.856012456766176875e-17
9.856012456766176875e-17
0.000000000000000000e+00
9.856012456766176875e-17
0.000000000000000000e+00
0.000000000000000000e+00
9.856012456766176875e-17
9.856012456766176875e-17
9.856012456766176875e-17
0.000000000000000000e+00
9.856012456766176875e-17
9.856012456766176875e-17
9.856012456766176875e-17
9.856012456766176875e-17
9.856012456766176875e-17
9.856012456766176875e-17
9.856012456766176875e-17
9.856012456766176875e-17
9.856012456766176875e-17
9.856012456766176875e-17
2.956803737029853063e-16
9.856012456766176875e-17
0.000000000000000000e+00
9.856012456766176875e-17
0.000000000000000000e+00
0.000000000000000000e+00
0.000000000000000000e+00
4.732788463899409263e-03
4.868960595190376106e-02
1.303082846869634270e-01
2.636329476382425763e-01
4.397561405839447990e-01
6.533009280145335440e-01
8.091572966239298781e-01
9.207998806513935097e-01
9.736945760954404117e-01
9.952672115361004268e-01
9.999999999999995559e-01
1.000000000000000000e+00
1.000000000000000000e+00
1.000000000000000000e+00
9.999999999999997780e-01
1.000000000000000000e+00
9.999999999999997780e-01
9.999999999999995559e-01
9.999999999999995559e-01
9.952672115361002048e-01
9.736945760954404117e-01
9.207998806513938428e-01
8.091572966239298781e-01
6.533009280145335440e-01
4.397561405839451321e-01
2.636329476382424652e-01
1.303082846869635658e-01
4.868960595190396229e-02
4.732788463899705034e-03
1.971202491353235375e-16
9.856012456766176875e-17
9.856012456766176875e-17
9.856012456766176875e-17
9.856012456766176875e-17
9.856012456766176875e-17
9.856012456766176875e-17
0.000000000000000000e+00
9.856012456766176875e-17
0.000000000000000000e+00
9.856012456766176875e-17
9.856012456766176875e-17
9.856012456766176875e-17
9.856012456766176875e-17
0.000000000000000000e+00
9.856012456766176875e-17
9.856012456766176875e-17
9.856012456766176875e-17
9.856012456766176875e-17
9.856012456766176875e-17
9.856012456766176875e-17
9.856012456766176875e-17
9.856012456766176875e-17
0.000000000000000000e+00
9.856012456766176875e-17
9.856012456766176875e-17
9.856012456766176875e-17
0.000000000000000000e+00
9.856012456766176875e-17
0.000000000000000000e+00
9.856012456766176875e-17
0.000000000000000000e+00
0.000000000000000000e+00
4.732788463899705034e-03
2.630542390455955018e-02
7.920011934860615721e-02
1.908427033760699276e-01
3.466990719854664005e-01
5.602438594160545904e-01
7.363670523617569241e-01
8.696917153130361289e-01
9.513103940480960308e-01
9.952672115361002048e-01
9.999999999999995559e-01
1.000000000000000000e+00
1.000000000000000000e+00
9.999999999999997780e-01
1.000000000000000000e+00
9.999999999999997780e-01
9.999999999999997780e-01
9.952672115361002048e-01
9.513103940480960308e-01
8.696917153130362399e-01
7.363670523617572572e-01
5.602438594160549235e-01
3.466990719854664005e-01
1.908427033760701219e-01
7.920011934860629599e-02
2.630542390455964732e-02
4.732788463899705034e-03
9.856012456766176875e-17
9.856012456766176875e-17
0.000000000000000000e+00
1.971202491353235375e-16
9.856012456766176875e-17
0.000000000000000000e+00
9.856012456766176875e-17
9.856012456766176875e-17
0.000000000000000000e+00
9.856012456766176875e-17
9.856012456766176875e-17
9.856012456766176875e-17
9.856012456766176875e-17
9.856012456766176875e-17
9.856012456766176875e-17
0.000000000000000000e+00
9.856012456766176875e-17
9.856012456766176875e-17
9.856012456766176875e-17
9.856012456766176875e-17
9.856012456766176875e-17
9.856012456766176875e-17
9.856012456766176875e-17
9.856012456766176875e-17
0.000000000000000000e+00
9.856012456766176875e-17
9.856012456766176875e-17
9.856012456766176875e-17
0.000000000000000000e+00
0.000000000000000000e+00
0.000000000000000000e+00
0.000000000000000000e+00
9.856012456766176875e-17
0.000000000000000000e+00
0.000000000000000000e+00
0.000000000000000000e+00
4.732788463899607022e-03
4.868960595190366392e-02
1.303082846869640654e-01
2.636329476382426873e-01
4.397561405839450765e-01
6.533009280145339881e-01
8.091572966239297671e-01
9.207998806513935097e-01
9.736945760954406337e-01
9.952672115361005378e-01
9.999999999999995559e-01
1.000000000000000000e+00
9.999999999999995559e-01
9.952672115361005378e-01
9.736945760954404117e-01
9.207998806513935097e-01
8.091572966239296560e-01
6.533009280145337661e-01
4.397561405839451876e-01
2.636329476382427428e-01
1.303082846869638156e-01
4.868960595190405943e-02
4.732788463899508143e-03
0.000000000000000000e+00
0.000000000000000000e+00
1.971202491353235375e-16
0.000000000000000000e+00
0.000000000000000000e+00
0.000000000000000000e+00
0.000000000000000000e+00
9.856012456766176875e-17
9.856012456766176875e-17
9.856012456766176875e-17
9.856012456766176875e-17
9.856012456766176875e-17
9.856012456766176875e-17
9.856012456766176875e-17
9.856012456766176875e-17
9.856012456766176875e-17
9.856012456766176875e-17
9.856012456766176875e-17
9.856012456766176875e-17
9.856012456766176875e-17
9.856012456766176875e-17
9.856012456766176875e-17
9.856012456766176875e-17
9.856012456766176875e-17
9.856012456766176875e-17
9.856012456766176875e-17
9.856012456766176875e-17
9.856012456766176875e-17
2.956803737029853063e-16
9.856012456766176875e-17
9.856012456766176875e-17
0.000000000000000000e+00
0.000000000000000000e+00
0.000000000000000000e+00
9.856012456766176875e-17
0.000000000000000000e+00
0.000000000000000000e+00
0.000000000000000000e+00
1.971202491353235375e-16
4.732788463899508143e-03
2.630542390455964732e-02
7.920011934860600455e-02
1.908427033760704550e-01
3.466990719854660674e-01
5.602438594160545904e-01
7.363670523617575903e-01
8.696917153130362399e-01
9.513103940480960308e-01
9.952672115361002048e-01
1.000000000000000000e+00
9.952672115361002048e-01
9.513103940480960308e-01
8.696917153130362399e-01
7.363670523617575903e-01
5.602438594160547014e-01
3.466990719854660674e-01
1.908427033760704550e-01
7.920011934860629599e-02
2.630542390455955018e-02
4.732788463899705034e-03
9.856012456766176875e-17
9.856012456766176875e-17
1.971202491353235375e-16
1.971202491353235375e-16
0.000000000000000000e+00
0.000000000000000000e+00
0.000000000000000000e+00
9.856012456766176875e-17
9.856012456766176875e-17
9.856012456766176875e-17
0.000000000000000000e+00
9.856012456766176875e-17
9.856012456766176875e-17
9.856012456766176875e-17
9.856012456766176875e-17
9.856012456766176875e-17
9.856012456766176875e-17
9.856012456766176875e-17
9.856012456766176875e-17
9.856012456766176875e-17
9.856012456766176875e-17
9.856012456766176875e-17
0.000000000000000000e+00
9.856012456766176875e-17
9.856012456766176875e-17
9.856012456766176875e-17
9.856012456766176875e-17
9.856012456766176875e-17
9.856012456766176875e-17
9.856012456766176875e-17
1.971202491353235375e-16
0.000000000000000000e+00
9.856012456766176875e-17
9.856012456766176875e-17
0.000000000000000000e+00
9.856012456766176875e-17
9.856012456766176875e-17
0.000000000000000000e+00
0.000000000000000000e+00
1.971202491353235375e-16
0.000000000000000000e+00
0.000000000000000000e+00
4.732788463899409263e-03
4.868960595190376106e-02
1.303082846869636213e-01
2.636329476382426873e-01
4.397561405839450765e-01
6.533009280145334330e-01
8.030765215905474319e-01
8.910445564468292279e-01
9.154294107526749213e-01
8.910445564468293389e-01
8.030765215905475429e-01
6.533009280145337661e-01
4.397561405839451321e-01
2.636329476382426873e-01
1.303082846869637601e-01
4.868960595190396229e-02
4.732788463899311251e-03
0.000000000000000000e+00
1.971202491353235375e-16
0.000000000000000000e+00
0.000000000000000000e+00
0.000000000000000000e+00
9.856012456766176875e-17
9.856012456766176875e-17
0.000000000000000000e+00
0.000000000000000000e+00
0.000000000000000000e+00
0.000000000000000000e+00
0.000000000000000000e+00
0.000000000000000000e+00
9.856012456766176875e-17
9.856012456766176875e-17
9.856012456766176875e-17
9.856012456766176875e-17
9.856012456766176875e-17
9.856012456766176875e-17
9.856012456766176875e-17
9.856012456766176875e-17
9.856012456766176875e-17
9.856012456766176875e-17
0.000000000000000000e+00
0.000000000000000000e+00
9.856012456766176875e-17
9.856012456766176875e-17
9.856012456766176875e-17
9.856012456766176875e-17
0.000000000000000000e+00
9.856012456766176875e-17
9.856012456766176875e-17
9.856012456766176875e-17
0.000000000000000000e+00
0.000000000000000000e+00
1.971202491353235375e-16
9.856012456766176875e-17
0.000000000000000000e+00
9.856012456766176875e-17
9.856012456766176875e-17
0.000000000000000000e+00
9.856012456766176875e-17
0.000000000000000000e+00
9.856012456766176875e-17
0.000000000000000000e+00
4.732788463899508143e-03
2.630542390455945304e-02
7.920011934860615721e-02
1.908427033760701774e-01
3.466990719854657899e-01
5.295969163402871605e-01
6.396168996967066533e-01
6.785423682837459225e-01
6.396168996967068754e-01
5.295969163402868274e-01
3.466990719854657899e-01
1.908427033760700664e-01
7.920011934860600455e-02
2.630542390455955018e-02
4.732788463899508143e-03
9.856012456766176875e-17
9.856012456766176875e-17
9.856012456766176875e-17
0.000000000000000000e+00
0.000000000000000000e+00
0.000000000000000000e+00
9.856012456766176875e-17
0.000000000000000000e+00
0.000000000000000000e+00
9.856012456766176875e-17
1.971202491353235375e-16
9.856012456766176875e-17
9.856012456766176875e-17
0.000000000000000000e+00
0.000000000000000000e+00
0.000000000000000000e+00
9.856012456766176875e-17
0.000000000000000000e+00
0.000000000000000000e+00
9.856012456766176875e-17
9.856012456766176875e-17
9.856012456766176875e-17
0.000000000000000000e+00
9.856012456766176875e-17
0.000000000000000000e+00
0.000000000000000000e+00
9.856012456766176875e-17
9.856012456766176875e-17
2.956803737029853063e-16
9.856012456766176875e-17
0.000000000000000000e+00
0.000000000000000000e+00
9.856012456766176875e-17
0.000000000000000000e+00
0.000000000000000000e+00
9.856012456766176875e-17
9.856012456766176875e-17
0.000000000000000000e+00
0.000000000000000000e+00
9.856012456766176875e-17
0.000000000000000000e+00
9.856012456766176875e-17
0.000000000000000000e+00
0.000000000000000000e+00
0.000000000000000000e+00
0.000000000000000000e+00
9.856012456766176875e-17
2.956803737029853063e-16
4.732788463899607022e-03
4.868960595190425372e-02
1.303082846869636213e-01
2.267305490618650998e-01
2.921873073305332191e-01
3.214576317162542440e-01
2.921873073305331081e-01
2.267305490618649055e-01
1.303082846869639821e-01
4.868960595190386514e-02
4.732788463899607022e-03
2.956803737029853063e-16
0.000000000000000000e+00
9.856012456766176875e-17
0.000000000000000000e+00
0.000000000000000000e+00
0.000000000000000000e+00
9.856012456766176875e-17
0.000000000000000000e+00
9.856012456766176875e-17
0.000000000000000000e+00
1.971202491353235375e-16
0.000000000000000000e+00
1.971202491353235375e-16
0.000000000000000000e+00
0.000000000000000000e+00
0.000000000000000000e+00
0.000000000000000000e+00
0.000000000000000000e+00
0.000000000000000000e+00
0.000000000000000000e+00
0.000000000000000000e+00
9.856012456766176875e-17
9.856012456766176875e-17
0.000000000000000000e+00
0.000000000000000000e+00
9.856012456766176875e-17
0.000000000000000000e+00
0.000000000000000000e+00
0.000000000000000000e+00
9.856012456766176875e-17
9.856012456766176875e-17
9.856012456766176875e-17
9.856012456766176875e-17
9.856012456766176875e-17
9.856012456766176875e-17
0.000000000000000000e+00
0.000000000000000000e+00
2.956803737029853063e-16
9.856012456766176875e-17
0.000000000000000000e+00
0.000000000000000000e+00
9.856012456766176875e-17
0.000000000000000000e+00
9.856012456766176875e-17
0.000000000000000000e+00
9.856012456766176875e-17
1.971202491353235375e-16
0.000000000000000000e+00
0.000000000000000000e+00
9.856012456766176875e-17
0.000000000000000000e+00
4.732788463899409263e-03
2.630542390455915466e-02
5.576940896172176421e-02
7.920011934860619884e-02
8.457058924732499539e-02
7.920011934860600455e-02
5.576940896172186135e-02
2.630542390455955018e-02
4.732788463899409263e-03
0.000000000000000000e+00
0.000000000000000000e+00
9.856012456766176875e-17
0.000000000000000000e+00
0.000000000000000000e+00
1.971202491353235375e-16
0.000000000000000000e+00
9.856012456766176875e-17
0.000000000000000000e+00
1.971202491353235375e-16
0.000000000000000000e+00
0.000000000000000000e+00
9.856012456766176875e-17
0.000000000000000000e+00
0.000000000000000000e+00
9.856012456766176875e-17
0.000000000000000000e+00
9.856012456766176875e-17
0.000000000000000000e+00
9.856012456766176875e-17
0.000000000000000000e+00
0.000000000000000000e+00
9.856012456766176875e-17
9.856012456766176875e-17
0.000000000000000000e+00
0.000000000000000000e+00
9.856012456766176875e-17
0.000000000000000000e+00
0.000000000000000000e+00
0.000000000000000000e+00
9.856012456766176875e-17
9.856012456766176875e-17
0.000000000000000000e+00
0.000000000000000000e+00
9.856012456766176875e-17
9.856012456766176875e-17
9.856012456766176875e-17
0.000000000000000000e+00
0.000000000000000000e+00
0.000000000000000000e+00
0.000000000000000000e+00
0.000000000000000000e+00
0.000000000000000000e+00
9.856012456766176875e-17
0.000000000000000000e+00
9.856012456766176875e-17
0.000000000000000000e+00
9.856012456766176875e-17
0.000000000000000000e+00
0.000000000000000000e+00
0.000000000000000000e+00
0.000000000000000000e+00
9.856012456766176875e-17
0.000000000000000000e+00
1.971202491353235375e-16
1.971202491353235375e-16
0.000000000000000000e+00
1.971202491353235375e-16
9.856012456766176875e-17
0.000000000000000000e+00
0.000000000000000000e+00
0.000000000000000000e+00
9.856012456766176875e-17
0.000000000000000000e+00
0.000000000000000000e+00
0.000000000000000000e+00
2.956803737029853063e-16
0.000000000000000000e+00
0.000000000000000000e+00
0.000000000000000000e+00
0.000000000000000000e+00
0.000000000000000000e+00
9.856012456766176875e-17
0.000000000000000000e+00
2.956803737029853063e-16
9.856012456766176875e-17
0.000000000000000000e+00
1.971202491353235375e-16
9.856012456766176875e-17
0.000000000000000000e+00
9.856012456766176875e-17
0.000000000000000000e+00
0.000000000000000000e+00
9.856012456766176875e-17
9.856012456766176875e-17
0.000000000000000000e+00
0.000000000000000000e+00
9.856012456766176875e-17
0.000000000000000000e+00
0.000000000000000000e+00
0.000000000000000000e+00
9.856012456766176875e-17
1.971202491353235375e-16
0.000000000000000000e+00
9.856012456766176875e-17
0.000000000000000000e+00
2.956803737029853063e-16
9.856012456766176875e-17
0.000000000000000000e+00
2.956803737029853063e-16
9.856012456766176875e-17
0.000000000000000000e+00
9.856012456766176875e-17
9.856012456766176875e-17
0.000000000000000000e+00
1.971202491353235375e-16
0.000000000000000000e+00
0.000000000000000000e+00
9.856012456766176875e-17
0.000000000000000000e+00
2.956803737029853063e-16
0.000000000000000000e+00
1.971202491353235375e-16
0.000000000000000000e+00
0.000000000000000000e+00
2.956803737029853063e-16
0.000000000000000000e+00
0.000000000000000000e+00
9.856012456766176875e-17
1.971202491353235375e-16
0.000000000000000000e+00
0.000000000000000000e+00
1.971202491353235375e-16
0.000000000000000000e+00
9.856012456766176875e-17
9.856012456766176875e-17
9.856012456766176875e-17
0.000000000000000000e+00
0.000000000000000000e+00
9.856012456766176875e-17
0.000000000000000000e+00
0.000000000000000000e+00
0.000000000000000000e+00
1.971202491353235375e-16
0.000000000000000000e+00
2.956803737029853063e-16
9.856012456766176875e-17
0.000000000000000000e+00
9.856012456766176875e-17
9.856012456766176875e-17
0.000000000000000000e+00
9.856012456766176875e-17
9.856012456766176875e-17
9.856012456766176875e-17
9.856012456766176875e-17
9.856012456766176875e-17
0.000000000000000000e+00
0.000000000000000000e+00
9.856012456766176875e-17
0.000000000000000000e+00
0.000000000000000000e+00
0.000000000000000000e+00
9.856012456766176875e-17
1.971202491353235375e-16
0.000000000000000000e+00
9.856012456766176875e-17
0.000000000000000000e+00
1.971202491353235375e-16
0.000000000000000000e+00
0.000000000000000000e+00
1.971202491353235375e-16
0.000000000000000000e+00
0.000000000000000000e+00
0.000000000000000000e+00
9.856012456766176875e-17
0.000000000000000000e+00
0.000000000000000000e+00
0.000000000000000000e+00
9.856012456766176875e-17
9.856012456766176875e-17
0.000000000000000000e+00
0.000000000000000000e+00
1.971202491353235375e-16
1.971202491353235375e-16
0.000000000000000000e+00
0.000000000000000000e+00
0.000000000000000000e+00
0.000000000000000000e+00
0.000000000000000000e+00
0.000000000000000000e+00
0.000000000000000000e+00
0.000000000000000000e+00
0.000000000000000000e+00
0.000000000000000000e+00
2.956803737029853063e-16
0.000000000000000000e+00
0.000000000000000000e+00
0.000000000000000000e+00
1.971202491353235375e-16
9.856012456766176875e-17
9.856012456766176875e-17
0.000000000000000000e+00
1.971202491353235375e-16
0.000000000000000000e+00
0.000000000000000000e+00
0.000000000000000000e+00
0.000000000000000000e+00
1.971202491353235375e-16
9.856012456766176875e-17
0.000000000000000000e+00
0.000000000000000000e+00
0.000000000000000000e+00
1.971202491353235375e-16
0.000000000000000000e+00
0.000000000000000000e+00
9.856012456766176875e-17
9.856012456766176875e-17
0.000000000000000000e+00
0.000000000000000000e+00
9.856012456766176875e-17
0.000000000000000000e+00
0.000000000000000000e+00
0.000000000000000000e+00
9.856012456766176875e-17
9.856012456766176875e-17
9.856012456766176875e-17
9.856012456766176875e-17
9.856012456766176875e-17
9.856012456766176875e-17
0.000000000000000000e+00
9.856012456766176875e-17
9.856012456766176875e-17
9.856012456766176875e-17
0.000000000000000000e+00
9.856012456766176875e-17
9.856012456766176875e-17
0.000000000000000000e+00
0.000000000000000000e+00
9.856012456766176875e-17
9.856012456766176875e-17
1.971202491353235375e-16
0.000000000000000000e+00
0.000000000000000000e+00
1.971202491353235375e-16
9.856012456766176875e-17
0.000000000000000000e+00
0.000000000000000000e+00
0.000000000000000000e+00
0.000000000000000000e+00
0.000000000000000000e+00
0.000000000000000000e+00
0.000000000000000000e+00
0.000000000000000000e+00
0.000000000000000000e+00
0.000000000000000000e+00
9.856012456766176875e-17
0.000000000000000000e+00
9.856012456766176875e-17
0.000000000000000000e+00
2.956803737029853063e-16
9.856012456766176875e-17
0.000000000000000000e+00
0.000000000000000000e+00
0.000000000000000000e+00
9.856012456766176875e-17
2.956803737029853063e-16
0.000000000000000000e+00
0.000000000000000000e+00
9.856012456766176875e-17
0.000000000000000000e+00
9.856012456766176875e-17
0.000000000000000000e+00
0.000000000000000000e+00
9.856012456766176875e-17
0.000000000000000000e+00
0.000000000000000000e+00
0.000000000000000000e+00
9.856012456766176875e-17
0.000000000000000000e+00
0.000000000000000000e+00
9.856012456766176875e-17
0.000000000000000000e+00
0.000000000000000000e+00
0.000000000000000000e+00
9.856012456766176875e-17
0.000000000000000000e+00
0.000000000000000000e+00
9.856012456766176875e-17
0.000000000000000000e+00
9.856012456766176875e-17
0.000000000000000000e+00
0.000000000000000000e+00
1.971202491353235375e-16
1.971202491353235375e-16
9.856012456766176875e-17
9.856012456766176875e-17
0.000000000000000000e+00
0.000000000000000000e+00
0.000000000000000000e+00
0.000000000000000000e+00
0.000000000000000000e+00
0.000000000000000000e+00
0.000000000000000000e+00
0.000000000000000000e+00
0.000000000000000000e+00
9.856012456766176875e-17
4.732788463899607022e-03
2.630542390455935242e-02
5.576940896172205564e-02
7.920011934860585190e-02
8.457058924732514804e-02
7.920011934860606007e-02
5.576940896172205564e-02
2.630542390455955018e-02
4.732788463899508143e-03
0.000000000000000000e+00
9.856012456766176875e-17
9.856012456766176875e-17
0.000000000000000000e+00
0.000000000000000000e+00
9.856012456766176875e-17
0.000000000000000000e+00
0.000000000000000000e+00
0.000000000000000000e+00
0.000000000000000000e+00
0.000000000000000000e+00
9.856012456766176875e-17
0.000000000000000000e+00
1.971202491353235375e-16
9.856012456766176875e-17
1.971202491353235375e-16
0.000000000000000000e+00
0.000000000000000000e+00
0.000000000000000000e+00
1.971202491353235375e-16
0.000000000000000000e+00
9.856012456766176875e-17
9.856012456766176875e-17
9.856012456766176875e-17
0.000000000000000000e+00
0.000000000000000000e+00
9.856012456766176875e-17
0.000000000000000000e+00
0.000000000000000000e+00
0.000000000000000000e+00
9.856012456766176875e-17
0.000000000000000000e+00
9.856012456766176875e-17
0.000000000000000000e+00
0.000000000000000000e+00
9.856012456766176875e-17
0.000000000000000000e+00
0.000000000000000000e+00
1.971202491353235375e-16
0.000000000000000000e+00
0.000000000000000000e+00
0.000000000000000000e+00
1.971202491353235375e-16
0.000000000000000000e+00
0.000000000000000000e+00
9.856012456766176875e-17
9.856012456766176875e-17
1.971202491353235375e-16
0.000000000000000000e+00
1.971202491353235375e-16
0.000000000000000000e+00
4.732788463899607022e-03
4.868960595190396229e-02
1.303082846869637601e-01
2.267305490618647112e-01
2.921873073305332191e-01
3.214576317162542440e-01
2.921873073305332191e-01
2.267305490618647112e-01
1.303082846869637601e-01
4.868960595190366392e-02
4.732788463899508143e-03
9.856012456766176875e-17
9.856012456766176875e-17
0.000000000000000000e+00
0.000000000000000000e+00
1.971202491353235375e-16
0.000000000000000000e+00
1.971202491353235375e-16
0.000000000000000000e+00
0.000000000000000000e+00
0.000000000000000000e+00
1.971202491353235375e-16
0.000000000000000000e+00
0.000000000000000000e+00
0.000000000000000000e+00
9.856012456766176875e-17
0.000000000000000000e+00
0.000000000000000000e+00
9.856012456766176875e-17
1.971202491353235375e-16
0.000000000000000000e+00
0.000000000000000000e+00
9.856012456766176875e-17
9.856012456766176875e-17
0.000000000000000000e+00
0.000000000000000000e+00
9.856012456766176875e-17
0.000000000000000000e+00
0.000000000000000000e+00
0.000000000000000000e+00
0.000000000000000000e+00
0.000000000000000000e+00
1.971202491353235375e-16
2.956803737029853063e-16
0.000000000000000000e+00
0.000000000000000000e+00
0.000000000000000000e+00
0.000000000000000000e+00
0.000000000000000000e+00
9.856012456766176875e-17
9.856012456766176875e-17
0.000000000000000000e+00
1.971202491353235375e-16
0.000000000000000000e+00
1.971202491353235375e-16
0.000000000000000000e+00
1.971202491353235375e-16
9.856012456766176875e-17
0.000000000000000000e+00
4.732788463899508143e-03
2.630542390455955018e-02
7.920011934860629599e-02
1.908427033760702607e-01
3.466990719854664005e-01
5.295969163402866053e-01
6.396168996967063203e-01
6.785423682837454784e-01
6.396168996967065423e-01
5.295969163402863833e-01
3.466990719854665670e-01
1.908427033760701219e-01
7.920011934860606007e-02
2.630542390455945304e-02
4.732788463899607022e-03
0.000000000000000000e+00
0.000000000000000000e+00
2.956803737029853063e-16
0.000000000000000000e+00
9.856012456766176875e-17
9.856012456766176875e-17
0.000000000000000000e+00
0.000000000000000000e+00
9.856012456766176875e-17
0.000000000000000000e+00
9.856012456766176875e-17
1.971202491353235375e-16
0.000000000000000000e+00
0.000000000000000000e+00
0.000000000000000000e+00
9.856012456766176875e-17
9.856012456766176875e-17
9.856012456766176875e-17
9.856012456766176875e-17
9.856012456766176875e-17
9.856012456766176875e-17
0.000000000000000000e+00
0.000000000000000000e+00
9.856012456766176875e-17
0.000000000000000000e+00
0.000000000000000000e+00
0.000000000000000000e+00
9.856012456766176875e-17
9.856012456766176875e-17
9.856012456766176875e-17
0.000000000000000000e+00
0.000000000000000000e+00
9.856012456766176875e-17
0.000000000000000000e+00
9.856012456766176875e-17
1.971202491353235375e-16
0.000000000000000000e+00
0.000000000000000000e+00
0.000000000000000000e+00
1.971202491353235375e-16
0.000000000000000000e+00
0.000000000000000000e+00
0.000000000000000000e+00
0.000000000000000000e+00
0.000000000000000000e+00
4.732788463899311251e-03
4.868960595190405943e-02
1.303082846869638711e-01
2.636329476382429648e-01
4.397561405839451321e-01
6.533009280145333220e-01
8.030765215905472099e-01
8.910445564468292279e-01
9.154294107526749213e-01
8.910445564468293389e-01
8.030765215905470988e-01
6.533009280145334330e-01
4.397561405839450765e-01
2.636329476382427428e-01
1.303082846869640654e-01
4.868960595190405943e-02
4.732788463899409263e-03
0.000000000000000000e+00
0.000000000000000000e+00
0.000000000000000000e+00
0.000000000000000000e+00
0.000000000000000000e+00
0.000000000000000000e+00
0.000000000000000000e+00
1.971202491353235375e-16
0.000000000000000000e+00
0.000000000000000000e+00
0.000000000000000000e+00
2.956803737029853063e-16
0.000000000000000000e+00
0.000000000000000000e+00
0.000000000000000000e+00
0.000000000000000000e+00
0.000000000000000000e+00
0.000000000000000000e+00
9.856012456766176875e-17
9.856012456766176875e-17
0.000000000000000000e+00
0.000000000000000000e+00
9.856012456766176875e-17
0.000000000000000000e+00
0.000000000000000000e+00
0.000000000000000000e+00
0.000000000000000000e+00
0.000000000000000000e+00
9.856012456766176875e-17
0.000000000000000000e+00
0.000000000000000000e+00
9.856012456766176875e-17
2.956803737029853063e-16
0.000000000000000000e+00
9.856012456766176875e-17
0.000000000000000000e+00
0.000000000000000000e+00
0.000000000000000000e+00
0.000000000000000000e+00
0.000000000000000000e+00
0.000000000000000000e+00
0.000000000000000000e+00
4.732788463899508143e-03
2.630542390455984508e-02
7.920011934860600455e-02
1.908427033760703162e-01
3.466990719854664005e-01
5.602438594160548124e-01
7.363670523617574792e-01
8.696917153130359068e-01
9.513103940480958087e-01
9.952672115361002048e-01
1.000000000000000000e+00
9.952672115361002048e-01
9.513103940480958087e-01
8.696917153130359068e-01
7.363670523617574792e-01
5.602438594160545904e-01
3.466990719854664005e-01
1.908427033760703162e-01
7.920011934860615721e-02
2.630542390455935242e-02
4.732788463899508143e-03
0.000000000000000000e+00
0.000000000000000000e+00
0.000000000000000000e+00
9.856012456766176875e-17
0.000000000000000000e+00
0.000000000000000000e+00
0.000000000000000000e+00
0.000000000000000000e+00
0.000000000000000000e+00
0.000000000000000000e+00
0.000000000000000000e+00
0.000000000000000000e+00
0.000000000000000000e+00
0.000000000000000000e+00
9.856012456766176875e-17
9.856012456766176875e-17
9.856012456766176875e-17
9.856012456766176875e-17
0.000000000000000000e+00
9.856012456766176875e-17
9.856012456766176875e-17
0.000000000000000000e+00
0.000000000000000000e+00
0.000000000000000000e+00
9.856012456766176875e-17
9.856012456766176875e-17
0.000000000000000000e+00
0.000000000000000000e+00
9.856012456766176875e-17
0.000000000000000000e+00
0.000000000000000000e+00
0.000000000000000000e+00
0.000000000000000000e+00
0.000000000000000000e+00
0.000000000000000000e+00
9.856012456766176875e-17
0.000000000000000000e+00
0.000000000000000000e+00
0.000000000000000000e+00
4.732788463899705034e-03
4.868960595190366392e-02
1.303082846869639821e-01
2.636329476382421322e-01
4.397561405839447435e-01
6.533009280145338771e-01
8.091572966239296560e-01
9.207998806513935097e-01
9.736945760954400786e-01
9.952672115361004268e-01
9.999999999999995559e-01
9.999999999999997780e-01
9.999999999999997780e-01
9.952672115361002048e-01
9.736945760954404117e-01
9.207998806513935097e-01
8.091572966239292120e-01
6.533009280145335440e-01
4.397561405839447435e-01
2.636329476382424652e-01
1.303082846869638156e-01
4.868960595190396229e-02
4.732788463899508143e-03
9.856012456766176875e-17
0.000000000000000000e+00
0.000000000000000000e+00
0.000000000000000000e+00
0.000000000000000000e+00
0.000000000000000000e+00
0.000000000000000000e+00
0.000000000000000000e+00
1.971202491353235375e-16
1.971202491353235375e-16
9.856012456766176875e-17
0.000000000000000000e+00
9.856012456766176875e-17
0.000000000000000000e+00
9.856012456766176875e-17
9.856012456766176875e-17
9.856012456766176875e-17
0.000000000000000000e+00
9.856012456766176875e-17
9.856012456766176875e-17
0.000000000000000000e+00
0.000000000000000000e+00
0.000000000000000000e+00
9.856012456766176875e-17
0.000000000000000000e+00
0.000000000000000000e+00
0.000000000000000000e+00
9.856012456766176875e-17
2.956803737029853063e-16
1.971202491353235375e-16
9.856012456766176875e-17
0.000000000000000000e+00
0.000000000000000000e+00
0.000000000000000000e+00
0.000000000000000000e+00
9.856012456766176875e-17
4.732788463899508143e-03
2.630542390455955018e-02
7.920011934860644864e-02
1.908427033760700664e-01
3.466990719854664005e-01
5.602438594160543683e-01
7.363670523617574792e-01
8.696917153130361289e-01
9.513103940480960308e-01
9.952672115361004268e-01
9.999999999999995559e-01
1.000000000000000000e+00
1.000000000000000000e+00
1.000000000000000000e+00
9.999999999999997780e-01
9.999999999999997780e-01
9.999999999999997780e-01
9.952672115361004268e-01
9.513103940480958087e-01
8.696917153130362399e-01
7.363670523617574792e-01
5.602438594160543683e-01
3.466990719854659564e-01
1.908427033760701219e-01
7.920011934860639313e-02
2.630542390455955018e-02
4.732788463899508143e-03
0.000000000000000000e+00
0.000000000000000000e+00
9.856012456766176875e-17
0.000000000000000000e+00
9.856012456766176875e-17
9.856012456766176875e-17
9.856012456766176875e-17
9.856012456766176875e-17
9.856012456766176875e-17
0.000000000000000000e+00
9.856012456766176875e-17
0.000000000000000000e+00
9.856012456766176875e-17
9.856012456766176875e-17
9.856012456766176875e-17
0.000000000000000000e+00
9.856012456766176875e-17
9.856012456766176875e-17
0.000000000000000000e+00
0.000000000000000000e+00
0.000000000000000000e+00
9.856012456766176875e-17
0.000000000000000000e+00
9.856012456766176875e-17
9.856012456766176875e-17
1.971202491353235375e-16
9.856012456766176875e-17
0.000000000000000000e+00
9.856012456766176875e-17
9.856012456766176875e-17
9.856012456766176875e-17
0.000000000000000000e+00
0.000000000000000000e+00
4.732788463899508143e-03
4.868960595190396229e-02
1.303082846869637601e-01
2.636329476382427428e-01
4.397561405839450210e-01
6.533009280145339881e-01
8.091572966239292120e-01
9.207998806513935097e-01
9.736945760954404117e-01
9.952672115361005378e-01
1.000000000000000000e+00
1.000000000000000000e+00
1.000000000000000000e+00
9.999999999999995559e-01
1.000000000000000000e+00
9.999999999999997780e-01
1.000000000000000000e+00
1.000000000000000000e+00
1.000000000000000000e+00
9.952672115361005378e-01
9.736945760954404117e-01
9.207998806513937318e-01
8.091572966239297671e-01
6.533009280145334330e-01
4.397561405839451321e-01
2.636329476382427428e-01
1.303082846869638156e-01
4.868960595190396229e-02
4.732788463899311251e-03
0.000000000000000000e+00
9.856012456766176875e-17
9.856012456766176875e-17
0.000000000000000000e+00
0.000000000000000000e+00
9.856012456766176875e-17
0.000000000000000000e+00
0.000000000000000000e+00
1.971202491353235375e-16
0.000000000000000000e+00
0.000000000000000000e+00
9.856012456766176875e-17
9.856012456766176875e-17
9.856012456766176875e-17
0.000000000000000000e+00
9.856012456766176875e-17
9.856012456766176875e-17
0.000000000000000000e+00
0.000000000000000000e+00
0.000000000000000000e+00
9.856012456766176875e-17
9.856012456766176875e-17
9.856012456766176875e-17
9.856012456766176875e-17
9.856012456766176875e-17
9.856012456766176875e-17
0.000000000000000000e+00
0.000000000000000000e+00
0.000000000000000000e+00
9.856012456766176875e-17
0.000000000000000000e+00
4.732788463899607022e-03
4.868960595190396229e-02
1.641728092764875302e-01
3.400125680241116721e-01
5.602438594160543683e-01
7.363670523617574792e-01
8.696917153130363509e-01
9.513103940480958087e-01
9.952672115361005378e-01
1.000000000000000000e+00
1.000000000000000000e+00
9.999999999999995559e-01
9.999999999999995559e-01
9.999999999999995559e-01
9.999999999999995559e-01
9.999999999999995559e-01
9.999999999999995559e-01
9.999999999999997780e-01
9.999999999999995559e-01
9.999999999999997780e-01
9.999999999999995559e-01
1.000000000000000000e+00
9.952672115361007599e-01
9.513103940480960308e-01
8.696917153130361289e-01
7.363670523617575903e-01
5.602438594160543683e-01
3.400125680241118387e-01
1.641728092764878078e-01
4.868960595190376106e-02
4.732788463899409263e-03
0.000000000000000000e+00
9.856012456766176875e-17
0.000000000000000000e+00
9.856012456766176875e-17
9.856012456766176875e-17
0.000000000000000000e+00
0.000000000000000000e+00
0.000000000000000000e+00
9.856012456766176875e-17
0.000000000000000000e+00
9.856012456766176875e-17
9.856012456766176875e-17
9.856012456766176875e-17
0.000000000000000000e+00
9.856012456766176875e-17
9.856012456766176875e-17
0.000000000000000000e+00
0.000000000000000000e+00
9.856012456766176875e-17
9.856012456766176875e-17
9.856012456766176875e-17
0.000000000000000000e+00
9.856012456766176875e-17
9.856012456766176875e-17
9.856012456766176875e-17
1.971202491353235375e-16
0.000000000000000000e+00
9.856012456766176875e-17
4.732788463899311251e-03
2.630542390455945304e-02
7.920011934860639313e-02
1.908427033760705105e-01
3.766786715623100523e-01
6.233213284376892815e-01
8.091572966239297671e-01
9.207998806513935097e-01
9.736945760954404117e-01
9.952672115361002048e-01
1.000000000000000000e+00
1.000000000000000000e+00
1.000000000000000000e+00
9.999999999999995559e-01
9.999999999999995559e-01
1.000000000000000000e+00
1.000000000000000000e+00
9.999999999999997780e-01
1.000000000000000000e+00
9.999999999999995559e-01
1.000000000000000000e+00
9.999999999999995559e-01
9.999999999999997780e-01
9.999999999999997780e-01
1.000000000000000000e+00
9.952672115361005378e-01
9.736945760954404117e-01
9.207998806513935097e-01
8.091572966239296560e-01
6.233213284376892815e-01
3.766786715623100523e-01
1.908427033760704550e-01
7.920011934860629599e-02
0.000000000000000000e+00
0.000000000000000000e+00
9.856012456766176875e-17
1.971202491353235375e-16
0.000000000000000000e+00
9.856012456766176875e-17
0.000000000000000000e+00
0.000000000000000000e+00
9.856012456766176875e-17
0.000000000000000000e+00
9.856012456766176875e-17
9.856012456766176875e-17
9.856012456766176875e-17
0.000000000000000000e+00
9.856012456766176875e-17
9.856012456766176875e-17
0.000000000000000000e+00
0.000000000000000000e+00
9.856012456766176875e-17
9.856012456766176875e-17
9.856012456766176875e-17
0.000000000000000000e+00
9.856012456766176875e-17
1.971202491353235375e-16
9.856012456766176875e-17
0.000000000000000000e+00
2.956803737029853063e-16
1.971202491353235375e-16
2.630542390455964732e-02
9.769722538241484844e-02
2.353545468606212665e-01
4.328902678977180063e-01
6.599874319758881613e-01
8.358271907235124143e-01
9.513103940480960308e-01
9.952672115361005378e-01
1.000000000000000000e+00
9.999999999999997780e-01
1.000000000000000000e+00
1.000000000000000000e+00
9.999999999999997780e-01
9.999999999999995559e-01
1.000000000000000000e+00
1.000000000000000000e+00
9.999999999999995559e-01
9.999999999999995559e-01
9.999999999999995559e-01
9.999999999999995559e-01
9.999999999999997780e-01
9.999999999999995559e-01
9.999999999999997780e-01
1.000000000000000000e+00
9.999999999999997780e-01
1.000000000000000000e+00
9.999999999999995559e-01
9.952672115361005378e-01
9.513103940480960308e-01
8.358271907235119702e-01
6.599874319758882724e-01
4.328902678977180063e-01
2.353545468606210167e-01
5.061626067469338075e-02
5.061626067469338075e-02
2.630542390455945304e-02
4.732788463899311251e-03
0.000000000000000000e+00
0.000000000000000000e+00
0.000000000000000000e+00
0.000000000000000000e+00
9.856012456766176875e-17
0.000000000000000000e+00
9.856012456766176875e-17
9.856012456766176875e-17
9.856012456766176875e-17
0.000000000000000000e+00
9.856012456766176875e-17
9.856012456766176875e-17
0.000000000000000000e+00
9.856012456766176875e-17
9.856012456766176875e-17
9.856012456766176875e-17
9.856012456766176875e-17
0.000000000000000000e+00
0.000000000000000000e+00
1.971202491353235375e-16
9.856012456766176875e-17
0.000000000000000000e+00
4.732788463899508143e-03
2.630542390455955018e-02
1.110490397562905879e-01
2.636329476382423542e-01
4.965493097934785549e-01
7.075627795716404878e-01
8.696917153130362399e-01
9.513103940480960308e-01
9.952672115361002048e-01
1.000000000000000000e+00
1.000000000000000000e+00
9.999999999999995559e-01
9.999999999999995559e-01
9.999999999999997780e-01
1.000000000000000000e+00
1.000000000000000000e+00
9.999999999999995559e-01
1.000000000000000000e+00
9.999999999999995559e-01
9.999999999999995559e-01
9.999999999999997780e-01
9.999999999999995559e-01
9.999999999999997780e-01
9.999999999999997780e-01
9.999999999999997780e-01
9.999999999999997780e-01
9.999999999999997780e-01
1.000000000000000000e+00
9.999999999999995559e-01
1.000000000000000000e+00
9.952672115361002048e-01
9.513103940480960308e-01
8.696917153130361289e-01
7.010268886742602179e-01
4.589484718268253549e-01
1.663982900958553834e-01
1.663982900958552447e-01
9.769722538241469578e-02
2.630542390455935242e-02
0.000000000000000000e+00
0.000000000000000000e+00
0.000000000000000000e+00
0.000000000000000000e+00
0.000000000000000000e+00
0.000000000000000000e+00
9.856012456766176875e-17
9.856012456766176875e-17
9.856012456766176875e-17
0.000000000000000000e+00
9.856012456766176875e-17
9.856012456766176875e-17
0.000000000000000000e+00
9.856012456766176875e-17
9.856012456766176875e-17
9.856012456766176875e-17
9.856012456766176875e-17
0.000000000000000000e+00
0.000000000000000000e+00
9.856012456766176875e-17
9.856012456766176875e-17
9.856012456766176875e-17
2.630542390455935242e-02
9.769722538241489007e-02
2.636329476382424652e-01
4.965493097934780553e-01
7.363670523617577013e-01
8.889509602437094538e-01
9.736945760954404117e-01
9.952672115361002048e-01
1.000000000000000000e+00
1.000000000000000000e+00
1.000000000000000000e+00
9.999999999999997780e-01
1.000000000000000000e+00
1.000000000000000000e+00
9.999999999999995559e-01
1.000000000000000000e+00
1.000000000000000000e+00
9.999999999999997780e-01
1.000000000000000000e+00
9.999999999999995559e-01
1.000000000000000000e+00
9.999999999999995559e-01
9.999999999999997780e-01
9.999999999999997780e-01
9.999999999999997780e-01
9.999999999999997780e-01
1.000000000000000000e+00
1.000000000000000000e+00
9.999999999999995559e-01
1.000000000000000000e+00
1.000000000000000000e+00
9.952672115361002048e-01
9.736945760954400786e-01
8.579877753985063471e-01
6.094962978123041886e-01
3.584554384021532147e-01
3.817711766068221935e-01
2.353545468606215718e-01
7.920011934860629599e-02
4.732788463899607022e-03
0.000000000000000000e+00
0.000000000000000000e+00
0.000000000000000000e+00
0.000000000000000000e+00
0.000000000000000000e+00
9.856012456766176875e-17
9.856012456766176875e-17
9.856012456766176875e-17
0.000000000000000000e+00
9.856012456766176875e-17
9.856012456766176875e-17
0.000000000000000000e+00
9.856012456766176875e-17
9.856012456766176875e-17
9.856012456766176875e-17
9.856012456766176875e-17
0.000000000000000000e+00
0.000000000000000000e+00
9.856012456766176875e-17
9.856012456766176875e-17
4.732788463899607022e-03
7.920011934860629599e-02
2.353545468606213220e-01
4.965493097934783884e-01
7.363670523617569241e-01
9.023027746175853459e-01
9.736945760954404117e-01
9.999999999999997780e-01
1.000000000000000000e+00
9.999999999999995559e-01
1.000000000000000000e+00
1.000000000000000000e+00
1.000000000000000000e+00
9.999999999999997780e-01
9.999999999999997780e-01
1.000000000000000000e+00
1.000000000000000000e+00
9.999999999999997780e-01
9.999999999999995559e-01
9.999999999999997780e-01
1.000000000000000000e+00
9.999999999999997780e-01
9.999999999999995559e-01
9.999999999999995559e-01
1.000000000000000000e+00
1.000000000000000000e+00
9.999999999999997780e-01
9.999999999999997780e-01
9.999999999999997780e-01
9.999999999999995559e-01
1.000000000000000000e+00
9.999999999999995559e-01
9.999999999999997780e-01
9.999999999999997780e-01
9.154294107526749213e-01
6.785423682837454784e-01
5.321880494621137325e-01
5.956171251228529195e-01
4.328902678977182839e-01
1.908427033760701774e-01
4.868960595190396229e-02
4.732788463899409263e-03
0.000000000000000000e+00
0.000000000000000000e+00
0.000000000000000000e+00
0.000000000000000000e+00
9.856012456766176875e-17
9.856012456766176875e-17
9.856012456766176875e-17
0.000000000000000000e+00
9.856012456766176875e-17
9.856012456766176875e-17
0.000000000000000000e+00
9.856012456766176875e-17
9.856012456766176875e-17
9.856012456766176875e-17
9.856012456766176875e-17
0.000000000000000000e+00
0.000000000000000000e+00
1.971202491353235375e-16
4.732788463899508143e-03
4.868960595190396229e-02
1.908427033760701219e-01
4.328902678977184504e-01
7.075627795716399326e-01
8.889509602437088986e-01
9.736945760954404117e-01
9.952672115361007599e-01
1.000000000000000000e+00
1.000000000000000000e+00
1.000000000000000000e+00
9.999999999999997780e-01
1.000000000000000000e+00
9.999999999999997780e-01
9.999999999999995559e-01
1.000000000000000000e+00
9.999999999999997780e-01
1.000000000000000000e+00
1.000000000000000000e+00
1.000000000000000000e+00
9.999999999999997780e-01
9.999999999999997780e-01
1.000000000000000000e+00
9.999999999999997780e-01
9.999999999999997780e-01
1.000000000000000000e+00
9.999999999999995559e-01
1.000000000000000000e+00
9.999999999999995559e-01
1.000000000000000000e+00
9.999999999999997780e-01
1.000000000000000000e+00
9.999999999999997780e-01
9.999999999999997780e-01
1.000000000000000000e+00
9.154294107526749213e-01
6.785423682837453674e-01
6.421458399354577073e-01
7.693646322010988525e-01
6.599874319758881613e-01
3.766786715623103854e-01
1.641728092764878078e-01
4.868960595190396229e-02
4.732788463899508143e-03
0.000000000000000000e+00
0.000000000000000000e+00
0.000000000000000000e+00
9.856012456766176875e-17
9.856012456766176875e-17
9.856012456766176875e-17
0.000000000000000000e+00
9.856012456766176875e-17
9.856012456766176875e-17
0.000000000000000000e+00
9.856012456766176875e-17
9.856012456766176875e-17
9.856012456766176875e-17
9.856012456766176875e-17
0.000000000000000000e+00
0.000000000000000000e+00
4.732788463899607022e-03
4.868960595190405943e-02
1.641728092764878078e-01
3.766786715623103854e-01
6.599874319758882724e-01
8.696917153130361289e-01
9.736945760954400786e-01
1.000000000000000000e+00
1.000000000000000000e+00
9.999999999999995559e-01
9.999999999999997780e-01
1.000000000000000000e+00
1.000000000000000000e+00
1.000000000000000000e+00
9.999999999999997780e-01
1.000000000000000000e+00
1.000000000000000000e+00
9.999999999999995559e-01
1.000000000000000000e+00
1.000000000000000000e+00
9.999999999999997780e-01
1.000000000000000000e+00
9.999999999999995559e-01
1.000000000000000000e+00
9.999999999999995559e-01
9.999999999999997780e-01
9.999999999999997780e-01
9.999999999999997780e-01
9.999999999999997780e-01
1.000000000000000000e+00
1.000000000000000000e+00
9.999999999999995559e-01
1.000000000000000000e+00
1.000000000000000000e+00
9.999999999999997780e-01
9.999999999999997780e-01
9.154294107526749213e-01
6.785423682837458115e-01
6.719098675143672095e-01
8.601576264926721338e-01
8.358271907235124143e-01
6.233213284376893926e-01
3.400125680241119497e-01
1.303082846869637601e-01
2.630542390455945304e-02
9.856012456766176875e-17
0.000000000000000000e+00
0.000000000000000000e+00
9.856012456766176875e-17
9.856012456766176875e-17
9.856012456766176875e-17
0.000000000000000000e+00
9.856012456766176875e-17
9.856012456766176875e-17
0.000000000000000000e+00
9.856012456766176875e-17
9.856012456766176875e-17
9.856012456766176875e-17
0.000000000000000000e+00
0.000000000000000000e+00
0.000000000000000000e+00
2.630542390455955018e-02
1.303082846869638156e-01
3.400125680241118387e-01
6.233213284376893926e-01
8.358271907235121922e-01
9.513103940480958087e-01
9.952672115361002048e-01
1.000000000000000000e+00
1.000000000000000000e+00
9.999999999999997780e-01
1.000000000000000000e+00
9.999999999999995559e-01
1.000000000000000000e+00
9.999999999999997780e-01
1.000000000000000000e+00
9.999999999999997780e-01
9.999999999999997780e-01
1.000000000000000000e+00
1.000000000000000000e+00
9.999999999999997780e-01
9.999999999999995559e-01
9.999999999999997780e-01
1.000000000000000000e+00
9.999999999999997780e-01
9.999999999999995559e-01
9.999999999999995559e-01
1.000000000000000000e+00
1.000000000000000000e+00
9.999999999999997780e-01
9.999999999999997780e-01
9.999999999999997780e-01
9.999999999999995559e-01
1.000000000000000000e+00
9.999999999999995559e-01
9.999999999999997780e-01
9.999999999999997780e-01
9.154294107526749213e-01
6.785423682837454784e-01
6.785423682837455894e-01
9.100197242775005524e-01
9.513103940480962528e-01
8.091572966239296560e-01
5.602438594160549235e-01
2.636329476382424652e-01
7.920011934860629599e-02
4.732788463899508143e-03
0.000000000000000000e+00
9.856012456766176875e-17
9.856012456766176875e-17
9.856012456766176875e-17
9.856012456766176875e-17
0.000000000000000000e+00
9.856012456766176875e-17
9.856012456766176875e-17
0.000000000000000000e+00
0.000000000000000000e+00
9.856012456766176875e-17
9.856012456766176875e-17
9.856012456766176875e-17
0.000000000000000000e+00
4.732788463899311251e-03
7.920011934860649028e-02
2.636329476382427428e-01
5.602438594160549235e-01
8.091572966239295450e-01
9.513103940480962528e-01
9.952672115361004268e-01
9.999999999999995559e-01
9.999999999999997780e-01
1.000000000000000000e+00
1.000000000000000000e+00
1.000000000000000000e+00
1.000000000000000000e+00
9.999999999999997780e-01
1.000000000000000000e+00
9.999999999999997780e-01
9.999999999999995559e-01
1.000000000000000000e+00
9.999999999999997780e-01
1.000000000000000000e+00
1.000000000000000000e+00
1.000000000000000000e+00
9.999999999999997780e-01
9.999999999999997780e-01
1.000000000000000000e+00
9.999999999999997780e-01
9.999999999999997780e-01
1.000000000000000000e+00
9.999999999999995559e-01
1.000000000000000000e+00
9.999999999999995559e-01
1.000000000000000000e+00
9.999999999999997780e-01
1.000000000000000000e+00
9.999999999999997780e-01
9.999999999999997780e-01
1.000000000000000000e+00
9.154294107526749213e-01
6.785423682837453674e-01
6.785423682837455894e-01
9.154294107526748103e-01
9.952672115361002048e-01
9.207998806513935097e-01
7.363670523617570352e-01
4.397561405839450210e-01
1.908427033760702607e-01
4.868960595190396229e-02
4.732788463899508143e-03
0.000000000000000000e+00
9.856012456766176875e-17
9.856012456766176875e-17
9.856012456766176875e-17
0.000000000000000000e+00
9.856012456766176875e-17
9.856012456766176875e-17
0.000000000000000000e+00
0.000000000000000000e+00
9.856012456766176875e-17
9.856012456766176875e-17
0.000000000000000000e+00
4.732788463899311251e-03
4.868960595190396229e-02
1.908427033760703162e-01
4.397561405839450765e-01
7.363670523617574792e-01
9.207998806513937318e-01
9.952672115361004268e-01
9.999999999999997780e-01
9.999999999999995559e-01
1.000000000000000000e+00
1.000000000000000000e+00
9.999999999999995559e-01
9.999999999999997780e-01
1.000000000000000000e+00
9.999999999999995559e-01
9.999999999999997780e-01
9.999999999999997780e-01
9.999999999999995559e-01
1.000000000000000000e+00
1.000000000000000000e+00
9.999999999999995559e-01
9.999999999999995559e-01
1.000000000000000000e+00
1.000000000000000000e+00
9.999999999999997780e-01
1.000000000000000000e+00
9.999999999999995559e-01
1.000000000000000000e+00
9.999999999999995559e-01
9.999999999999997780e-01
9.999999999999997780e-01
1.000000000000000000e+00
1.000000000000000000e+00
9.999999999999995559e-01
9.999999999999995559e-01
9.999999999999995559e-01
9.999999999999995559e-01
9.999999999999995559e-01
9.154294107526749213e-01
6.785423682837455894e-01
6.785423682837455894e-01
9.154294107526748103e-01
1.000000000000000000e+00
9.736945760954404117e-01
8.696917153130361289e-01
6.533009280145335440e-01
3.466990719854662339e-01
1.303082846869637601e-01
2.630542390455935242e-02
0.000000000000000000e+00
0.000000000000000000e+00
9.856012456766176875e-17
9.856012456766176875e-17
0.000000000000000000e+00
0.000000000000000000e+00
9.856012456766176875e-17
0.000000000000000000e+00
0.000000000000000000e+00
0.000000000000000000e+00
9.856012456766176875e-17
0.000000000000000000e+00
2.630542390455935242e-02
1.303082846869635658e-01
3.466990719854664005e-01
6.533009280145335440e-01
8.696917153130362399e-01
9.736945760954404117e-01
1.000000000000000000e+00
9.999999999999997780e-01
9.999999999999997780e-01
9.999999999999995559e-01
9.999999999999997780e-01
9.999999999999997780e-01
1.000000000000000000e+00
1.000000000000000000e+00
1.000000000000000000e+00
9.999999999999997780e-01
9.999999999999997780e-01
1.000000000000000000e+00
1.000000000000000000e+00
9.999999999999997780e-01
9.999999999999995559e-01
9.999999999999995559e-01
1.000000000000000000e+00
9.999999999999995559e-01
9.999999999999995559e-01
9.999999999999995559e-01
9.999999999999995559e-01
9.999999999999995559e-01
9.999999999999995559e-01
9.999999999999997780e-01
9.999999999999995559e-01
9.999999999999997780e-01
1.000000000000000000e+00
9.999999999999995559e-01
1.000000000000000000e+00
9.999999999999995559e-01
9.999999999999995559e-01
1.000000000000000000e+00
9.154294107526749213e-01
6.785423682837452564e-01
6.785423682837455894e-01
9.154294107526748103e-01
1.000000000000000000e+00
9.952672115361004268e-01
9.513103940480960308e-01
8.091572966239294340e-01
5.602438594160547014e-01
2.636329476382425208e-01
7.920011934860629599e-02
4.732788463899508143e-03
0.000000000000000000e+00
9.856012456766176875e-17
9.856012456766176875e-17
0.000000000000000000e+00
0.000000000000000000e+00
9.856012456766176875e-17
0.000000000000000000e+00
0.000000000000000000e+00
0.000000000000000000e+00
9.856012456766176875e-17
4.732788463899508143e-03
7.920011934860615721e-02
2.636329476382423542e-01
5.602438594160549235e-01
8.091572966239297671e-01
9.513103940480960308e-01
9.952672115361005378e-01
9.999999999999995559e-01
1.000000000000000000e+00
9.999999999999995559e-01
1.000000000000000000e+00
9.999999999999997780e-01
9.999999999999995559e-01
1.000000000000000000e+00
9.999999999999997780e-01
1.000000000000000000e+00
1.000000000000000000e+00
9.999999999999995559e-01
9.999999999999995559e-01
9.999999999999997780e-01
1.000000000000000000e+00
1.000000000000000000e+00
9.999999999999995559e-01
9.999999999999995559e-01
9.999999999999995559e-01
9.999999999999995559e-01
9.999999999999997780e-01
9.999999999999995559e-01
9.999999999999995559e-01
9.999999999999997780e-01
9.999999999999997780e-01
9.999999999999997780e-01
9.999999999999997780e-01
9.999999999999995559e-01
9.999999999999995559e-01
1.000000000000000000e+00
9.999999999999995559e-01
9.999999999999995559e-01
9.999999999999997780e-01
9.154294107526749213e-01
6.785423682837453674e-01
6.785423682837455894e-01
9.154294107526749213e-01
9.999999999999997780e-01
1.000000000000000000e+00
9.952672115361004268e-01
9.207998806513937318e-01
7.363670523617570352e-01
4.397561405839451321e-01
1.908427033760701774e-01
4.868960595190396229e-02
4.732788463899508143e-03
9.856012456766176875e-17
0.000000000000000000e+00
0.000000000000000000e+00
0.000000000000000000e+00
9.856012456766176875e-17
0.000000000000000000e+00
0.000000000000000000e+00
0.000000000000000000e+00
4.732788463899607022e-03
4.868960595190396229e-02
1.908427033760701219e-01
4.397561405839450765e-01
7.363670523617574792e-01
9.207998806513937318e-01
9.952672115361004268e-01
1.000000000000000000e+00
1.000000000000000000e+00
9.999999999999997780e-01
1.000000000000000000e+00
1.000000000000000000e+00
1.000000000000000000e+00
9.999999999999997780e-01
1.000000000000000000e+00
1.000000000000000000e+00
9.999999999999997780e-01
1.000000000000000000e+00
9.999999999999995559e-01
1.000000000000000000e+00
9.999999999999997780e-01
1.000000000000000000e+00
1.000000000000000000e+00
9.999999999999995559e-01
1.000000000000000000e+00
1.000000000000000000e+00
1.000000000000000000e+00
9.999999999999997780e-01
9.999999999999997780e-01
9.999999999999997780e-01
1.000000000000000000e+00
9.999999999999997780e-01
1.000000000000000000e+00
1.000000000000000000e+00
9.999999999999995559e-01
9.999999999999995559e-01
9.999999999999995559e-01
1.000000000000000000e+00
1.000000000000000000e+00
1.000000000000000000e+00
9.154294107526749213e-01
6.785423682837455894e-01
6.785423682837455894e-01
9.154294107526749213e-01
1.000000000000000000e+00
9.999999999999995559e-01
1.000000000000000000e+00
9.736945760954404117e-01
8.696917153130361289e-01
6.533009280145335440e-01
3.466990719854664005e-01
1.303082846869637601e-01
2.630542390455935242e-02
9.856012456766176875e-17
9.856012456766176875e-17
0.000000000000000000e+00
0.000000000000000000e+00
9.856012456766176875e-17
0.000000000000000000e+00
0.000000000000000000e+00
0.000000000000000000e+00
2.630542390455955018e-02
1.303082846869637601e-01
3.466990719854662895e-01
6.533009280145335440e-01
8.696917153130362399e-01
9.736945760954404117e-01
1.000000000000000000e+00
1.000000000000000000e+00
1.000000000000000000e+00
9.999999999999995559e-01
1.000000000000000000e+00
1.000000000000000000e+00
1.000000000000000000e+00
9.999999999999997780e-01
1.000000000000000000e+00
1.000000000000000000e+00
1.000000000000000000e+00
1.000000000000000000e+00
9.999999999999995559e-01
1.000000000000000000e+00
9.999999999999997780e-01
1.000000000000000000e+00
1.000000000000000000e+00
1.000000000000000000e+00
1.000000000000000000e+00
9.999999999999995559e-01
1.000000000000000000e+00
9.999999999999997780e-01
1.000000000000000000e+00
1.000000000000000000e+00
1.000000000000000000e+00
1.000000000000000000e+00
9.999999999999997780e-01
1.000000000000000000e+00
1.000000000000000000e+00
9.999999999999997780e-01
1.000000000000000000e+00
9.999999999999995559e-01
9.999999999999997780e-01
1.000000000000000000e+00
9.154294107526749213e-01
6.785423682837455894e-01
6.785423682837455894e-01
9.154294107526749213e-01
1.000000000000000000e+00
9.999999999999997780e-01
9.999999999999995559e-01
9.952672115361002048e-01
9.513103940480960308e-01
8.091572966239295450e-01
5.602438594160547014e-01
2.636329476382427428e-01
7.920011934860629599e-02
4.732788463899508143e-03
0.000000000000000000e+00
0.000000000000000000e+00
0.000000000000000000e+00
9.856012456766176875e-17
0.000000000000000000e+00
0.000000000000000000e+00
4.732788463899508143e-03
7.920011934860639313e-02
2.636329476382424652e-01
5.602438594160545904e-01
8.091572966239292120e-01
9.513103940480960308e-01
9.952672115361004268e-01
9.999999999999997780e-01
9.999999999999997780e-01
1.000000000000000000e+00
1.000000000000000000e+00
9.999999999999995559e-01
1.000000000000000000e+00
9.999999999999995559e-01
9.999999999999995559e-01
1.000000000000000000e+00
9.999999999999995559e-01
1.000000000000000000e+00
1.000000000000000000e+00
1.000000000000000000e+00
1.000000000000000000e+00
1.000000000000000000e+00
1.000000000000000000e+00
9.999999999999995559e-01
9.999999999999995559e-01
9.999999999999995559e-01
9.999999999999995559e-01
9.999999999999995559e-01
9.999999999999995559e-01
9.999999999999997780e-01
9.999999999999995559e-01
9.999999999999997780e-01
9.999999999999995559e-01
1.000000000000000000e+00
1.000000000000000000e+00
1.000000000000000000e+00
9.999999999999997780e-01
1.000000000000000000e+00
9.999999999999995559e-01
9.999999999999997780e-01
1.000000000000000000e+00
9.154294107526749213e-01
6.785423682837455894e-01
6.785423682837455894e-01
9.154294107526749213e-01
1.000000000000000000e+00
1.000000000000000000e+00
1.000000000000000000e+00
9.999999999999995559e-01
9.952672115361004268e-01
9.207998806513935097e-01
7.363670523617574792e-01
4.397561405839451876e-01
1.908427033760701219e-01
4.868960595190396229e-02
4.732788463899508143e-03
0.000000000000000000e+00
0.000000000000000000e+00
9.856012456766176875e-17
0.000000000000000000e+00
4.732788463899508143e-03
4.868960595190396229e-02
1.908427033760702607e-01
4.397561405839449655e-01
7.363670523617572572e-01
9.207998806513935097e-01
9.952672115361005378e-01
9.999999999999995559e-01
1.000000000000000000e+00
9.999999999999995559e-01
1.000000000000000000e+00
9.999999999999995559e-01
1.000000000000000000e+00
9.999999999999995559e-01
1.000000000000000000e+00
9.999999999999997780e-01
9.999999999999997780e-01
9.999999999999995559e-01
1.000000000000000000e+00
9.999999999999995559e-01
1.000000000000000000e+00
1.000000000000000000e+00
1.000000000000000000e+00
1.000000000000000000e+00
1.000000000000000000e+00
9.999999999999995559e-01
9.999999999999995559e-01
9.999999999999995559e-01
1.000000000000000000e+00
9.999999999999995559e-01
9.999999999999995559e-01
9.999999999999995559e-01
1.000000000000000000e+00
1.000000000000000000e+00
1.000000000000000000e+00
1.000000000000000000e+00
1.000000000000000000e+00
9.999999999999995559e-01
1.000000000000000000e+00
9.999999999999995559e-01
9.999999999999995559e-01
1.000000000000000000e+00
9.154294107526749213e-01
6.785423682837459225e-01
6.785423682837459225e-01
9.154294107526748103e-01
9.999999999999997780e-01
9.999999999999995559e-01
9.999999999999995559e-01
9.999999999999997780e-01
9.999999999999995559e-01
9.736945760954404117e-01
8.696917153130361289e-01
6.533009280145335440e-01
3.466990719854662339e-01
1.303082846869638156e-01
2.630542390455955018e-02
0.000000000000000000e+00
0.000000000000000000e+00
9.856012456766176875e-17
0.000000000000000000e+00
2.630542390455955018e-02
1.303082846869637601e-01
3.466990719854664005e-01
6.533009280145333220e-01
8.696917153130359068e-01
9.736945760954404117e-01
1.000000000000000000e+00
1.000000000000000000e+00
9.999999999999995559e-01
9.999999999999995559e-01
9.999999999999997780e-01
9.999999999999995559e-01
1.000000000000000000e+00
1.000000000000000000e+00
9.999999999999995559e-01
9.999999999999995559e-01
1.000000000000000000e+00
9.999999999999995559e-01
1.000000000000000000e+00
1.000000000000000000e+00
9.999999999999995559e-01
1.000000000000000000e+00
1.000000000000000000e+00
1.000000000000000000e+00
1.000000000000000000e+00
9.999999999999995559e-01
9.999999999999995559e-01
9.999999999999995559e-01
1.000000000000000000e+00
9.999999999999995559e-01
9.999999999999995559e-01
9.999999999999995559e-01
1.000000000000000000e+00
9.999999999999995559e-01
1.000000000000000000e+00
1.000000000000000000e+00
1.000000000000000000e+00
9.999999999999995559e-01
1.000000000000000000e+00
9.999999999999995559e-01
9.999999999999995559e-01
1.000000000000000000e+00
9.154294107526751434e-01
6.785423682837454784e-01
6.785423682837458115e-01
9.154294107526748103e-01
1.000000000000000000e+00
9.999999999999995559e-01
9.999999999999997780e-01
9.999999999999995559e-01
9.999999999999995559e-01
9.952672115361004268e-01
9.513103940480958087e-01
8.030765215905475429e-01
5.295969163402867164e-01
2.267305490618647112e-01
5.576940896172195850e-02
0.000000000000000000e+00
0.000000000000000000e+00
9.856012456766176875e-17
0.000000000000000000e+00
5.576940896172195850e-02
2.267305490618646557e-01
5.295969163402868274e-01
8.030765215905474319e-01
9.513103940480958087e-01
9.952672115361002048e-01
1.000000000000000000e+00
1.000000000000000000e+00
9.999999999999997780e-01
9.999999999999995559e-01
9.999999999999997780e-01
1.000000000000000000e+00
1.000000000000000000e+00
1.000000000000000000e+00
1.000000000000000000e+00
9.999999999999995559e-01
1.000000000000000000e+00
1.000000000000000000e+00
1.000000000000000000e+00
1.000000000000000000e+00
9.999999999999995559e-01
9.999999999999995559e-01
1.000000000000000000e+00
1.000000000000000000e+00
1.000000000000000000e+00
9.999999999999997780e-01
1.000000000000000000e+00
9.999999999999995559e-01
9.999999999999997780e-01
9.999999999999997780e-01
9.999999999999995559e-01
9.999999999999995559e-01
1.000000000000000000e+00
9.999999999999995559e-01
1.000000000000000000e+00
9.999999999999995559e-01
9.999999999999995559e-01
1.000000000000000000e+00
1.000000000000000000e+00
1.000000000000000000e+00
9.999999999999995559e-01
1.000000000000000000e+00
9.154294107526748103e-01
6.785423682837455894e-01
6.785423682837458115e-01
9.154294107526748103e-01
9.999999999999997780e-01
9.999999999999995559e-01
1.000000000000000000e+00
9.999999999999995559e-01
9.999999999999997780e-01
1.000000000000000000e+00
9.952672115361004268e-01
8.910445564468293389e-01
6.396168996967066533e-01
2.921873073305333857e-01
7.920011934860644864e-02
0.000000000000000000e+00
0.000000000000000000e+00
9.856012456766176875e-17
0.000000000000000000e+00
7.920011934860639313e-02
2.921873073305332191e-01
6.396168996967066533e-01
8.910445564468292279e-01
9.952672115361004268e-01
1.000000000000000000e+00
1.000000000000000000e+00
9.999999999999995559e-01
1.000000000000000000e+00
9.999999999999997780e-01
9.999999999999995559e-01
9.999999999999995559e-01
1.000000000000000000e+00
1.000000000000000000e+00
1.000000000000000000e+00
1.000000000000000000e+00
1.000000000000000000e+00
1.000000000000000000e+00
9.999999999999995559e-01
9.999999999999995559e-01
9.999999999999995559e-01
9.999999999999995559e-01
1.000000000000000000e+00
1.000000000000000000e+00
1.000000000000000000e+00
9.999999999999995559e-01
1.000000000000000000e+00
9.999999999999997780e-01
1.000000000000000000e+00
1.000000000000000000e+00
1.000000000000000000e+00
1.000000000000000000e+00
1.000000000000000000e+00
9.999999999999997780e-01
1.000000000000000000e+00
1.000000000000000000e+00
1.000000000000000000e+00
9.999999999999995559e-01
9.999999999999997780e-01
9.999999999999995559e-01
1.000000000000000000e+00
1.000000000000000000e+00
9.154294107526748103e-01
6.785423682837455894e-01
6.785423682837455894e-01
9.154294107526749213e-01
1.000000000000000000e+00
9.999999999999995559e-01
1.000000000000000000e+00
9.999999999999995559e-01
9.999999999999995559e-01
1.000000000000000000e+00
9.999999999999995559e-01
9.154294107526749213e-01
6.785423682837459225e-01
3.214576317162544661e-01
8.457058924732514804e-02
0.000000000000000000e+00
0.000000000000000000e+00
9.856012456766176875e-17
0.000000000000000000e+00
8.457058924732509253e-02
3.214576317162542995e-01
6.785423682837458115e-01
9.154294107526748103e-01
9.999999999999995559e-01
9.999999999999997780e-01
9.999999999999995559e-01
1.000000000000000000e+00
1.000000000000000000e+00
9.999999999999995559e-01
1.000000000000000000e+00
9.999999999999997780e-01
1.000000000000000000e+00
9.999999999999995559e-01
1.000000000000000000e+00
1.000000000000000000e+00
9.999999999999997780e-01
1.000000000000000000e+00
1.000000000000000000e+00
1.000000000000000000e+00
9.999999999999995559e-01
1.000000000000000000e+00
9.999999999999997780e-01
1.000000000000000000e+00
1.000000000000000000e+00
1.000000000000000000e+00
9.999999999999995559e-01
1.000000000000000000e+00
9.999999999999995559e-01
1.000000000000000000e+00
9.999999999999995559e-01
1.000000000000000000e+00
9.999999999999995559e-01
9.999999999999997780e-01
9.999999999999997780e-01
1.000000000000000000e+00
9.999999999999997780e-01
9.999999999999995559e-01
1.000000000000000000e+00
9.999999999999995559e-01
9.999999999999995559e-01
1.000000000000000000e+00
9.154294107526749213e-01
6.785423682837455894e-01
6.785423682837459225e-01
9.154294107526749213e-01
1.000000000000000000e+00
1.000000000000000000e+00
1.000000000000000000e+00
9.999999999999995559e-01
1.000000000000000000e+00
1.000000000000000000e+00
9.952672115361004268e-01
8.910445564468292279e-01
6.396168996967066533e-01
2.921873073305333857e-01
7.920011934860644864e-02
0.000000000000000000e+00
0.000000000000000000e+00
9.856012456766176875e-17
0.000000000000000000e+00
7.920011934860639313e-02
2.921873073305332191e-01
6.396168996967066533e-01
8.910445564468292279e-01
9.952672115361002048e-01
9.999999999999995559e-01
1.000000000000000000e+00
1.000000000000000000e+00
9.999999999999997780e-01
1.000000000000000000e+00
1.000000000000000000e+00
9.999999999999995559e-01
9.999999999999995559e-01
1.000000000000000000e+00
1.000000000000000000e+00
9.999999999999997780e-01
9.999999999999995559e-01
1.000000000000000000e+00
1.000000000000000000e+00
9.999999999999995559e-01
1.000000000000000000e+00
1.000000000000000000e+00
1.000000000000000000e+00
1.000000000000000000e+00
1.000000000000000000e+00
1.000000000000000000e+00
9.999999999999997780e-01
1.000000000000000000e+00
9.999999999999995559e-01
9.999999999999997780e-01
9.999999999999995559e-01
1.000000000000000000e+00
1.000000000000000000e+00
9.999999999999995559e-01
1.000000000000000000e+00
1.000000000000000000e+00
1.000000000000000000e+00
9.999999999999995559e-01
1.000000000000000000e+00
1.000000000000000000e+00
9.999999999999995559e-01
1.000000000000000000e+00
9.154294107526751434e-01
6.785423682837455894e-01
6.785423682837454784e-01
9.154294107526748103e-01
1.000000000000000000e+00
1.000000000000000000e+00
9.999999999999997780e-01
9.999999999999995559e-01
9.999999999999995559e-01
9.952672115361004268e-01
9.513103940480960308e-01
8.030765215905475429e-01
5.295969163402868274e-01
2.267305490618647668e-01
5.576940896172205564e-02
0.000000000000000000e+00
0.000000000000000000e+00
9.856012456766176875e-17
0.000000000000000000e+00
5.576940896172195850e-02
2.267305490618647112e-01
5.295969163402870494e-01
8.030765215905475429e-01
9.513103940480960308e-01
9.952672115361004268e-01
1.000000000000000000e+00
1.000000000000000000e+00
9.999999999999995559e-01
1.000000000000000000e+00
9.999999999999995559e-01
1.000000000000000000e+00
9.999999999999997780e-01
9.999999999999995559e-01
9.999999999999997780e-01
1.000000000000000000e+00
1.000000000000000000e+00
1.000000000000000000e+00
1.000000000000000000e+00
9.999999999999995559e-01
9.999999999999995559e-01
1.000000000000000000e+00
1.000000000000000000e+00
9.999999999999995559e-01
9.999999999999995559e-01
1.000000000000000000e+00
1.000000000000000000e+00
9.999999999999995559e-01
9.999999999999995559e-01
9.999999999999995559e-01
1.000000000000000000e+00
9.999999999999997780e-01
1.000000000000000000e+00
9.999999999999995559e-01
1.000000000000000000e+00
1.000000000000000000e+00
9.999999999999995559e-01
9.999999999999995559e-01
9.999999999999997780e-01
9.999999999999995559e-01
9.999999999999997780e-01
1.000000000000000000e+00
9.154294107526748103e-01
6.785423682837455894e-01
6.785423682837459225e-01
9.154294107526748103e-01
1.000000000000000000e+00
9.999999999999995559e-01
1.000000000000000000e+00
9.999999999999997780e-01
9.999999999999995559e-01
9.736945760954404117e-01
8.696917153130362399e-01
6.533009280145335440e-01
3.466990719854662895e-01
1.303082846869637601e-01
2.630542390455955018e-02
0.000000000000000000e+00
0.000000000000000000e+00
0.000000000000000000e+00
0.000000000000000000e+00
2.630542390455955018e-02
1.303082846869637601e-01
3.466990719854664005e-01
6.533009280145334330e-01
8.696917153130359068e-01
9.736945760954404117e-01
1.000000000000000000e+00
1.000000000000000000e+00
1.000000000000000000e+00
1.000000000000000000e+00
1.000000000000000000e+00
1.000000000000000000e+00
9.999999999999997780e-01
1.000000000000000000e+00
9.999999999999997780e-01
9.999999999999995559e-01
1.000000000000000000e+00
1.000000000000000000e+00
1.000000000000000000e+00
9.999999999999995559e-01
9.999999999999995559e-01
9.999999999999997780e-01
1.000000000000000000e+00
1.000000000000000000e+00
9.999999999999995559e-01
9.999999999999995559e-01
9.999999999999995559e-01
9.999999999999995559e-01
9.999999999999995559e-01
1.000000000000000000e+00
9.999999999999995559e-01
9.999999999999997780e-01
9.999999999999995559e-01
1.000000000000000000e+00
1.000000000000000000e+00
9.999999999999997780e-01
9.999999999999997780e-01
9.999999999999995559e-01
1.000000000000000000e+00
9.999999999999995559e-01
9.999999999999995559e-01
9.999999999999995559e-01
9.154294107526749213e-01
6.785423682837455894e-01
6.785423682837455894e-01
9.154294107526749213e-01
9.999999999999997780e-01
1.000000000000000000e+00
9.999999999999997780e-01
1.000000000000000000e+00
9.952672115361004268e-01
9.207998806513935097e-01
7.363670523617574792e-01
4.397561405839451321e-01
1.908427033760702607e-01
4.868960595190396229e-02
4.732788463899508143e-03
0.000000000000000000e+00
0.000000000000000000e+00
0.000000000000000000e+00
0.000000000000000000e+00
4.732788463899508143e-03
4.868960595190396229e-02
1.908427033760703162e-01
4.397561405839451876e-01
7.363670523617574792e-01
9.207998806513935097e-01
9.952672115361004268e-01
1.000000000000000000e+00
9.999999999999997780e-01
1.000000000000000000e+00
9.999999999999995559e-01
1.000000000000000000e+00
9.999999999999997780e-01
1.000000000000000000e+00
9.999999999999995559e-01
1.000000000000000000e+00
9.999999999999995559e-01
9.999999999999995559e-01
1.000000000000000000e+00
1.000000000000000000e+00
9.999999999999997780e-01
1.000000000000000000e+00
1.000000000000000000e+00
1.000000000000000000e+00
1.000000000000000000e+00
9.999999999999995559e-01
1.000000000000000000e+00
9.999999999999995559e-01
9.999999999999997780e-01
9.999999999999995559e-01
9.999999999999997780e-01
9.999999999999995559e-01
1.000000000000000000e+00
9.999999999999995559e-01
1.000000000000000000e+00
1.000000000000000000e+00
1.000000000000000000e+00
1.000000000000000000e+00
1.000000000000000000e+00
9.999999999999995559e-01
9.999999999999995559e-01
1.000000000000000000e+00
9.154294107526749213e-01
6.785423682837459225e-01
6.785423682837455894e-01
9.154294107526749213e-01
1.000000000000000000e+00
1.000000000000000000e+00
1.000000000000000000e+00
9.952672115361004268e-01
9.513103940480958087e-01
8.091572966239296560e-01
5.602438594160549235e-01
2.636329476382425208e-01
7.920011934860629599e-02
4.732788463899508143e-03
9.856012456766176875e-17
0.000000000000000000e+00
0.000000000000000000e+00
0.000000000000000000e+00
0.000000000000000000e+00
0.000000000000000000e+00
4.732788463899607022e-03
7.920011934860639313e-02
2.636329476382425763e-01
5.602438594160549235e-01
8.091572966239295450e-01
9.513103940480960308e-01
9.952672115361005378e-01
9.999999999999997780e-01
1.000000000000000000e+00
1.000000000000000000e+00
9.999999999999997780e-01
1.000000000000000000e+00
9.999999999999995559e-01
1.000000000000000000e+00
1.000000000000000000e+00
1.000000000000000000e+00
1.000000000000000000e+00
1.000000000000000000e+00
9.999999999999997780e-01
1.000000000000000000e+00
1.000000000000000000e+00
1.000000000000000000e+00
1.000000000000000000e+00
1.000000000000000000e+00
1.000000000000000000e+00
1.000000000000000000e+00
9.999999999999995559e-01
9.999999999999995559e-01
9.999999999999997780e-01
1.000000000000000000e+00
1.000000000000000000e+00
9.999999999999997780e-01
9.999999999999995559e-01
1.000000000000000000e+00
1.000000000000000000e+00
9.999999999999995559e-01
1.000000000000000000e+00
1.000000000000000000e+00
9.999999999999997780e-01
1.000000000000000000e+00
1.000000000000000000e+00
9.154294107526749213e-01
6.785423682837459225e-01
6.785423682837459225e-01
9.154294107526748103e-01
1.000000000000000000e+00
1.000000000000000000e+00
1.000000000000000000e+00
9.736945760954404117e-01
8.696917153130359068e-01
6.533009280145337661e-01
3.466990719854664005e-01
1.303082846869637601e-01
2.630542390455955018e-02
9.856012456766176875e-17
9.856012456766176875e-17
0.000000000000000000e+00
0.000000000000000000e+00
0.000000000000000000e+00
0.000000000000000000e+00
0.000000000000000000e+00
9.856012456766176875e-17
2.630542390455955018e-02
1.303082846869636213e-01
3.466990719854662895e-01
6.533009280145335440e-01
8.696917153130362399e-01
9.736945760954404117e-01
1.000000000000000000e+00
1.000000000000000000e+00
9.999999999999995559e-01
9.999999999999995559e-01
1.000000000000000000e+00
1.000000000000000000e+00
1.000000000000000000e+00
9.999999999999997780e-01
1.000000000000000000e+00
1.000000000000000000e+00
1.000000000000000000e+00
1.000000000000000000e+00
1.000000000000000000e+00
1.000000000000000000e+00
1.000000000000000000e+00
9.999999999999995559e-01
9.999999999999995559e-01
9.999999999999995559e-01
9.999999999999997780e-01
1.000000000000000000e+00
9.999999999999995559e-01
9.999999999999995559e-01
9.999999999999995559e-01
9.999999999999995559e-01
1.000000000000000000e+00
9.999999999999995559e-01
9.999999999999995559e-01
1.000000000000000000e+00
1.000000000000000000e+00
1.000000000000000000e+00
1.000000000000000000e+00
9.999999999999997780e-01
1.000000000000000000e+00
1.000000000000000000e+00
9.154294107526749213e-01
6.785423682837453674e-01
6.785423682837459225e-01
9.154294107526749213e-01
1.000000000000000000e+00
1.000000000000000000e+00
9.952672115361004268e-01
9.207998806513935097e-01
7.363670523617574792e-01
4.397561405839451876e-01
1.908427033760703162e-01
4.868960595190396229e-02
4.732788463899508143e-03
9.856012456766176875e-17
9.856012456766176875e-17
0.000000000000000000e+00
0.000000000000000000e+00
0.000000000000000000e+00
0.000000000000000000e+00
0.000000000000000000e+00
9.856012456766176875e-17
4.732788463899607022e-03
4.868960595190396229e-02
1.908427033760703162e-01
4.397561405839451876e-01
7.363670523617574792e-01
9.207998806513937318e-01
9.952672115361005378e-01
1.000000000000000000e+00
1.000000000000000000e+00
9.999999999999997780e-01
9.999999999999997780e-01
1.000000000000000000e+00
1.000000000000000000e+00
1.000000000000000000e+00
1.000000000000000000e+00
1.000000000000000000e+00
1.000000000000000000e+00
1.000000000000000000e+00
1.000000000000000000e+00
1.000000000000000000e+00
9.999999999999997780e-01
1.000000000000000000e+00
1.000000000000000000e+00
1.000000000000000000e+00
1.000000000000000000e+00
1.000000000000000000e+00
1.000000000000000000e+00
1.000000000000000000e+00
9.999999999999995559e-01
9.999999999999995559e-01
1.000000000000000000e+00
1.000000000000000000e+00
1.000000000000000000e+00
1.000000000000000000e+00
9.999999999999995559e-01
1.000000000000000000e+00
1.000000000000000000e+00
9.999999999999995559e-01
9.999999999999995559e-01
1.000000000000000000e+00
9.154294107526749213e-01
6.785423682837454784e-01
6.785423682837455894e-01
9.154294107526749213e-01
9.999999999999997780e-01
9.952672115361005378e-01
9.513103940480958087e-01
8.091572966239296560e-01
5.602438594160547014e-01
2.636329476382425763e-01
7.920011934860629599e-02
4.732788463899508143e-03
0.000000000000000000e+00
9.856012456766176875e-17
9.856012456766176875e-17
0.000000000000000000e+00
0.000000000000000000e+00
0.000000000000000000e+00
0.000000000000000000e+00
0.000000000000000000e+00
9.856012456766176875e-17
9.856012456766176875e-17
4.732788463899508143e-03
7.920011934860639313e-02
2.636329476382424652e-01
5.602438594160549235e-01
8.091572966239297671e-01
9.513103940480960308e-01
9.952672115361005378e-01
9.999999999999997780e-01
9.999999999999997780e-01
1.000000000000000000e+00
1.000000000000000000e+00
1.000000000000000000e+00
1.000000000000000000e+00
1.000000000000000000e+00
1.000000000000000000e+00
1.000000000000000000e+00
9.999999999999997780e-01
9.999999999999995559e-01
1.000000000000000000e+00
9.999999999999995559e-01
9.999999999999995559e-01
9.999999999999997780e-01
1.000000000000000000e+00
1.000000000000000000e+00
9.999999999999995559e-01
9.999999999999997780e-01
9.999999999999997780e-01
9.999999999999997780e-01
1.000000000000000000e+00
1.000000000000000000e+00
9.999999999999997780e-01
9.999999999999995559e-01
1.000000000000000000e+00
1.000000000000000000e+00
1.000000000000000000e+00
1.000000000000000000e+00
9.999999999999997780e-01
1.000000000000000000e+00
1.000000000000000000e+00
9.154294107526748103e-01
6.785423682837453674e-01
6.785423682837455894e-01
9.154294107526748103e-01
9.999999999999997780e-01
9.736945760954404117e-01
8.696917153130362399e-01
6.533009280145337661e-01
3.466990719854662339e-01
1.303082846869636213e-01
2.630542390455935242e-02
0.000000000000000000e+00
0.000000000000000000e+00
9.856012456766176875e-17
9.856012456766176875e-17
0.000000000000000000e+00
0.000000000000000000e+00
0.000000000000000000e+00
0.000000000000000000e+00
0.000000000000000000e+00
9.856012456766176875e-17
9.856012456766176875e-17
0.000000000000000000e+00
2.630542390455935242e-02
1.303082846869636213e-01
3.466990719854664005e-01
6.533009280145338771e-01
8.696917153130365730e-01
9.736945760954400786e-01
9.999999999999995559e-01
9.999999999999995559e-01
9.999999999999997780e-01
9.999999999999997780e-01
1.000000000000000000e+00
9.999999999999997780e-01
1.000000000000000000e+00
1.000000000000000000e+00
9.999999999999995559e-01
9.999999999999995559e-01
9.999999999999995559e-01
9.999999999999995559e-01
1.000000000000000000e+00
9.999999999999997780e-01
9.999999999999995559e-01
9.999999999999995559e-01
9.999999999999995559e-01
9.999999999999995559e-01
1.000000000000000000e+00
9.999999999999995559e-01
9.999999999999995559e-01
9.999999999999997780e-01
1.000000000000000000e+00
9.999999999999997780e-01
1.000000000000000000e+00
9.999999999999997780e-01
9.999999999999997780e-01
1.000000000000000000e+00
1.000000000000000000e+00
9.999999999999995559e-01
1.000000000000000000e+00
1.000000000000000000e+00
9.154294107526748103e-01
6.785423682837458115e-01
6.785423682837455894e-01
9.154294107526749213e-01
9.952672115361005378e-01
9.207998806513937318e-01
7.363670523617572572e-01
4.397561405839450210e-01
1.908427033760702607e-01
4.868960595190396229e-02
4.732788463899508143e-03
0.000000000000000000e+00
9.856012456766176875e-17
9.856012456766176875e-17
9.856012456766176875e-17
0.000000000000000000e+00
9.856012456766176875e-17
0.000000000000000000e+00
0.000000000000000000e+00
9.856012456766176875e-17
9.856012456766176875e-17
9.856012456766176875e-17
0.000000000000000000e+00
4.732788463899508143e-03
4.868960595190396229e-02
1.908427033760703162e-01
4.397561405839454096e-01
7.363670523617574792e-01
9.207998806513938428e-01
9.952672115361005378e-01
1.000000000000000000e+00
1.000000000000000000e+00
1.000000000000000000e+00
1.000000000000000000e+00
1.000000000000000000e+00
1.000000000000000000e+00
1.000000000000000000e+00
1.000000000000000000e+00
9.999999999999997780e-01
9.999999999999995559e-01
9.999999999999995559e-01
1.000000000000000000e+00
9.999999999999995559e-01
1.000000000000000000e+00
9.999999999999992228e-01
1.000000000000000000e+00
1.000000000000000000e+00
1.000000000000000000e+00
1.000000000000000000e+00
9.999999999999995559e-01
9.999999999999995559e-01
1.000000000000000000e+00
9.999999999999995559e-01
1.000000000000000000e+00
9.999999999999997780e-01
1.000000000000000000e+00
1.000000000000000000e+00
1.000000000000000000e+00
1.000000000000000000e+00
9.999999999999997780e-01
9.999999999999995559e-01
9.154294107526748103e-01
6.785423682837455894e-01
6.785423682837455894e-01
9.100197242775004414e-01
9.513103940480962528e-01
8.091572966239295450e-01
5.602438594160547014e-01
2.636329476382425763e-01
7.920011934860639313e-02
4.732788463899508143e-03
9.856012456766176875e-17
0.000000000000000000e+00
9.856012456766176875e-17
9.856012456766176875e-17
9.856012456766176875e-17
0.000000000000000000e+00
9.856012456766176875e-17
0.000000000000000000e+00
0.000000000000000000e+00
9.856012456766176875e-17
9.856012456766176875e-17
9.856012456766176875e-17
0.000000000000000000e+00
0.000000000000000000e+00
4.732788463899508143e-03
7.920011934860639313e-02
2.636329476382427428e-01
5.602438594160547014e-01
8.091572966239295450e-01
9.513103940480960308e-01
9.952672115361005378e-01
9.999999999999995559e-01
9.999999999999997780e-01
1.000000000000000000e+00
1.000000000000000000e+00
9.999999999999997780e-01
1.000000000000000000e+00
1.000000000000000000e+00
9.999999999999995559e-01
1.000000000000000000e+00
1.000000000000000000e+00
1.000000000000000000e+00
9.999999999999995559e-01
9.999999999999995559e-01
1.000000000000000000e+00
1.000000000000000000e+00
1.000000000000000000e+00
9.999999999999997780e-01
1.000000000000000000e+00
9.999999999999997780e-01
9.999999999999995559e-01
9.999999999999995559e-01
9.999999999999995559e-01
1.000000000000000000e+00
1.000000000000000000e+00
1.000000000000000000e+00
9.999999999999995559e-01
1.000000000000000000e+00
1.000000000000000000e+00
9.999999999999995559e-01
1.000000000000000000e+00
9.154294107526748103e-01
6.785423682837455894e-01
6.719098675143672095e-01
8.601576264926721338e-01
8.358271907235119702e-01
6.233213284376893926e-01
3.400125680241118387e-01
1.303082846869636213e-01
2.630542390455955018e-02
9.856012456766176875e-17
0.000000000000000000e+00
0.000000000000000000e+00
9.856012456766176875e-17
9.856012456766176875e-17
9.856012456766176875e-17
0.000000000000000000e+00
9.856012456766176875e-17
0.000000000000000000e+00
0.000000000000000000e+00
9.856012456766176875e-17
9.856012456766176875e-17
9.856012456766176875e-17
0.000000000000000000e+00
0.000000000000000000e+00
0.000000000000000000e+00
2.630542390455955018e-02
1.303082846869638711e-01
3.400125680241119497e-01
6.233213284376893926e-01
8.358271907235119702e-01
9.513103940480958087e-01
9.952672115361004268e-01
9.999999999999995559e-01
1.000000000000000000e+00
1.000000000000000000e+00
9.999999999999995559e-01
9.999999999999995559e-01
9.999999999999995559e-01
1.000000000000000000e+00
9.999999999999995559e-01
9.999999999999995559e-01
9.999999999999997780e-01
9.999999999999997780e-01
9.999999999999995559e-01
9.999999999999995559e-01
1.000000000000000000e+00
1.000000000000000000e+00
9.999999999999997780e-01
1.000000000000000000e+00
9.999999999999997780e-01
9.999999999999995559e-01
9.999999999999995559e-01
9.999999999999995559e-01
9.999999999999995559e-01
9.999999999999997780e-01
9.999999999999995559e-01
1.000000000000000000e+00
9.999999999999995559e-01
9.999999999999997780e-01
9.999999999999997780e-01
1.000000000000000000e+00
9.154294107526748103e-01
6.785423682837458115e-01
6.421458399354575963e-01
7.693646322010988525e-01
6.599874319758884944e-01
3.766786715623104409e-01
1.641728092764877800e-01
4.868960595190396229e-02
4.732788463899508143e-03
9.856012456766176875e-17
0.000000000000000000e+00
0.000000000000000000e+00
9.856012456766176875e-17
9.856012456766176875e-17
9.856012456766176875e-17
0.000000000000000000e+00
9.856012456766176875e-17
0.000000000000000000e+00
0.000000000000000000e+00
9.856012456766176875e-17
9.856012456766176875e-17
9.856012456766176875e-17
9.856012456766176875e-17
0.000000000000000000e+00
9.856012456766176875e-17
4.732788463899508143e-03
4.868960595190405943e-02
1.641728092764879188e-01
3.766786715623104409e-01
6.599874319758882724e-01
8.696917153130359068e-01
9.736945760954404117e-01
9.999999999999995559e-01
1.000000000000000000e+00
9.999999999999997780e-01
9.999999999999995559e-01
1.000000000000000000e+00
1.000000000000000000e+00
1.000000000000000000e+00
9.999999999999997780e-01
1.000000000000000000e+00
1.000000000000000000e+00
1.000000000000000000e+00
9.999999999999997780e-01
1.000000000000000000e+00
1.000000000000000000e+00
9.999999999999995559e-01
1.000000000000000000e+00
9.999999999999997780e-01
1.000000000000000000e+00
1.000000000000000000e+00
9.999999999999995559e-01
9.999999999999997780e-01
1.000000000000000000e+00
1.000000000000000000e+00
1.000000000000000000e+00
1.000000000000000000e+00
1.000000000000000000e+00
1.000000000000000000e+00
9.999999999999995559e-01
9.999999999999997780e-01
9.154294107526749213e-01
6.785423682837455894e-01
5.321880494621135105e-01
5.956171251228524754e-01
4.328902678977178953e-01
1.908427033760701219e-01
4.868960595190376106e-02
4.732788463899409263e-03
0.000000000000000000e+00
0.000000000000000000e+00
0.000000000000000000e+00
0.000000000000000000e+00
0.000000000000000000e+00
9.856012456766176875e-17
0.000000000000000000e+00
0.000000000000000000e+00
9.856012456766176875e-17
0.000000000000000000e+00
0.000000000000000000e+00
9.856012456766176875e-17
9.856012456766176875e-17
0.000000000000000000e+00
0.000000000000000000e+00
0.000000000000000000e+00
0.000000000000000000e+00
0.000000000000000000e+00
4.732788463899508143e-03
4.868960595190396229e-02
1.908427033760703162e-01
4.328902678977178398e-01
7.010268886742598848e-01
8.579877753985063471e-01
9.154294107526748103e-01
9.154294107526749213e-01
9.154294107526749213e-01
9.154294107526748103e-01
9.154294107526749213e-01
9.154294107526748103e-01
9.154294107526749213e-01
9.154294107526745883e-01
9.154294107526748103e-01
9.154294107526749213e-01
9.154294107526749213e-01
9.154294107526748103e-01
9.154294107526749213e-01
9.154294107526748103e-01
9.154294107526749213e-01
9.154294107526745883e-01
9.154294107526749213e-01
9.154294107526748103e-01
9.154294107526748103e-01
9.154294107526749213e-01
9.154294107526748103e-01
9.154294107526749213e-01
9.154294107526748103e-01
9.154294107526749213e-01
9.154294107526749213e-01
9.154294107526745883e-01
9.154294107526748103e-01
9.154294107526748103e-01
9.154294107526749213e-01
8.259483223885397685e-01
6.026934884455570351e-01
3.584554384021532147e-01
3.817711766068218604e-01
2.353545468606212110e-01
7.920011934860629599e-02
4.732788463899508143e-03
0.000000000000000000e+00
0.000000000000000000e+00
0.000000000000000000e+00
0.000000000000000000e+00
0.000000000000000000e+00
0.000000000000000000e+00
0.000000000000000000e+00
0.000000000000000000e+00
0.000000000000000000e+00
9.856012456766176875e-17
0.000000000000000000e+00
0.000000000000000000e+00
9.856012456766176875e-17
9.856012456766176875e-17
9.856012456766176875e-17
0.000000000000000000e+00
0.000000000000000000e+00
0.000000000000000000e+00
0.000000000000000000e+00
0.000000000000000000e+00
4.732788463899607022e-03
7.920011934860629599e-02
2.353545468606211277e-01
4.589484718268252439e-01
6.094962978123038555e-01
6.785423682837455894e-01
6.785423682837455894e-01
6.785423682837454784e-01
6.785423682837455894e-01
6.785423682837458115e-01
6.785423682837455894e-01
6.785423682837454784e-01
6.785423682837454784e-01
6.785423682837453674e-01
6.785423682837453674e-01
6.785423682837455894e-01
6.785423682837452564e-01
6.785423682837453674e-01
6.785423682837453674e-01
6.785423682837453674e-01
6.785423682837458115e-01
6.785423682837455894e-01
6.785423682837453674e-01
6.785423682837454784e-01
6.785423682837452564e-01
6.785423682837452564e-01
6.785423682837453674e-01
6.785423682837455894e-01
6.785423682837458115e-01
6.785423682837455894e-01
6.785423682837458115e-01
6.785423682837455894e-01
6.785423682837455894e-01
6.785423682837455894e-01
6.026934884455570351e-01
4.283466794571931247e-01
