2.936538777879780469e+02
3.422153793347534929e+02
2.266291279221041748e+02
2.396992039478616903e+02
2.582695064166313728e+02
1.947881136642484989e+02
2.153817318086083787e+02
1.818594009251014540e+02
1.666328842376322257e+02
1.602371258808118455e+02
1.734085732523369927e+02
1.514274311948177854e+02
1.182225501134855961e+02
1.352586536274066873e+02
9.250050796864555025e+01
1.169521179714493115e+02
1.055611662541754470e+02
9.741660452504653733e+01
1.017189954546853272e+02
1.127462271010319483e+02
7.790647812923936044e+01
1.127907187354011853e+02
8.715205783563307307e+01
7.145298517868272370e+01
7.584248712782347468e+01
7.532809701931395807e+01
8.679855833512002050e+01
7.465123936131328719e+01
4.175750519386521376e+01
8.307862767017644501e+01
6.645159980570205960e+01
3.956827338802084171e+01
6.723519290235870471e+01
6.351033607282712268e+01
3.808175081483680913e+01
2.204928342286964948e+01
4.622365257074230982e+01
4.603393208304456863e+01
2.595616537741172891e+01
6.852315556910468786e+01
5.876081671603638767e+01
2.155696855189042793e+01
3.047934095403842392e+01
3.984292706195866174e+01
3.088171915064529927e+01
1.260890737800028560e+01
2.042554908862292606e+01
4.607044074583409810e+01
2.048252634699666430e+01
1.909741142445767537e+01
5.189994883940144632e+01
3.760694703057935584e+01
7.301698345345907626e+01
4.956819973856718775e+01
6.220061660680872251e+01
8.229778146406671624e+01
5.774806884228966908e+01
7.944080857847407628e+01
3.778472052880398024e+01
3.798723403812265076e+01
4.933052745257066363e+01
4.284377749875640262e+01
5.257110523658267454e+01
5.766371806254666410e+01
3.576342988042469528e+01
3.526722656901931430e+01
6.380097703945810395e+01
4.079216414598744933e+01
4.693556595251244090e+01
5.186389217214890834e+01
3.355120453621124454e+01
6.557181220282245704e+01
1.571444248122079443e+02
1.601755085438822164e+02
1.129343048833712402e+02
5.307575427371084942e+01
1.166615029176727916e+02
1.154614257124488574e+02
7.994463747640811846e+01
2.107766978868499450e+02
1.121092869163083066e+02
7.374587984973413768e+02
3.255301447865932118e+02
1.402966167100469477e+02
8.914443494636793730e+01
6.101883946656848678e+01
2.001296022817600715e+02
1.138700114093037286e+02
1.230791340958659958e+02
1.229795914731268738e+02
7.217071827563933084e+01
1.596035677273950171e+02
1.367399601415264385e+02
8.352029539233589617e+01
7.284681332466387005e+01
6.788709573758391969e+01
6.253774737816778639e+01
4.683474464673572157e+01
4.769490249589073017e+01
4.184285206653040490e+01
6.438683822491086062e+01
7.565592193456816972e+01
5.028226704872944453e+01
2.997420985308610852e+01
5.238588133539933978e+01
6.938800551759422319e+01
6.395993841742543395e+01
6.779798433484836551e+01
4.823214727646898581e+01
4.313530094075218102e+01
5.596148682019056508e+01
6.048629640550230135e+01
5.435686001565951386e+01
4.850936600587971981e+01
5.022595003513021794e+01
5.195512240666778325e+01
5.254932028561606216e+01
5.669650927304128629e+01
5.419908392456173374e+01
5.788420806198077173e+01
5.841471150679732460e+01
4.355485560942323531e+01
5.580526950067732628e+01
3.596721744935819487e+01
3.084665308770512837e+01
2.605295813448329056e+01
1.140164110574712097e+01
1.929858157745410452e+01
4.204226947168500317e+01
4.237452331782215253e+01
4.830710074955024425e+01
4.348328472613726348e+01
2.268869009271272219e+01
1.532746674103369955e+01
2.969591743010445839e+01
3.302230845579991581e+01
4.648046430646743232e+01
4.930867587756544168e+01
3.949587739277596654e+01
1.434128978522331899e+01
1.736849493361018304e+01
4.908322478795801658e+01
5.062810980718300868e+01
6.085978293292571095e+01
4.186962646377531883e+01
3.294849288262744125e+01
1.651181385687225145e+01
1.406313373904939468e+01
3.278502094694083269e+01
3.450775322025896230e+01
5.051629476633110727e+01
4.142812949694975089e+01
3.999710639294142567e+01
4.335124776882084063e+01
1.257223019726994906e+01
2.563647158112132374e+01
4.722656693236353931e+01
4.526651332538608585e+01
4.342889033434812518e+01
5.787136526002040426e+01
5.809484061072905803e+01
5.534168729534296460e+01
6.054016055591355894e+01
6.660687372617294955e+01
6.106482916188112853e+01
6.229577355604362054e+01
5.565232342596429049e+01
5.483562950442184558e+01
4.989895454021610277e+01
5.361436865311415545e+01
4.930509127736223007e+01
4.029178428616556573e+01
4.538401539342638102e+01
4.176737099870540249e+01
3.781467961262156052e+01
5.200535273673578729e+01
5.723139002488824190e+01
5.191561900395858942e+01
6.082716118927189086e+01
5.195462780344345077e+01
4.534084223747160536e+01
4.826138126272375928e+01
4.546412651453044873e+01
4.995526026631094396e+01
5.613879739177208705e+01
4.688098895175102854e+01
4.596536947521367722e+01
5.103667076528398638e+01
4.500717052807070218e+01
5.367692319468260109e+01
4.546944718530283325e+01
4.654288564675231044e+01
3.993653155340675909e+01
4.201553570965586459e+01
4.089309199921989801e+01
5.215189081944484428e+01
4.063534289612675821e+01
4.260670699417490681e+01
5.847851071668431899e+01
5.813931401913370678e+01
5.619588523325085561e+01
4.872618284023663193e+01
4.771930669443695905e+01
4.522244548344679060e+01
4.284278794663897116e+01
4.498668771030850877e+01
4.708214886061018944e+01
4.208591119542847991e+01
4.491175022496625502e+01
3.939276299612441079e+01
4.448994792717832780e+01
3.726396832579324325e+01
3.127732668911749769e+01
4.219032820195835143e+01
4.209374114178061177e+01
3.848190177437538750e+01
5.011499334548064866e+01
5.309486153384668228e+01
3.996227846933277306e+01
3.837496865227396370e+01
4.096311672638940138e+01
3.797054347178575284e+01
3.761023577649712024e+01
4.527676132221527894e+01
3.756556894997076768e+01
4.326870909467075421e+01
5.016716617775960430e+01
4.337390342733669968e+01
4.081230096153465325e+01
4.781745023029657204e+01
4.113912684267898356e+01
4.632037575573701105e+01
4.421903841433753968e+01
4.949123634700447383e+01
4.300671950925091380e+01
3.092236182488737839e+01
3.697309816956836670e+01
3.334330852157928859e+01
3.619916532786290730e+01
3.392572146979863135e+01
3.915845301144358359e+01
3.637041353960772483e+01
4.830343647629096182e+01
4.705825069997140275e+01
4.352915306969092057e+01
4.829846613375961084e+01
5.412716610958958796e+01
3.549039215394378743e+01
3.892851310185822911e+01
4.831118657536600125e+01
4.106207053940359231e+01
4.517742980347143344e+01
3.380549655842213497e+01
3.298047575696420353e+01
3.369020966830405683e+01
4.829345527617414291e+01
5.745946798187346616e+01
4.367146262347773700e+01
3.392214255226571851e+01
3.678579685177202663e+01
4.233370949977155817e+01
4.320415635618456918e+01
3.605820733490940455e+01
3.214474934687132901e+01
3.543848358760713779e+01
3.797496050913284904e+01
3.565175073998074140e+01
3.264106602474375052e+01
3.891363153821613707e+01
3.852672760806849794e+01
4.318700270618968062e+01
4.799660938463601667e+01
4.099680508566277126e+01
4.224854637579606731e+01
4.531278256680126759e+01
3.372314281746593423e+01
4.020838091399836856e+01
4.217933215513529177e+01
3.809455063370517536e+01
4.249507339728030075e+01
4.207640355366114449e+01
3.395764683981804666e+01
5.055215504540705496e+01
4.665160440115280949e+01
4.265925973449004260e+01
3.534543051827229476e+01
4.803063469652501283e+01
4.814346313227592589e+01
3.701393624348847311e+01
4.963602056275654206e+01
5.147594289433904180e+01
6.139268862068794874e+01
4.823650274747134858e+01
4.832380760684304732e+01
4.086947196718042363e+01
6.103875487260518184e+01
5.386923243305522391e+01
3.842349845889189908e+01
5.600063263454626394e+01
6.117892059176101327e+01
