2.246976647807576555e+01
3.349430089654943998e+01
3.677918425229904642e+01
4.210187617097388113e+01
2.250601797661912329e+01
3.527961427694892649e+01
2.621976403948421819e+01
2.301112607379842245e+01
2.850197706655328744e+01
3.885887365036693808e+01
3.085488762179687683e+01
4.239553432739718630e+01
4.908338321993457498e+01
5.198837257461531891e+01
3.576266522900578337e+01
4.376724528302381856e+01
4.816575514412120640e+01
3.721214148408024869e+01
4.403795830716087067e+01
4.526316703916619844e+01
5.790526273920624334e+01
4.958819963819610876e+01
7.236513553938934251e+01
5.061229490868114311e+01
5.069835086983449912e+01
3.819324799445141849e+01
9.372445140954781095e+01
4.508974705553915641e+01
4.521841935998831730e+01
7.151215653929962457e+01
7.475161278163258771e+01
4.121234814465501728e+01
6.537934367913207723e+01
7.399311931224710293e+01
1.139389357412134274e+02
3.286444122080249031e+01
8.074482060226185354e+01
5.891182972764429593e+01
4.663322536587693889e+01
6.392270736980205470e+01
5.510372599762720824e+01
4.073595441403256245e+01
4.993895305363156467e+01
1.854092909483652463e+01
2.543615707424780226e+01
3.177832398724316221e+01
4.837310754785478650e+01
3.707593703339887270e+01
1.555353348209724196e+01
1.691296690266969449e+01
1.873868688935332827e+01
2.037935116342203301e+01
3.349851398413953518e+01
5.197502390997834709e+01
2.453472052362180733e+01
1.559380355690243292e+01
2.537713292393514664e+01
4.000029704775259631e+01
4.004365805506920140e+01
4.378300017697424096e+01
2.176356985711571923e+01
