2.641327660075711137e+01
2.237789156314515537e+01
2.432663484139414223e+01
4.778478864664678838e+01
2.120309526944156886e+01
3.805729104182761091e+01
2.394663214760681669e+01
1.955522876963680545e+01
2.976460156041144245e+01
2.720282533208914089e+01
2.677806826255103445e+01
3.088304102528873329e+01
4.661153544918067126e+01
6.181355962931532133e+01
4.885927295139707383e+01
4.228492219704727972e+01
5.093409173323711769e+01
5.183123610006645521e+01
5.657281008721095361e+01
3.117711700477264714e+01
7.319963163824117203e+01
6.335914693863672653e+01
1.110029302631750312e+02
5.310018678528310687e+01
6.426499588268087848e+01
4.972382238415568878e+01
1.155361473520534048e+02
4.396316228952075988e+01
4.354784929288346262e+01
8.182754864742636869e+01
6.199632435474006087e+01
5.284695962542396330e+01
6.471982241628111865e+01
7.028181803132179084e+01
9.018159236901485087e+01
3.474278042569368097e+01
6.691512923941743907e+01
9.183568726993624409e+01
4.380496484497019338e+01
6.682662009360734601e+01
3.936148057596447813e+01
2.571317637224476016e+01
5.791491046497503703e+01
1.613987925982709015e+01
2.711876862948112787e+01
1.238452348175455775e+01
3.279830556207990355e+01
2.917145864621473805e+01
1.641154233221577385e+01
1.584820018675426567e+01
1.912208146797025776e+01
2.538798265123527642e+01
2.192531592979347010e+01
1.346336547381237203e+01
1.742429432194864702e+01
1.490465132686021654e+01
2.798688705792392994e+01
5.338360227693507909e+01
5.324041645337000972e+01
6.183710355857973440e+01
1.535618841389617195e+01
