3.672198711602463472e-01
3.795440343543639572e-01
5.086245120970157574e-01
2.299943251496441299e+00
9.040370615082224948e-01
4.959909546955386439e+00
1.625281985906698701e+00
5.847426221238075428e+00
5.968828916411927032e+00
6.509754941659709360e+00
6.546080312570118132e+00
6.303769089638683099e+00
1.710684234656808078e+00
6.877655089449869585e+00
7.019140544297015616e+00
7.005988325857408938e+00
1.981189363075111232e-01
1.992268531771759443e+00
7.262971291533280471e+00
7.293420264652451301e+00
7.107437083783804788e+00
7.154227280309923387e+00
7.404027772070400637e+00
5.887924176587212344e+00
7.501081577048324789e+00
2.033722188967322264e+00
7.352856836169287646e+00
7.428640470398559792e+00
7.570336330579668704e+00
7.609284957593639653e+00
7.383597294127545396e+00
4.231258050639948642e+00
7.617836811697472399e+00
7.619616320514681185e+00
7.655131901040001630e+00
1.884095696824049204e+00
7.266343196508069369e+00
7.615081051422865954e+00
9.593339998396864798e-01
7.458759692991212553e+00
7.289206218086714095e+00
7.414135494693505635e+00
7.415219450168608617e+00
7.710455618182709081e+00
7.747700908689187926e+00
7.440940166240596731e+00
7.764131810013577883e+00
1.280683467333310066e+00
7.503537174631172313e+00
7.793946362025756969e+00
7.604843072936163573e+00
7.790787134133887015e+00
4.307427337851449600e+00
7.762156515187490946e+00
7.819470506443075841e+00
7.492032022457935092e+00
7.791272347524383690e+00
7.805658861212811495e+00
7.838874893348836359e+00
7.752311724253633685e+00
7.672376650338247117e+00
7.759239043242179612e+00
7.693977654906929864e+00
7.856462224576364228e+00
5.935000478196113427e+00
7.874660069931302964e+00
7.854622541489032272e+00
7.893972674546029467e+00
7.896052100860303291e+00
7.906626826495736005e+00
5.534205254167575916e+00
7.818886901611908691e+00
7.912597555021126716e+00
7.467260673018419226e+00
7.912430113343939198e+00
7.914706803339591090e+00
7.920770515769438802e+00
7.922759946587185631e+00
7.929451916155390911e+00
5.343644099693370286e+00
7.928711552440279142e+00
7.942184511710859596e+00
7.898599750150665066e+00
7.954203534444173052e+00
6.929755614132077746e+00
7.929842798909692902e+00
7.948522701756147057e+00
7.953176144058995867e+00
7.942411360425544409e+00
7.353845985457888368e+00
7.955707918073141371e+00
7.789914059575127503e+00
7.955729669679230120e+00
7.956174337475427016e+00
7.947546784628771732e+00
7.950247216578295806e+00
7.959794531040964571e+00
7.769339893221552273e+00
7.955529193049255099e+00
7.962399478301440681e+00
7.970883365696725953e+00
7.946325101403665769e+00
7.969788042525888017e+00
7.932835616769133402e+00
7.956411384273144982e+00
7.969588877056154708e+00
7.946347684520111088e+00
7.956933304956220532e+00
7.969466337376316822e+00
7.953853667624614765e+00
7.957479781763090898e+00
7.969424683645248919e+00
7.957163648207498774e+00
7.969350742729028880e+00
7.956289746706503685e+00
7.969151570058589762e+00
7.952258255776338380e+00
7.957024394917588062e+00
7.969087838579340222e+00
7.956551878290000879e+00
7.950322894604373580e+00
