2.583256205671680128e+00
2.979288906380968438e+00
7.187627585936588126e+00
9.628794588793970988e+00
1.542116409212569650e+01
2.082262426630787289e+01
2.482832275792762289e+01
2.719922174100380730e+01
2.938004720863795072e+01
3.526877271916536927e+01
7.047653332008186666e+00
1.908491319510575934e+01
3.541701513647089428e+01
3.713763645830794502e+01
3.728043600629413135e+01
4.137943750016295041e+01
6.885905583922506956e+00
2.437332573762181553e+01
4.109646850140242691e+01
4.207647916075482186e+01
4.348048422926972023e+01
4.366876273382754192e+01
4.378497645651263070e+01
4.538100435933012733e+01
4.501647155741060402e+01
4.510040607161252524e+01
4.616021120268705147e+01
4.629312246433840983e+01
4.660138355367804763e+01
4.648860488150460668e+01
4.664610179303689108e+01
4.671531714981828998e+01
4.678359998943569309e+01
4.684385324180239962e+01
4.689681540697331030e+01
4.694318826206816908e+01
4.698386164184320535e+01
4.701953742099995281e+01
4.705085363239713558e+01
4.707834129042772275e+01
4.896738153553893369e+01
4.890707396561476372e+01
4.899692519166688953e+01
4.698372839109668320e+01
4.878508847748361177e+01
4.917054709004435864e+01
4.919810627130027569e+01
4.925086575271199507e+01
4.928987727247296391e+01
4.932171039500684628e+01
4.943839577972023847e+01
4.973434323064677898e+01
4.961461580439528518e+01
4.960768755498345683e+01
4.968684730816259787e+01
4.971856145083889089e+01
5.001823427435471103e+01
5.059172506471087161e+01
4.973999995992458167e+01
5.058856126588675295e+01
5.112783096417467732e+01
5.126633770268183099e+01
4.920972384973735814e+01
5.120484071674101045e+01
4.576813382593348933e+01
5.103213807261023049e+01
5.137391404940860440e+01
5.059806176257989563e+01
5.113543386272578317e+01
5.183073882974545654e+01
5.151122116128227901e+01
5.049778305211852114e+01
5.131290524398008301e+01
5.180010294221303724e+01
5.156892775563699871e+01
5.165841844134586580e+01
5.196493929177896121e+01
4.979125467719217824e+01
5.178094647778505077e+01
4.965304238894309208e+01
5.182726805338212728e+01
5.238024278140987633e+01
5.252645920256381373e+01
5.267827532125099310e+01
4.860889050895954000e+01
5.232194771252014220e+01
5.286822045277844495e+01
5.277274461814982232e+01
5.277357166069019456e+01
5.273895305863998573e+01
5.279770704933937253e+01
5.193252973687250318e+01
5.270786901243104694e+01
5.126442468467773494e+01
5.296004138361085722e+01
5.280219086905348291e+01
5.280747998497302831e+01
5.288477703640905503e+01
5.272986736330717861e+01
5.317642689351988139e+01
5.266487892046737329e+01
5.323850008836594583e+01
5.297821541264250556e+01
5.297883449427410341e+01
5.327130871965727010e+01
5.164821791375532456e+01
5.325127689493654515e+01
5.336444358316472858e+01
5.332177947799348061e+01
5.332909096147749750e+01
5.332940362261266642e+01
5.333233457786823806e+01
5.325068474678137420e+01
5.364673852839836599e+01
5.340408753833025202e+01
5.331756011060084433e+01
5.333756797761476065e+01
5.354345507188438091e+01
5.344023801148676966e+01
5.351096382340511326e+01
5.356867172861908699e+01
