6.249580337374005978e+01
8.241524147162748193e+01
1.045949366059851968e+02
9.911466062119576748e+01
1.059770020384001157e+02
1.326366975754939119e+02
1.224023743075220523e+02
1.481826040905115178e+02
1.266676333656551208e+02
1.599427861909756814e+02
1.340515934138308012e+02
1.081426508456003859e+02
1.126403766740832992e+02
8.981237671333140327e+01
1.006384175732266044e+02
1.103904939801360854e+02
8.418022600798200017e+01
7.734709036560163042e+01
9.583446072900848378e+01
1.059768876694387245e+02
1.142481617985700382e+02
1.088393863356178315e+02
1.315170235279696840e+02
1.555468772248624134e+02
1.565957441355831463e+02
6.784365416711081309e+01
2.929090501558568604e+01
9.584410988540316367e+00
2.258114284313891051e+00
1.112786520540973934e+00
7.953853221660159845e-01
