3.804609515986057122e+00
3.806164633358903870e+00
3.821729549147200977e+00
4.048655766763403996e+00
7.854303353912858832e+00
4.334339077526463058e+01
4.404711231756949452e+00
1.995747799418351320e+01
5.367240431168229975e+01
3.456421179334311944e+01
6.006795621304146238e+01
2.101192046650767509e+01
5.817922056859080016e+01
2.154254994157523129e+01
6.397510570054362944e+01
6.329861109906242689e+01
6.567405559559956885e+01
2.979497916739140706e+01
6.450795254904555520e+01
6.813160447632292005e+01
7.084335390550485556e+01
5.070583811177743883e+01
6.857743516770149483e+01
7.103082985899582980e+01
7.246511971256143170e+01
7.267683248026096976e+01
7.370017527360742804e+01
5.951467199118366835e+01
7.380301887784659698e+01
7.403950511685856384e+01
7.755912239591728508e+01
7.756012147496056741e+01
7.757005013549145644e+01
7.770149024182443043e+01
7.819161378148484687e+01
6.696206118505887162e+01
7.932103399508491748e+01
7.851430251700647034e+01
7.984190294704666258e+01
6.651637870523101981e+01
8.003471740851642835e+01
8.001396570300445887e+01
8.118693911980291489e+01
6.658047774672694175e+01
8.103587984587214521e+01
8.132372438032599860e+01
8.227827955435013507e+01
6.668183799299909253e+01
8.154359354604136456e+01
8.233873244027704175e+01
8.269881182721074708e+01
7.698301862690009045e+01
8.327697652749647261e+01
8.296928846362467880e+01
8.371789699853299282e+01
6.618012032412440249e+01
8.187945880874302418e+01
8.368546148263500584e+01
8.450686037393096228e+01
8.385770500776878578e+01
8.727501284206459786e+01
8.727495332927503568e+01
8.727433788958525440e+01
8.726088549972439523e+01
8.667689724128031514e+01
7.403360225517430138e+01
8.675790124285730087e+01
8.694876266523870356e+01
8.710306118186832691e+01
7.498134307344331262e+01
8.663412393420993851e+01
8.722287307247987087e+01
8.704188136336962600e+01
8.722756242349751687e+01
8.690638342418515094e+01
8.718960180391154324e+01
8.693367899098191742e+01
8.712307314489773091e+01
8.697177287344223373e+01
6.415180835587717922e+01
8.614537308753013178e+01
8.734972880837413811e+01
8.329976791532881464e+01
8.705550108668984421e+01
8.638846570052204754e+01
8.723187245983037030e+01
8.706072024625781580e+01
8.724481496560954952e+01
8.597996455038153840e+01
8.735241584445567753e+01
8.860518370358391849e+01
8.860470819476002191e+01
8.859995955829549530e+01
8.853191154585920231e+01
8.782832150183010356e+01
8.846763719966955364e+01
8.792825135886590715e+01
8.841299809981360625e+01
8.797580619663503398e+01
8.833113739889031990e+01
8.800889324912303380e+01
6.823412055279470678e+01
8.539501435535177620e+01
8.835271880907377806e+01
8.658646716687005096e+01
8.857391947333738358e+01
8.834436634970060709e+01
8.846803856676250177e+01
8.456994941529957543e+01
8.831884476937352701e+01
8.845004547739065970e+01
8.841887191599445828e+01
8.674199972019205518e+01
8.838000992480492357e+01
8.841351327866190957e+01
8.828719181709149666e+01
8.840966179629232613e+01
8.813993842946744905e+01
8.292632857013229852e+01
8.797369858681229005e+01
8.832698857679224602e+01
8.832713914986348414e+01
8.832897560679926130e+01
8.840216562922499577e+01
8.828906017174207932e+01
8.222295122788040089e+01
8.896482347160019799e+01
8.833995112248923931e+01
8.860895922013963855e+01
8.325029308135073336e+01
8.817419977624403771e+01
8.834880469460034647e+01
8.861022653585216347e+01
8.861054719893594722e+01
8.860860674153700245e+01
8.861107364597989999e+01
8.861119050536109398e+01
8.861112447100420297e+01
8.861109404405630130e+01
8.861108173559853185e+01
8.861107684511459581e+01
8.861107491000491621e+01
8.861107414526594539e+01
8.861107384318307822e+01
8.861107372387797909e+01
8.861107367676302715e+01
8.861107365815755088e+01
8.861107365080864895e+01
8.861107364790260021e+01
8.861107364674992937e+01
8.869528954987970337e+01
8.869835456519011530e+01
8.867027483855790138e+01
8.870096170932319524e+01
8.857285903432594409e+01
8.870278445811005952e+01
8.850526926410668693e+01
8.870180700706532662e+01
8.870288357788733435e+01
8.869052905999029690e+01
8.870282951419962103e+01
8.870289041515226813e+01
8.870288834776799547e+01
8.870288606665504005e+01
8.870288703457453039e+01
8.870288651191930285e+01
8.870288626936742560e+01
8.870288615856082970e+01
8.870288610825225817e+01
8.870288608547124909e+01
8.870288607516710044e+01
8.870288607050838436e+01
8.870288606840183832e+01
8.870288606744904314e+01
8.870288606701730316e+01
8.870288606682090915e+01
8.870288606673125287e+01
8.870288606669014086e+01
8.870288606667122622e+01
8.870288606666252917e+01
8.873763957563851079e+01
8.873852758586123457e+01
8.873776121433103015e+01
8.873765206301996500e+01
8.873764082759178962e+01
8.873763970086596942e+01
8.873763958816158492e+01
8.873763957689082815e+01
8.873763957576372263e+01
8.873763957565101634e+01
8.873763957563976135e+01
8.873763957563862448e+01
8.873763957563851079e+01
8.873763957563851079e+01
8.873763957563851079e+01
8.873763957563848237e+01
8.873763957563851079e+01
8.873763957563848237e+01
8.873763957563851079e+01
8.873763957563848237e+01
8.873763957563851079e+01
8.873763957563848237e+01
8.873763957563851079e+01
8.873763957563848237e+01
8.873763957563851079e+01
8.873763957563848237e+01
8.873763957563851079e+01
8.873763957563848237e+01
8.873763957563851079e+01
8.873763957563848237e+01
8.873287828112616182e+01
