6.112837059787433702e+01
7.194954004242730150e+01
6.535762436822292898e+01
6.911713709085123014e+01
7.369154431856698295e+01
6.393530820911064438e+01
7.352823094105362145e+01
7.249534373626372030e+01
6.163551798610823340e+01
5.823559454848388128e+01
5.375133534895509513e+01
5.477946847487913118e+01
5.214938098314176074e+01
4.826505713260475972e+01
4.381302634224237380e+01
4.599053486559716220e+01
5.955807051512989858e+01
6.980746274226615355e+01
7.605652659028311291e+01
8.927442255644110958e+01
9.293125736883004606e+01
1.087092103418731739e+02
1.097508400786958447e+02
1.199570604805944498e+02
1.306322192102806810e+02
1.241257737637716474e+02
1.148434390295011127e+02
1.161778809917316266e+02
9.899226831831489903e+01
1.064228772175862758e+02
1.011961828161986006e+02
8.040631776328734759e+01
8.627886690134509706e+01
8.981124643216544712e+01
8.906265794577370798e+01
1.087445185080190555e+02
1.055332597199344775e+02
1.064076905345009862e+02
8.419233406920190532e+01
1.258447619703405564e+02
1.224882378718754126e+02
1.370377796926046301e+02
1.621171033467401230e+02
1.583585609092665152e+02
1.478857411857196666e+02
1.594258416280020185e+02
1.589957121828824995e+02
1.320678695386690151e+02
1.434993630185944369e+02
1.453048042727647271e+02
1.836550171675159504e+02
1.415075506390430746e+02
1.290279703060597001e+02
1.158045507314057261e+02
1.362999660756155436e+02
1.183395746528244956e+02
1.296965759203037578e+02
1.238290320493149039e+02
1.343279895956014514e+02
1.353746000994672158e+02
1.299566109971954120e+02
