7.420037854599613070e+01
6.166467878742503217e+01
7.000545155945789588e+01
7.568658488399174189e+01
1.119055752502771384e+02
9.441130308850824804e+01
7.936777843125931042e+01
7.908773978978989305e+01
8.549285044594466854e+01
6.651587866424254969e+01
7.424626809156265494e+01
5.208335774760259795e+01
5.911636573681543183e+01
5.842320671910133711e+01
4.477007310516597016e+01
6.291688228665123006e+01
5.135025572046701825e+01
4.581699580273112105e+01
2.637479570140258645e+01
5.831028059026911592e+01
5.656544373355731636e+01
6.243754334220146518e+01
1.150758483828617074e+02
7.602752719632475475e+01
3.016696663919298871e+01
7.064018699948942981e+01
6.103745660905723014e+01
8.815261774279797180e+01
9.782163915341352833e+01
8.941433528931482044e+01
4.756026985570412080e+01
6.687937210560946255e+01
7.760666726654764602e+01
8.942547812974852661e+01
1.671769504801200412e+02
8.119166340007821248e+01
6.854638786234774273e+01
6.533744608716945379e+01
8.671956007625810514e+01
3.811687504463001375e+01
1.095175842735668539e+02
1.140354251394926450e+02
7.389678823117777995e+01
7.328728495693140133e+01
6.320891444084267619e+01
4.412504849581387845e+01
7.586218164020480970e+01
4.063645433296375842e+01
8.323723929013728196e+01
5.311250621475455347e+01
8.092906915315953142e+01
6.123851211981098430e+01
7.414874775235357163e+01
1.310137330621800231e+02
7.603966730674595453e+01
9.938536643125368641e+01
9.659891596959788274e+01
2.987905490635724348e+01
8.066169621729657990e+01
9.380487730676250635e+01
7.543656256069120047e+01
