5.406562156620763204e+01
4.930458154258355563e+01
6.043731779652502212e+01
4.662695212569381908e+01
4.854295041864676108e+01
6.377887430042418515e+01
3.998375165275622578e+01
4.826795197826076134e+01
3.324183321462390950e+01
5.827004329683170880e+01
4.751950600375042200e+01
4.004998960183658596e+01
7.632404625420561217e+01
4.881027175561013109e+01
6.566457711738090097e+01
5.495490583406469653e+01
4.217098262703196809e+01
5.037826817165456106e+01
5.077281583027358636e+01
4.714665670932781438e+01
4.568274720094140662e+01
6.045479687356646537e+01
4.937849091278724956e+01
4.149141632546916014e+01
3.350152732460065863e+01
7.725940316943732000e+01
3.064048111312893141e+01
4.535786506676237906e+01
4.336588584217857800e+01
7.006069736668474945e+01
3.773503621992051649e+01
6.728152643322306403e+01
6.814074710070866558e+01
5.688547951519353774e+01
4.969374622995195523e+01
4.033775417414798170e+01
5.133936027028399707e+01
3.976077653690626335e+01
2.821976831269357078e+01
1.763615742815136400e+01
4.565141650638988580e+01
9.535277381279860265e+01
3.892660274451324653e+01
2.793265175236313524e+01
2.914365406730496844e+01
7.018960113875306206e+01
6.777066206051652841e+01
4.189558094238177688e+01
8.018140159550469548e+01
4.377300953949508511e+01
6.178769163730844127e+01
4.349212688539735439e+01
5.354890705312694621e+01
4.958443202962161678e+01
6.657345390094354798e+01
7.661856673188977140e+01
5.813949666870947652e+01
5.565451135249518444e+01
4.758189060431009665e+01
1.038512191025271960e+02
5.990273742308509242e+01
