3.894076783362940120e+01
7.571852027800063922e+01
5.375220848023397480e+01
6.622628065949808729e+01
4.826709511384153473e+01
2.963978650910329904e+01
4.759952852993869499e+01
6.516022708686911358e+01
4.034288143378096692e+01
6.733009964029783134e+01
4.306116632511687925e+01
4.128114649794932234e+01
4.279142279363396284e+01
3.839287163160292948e+01
5.259669022324086995e+01
3.071276168118440708e+01
3.681801913542765448e+01
5.750707420167627504e+01
4.323915777369141722e+01
3.529032240183397562e+01
2.659099971507452054e+01
3.392220506333303831e+01
4.119603598318528270e+01
4.526843775716931617e+01
2.730441305304891486e+01
3.452025367478118767e+01
3.379726677155114345e+01
2.814486837146045772e+01
3.312388195319920214e+01
2.810195007185548022e+01
2.446056104080062710e+01
8.145245224830085817e+01
5.620523260990617587e+01
5.362203268150593516e+01
2.336181905007962811e+01
2.790839024304231231e+01
4.241115431194982932e+01
2.534619351764469997e+01
2.108290680914935677e+01
1.874270376551140771e+01
3.512346504942280490e+01
7.023944130972373046e+01
5.605777723841077886e+01
4.209958253135063444e+01
7.089170306172786695e+01
3.924842991442542228e+01
4.425303688809991343e+01
4.711692320254213939e+01
4.473831425214555679e+01
3.564283892298590217e+01
3.341983529042810375e+01
2.957718740452277117e+01
4.490321770398447399e+01
2.999196958956585490e+01
6.909153757778972249e+01
3.678014193613277882e+01
7.991783871761265345e+01
5.179204546208195126e+01
5.243319059878373167e+01
5.126080888523368628e+01
5.469905017698247462e+01
