7.371449990791441564e+01
7.006459579718364239e+01
1.116099867386849809e+02
7.915094047219395179e+01
8.480035574783758534e+01
7.523923798107952621e+01
5.967160107762726540e+01
4.504668108399775406e+01
5.152503418736491625e+01
2.827968144914272486e+01
5.733020412809971589e+01
1.170466104754302421e+02
2.951903853436569491e+01
6.126479747125900133e+01
9.857978685394824936e+01
5.000068608111954660e+01
7.647583491018411905e+01
1.697975768294100192e+02
6.728704368400705960e+01
8.644978341621325058e+01
1.098308464574541148e+02
7.622990432622425772e+01
6.385652826282078820e+01
7.508220486803169536e+01
8.419475341192013218e+01
8.442704869637050535e+01
7.340982348250260259e+01
7.523143384894748920e+01
9.392052236096165529e+01
8.367852867017072072e+01
7.533557673653011477e+01
