5.395795899182971311e+01
6.137231788537012989e+01
4.886508411635897886e+01
3.735196548237909298e+01
3.408150338446561278e+01
4.765708923370679884e+01
7.458219629562312036e+01
6.529210753433230252e+01
4.385602428960051213e+01
4.944136735239167990e+01
4.662509838443049404e+01
4.789203394450380102e+01
3.083219737766377122e+01
3.096872870324040150e+01
4.551259364813006414e+01
4.071517535619824457e+01
6.733503384706564532e+01
5.173740524349304337e+01
5.232913355505765907e+01
2.645115726189349914e+01
4.706245907725629252e+01
3.880342729508083721e+01
2.905347953570596786e+01
6.763667524428227296e+01
7.922869870156097249e+01
6.773989919436280616e+01
5.116622568211263911e+01
6.603309982754072394e+01
5.760833395175075822e+01
5.198203891891571971e+01
5.713765034262753062e+01
