6.925735436052437421e+01
6.567197239441946977e+01
7.436692692667513427e+01
6.513784908572174004e+01
4.852828157598701608e+01
4.884781795408040495e+01
3.952209593435577517e+01
3.427668887530926867e+01
4.651914686945448807e+01
5.873358782917308218e+01
9.310160393476810725e+01
1.068391527322660721e+02
1.424274399304630379e+02
1.099606659802948343e+02
8.523437052003801284e+01
1.056549897760490779e+02
7.459786179143763718e+01
6.086987372286479570e+01
8.691849155806313831e+01
9.468209165037031028e+01
1.183879279866034722e+02
1.594058847158981678e+02
1.509374951063612116e+02
1.786754213073947994e+02
1.617998919333309971e+02
2.230382501477893982e+02
1.328944194895192936e+02
1.300858601426913879e+02
1.244660793298768624e+02
1.362329445274564819e+02
1.233562649975065142e+02
