5.109170216943817167e+01
6.143448874323686937e+01
4.340206990917700125e+01
4.497551223266182063e+01
4.039385991540112286e+01
4.968114202972645188e+01
6.576190130616012652e+01
6.765814246435095924e+01
4.164513270850730464e+01
5.674548301837473474e+01
4.384792919576636194e+01
5.415248923123991887e+01
4.662332054195996278e+01
7.265080331609273401e+01
3.897001472686419277e+01
5.040197560101559304e+01
6.726517046680714884e+01
4.823949227867905165e+01
4.360775058549701555e+01
4.762504270747336221e+01
5.122472998044808179e+01
3.183742589894423247e+01
4.798558663461419371e+01
5.697042651979678141e+01
6.592018048997776702e+01
6.195383726764626431e+01
6.557850258713722269e+01
7.206573976106159307e+01
6.046880699257491187e+01
9.461390478883002686e+01
6.870147455670786485e+01
