4.460292260420838772e+01
1.855954222530306197e+01
5.750700077968612334e+01
4.675099066204595744e+01
4.701391940166897143e+01
6.394199069233159349e+01
4.737237798397509891e+01
4.355212863348957342e+01
3.894290284936954549e+01
5.980095163132222069e+01
1.912390424957377988e+01
2.962782793315537688e+01
4.773744238118602112e+01
4.513891188333974469e+01
6.663480007719616083e+01
6.679747896199069146e+01
3.442068427331319214e+01
3.044581145429278735e+01
6.168235736557111437e+01
5.701262051662482122e+01
4.070239197195558489e+01
1.425329740721205063e+01
2.970370028113911332e+01
2.569071081159713899e+01
1.595263347493263417e+01
2.483693398237716821e+01
2.121567666751702319e+01
2.611197164569901830e+01
3.737142472438343788e+01
2.807618498996006196e+01
3.974714521641812581e+01
3.772919766568605127e+01
4.976947746545577900e+01
6.031773217028693068e+01
8.719232030263563615e+01
1.328806684938739480e+01
3.116396405788790602e+01
5.082948183703616252e+01
2.355604861130866468e+01
1.279559635417146524e+01
1.687566216750286330e+01
1.053635895064715022e+01
4.011403103898455669e+01
5.089147913639534693e+01
5.858433037670902621e+01
4.132201496957207354e+01
1.202055315444817012e+02
8.110443064285603043e+01
5.590583059985095815e+01
2.042249536603038607e+01
2.715859827143175664e+01
2.347812613292447992e+01
5.451519119961739790e+01
7.740057270458689231e+01
1.788877184358176464e+01
7.525926003378280882e+01
7.168247141037934966e+01
9.314841353658968615e+01
4.913818575249693055e+01
7.655182988181449844e+01
7.073368594786948904e+01
7.110320593608358308e+01
2.735155591124555130e+01
3.130201198330950874e+01
5.508417106190716339e+01
6.477488284360065052e+01
4.568753411541261045e+01
6.152057667648108463e+01
4.960639359987889208e+01
2.227921598282832960e+01
2.574527337603563737e+01
4.282293216393868107e+01
1.971638918591806799e+01
4.356808757644861885e+01
4.202763554202807228e+01
7.777513392701614237e+01
8.747326979014613357e+01
4.725106860861048119e+01
2.768327144814787388e+01
8.646721375116371178e+01
5.027892327736255140e+01
4.516699999214031180e+01
2.571361171887257413e+01
1.300498009844751302e+01
3.584728428420669388e+01
8.513851494988210789e+01
4.997459969483540476e+01
3.969853844988588776e+01
8.447937186502312557e+01
2.784477975092339364e+01
5.203474320468855296e+01
5.361322844797925313e+01
9.310591677968618285e+01
3.855494622355870860e+01
5.366496895410580947e+01
4.738122279880090559e+01
4.605830632729354335e+01
1.088947883676922004e+02
1.320785883679717188e+02
1.102341253894508810e+02
4.476975824727107778e+01
3.452536598046119565e+01
6.610042906205458735e+01
9.653068682172028048e+01
7.132719492159193919e+01
3.480360701254630129e+01
4.184228382008262770e+01
4.422536657745430233e+01
5.093032949068068405e+01
6.934326261576005379e+01
8.974617615072747867e+01
6.514428051448231827e+01
4.462378509167343310e+01
4.569343381399099258e+01
6.601253165853087523e+01
8.089645210248347951e+01
7.080960905274230299e+01
5.878339003814006958e+01
1.204172946860907274e+02
8.570623054809925634e+01
7.677213910553649612e+01
1.192057387119296976e+02
1.037397451607890559e+02
1.009223179379998214e+02
6.163582363326786151e+01
8.702128954673399619e+01
8.996788591023590698e+01
1.114854742196006612e+02
1.450168314296437870e+02
1.136613469964734975e+02
8.572157524791279570e+01
9.506319477580107957e+01
1.731871699907239304e+02
1.391665316833796169e+02
7.568803871497533464e+01
1.179586585265128349e+02
8.594246274389884377e+01
1.134885328778307354e+02
1.055077701350077888e+02
1.780343556983909536e+02
1.197960817878739732e+02
1.198646096759969879e+02
1.800263321661771840e+02
1.767716803968496890e+02
1.716763653341393194e+02
1.315721692663538533e+02
1.009025681090112414e+02
1.053095154994544629e+02
1.175049811006036720e+02
9.801447434519423041e+01
9.583760907909726257e+01
1.316933151059882618e+02
1.244022401626413199e+02
8.669221181783223074e+01
1.505269776608117809e+02
5.726677072052710571e+01
5.808954549524985111e+01
1.095673016693128545e+02
7.170206515218366405e+01
4.604236183100730528e+01
5.306309824423544796e+01
4.319105515063068879e+01
4.321369231284098333e+01
4.842300948123059356e+01
2.495665873416879776e+01
6.724881814498743893e+01
5.853977875525968955e+01
2.029522481969940273e+01
4.403104556172863226e+01
4.618219696741419256e+01
4.805511426446158652e+01
9.714687776447200918e+01
4.170797229374593940e+01
7.756536737563412487e+01
6.741177904479897620e+01
5.751692433726049813e+01
4.796188971040290738e+01
5.553726048721929942e+01
2.678551814876413317e+01
5.880321266862406304e+01
2.810094445047191059e+01
5.554303811497482002e+01
5.099049140545304226e+01
5.476413033526215202e+01
7.306340840744842069e+01
4.859660492554963440e+01
6.266698491019858608e+01
5.405615374810822971e+01
4.917679861580114675e+01
8.638681592626880956e+01
8.679217777958363911e+01
3.646707479564476273e+01
8.578872119320617173e+01
2.794128392360868318e+01
7.629207579376407011e+01
8.458972198604116954e+01
7.918362300314454671e+01
5.991940446244426255e+01
5.256547492472739691e+01
7.358264022892308276e+01
7.777507949927790776e+01
8.785963668603687893e+01
6.138685623647359790e+01
4.303143039568408312e+01
5.527276117130050892e+01
4.181270700098521331e+01
3.600768824179353800e+01
3.798032249369309454e+01
3.365516892568115992e+01
5.881529121870465815e+01
4.866353303501316674e+01
5.120895592220146852e+01
6.744054844680459837e+01
4.774571394412648573e+01
2.738034724900452233e+01
4.606860985685376164e+01
3.843301046225080597e+01
2.827106305553964560e+01
3.324348790645986895e+01
2.495353324338153911e+01
4.357410015208170506e+01
3.943118474019720310e+01
4.484166093208656179e+01
5.176139470981902946e+01
4.780240792830829122e+01
3.780170357328488251e+01
1.858980621333763139e+01
1.828531367311193989e+01
2.472896852262971379e+01
2.408811701520690463e+01
2.594206644193707234e+01
2.552062480047320037e+01
4.573060216003780454e+01
2.345092322177099575e+01
3.052460202614287255e+01
2.740829530825205040e+01
2.137222296832585400e+01
5.838503653220805489e+01
4.605617744230531230e+01
2.532720723664471763e+01
2.737509986859055644e+01
3.226556004783650877e+01
5.633880536637354908e+01
3.859783261345816641e+01
2.953356408629233698e+01
2.946742452747582774e+01
3.616885649411931780e+01
4.724889137735305411e+01
3.485222759917449054e+01
5.127236865568299606e+01
4.650039707090522256e+01
3.502875120736482728e+01
4.484639067579140459e+01
4.042119635130700317e+01
4.959110612662944817e+01
3.093299727636962970e+01
4.150045823202140838e+01
4.163313859154045105e+01
4.083543498599963328e+01
3.983735007736689226e+01
4.536624222782862859e+01
3.819757697695178678e+01
5.845147716360823154e+01
5.283623428655842247e+01
5.036753102500489376e+01
5.238336767128991767e+01
4.352077517570647558e+01
5.210588506289141009e+01
4.904759516587548518e+01
3.152834872013505674e+01
3.886471526834574775e+01
5.312922528430691216e+01
4.885995856834793472e+01
4.086524038979442963e+01
8.888014311327614791e+01
8.372438966882005218e+01
7.502858383852093027e+01
7.546516684408254605e+01
7.637581235698272053e+01
5.798585912543976661e+01
4.091850829265313649e+01
3.556258837190430455e+01
4.610211487136918151e+01
6.194045556582265277e+01
5.866857589077708468e+01
7.332183345564111221e+01
7.169149242591925031e+01
5.885257350411108490e+01
6.124851331831773393e+01
5.778497183677072968e+01
4.782282418651057299e+01
2.242844172892266386e+01
3.519883911224356865e+01
4.678187542617730088e+01
4.701075369714865815e+01
5.629240136282823670e+01
6.169986993829472510e+01
6.729859674963741156e+01
3.830651049209166104e+01
3.120931097962224143e+01
