2.474759065188295537e+01
3.318735770034943044e+01
2.004947207735759562e+01
2.785095788016170815e+01
3.034794839390622201e+01
2.910510679415618895e+01
5.028121297942449530e+01
3.534996101097394927e+01
4.686804099103905941e+01
4.480954129712301892e+01
5.837159869055038541e+01
7.603027970395896773e+01
4.947638303885292999e+01
9.268984047715900942e+01
4.422025109934345721e+01
7.370767915724310626e+01
6.470198182431818168e+01
1.143688132780653461e+02
7.898503878504867259e+01
4.557958208624968677e+01
5.590105039125773345e+01
4.706950866268528699e+01
2.589278918355313408e+01
4.478395944281212593e+01
1.564842590227603303e+01
2.023782091762006985e+01
3.299827100992049367e+01
2.411718282742791430e+01
2.519053238844520948e+01
4.030500809469685919e+01
2.127373376151145479e+01
