2.474759065188292695e+01
3.318735770034939492e+01
2.004947207735762760e+01
2.785095788016171880e+01
3.034794839390623622e+01
2.910510679415625646e+01
5.028121297942447399e+01
3.534996101097396348e+01
4.686804099103900967e+01
4.480954129712291234e+01
5.837159869055036410e+01
7.603027970395889668e+01
4.947638303885292999e+01
9.268984047715913732e+01
4.422025109934343590e+01
7.370767915724327679e+01
6.470198182431825273e+01
1.143688132780655167e+02
7.898503878504878628e+01
4.557958208624981467e+01
5.590105039125775477e+01
4.706950866268525857e+01
2.589278918355308790e+01
4.478395944281213303e+01
1.564842590227604191e+01
2.023782091762008406e+01
3.299827100992042261e+01
2.411718282742790365e+01
2.519053238844519882e+01
4.030500809469677392e+01
2.127373376151144413e+01
