6.195450034676025552e+01
7.135090802774534779e+01
4.505788124462246458e+01
7.889321353813616611e+01
8.385844976325962818e+01
5.110069593345443195e+01
3.993807009863593294e+01
6.074860780053611364e+01
4.922650607116050026e+01
5.551096523120514803e+01
5.851722718085654407e+01
4.147448879898061591e+01
3.444187620113020643e+01
3.462914958855844816e+01
4.427881461833499799e+01
2.920801623302362060e+01
2.261450197734531642e+01
4.162345374315011526e+01
3.003965007835142131e+01
4.539347938590894671e+01
2.065835764790192997e+01
2.447101679981532385e+01
3.305361997089500647e+01
3.476904090764609379e+01
2.987328733633184896e+01
2.753140935280891100e+01
1.762996074301343796e+01
4.460410380578289136e+01
3.418105227764671383e+01
2.019484769228500909e+01
4.255213409033454042e+01
3.276335106328799185e+01
2.360446255957537787e+01
1.655247919417908165e+01
1.922033611298486733e+01
2.526752137669719289e+01
3.163574632438185930e+01
3.504429691586212670e+01
3.451844325220297094e+01
1.328249428978585911e+01
2.492804227114528004e+01
1.572237643184013223e+01
1.578949829086497836e+01
1.572807068504825168e+01
1.451452239803386668e+01
1.703833209429578233e+01
3.036280670188314446e+01
2.679302454972664194e+01
2.455472247450881795e+01
4.314101421750959986e+01
3.259756230029649515e+01
1.672355223626228593e+01
2.434811810665862097e+01
5.058499476538108297e+01
1.464983434701267129e+01
7.444874295704266842e+01
3.974970205841762549e+01
3.550324826757998409e+01
4.386045488044992879e+01
6.365167096680467296e+01
4.631017148788358639e+01
3.864400451447693285e+01
6.476599016152107424e+01
4.710052499361759004e+01
5.129671796700615261e+01
5.205074745912422429e+01
5.648012372528422276e+01
4.782627682385192003e+01
7.711910814270500225e+01
8.374261907389202975e+01
4.809932240675831849e+01
5.172487981625594955e+01
8.841156110095175791e+01
7.254757566456845552e+01
7.864469794060879337e+01
6.918793601841385055e+01
5.945471535379220995e+01
6.013930105584097419e+01
7.231619869061827899e+01
2.461984939055904675e+01
5.084871548632040827e+01
5.468653657276819757e+01
6.056966608204488978e+01
4.607002366144652683e+01
7.615306779435626083e+01
5.377613176169130327e+01
4.709199628840803342e+01
6.547451215401373759e+01
3.468940392871917311e+01
4.595906866227403498e+01
5.959576400040796784e+01
9.191735672719904926e+01
5.799182188596125087e+01
5.084437668360764206e+01
3.897233208494758117e+01
4.042225106172811167e+01
4.805592898388646717e+01
4.637785045524484673e+01
4.862726259236546866e+01
4.217396247759003813e+01
4.841998457876962192e+01
5.563314334319255750e+01
7.364017841915480744e+01
5.900972788091214483e+01
5.876283864964324266e+01
3.890812739125355790e+01
4.157813144107817038e+01
6.016974720453719527e+01
6.144594594456727066e+01
8.107257929620131165e+01
6.808575411566168611e+01
3.346873430218497703e+01
5.814733370236769616e+01
5.604950774899145927e+01
4.694698328135503118e+01
4.355647414872642287e+01
3.230712480277869503e+01
4.146960435516685095e+01
5.664164592279489341e+01
4.479926577744375749e+01
5.048266405757452446e+01
4.717184952936606379e+01
5.295868381127265678e+01
3.654180664711255844e+01
2.670042544650288008e+01
3.376318965328714938e+01
3.453509187904014510e+01
3.475406872467218022e+01
2.607811523206619597e+01
4.935122148546348342e+01
6.060118741064104597e+01
4.412278144619200049e+01
4.476070281952692653e+01
5.551325455351613414e+01
3.195268630387375453e+01
3.324044645030731715e+01
4.309161318960275366e+01
3.136926275633296157e+01
3.085138335969095991e+01
2.672179994607761699e+01
3.956686431819454697e+01
3.401500450206806647e+01
3.666342541413721534e+01
3.549412932327413017e+01
4.231131081679487238e+01
3.240440391161850187e+01
2.939653307145906425e+01
3.038944171020980889e+01
3.412739882112097689e+01
2.211914401761053739e+01
2.936354772461199403e+01
2.888806829651745645e+01
3.255082529407928149e+01
2.612155042002651228e+01
2.124604924328877686e+01
4.330793687692692373e+01
3.964009607575659544e+01
4.923725233049483307e+01
4.137326274471467258e+01
3.116096139305503243e+01
2.301149589134360340e+01
3.434197036653812773e+01
2.819360953323553787e+01
3.197986051959642495e+01
4.130469392724239697e+01
4.567089136489644119e+01
4.466066484961995542e+01
2.742922273173224923e+01
3.520963011684209221e+01
3.314612062261999625e+01
4.423039951798956082e+01
3.146094081093743355e+01
3.206385933599392501e+01
2.936925722602100564e+01
4.739512975986984600e+01
3.146077686575264210e+01
3.287260100113174843e+01
2.935221867413114794e+01
3.203228395186931010e+01
3.318151394824481315e+01
1.818152179989494854e+01
4.147077399671543674e+01
2.834752304450082860e+01
2.955966418418194408e+01
4.166887457855767707e+01
4.656339804408233363e+01
5.527881231953666230e+01
5.557583699196164417e+01
3.865789328449185547e+01
3.149544966926879752e+01
3.673514057412349132e+01
3.474057734647061579e+01
4.358895231618719635e+01
3.705497326705417294e+01
4.834759053210145652e+01
5.298853308467074186e+01
3.921689355361046836e+01
4.355420657900578618e+01
3.688536965282762026e+01
3.135027351460123057e+01
3.099919816265050443e+01
4.832455469809666226e+01
4.224219744697898449e+01
5.651739599330556274e+01
7.821228580724714163e+01
5.903861856739318625e+01
4.165354058254507663e+01
4.614710628982786034e+01
2.635637214432033204e+01
3.896092102156065806e+01
4.274991418313418023e+01
3.697266523361685842e+01
4.248589436036290579e+01
4.708157500133212636e+01
4.894950680138044419e+01
3.970721840287122717e+01
3.381836618468359745e+01
3.643277185601358781e+01
3.251604692901390337e+01
3.359719360170652891e+01
4.185189218986094772e+01
3.300058687997459117e+01
4.173002054736167565e+01
3.969978246832766899e+01
4.097554494371561162e+01
3.455002705907276805e+01
3.923715979603752402e+01
3.804150877223450777e+01
3.331735012963712705e+01
2.672132378541882503e+01
3.071897952093159390e+01
3.981376160632397188e+01
3.614534825581408484e+01
3.396811584116161953e+01
4.058872731872641992e+01
4.116667901609277891e+01
3.851819200402503895e+01
5.283685876658829983e+01
4.559031045086918965e+01
4.526683598778117101e+01
4.688552050164504692e+01
5.394717426176510600e+01
3.892760818277842105e+01
2.761406958930145805e+01
4.271820499032470053e+01
3.643888615060457425e+01
3.092774269194782377e+01
3.660303481996706410e+01
5.420983871156660427e+01
5.115156512462335314e+01
3.970715043277569833e+01
4.963516750008815848e+01
3.555646133294778366e+01
4.624404627076285834e+01
5.151102693775524699e+01
4.268133442481188666e+01
5.375317845063191413e+01
4.418877070436219867e+01
4.387896042699565413e+01
4.708934360350007609e+01
3.147022726781094804e+01
4.359649500508673725e+01
5.108051915672950827e+01
4.234493008902724398e+01
4.612022995410889337e+01
5.469086015616332475e+01
5.623094245741220476e+01
5.439678415171967174e+01
5.204917335222590680e+01
5.019528307882332996e+01
5.531516295569613817e+01
4.405299495986657377e+01
4.038579980051148510e+01
4.392440685347948914e+01
3.740857948007760569e+01
5.342295891389332496e+01
5.172810186425120804e+01
6.294774996219912566e+01
5.461481426885501378e+01
5.144599192528710319e+01
5.010416223487336396e+01
3.992225057064467109e+01
4.550227021954757589e+01
4.401499043337628336e+01
3.397973265069301618e+01
3.878325228097365596e+01
7.193697925632726253e+01
5.106692861346867574e+01
3.797675404601197613e+01
5.142345976486281245e+01
5.417255092602702149e+01
3.616664378590647999e+01
4.629089554737914369e+01
4.829333670140817247e+01
4.323339766839392695e+01
4.262185393530965882e+01
4.056836433134921549e+01
2.586162328081881157e+01
3.208644753606966304e+01
4.213938603931602245e+01
