4.657635823936398367e+01
2.665339888212779229e+01
4.234237540171605474e+01
4.028821083716299967e+01
5.556353986231449227e+01
6.285914240390514607e+01
3.500051011109150778e+01
4.312644661358444864e+01
3.417039627314255767e+01
4.491672995505400223e+01
1.611920944661774513e+01
3.270441404247802097e+01
3.917462791611929873e+01
4.340940003341345488e+01
6.788967237219203810e+01
6.060552950334680133e+01
3.598409344426387690e+01
4.160750527619329375e+01
6.829496394107830781e+01
5.009201375415176472e+01
3.604798772233549187e+01
1.983421334033318928e+01
3.022950264125545772e+01
2.170726572810132282e+01
1.252901082820689638e+01
2.298783078527416635e+01
1.967326796797827626e+01
2.745728496535655339e+01
3.732275213543380943e+01
2.977288869731808774e+01
4.059815480836296331e+01
3.767985206291808709e+01
4.784168323917623411e+01
5.847809153475560606e+01
9.015451272127495486e+01
1.573378950353391303e+01
3.127226966942038189e+01
4.518512720873465582e+01
2.006105429961911568e+01
1.179911092001280437e+01
2.042167307684787048e+01
9.564429210482666477e+00
4.690829697336410220e+01
5.938699583371913349e+01
6.267366126008552385e+01
4.163387156866409100e+01
1.195163871046873680e+02
8.787675766896950336e+01
5.329900567198633610e+01
1.991208022714295467e+01
3.100096251636777112e+01
2.430324050055894602e+01
5.403770241774179794e+01
8.340767991281767024e+01
1.401484192549773766e+01
6.657250320641588814e+01
7.988021113581073962e+01
8.917461376048886734e+01
4.637414431504168988e+01
7.208034006899546853e+01
7.025434108505747588e+01
7.020790688806943081e+01
2.886543481834619129e+01
3.234336758086841002e+01
5.292467513745321384e+01
6.377607170292228744e+01
4.011153671592204972e+01
6.440433726698057626e+01
4.279305232720412988e+01
2.130614470741018351e+01
3.129445840697174930e+01
4.706479208896909938e+01
2.102985582106946794e+01
4.029925191785265071e+01
4.331257081174879886e+01
7.718028453057664251e+01
8.931980855477176817e+01
4.926766848547454458e+01
2.932968122445534931e+01
8.614964840131685264e+01
5.166888916898864892e+01
4.347510069962745405e+01
2.245448769173916048e+01
1.115721387347068649e+01
3.520311499185594784e+01
7.734109589364625492e+01
4.525881939759160133e+01
3.904114838679703325e+01
8.815908093250241961e+01
2.987678360558152946e+01
4.910181215105359342e+01
5.127301966538668410e+01
9.390735515290683111e+01
4.044943638776313577e+01
5.392142806854741366e+01
4.760200562557862014e+01
4.637679512937562265e+01
1.080518549070478542e+02
1.292220230973321122e+02
1.050345881961780634e+02
4.423112958259709160e+01
3.599989828775180456e+01
6.333927667793385297e+01
9.410043949849691103e+01
7.028976359572695287e+01
3.550443429536681350e+01
4.199665516067476290e+01
4.341262902198383244e+01
5.016751133759270687e+01
6.600278859863570347e+01
8.163890721787655025e+01
6.343087329611535097e+01
4.335931821059480740e+01
5.463961302273601461e+01
6.869944531337910121e+01
8.504752616123980147e+01
7.068366866925097725e+01
5.991395869530787621e+01
1.231804064245200152e+02
8.616413939792546728e+01
7.911062826153508354e+01
1.165792976646748969e+02
1.005990348654893154e+02
9.961488777276620965e+01
6.389198563821471311e+01
8.723026873800159819e+01
8.540294498081040331e+01
1.111578629183729987e+02
1.412475857055452764e+02
1.159058856345842798e+02
8.556816282510249039e+01
9.556244381567283597e+01
1.699838283359569289e+02
1.452478182762476422e+02
7.775174622826700954e+01
1.278426529881895135e+02
8.809744794580055327e+01
1.067369256604350909e+02
9.497230161075688670e+01
1.789286790424729929e+02
1.207876740680060550e+02
1.183345400908375495e+02
1.665074318623106251e+02
1.769489483115109465e+02
1.685625856000641534e+02
1.267214388645863323e+02
9.744262506869233675e+01
1.040308132336316618e+02
1.110003742792750927e+02
9.509097343451000484e+01
9.404450083289576412e+01
1.274258133594097728e+02
1.221108128790884280e+02
8.928801933883883635e+01
1.548788286405687984e+02
6.197493471120800734e+01
6.115116774686246970e+01
1.098637444525209901e+02
6.333955619216228428e+01
4.078381167139738750e+01
4.527233905784891732e+01
3.767501371206078176e+01
4.171726412089012115e+01
4.396776778456072066e+01
2.612383866823874712e+01
6.860759457938665662e+01
5.507562739799373475e+01
2.395179935380610914e+01
5.426417989423638488e+01
4.560874326156731939e+01
4.837492835028600524e+01
1.018137790219860932e+02
5.722119429219474540e+01
6.738590515084344190e+01
6.116349539350445497e+01
5.839323665398917740e+01
5.073161616023875808e+01
5.638197686651680129e+01
2.863340240725424479e+01
5.507756536106890621e+01
2.807031905774795177e+01
5.225019644123965179e+01
5.862842359473703624e+01
6.655920265814386028e+01
8.107610023561723267e+01
5.934707790972497321e+01
6.469786633919811436e+01
4.575941672724167830e+01
4.956902717012357584e+01
9.013229952684206125e+01
9.722326509336700440e+01
3.765799813882306779e+01
8.400630222443567163e+01
2.760276622894360443e+01
7.015531499061876275e+01
8.158225190255130599e+01
6.320388997702796985e+01
5.076598464424527890e+01
4.673994451458575838e+01
6.371394977277042670e+01
7.768317146375949278e+01
8.486163852213434211e+01
5.543586538064955960e+01
3.906566183434684802e+01
5.463940542928209254e+01
3.782084986269577342e+01
3.168277639243088828e+01
3.632835164593960542e+01
3.873096330879995008e+01
5.897446517254189757e+01
5.083840058131791295e+01
5.935257913461883561e+01
7.137241270259031012e+01
5.126085797359699825e+01
2.868209921589243194e+01
4.197785694622369590e+01
4.390362860520141908e+01
2.826662203003894192e+01
3.537766947578366228e+01
2.642350815998998925e+01
3.906603706702830436e+01
3.397138990303828621e+01
3.619040187224286598e+01
4.701064541928322882e+01
4.203659195209520760e+01
3.206537392370524486e+01
2.219477219201436213e+01
1.297262663998893295e+01
2.563045471230785921e+01
2.728708215842544149e+01
3.091687198392527591e+01
2.365291508710117441e+01
4.250931074675827404e+01
2.132327285042558529e+01
3.014791932363237237e+01
2.874550861026759918e+01
2.925094269555074078e+01
6.742785899073480493e+01
4.376106494988670192e+01
2.533410253337944340e+01
3.074785675658226580e+01
3.215557742948058007e+01
4.792445323307705252e+01
4.406475307886993420e+01
2.991192279801302334e+01
2.913076325049575743e+01
3.678970854088259301e+01
4.546468347832014700e+01
3.636329036432627504e+01
5.522921636527890143e+01
4.799365387251518200e+01
4.071409408465343205e+01
4.000460234345825938e+01
3.454565934773788172e+01
4.468558793808131924e+01
3.158352597071897705e+01
4.196668051377522346e+01
3.712885054044031108e+01
4.489929953044349276e+01
3.978026141287161721e+01
4.682809505267065475e+01
3.873895112236045435e+01
5.318880073793684460e+01
5.654184569058958942e+01
4.980823808986114898e+01
5.154578757563190550e+01
4.300448522614978941e+01
5.809576711310246822e+01
4.393852443247347139e+01
3.382826918651352344e+01
3.906703975743236157e+01
4.953107263803802596e+01
5.298233508067416153e+01
4.465315866632740693e+01
8.728464340637796681e+01
8.610680617229404277e+01
8.344551122445218994e+01
7.771545747490104361e+01
6.947110745642309837e+01
6.096441670716592398e+01
4.115684534154240026e+01
3.465089258167467534e+01
5.264528491423278922e+01
6.516080496367780484e+01
7.010386909393292854e+01
7.571590840283859336e+01
7.616282592463193168e+01
6.553278015159258985e+01
6.427621721023326984e+01
5.353978102054919219e+01
4.656921224555270555e+01
3.259078391279820863e+01
5.238198748455035059e+01
4.558998349111062254e+01
5.235137593520668986e+01
5.392004187102498491e+01
6.746266046137475314e+01
6.707880785016556047e+01
4.496298225056376907e+01
3.479393713484787298e+01
