2.653687015820244710e+01
2.438384893770104256e+01
2.246178174163128460e+01
2.224358638746968708e+01
2.876671926655005507e+01
2.611848149662151997e+01
4.677670462458137024e+01
4.962136026384173704e+01
4.550858011880455933e+01
5.269048193098366539e+01
7.630225003410934903e+01
1.109814446374527819e+02
6.024694442273998618e+01
1.099516519052464929e+02
4.408993218733839825e+01
5.438221914585950856e+01
5.678837210400664759e+01
8.415491446640936601e+01
5.961484769730292754e+01
4.284354652861141233e+01
3.992755774204295705e+01
5.771416703165755990e+01
2.576253584110238037e+01
2.600340595537416633e+01
1.572828228466144651e+01
1.708005745957492039e+01
2.086130313926991420e+01
1.931666548860621901e+01
3.251807319849359601e+01
5.622971034272327273e+01
2.160254883627891331e+01
