3.324415979644529395e-01
3.414743660921719104e-01
2.789765760946294471e-01
2.684692598574702771e-01
4.060306195934697548e-01
5.668913236530428446e-01
6.114133978137743508e-01
5.193148261424578305e-01
3.930072051667791722e-01
3.537989754199421522e-01
4.014730820390373101e-01
4.470961938126321034e-01
4.307285085387499435e-01
3.743046017788964619e-01
3.570855198432553168e-01
4.123397866791657651e-01
4.925163531206834255e-01
5.459790350191296993e-01
5.651476194343891812e-01
5.929457302868492707e-01
6.658247549771276752e-01
7.436662041728869799e-01
7.826121129776658636e-01
7.802164921345658977e-01
7.565988938946384135e-01
7.388283245703675117e-01
7.352713088070474967e-01
7.279179332286304094e-01
6.996404510724255621e-01
6.510688594061733170e-01
5.992928297065662768e-01
5.580719515300750500e-01
5.194806083898807492e-01
4.793458476196291729e-01
4.668617794113695818e-01
5.165652325793986810e-01
6.084795359819173965e-01
6.941469715792337736e-01
7.528519747261046557e-01
7.894871985792393243e-01
8.168707694289234489e-01
8.432925944232506632e-01
8.657000076658749599e-01
8.790063881282552671e-01
8.852858630403430684e-01
8.907857046253261357e-01
8.994448778349026785e-01
9.083781297113951991e-01
9.127835437634490567e-01
9.131247113260048121e-01
9.140097614317345132e-01
9.194837814865761683e-01
9.287739220134452189e-01
9.378877528871862879e-01
9.457226429325273909e-01
9.544157505044270629e-01
9.648539010894270351e-01
9.734524645838507073e-01
9.753458452527490330e-01
9.705375954914133851e-01
9.630288655910204110e-01
9.562921913532792528e-01
9.509218041406456434e-01
9.449347500116654919e-01
9.368499645026789890e-01
9.280273119325113118e-01
9.221675801596690425e-01
9.238606263357698190e-01
9.352430620442903075e-01
9.521677283139252657e-01
9.668577776328390883e-01
9.739093448149307441e-01
9.716749168320062413e-01
9.616480406601084496e-01
9.481473187701296990e-01
9.360121063691355658e-01
9.273631887595181755e-01
9.209877871985054920e-01
9.142208487740209888e-01
9.051766927600637391e-01
8.938234788156901311e-01
8.818609236304537635e-01
8.726965276794159676e-01
8.710162788812109147e-01
8.795596097224779308e-01
8.949807307109279852e-01
9.083539049337870930e-01
9.095994902694308770e-01
8.919308045481852965e-01
8.553600535979846153e-01
8.063288855691856938e-01
7.511879591533948686e-01
6.901167645058926547e-01
6.187900534213363057e-01
5.353862684187051801e-01
4.445351148503456362e-01
3.533649417098722600e-01
2.663994040886139003e-01
1.873335588579587707e-01
1.224060341269993246e-01
7.726672094937089841e-02
5.132133711109684859e-02
3.789084979894200012e-02
2.944127702298263496e-02
2.211148962315024821e-02
1.617513640911150130e-02
1.293714554047239139e-02
1.210921952455393420e-02
1.224246712357606945e-02
1.239670199104606248e-02
1.260878100115259137e-02
1.294561755565179322e-02
1.287944626684029217e-02
1.201071089358083169e-02
1.092588295702796516e-02
1.074317168702640900e-02
1.168870418826259763e-02
1.279389259693261560e-02
1.346241926707738429e-02
1.485903539839217129e-02
1.920341776189229618e-02
2.727396888310157710e-02
3.706901544548400762e-02
4.562323930399952987e-02
5.130580626703253044e-02
5.397266318030113225e-02
5.375473872536858794e-02
5.037494670265404983e-02
4.384344913027954371e-02
3.548495509725555636e-02
2.789821817849919006e-02
2.342517430739312484e-02
2.206242181994800058e-02
2.147498696318078312e-02
1.965900545096557761e-02
1.690298025180803423e-02
1.504560511852020069e-02
1.510944620256534157e-02
1.614938067291714352e-02
1.705907661560680105e-02
1.855318112557632904e-02
2.239612675473236225e-02
2.862301696790418501e-02
3.422039181260355667e-02
3.615260802000232199e-02
3.471584933517699034e-02
3.252926717645838323e-02
3.152967163309693815e-02
3.191898539795644946e-02
3.525347700654204997e-02
4.851920013972756823e-02
8.339306657256470579e-02
1.514254957957353875e-01
2.538174928678427755e-01
3.599386984172092130e-01
4.011302124515827572e-01
3.461029517463473093e-01
2.605793449013546481e-01
2.149813263932047191e-01
2.203875807099916206e-01
2.557342226171640531e-01
2.975886528979610479e-01
3.285160868164784809e-01
3.357868790723710917e-01
3.157352433877566589e-01
2.845802752865083662e-01
2.607881675040540359e-01
2.436145087071397153e-01
2.249332153972863346e-01
1.997172912589000593e-01
1.688763011047546836e-01
1.391352539469159211e-01
1.171095585264160521e-01
1.057109156068204298e-01
1.067430827283907258e-01
1.210373771534167947e-01
1.428746899242403223e-01
1.571380069268533131e-01
1.509716253966402466e-01
1.262029331175196778e-01
9.433653021995704047e-02
6.628550925136407479e-02
4.742382638666543804e-02
3.714917901220747554e-02
3.195526593222880463e-02
2.904752553282400479e-02
2.731680053899827182e-02
2.630451167380706487e-02
2.534726303408507339e-02
2.383417320259884065e-02
2.186370908298419444e-02
2.018141572450521393e-02
1.943988107833317242e-02
1.976124726311698568e-02
2.107556405689198220e-02
2.361381682436211604e-02
2.768671641189915031e-02
3.284064558443008236e-02
3.746847091216403552e-02
3.958768556505892072e-02
3.812421878463143760e-02
3.350670842674477456e-02
2.721300426719544530e-02
2.082021726124822295e-02
1.533842235549296579e-02
1.121249607351469495e-02
8.663922100326808609e-03
7.799139046269987913e-03
8.392318216276277443e-03
9.769312451221368043e-03
1.113067039270318123e-02
1.204396821156291167e-02
1.260690851850707929e-02
1.326119968480659293e-02
1.457869235011677485e-02
1.713183277853870187e-02
2.127092825461854297e-02
2.671764013294343834e-02
3.228286115093236680e-02
3.625749323852671402e-02
3.755928170716955200e-02
3.667632509382898198e-02
3.529182843565102645e-02
3.476753871670869300e-02
3.477932342667255927e-02
3.346433165650412878e-02
2.930685593044409648e-02
2.297131669644321417e-02
1.717801414910885907e-02
1.486816481870024097e-02
1.716799135909188173e-02
2.276513627205698984e-02
2.937354296662566394e-02
3.571550340508582860e-02
4.193471478194477770e-02
4.836414245514138871e-02
5.425148898755456639e-02
5.796537371892676593e-02
5.829439584381782002e-02
5.524484277238456142e-02
4.998305708980142065e-02
4.444787586491436016e-02
4.070961382743079615e-02
4.022653469740025689e-02
4.340781659813888749e-02
4.919819344903660768e-02
5.472556718619694255e-02
5.658814928087773505e-02
5.384180207290921449e-02
4.926510349038355080e-02
4.733481581510579073e-02
5.071191654326420023e-02
5.741123892518440464e-02
6.210059333024981615e-02
6.172351977669957024e-02
5.887757908280521341e-02
6.019825842023638490e-02
7.194607512665703031e-02
9.398297050280790543e-02
1.185816671123610389e-01
1.395100006095816858e-01
1.584335216490393439e-01
1.799754628978618431e-01
2.037561315521821681e-01
2.225830013268676744e-01
2.301179136032664718e-01
2.277874626435100747e-01
2.212650972331224319e-01
2.136147803456224514e-01
2.042931616520796689e-01
1.936918593137301747e-01
1.857356387153764610e-01
1.857443022267559474e-01
1.972183515740205673e-01
2.206427732678765130e-01
2.551351384045917325e-01
2.989465114216565689e-01
3.454725833433827109e-01
3.830546336025102416e-01
4.043458199524971319e-01
4.133619628903619780e-01
4.220021662461338474e-01
4.402924800737336719e-01
4.630949001722990399e-01
4.651469202567930505e-01
4.239216753518686986e-01
3.450301881332503151e-01
2.616286197422394988e-01
2.182606817692037127e-01
2.272866436626677089e-01
2.511705026782813377e-01
2.567219141221003809e-01
2.438477055017428952e-01
2.357494823945950613e-01
2.547658520371760549e-01
2.904491741592612475e-01
3.141061956764395480e-01
3.104470637495534424e-01
2.784236618775194905e-01
2.346068330799793988e-01
