2.823359716553573429e-01
2.906083541346208277e-01
3.079593091604224675e-01
3.193566998150115799e-01
2.843377167300664699e-01
2.044084937350739151e-01
1.696799710787207649e-01
1.726546023542992747e-01
1.796659895420544828e-01
1.739409948718087517e-01
1.519076492476524043e-01
1.358793732161041046e-01
1.459276268829536871e-01
1.711285098808729699e-01
1.970739542825435398e-01
2.158095691469063826e-01
2.243501445128279759e-01
2.327281814429456863e-01
2.546861709240442750e-01
2.840275600868103489e-01
3.050089306076567697e-01
3.020725842638823933e-01
2.689752390812036875e-01
2.233989452612121784e-01
1.907624651729803722e-01
1.752788336021328663e-01
1.645241211669146719e-01
1.457804281091382992e-01
1.170998930021453777e-01
9.036152129973071268e-02
7.903590792967252199e-02
8.429172466193732283e-02
9.607641989587852038e-02
1.017781742519212607e-01
9.516488736723346942e-02
8.111240250790638373e-02
6.948999073993668285e-02
6.554568336339480772e-02
6.760751894986152810e-02
7.021158923852520439e-02
6.883624180332262310e-02
6.368706981796973254e-02
5.843354921427101195e-02
5.567653830800877585e-02
5.481446951034781717e-02
5.308003268262881380e-02
4.827937225907380503e-02
4.130967717527776056e-02
3.546257261366339564e-02
3.329574053805003236e-02
3.476557115750084082e-02
3.730699298906264144e-02
3.730982918490892419e-02
3.284608389597803990e-02
2.536550094253779003e-02
1.830966256678034920e-02
1.466786188124180081e-02
1.559741336041692295e-02
1.992616306048348301e-02
2.458133264764264178e-02
2.649894782328556311e-02
2.485852914872829084e-02
2.144345775834399781e-02
1.893201634913736775e-02
1.883431963066258333e-02
2.067653038589860326e-02
2.279039217227977684e-02
2.371345104082136362e-02
2.301735180541544801e-02
2.121639927115013743e-02
1.909391174161374077e-02
1.719116334771238902e-02
1.607261952499162636e-02
1.695432505945381266e-02
2.174071950312972401e-02
3.198301157792171612e-02
4.704027953047880406e-02
6.312224227585733205e-02
7.529370487949005319e-02
8.110226267248756005e-02
8.192841709788897808e-02
8.121544963208322809e-02
8.157744449455228697e-02
8.278176165102284212e-02
8.241851055739050913e-02
7.884673285271434628e-02
7.300822947455934409e-02
6.756423303738443020e-02
6.480169334789355473e-02
6.471788458780797226e-02
6.463632617122860857e-02
6.156832434963459971e-02
5.545922912142400157e-02
4.971993063485272840e-02
4.876292697950846550e-02
5.453762284130022481e-02
6.401895298986928773e-02
7.041830974959019385e-02
6.839677076414871215e-02
5.788911970775759142e-02
4.307820652261525746e-02
2.924084260662745613e-02
2.016917265350866295e-02
1.662043597036582873e-02
1.644987860016639686e-02
1.676243647461597708e-02
1.614892975628828484e-02
1.502630690259657183e-02
1.449723254188252375e-02
1.511354682803893630e-02
1.642527877910744671e-02
1.746225477417558819e-02
1.748085699243194860e-02
1.626245455895744194e-02
1.406102393112199783e-02
1.160033493436157456e-02
1.002423109807630899e-02
1.042618344262532214e-02
1.313101715191780823e-02
1.741265949701574847e-02
2.200840556905278231e-02
2.626324928132527797e-02
3.123970043418080114e-02
3.957145152414657391e-02
5.361490496562388436e-02
7.349110613589582286e-02
9.662113981755894587e-02
1.185249136878619297e-01
1.342860808239553227e-01
1.405430236987215975e-01
1.368339741829108502e-01
1.247263765741935398e-01
1.063662870803017413e-01
8.588132337922776971e-02
7.379888371217220577e-02
8.892837135820012839e-02
1.467132416958832342e-01
2.374260601935077042e-01
3.284230656923038949e-01
3.925962639938214149e-01
4.211001845428787860e-01
4.161194708337578874e-01
3.843830184188734012e-01
3.402426698459481980e-01
3.146715838790191677e-01
3.381441949111098633e-01
3.909170681002274161e-01
4.321694538863025681e-01
4.540933238104481462e-01
4.683817495972028011e-01
4.866215318053195849e-01
5.142454902479031142e-01
5.487399765015276154e-01
5.815856441605383731e-01
6.068601443734130685e-01
6.288437355838304432e-01
6.560778030730599619e-01
6.902099257669533916e-01
7.249344104521412424e-01
7.522924715375164384e-01
7.682182230251819455e-01
7.750306212363646807e-01
7.802330747081139828e-01
7.907640600920233798e-01
8.069227178083874241e-01
8.230985275840237980e-01
8.336021978414019928e-01
8.366580442588493760e-01
8.347016816129756434e-01
8.322115806525068882e-01
8.323507837723236324e-01
8.350201115126756335e-01
8.381760069472099506e-01
8.404378577711719700e-01
8.421824244932103465e-01
8.445865188570192972e-01
8.478264117482688933e-01
8.504075829980023427e-01
8.505107616899919565e-01
8.479989334534925316e-01
8.454057500973312100e-01
8.471092700200058001e-01
8.565262452891775347e-01
8.731451118541312395e-01
8.926301441211805798e-01
9.098823033274062722e-01
9.217498702784835407e-01
9.278498925984737244e-01
9.299682530944377579e-01
9.304919644302666049e-01
9.306720090024833691e-01
9.300358691462299321e-01
9.273524459226090144e-01
9.222704787233891865e-01
9.162888873519328126e-01
9.120182920281437733e-01
9.111945645827773665e-01
9.133723059631081442e-01
9.164537758662681943e-01
9.184880114670789242e-01
9.193880013561496201e-01
9.210827262096871193e-01
9.256390560565592729e-01
9.329579941175368818e-01
9.402006980820838411e-01
9.435972313048145432e-01
9.414106504173810341e-01
9.354985212335501510e-01
9.298937674766512007e-01
9.278094836628871800e-01
9.295099056006783655e-01
9.322832245314598421e-01
9.326205950928960764e-01
9.290065362115766945e-01
9.226351465258970652e-01
9.158485364982728028e-01
9.104921728799252323e-01
9.073321259734529187e-01
9.062105582525672443e-01
9.065031160028844681e-01
9.075800352050378272e-01
9.090048522080298454e-01
9.105749592093447253e-01
9.124725283499699469e-01
9.153700621358212830e-01
9.199992528178729811e-01
9.262329312668613479e-01
9.326379689746464585e-01
9.370981977936464480e-01
9.379051912968007221e-01
9.341931280040893792e-01
9.249916064637097035e-01
9.076060910457217634e-01
8.773678062193767113e-01
8.305470523343546629e-01
7.705689927521530702e-01
7.126966876351639169e-01
6.770359009823644358e-01
6.713850130055114551e-01
6.839192412794297127e-01
6.926992508161409212e-01
6.801695434510270921e-01
6.446788040438522494e-01
6.020230375061901285e-01
5.712121160989336310e-01
5.575497675352113491e-01
5.509274961648926716e-01
5.378342682160941468e-01
5.151514847293214849e-01
4.933587605563932166e-01
4.850871024624895389e-01
4.914677826977625896e-01
4.995152389899178980e-01
4.942856921592773123e-01
4.760537848375675507e-01
4.582839783214479601e-01
4.510117764731830237e-01
4.544250092648861039e-01
4.616500345101182123e-01
4.627046466549510351e-01
4.521079130815316982e-01
4.384324383956542115e-01
4.368347635070952695e-01
4.498824333538140596e-01
4.659962503494573527e-01
4.721987265817638169e-01
4.682376626706166722e-01
4.676748199017946028e-01
4.811496508977614606e-01
5.052215429127080437e-01
5.244884021681193165e-01
5.212931287090343258e-01
4.967621167250969028e-01
4.797143134524102237e-01
4.969329344109543745e-01
5.508843229539033270e-01
6.230891238997997572e-01
6.760343665971545457e-01
6.713039640517449724e-01
6.205049419014325718e-01
5.768678741672484955e-01
5.684442050346806274e-01
5.828820396989684571e-01
5.800604871607999424e-01
5.202220261704948445e-01
4.283475271538754736e-01
3.729083528905451361e-01
3.737235256014405094e-01
4.040781870204708248e-01
4.194035705073008158e-01
3.798391840840610323e-01
2.958533836840811504e-01
2.273432720870683654e-01
2.166234859737503626e-01
2.653043370739543994e-01
3.456223263756386666e-01
4.145222199410132924e-01
4.487269126870159219e-01
4.575853057416135461e-01
4.521140654272103876e-01
