4.794214051213938887e+01
4.816116044078593461e+01
6.041499864792189101e+01
4.594646632300115385e+01
3.854106086622137184e+01
4.276666690791687842e+01
5.332059515363577162e+01
3.887852079347703693e+01
4.487833108036890195e+01
4.190081590121267396e+01
5.288721816828243760e+01
5.379361672632009572e+01
5.785215237031700042e+01
6.073864460310801405e+01
7.051268106423246707e+01
8.495857912752475727e+01
3.963059814270170023e+01
2.680947609568036683e+01
6.132095979757529136e+01
2.551689017442990703e+01
4.174943832852878955e+01
6.664302866902032463e+01
5.930234243105111602e+01
1.011701138068272172e+02
6.378308359694349150e+01
4.900050505020222857e+01
1.139494698722308925e+02
6.876964503237542203e+01
3.256561829586194534e+01
4.661684676376467706e+01
5.721783944189942872e+01
6.956485345179618207e+01
6.605099602848842721e+01
4.682716225938543175e+01
4.580569845971088938e+01
4.061628804106105406e+01
3.262504441684592393e+01
2.663462744527762993e+01
7.174620900774237953e+01
5.027722843687326559e+01
5.452027823640530357e+01
3.646771666045858495e+01
2.391121138876880892e+01
4.754535405700401896e+01
6.920935860623403357e+01
4.842760287036518463e+01
4.677809563275195615e+01
9.044899844552523405e+01
5.156415543755028352e+01
5.461006578260199262e+01
5.777289934318966402e+01
7.257379574072987793e+01
7.939074566918928610e+01
8.668050912939214925e+01
8.157283154316363039e+01
4.730440859844934920e+01
6.480839938072490725e+01
7.515732217997241094e+01
1.364653184458710768e+02
5.464498829218790377e+01
7.679725204985507503e+01
