1.799475782135222246e-01
2.936747730403357903e-01
5.081673008455688256e-01
5.059776478547528544e-01
2.914685701690470920e-01
1.562991972694943443e-01
2.141690630650090743e-01
3.632812615072001372e-01
4.297304001882444879e-01
3.556981221990368480e-01
2.524612229149932330e-01
2.340532518236577153e-01
3.072053725950855130e-01
3.876234685863271245e-01
3.871040491905647918e-01
3.213188937341000528e-01
2.712500675849290332e-01
2.760559767027963574e-01
3.071539328367073329e-01
2.897500940841238881e-01
2.057972804753810392e-01
1.384575020560187830e-01
1.298848840630011936e-01
1.567177334964172386e-01
1.797013410633084285e-01
1.768671969100926999e-01
1.667909156238812640e-01
1.795780347396979393e-01
2.169314505581471375e-01
2.548310723594547911e-01
2.671952320943095094e-01
2.596619294499958319e-01
2.635305873676320743e-01
2.843039750641461749e-01
2.889366254887349439e-01
2.494362322279340682e-01
1.881275218781825187e-01
1.425221195339496094e-01
1.219427626377092289e-01
1.150542349311256263e-01
1.056536679227375597e-01
8.723466914056980659e-02
7.061145333341153907e-02
6.591104659011585987e-02
6.937049479421819598e-02
7.034450186203730637e-02
6.234782621625351018e-02
5.083794227943866373e-02
4.503730228239471306e-02
4.545414755926817374e-02
4.576923501204956807e-02
4.069191641410922072e-02
3.214947643912256098e-02
2.638724395645524259e-02
2.509824942413988944e-02
2.459637417186950198e-02
2.081468081503532255e-02
1.408775838387337290e-02
9.379441264582214291e-03
1.018257156009615486e-02
1.522206104093158652e-02
2.068459096720992249e-02
2.331967516958812284e-02
2.347268059505893886e-02
2.500011506401615680e-02
3.107945031044365494e-02
4.131355158787568954e-02
5.090578823844418843e-02
5.231776983123472696e-02
4.231863169642706424e-02
2.654559461805204926e-02
1.388322244489369889e-02
9.840041468543564082e-03
1.432804848153887249e-02
2.261887282263406670e-02
2.972800477514623771e-02
3.458264447103171629e-02
3.944556194105727082e-02
4.641763883007068991e-02
5.542135536735433299e-02
6.542798612783441714e-02
7.607239201680349172e-02
8.620767724843847457e-02
9.136098843206870435e-02
8.591493347302484040e-02
7.021194168967952176e-02
5.337790846117911048e-02
4.823075653401954349e-02
6.374817016559201910e-02
9.938129375810242361e-02
1.460758463065736368e-01
1.957497800375417873e-01
2.491817758554680518e-01
3.130606872845214106e-01
3.903827318140078995e-01
4.756608348034687128e-01
5.612237262688892780e-01
6.448606615801091291e-01
7.266183520842456334e-01
8.011115966425199630e-01
8.588457795199563316e-01
8.951433340854577647e-01
9.143169999067471965e-01
9.254159955771728008e-01
9.353271714865913911e-01
9.450953756828174290e-01
9.520994647941035671e-01
9.547529410226025526e-01
9.542233492883108736e-01
9.528287962951774714e-01
9.520399298484527595e-01
9.520920003480058957e-01
9.529932148694318927e-01
9.550967349559738029e-01
9.585139666741775422e-01
9.625238273003444700e-01
9.661029847824608163e-01
9.688554664741600986e-01
9.707113745225850465e-01
9.707575905770667868e-01
9.671819762467726012e-01
9.591573215550094345e-01
9.484405736245368201e-01
9.381755734133362390e-01
9.306346033953440955e-01
9.265725927137550277e-01
9.260428164715082122e-01
9.292329110608704701e-01
9.362213605247101667e-01
9.458987277339313549e-01
9.554053134448800000e-01
9.614455466605887901e-01
9.633074917017038219e-01
9.639531365980645861e-01
9.667046826520251379e-01
9.712093423605124842e-01
9.729812129991667335e-01
9.675995982203278167e-01
9.558061126899102256e-01
9.424141867752252599e-01
9.305910542798423446e-01
9.191988836128779372e-01
9.052972992064970414e-01
8.889495976359576002e-01
8.742261902405076279e-01
8.646766028575004759e-01
8.595660883143998454e-01
8.536579428080294241e-01
8.399731607962100943e-01
8.149101670315993529e-01
7.793809703160665681e-01
7.333055803457180222e-01
6.716352815903582352e-01
5.864911993243246968e-01
4.774611717138845801e-01
3.678514579437826004e-01
2.938176645431660461e-01
2.609897448462162872e-01
2.481980354148509982e-01
2.398851702122753726e-01
2.310298584819882595e-01
2.199033348138603183e-01
2.050084236396689519e-01
1.883255832019463949e-01
1.813821367829204778e-01
1.947418148685380601e-01
2.173746791362649589e-01
2.319984237272297301e-01
2.315169613202288923e-01
2.177985317047881897e-01
2.013497678902411159e-01
1.954401803156521900e-01
2.032574632408200854e-01
2.188691443714109452e-01
2.367675443060599794e-01
2.540498935320537610e-01
2.673649953508553390e-01
2.713903783140964032e-01
2.621963344096294168e-01
2.402298685904082076e-01
2.086513227010574623e-01
1.715919374174925682e-01
1.338460409015752584e-01
9.967555876708678042e-02
7.133621236518193631e-02
4.934865607836085022e-02
3.361325985348501133e-02
2.357277780772797440e-02
1.773814270122493070e-02
1.410364755255767363e-02
1.162720734929470132e-02
1.096104747820689576e-02
1.320100841980278994e-02
1.789199183855352121e-02
2.257970878516932928e-02
2.463807557188974970e-02
2.363440439135575111e-02
2.183700146138544892e-02
2.232464604080032153e-02
2.654562915841154544e-02
3.348363340694066742e-02
4.061790051003826008e-02
4.537051511137812215e-02
4.612021592645769441e-02
4.268099652460393550e-02
3.634223358822017552e-02
2.950268924790695399e-02
2.485796834324451726e-02
2.413397549148124654e-02
2.696180803133731846e-02
3.108266378070450101e-02
3.404418878654084935e-02
3.482752373900350334e-02
3.404841398429712257e-02
3.292423396651936868e-02
3.212935331940858924e-02
3.152019384142176750e-02
3.070395638094150156e-02
2.959152895919941323e-02
2.836678349690425691e-02
2.711275881245422958e-02
2.565770633465289108e-02
2.379910877398440719e-02
2.155818082652641993e-02
1.916955883307591355e-02
1.690177231143046022e-02
1.500424188237959623e-02
1.383999476289792668e-02
1.388230101045660400e-02
1.533269170965809690e-02
1.765503976451338400e-02
1.969694381316063753e-02
2.053421276575780052e-02
2.019245424305417605e-02
1.953239059668327587e-02
1.947397065607515271e-02
2.022438808838063207e-02
2.121563685684381764e-02
2.172293448876979130e-02
2.135600041530541157e-02
2.010256054873300890e-02
1.832555296881846485e-02
1.693937223635819805e-02
1.743533211176191353e-02
2.140504222780368823e-02
2.952267073994277111e-02
4.031772759852323557e-02
5.017808477393061184e-02
5.558515807424529304e-02
5.525849914798636880e-02
5.022721504530629211e-02
4.346828379308805002e-02
4.003410257940834965e-02
4.587702388510535995e-02
6.528914000559499220e-02
9.915290834326644098e-02
1.426651715294588174e-01
1.812555135698104558e-01
1.938986371505600770e-01
1.727602597023773501e-01
1.352425673765597081e-01
1.081029791477739754e-01
1.085860186119479709e-01
1.361560121675208512e-01
1.730379896700599551e-01
1.996052910798924718e-01
2.110088960721747398e-01
2.134977308725747591e-01
2.103973509630857330e-01
1.984219805457304031e-01
1.770858008228623492e-01
1.555059847439844711e-01
1.479514689779180547e-01
1.631146737095766908e-01
1.941674874321377975e-01
2.220791145173748871e-01
2.351817219796616953e-01
2.409004096093423919e-01
2.528184660697040953e-01
2.726222118783939719e-01
2.895844708094935660e-01
2.911738387920188020e-01
2.730346340392342808e-01
2.478759713210708926e-01
2.426474552938852614e-01
2.722449137587744095e-01
3.221015338843492004e-01
3.590240534975301934e-01
3.536349718027967381e-01
3.138067993164914138e-01
2.784137405993724612e-01
2.694095824658531146e-01
2.827218323047098747e-01
2.983781817007800097e-01
2.905088266584670564e-01
2.531564216402963363e-01
2.027796404039791667e-01
1.545389163418453282e-01
1.213286708463104935e-01
1.208910681661648917e-01
