1.852625635539441973e+01
4.461071022995390223e+01
4.923173366320384758e+01
3.641896369530100230e+01
2.380894068379672746e+01
3.250193751207012127e+01
2.849289593136162679e+01
2.646702337795994708e+01
2.723935257269496191e+01
5.051492196864483475e+01
3.493170698104262328e+01
5.390802762950581695e+01
5.155523099068849291e+01
4.216318551991530938e+01
2.266605750661437924e+01
4.524956836900040003e+01
4.539741855500540169e+01
2.259304686809415585e+01
3.150310652711083037e+01
5.934921707355979947e+01
4.261089384017114412e+01
3.581725233775547679e+01
3.372734081560375330e+01
4.812440303207912962e+01
3.713170585698806292e+01
2.666267360474721215e+01
7.191275546704223132e+01
4.621633182155760267e+01
4.688898942709310091e+01
6.119676443117305809e+01
8.750690120852554799e+01
2.957773666388602862e+01
6.603886494198333423e+01
7.770442059317242922e+01
1.376962791134123449e+02
3.098610201591137070e+01
9.457451196510663749e+01
2.598797218535233000e+01
4.946148588678392599e+01
6.101879464599667813e+01
7.084597141928979624e+01
5.575873245582005922e+01
4.196299564228839074e+01
2.094197892984587384e+01
2.375354551901450861e+01
5.117212449273183239e+01
6.394790953362987551e+01
4.498041542058297182e+01
1.469552463197886816e+01
1.797773361858515884e+01
1.835529231073636325e+01
1.537071967560886598e+01
4.507171203848562868e+01
9.048668234614444827e+01
3.164514672529495343e+01
1.628295578694461909e+01
2.276737878994639530e+01
2.661699181857009222e+01
2.684689965676863110e+01
2.572889679536858409e+01
2.817095130033532158e+01
