5.588735450224929480e+01
6.679681427658603354e+01
4.461324816051601516e+01
4.740726787134635600e+01
3.896471429992303115e+01
4.490965331244763092e+01
5.820680120690502690e+01
7.307000400130858964e+01
4.091061808173229508e+01
5.760289939243564561e+01
4.829322939908207246e+01
5.529354152557750268e+01
4.909102260371151516e+01
7.848256088275952891e+01
3.166856518083539029e+01
4.230719455411989571e+01
7.038286888959611076e+01
4.835273281827993230e+01
4.574614727004026093e+01
4.513615581730002901e+01
5.085288925142270955e+01
3.007925370998813008e+01
5.086012461529358575e+01
5.590777190771976279e+01
6.395755008449085466e+01
5.609950680763551389e+01
6.861716558589505155e+01
6.936198781504883470e+01
6.011174488446162911e+01
9.555189122363280774e+01
6.731132525011116741e+01
