8.577720065572130181e+01
1.351717840984875920e+02
1.449833447551982886e+02
2.331630027417449753e+02
1.523056790442184649e+02
2.583618252106383579e+02
1.658367717876994902e+02
2.263629896166862920e+02
1.576724400552571410e+02
2.054927925089097300e+02
1.203567944468377533e+02
8.674829578311063472e+01
7.976138356342349311e+01
4.366538925081892586e+01
7.229595952718018737e+01
2.425444725035288940e+01
4.045964331079839837e+01
2.786777293979328007e+01
4.484841876297345209e+01
1.885642838409738786e+01
3.334258624312340658e+01
2.021604936903195338e+01
4.649771909041362505e+01
1.562954765283413927e+01
4.261439149419069850e+01
1.644569888175259109e+01
3.460827397007955053e+00
1.935980107095946146e+00
1.110414232510163801e+00
2.156225340854795169e-01
2.038631303472170364e-01
