9.999999999999997780e-01
2.353933358190574143e-01
6.480284373056033331e-06
8.754458363791073339e-08
1.475952693397175608e-11
2.401467913415444855e-12
6.465938895416911691e-13
3.197442310920450836e-14
5.551115123125782702e-17
0.000000000000000000e+00
0.000000000000000000e+00
0.000000000000000000e+00
0.000000000000000000e+00
0.000000000000000000e+00
5.551115123125782702e-17
5.551115123125782702e-17
0.000000000000000000e+00
0.000000000000000000e+00
0.000000000000000000e+00
0.000000000000000000e+00
0.000000000000000000e+00
5.551115123125782702e-17
3.197442310920450836e-14
6.465938895416911691e-13
2.401467913415444855e-12
1.475952693397175608e-11
8.754458363791073339e-08
6.480284373056033331e-06
2.353933358190612446e-01
9.999999999999997780e-01
1.000000000000000000e+00
9.999999999999980016e-01
9.999999999834712217e-01
9.999999654631082091e-01
9.999999842637106173e-01
9.999999997878065150e-01
9.999999999613455870e-01
0.000000000000000000e+00
2.030910251082929108e-08
1.381936328370692024e-06
3.751473461438559198e-05
9.612495334274662184e-04
4.244717222071908713e-02
9.409139352673080436e-01
9.780029902255134022e-01
9.893731234990257306e-01
9.780029902255128471e-01
9.409139352673080436e-01
4.244717222071997531e-02
9.612495334274662184e-04
3.751473461438559198e-05
1.381936328370692024e-06
2.030910251082929108e-08
0.000000000000000000e+00
9.999999999613455870e-01
9.999999997878065150e-01
9.999999842637106173e-01
9.999999654631082091e-01
9.999999999834712217e-01
9.999999999999980016e-01
1.000000000000000000e+00
2.353933358190612446e-01
3.376808915822593349e-08
1.996814306126637462e-07
3.453434982425562794e-09
2.635824891683569149e-11
1.224487178319577652e-11
2.546152177984595255e-11
2.566838408490923484e-10
0.000000000000000000e+00
4.529880525683260828e-07
1.665334536937734811e-16
7.216449660063517513e-16
8.326672684688674053e-16
1.261784419476219554e-05
9.999344205300519928e-01
9.999344205300519928e-01
1.261784419476219554e-05
8.326672684688674053e-16
7.216449660063517513e-16
1.665334536937734811e-16
4.529880525683260828e-07
0.000000000000000000e+00
2.566838408490923484e-10
2.546152177984595255e-11
1.224487178319577652e-11
2.635824891683569149e-11
3.453434982425562794e-09
1.996814306126637462e-07
3.376808915822593349e-08
2.353933358190625214e-01
9.999517575877874265e-01
9.999999999945003992e-01
1.000000000000000000e+00
9.999999999899920056e-01
9.999999999993360866e-01
9.999999968041678455e-01
0.000000000000000000e+00
5.701524308232563953e-09
2.016456890352458231e-09
1.188514692218589630e-08
2.251518361195969931e-07
3.540949146008109949e-06
2.886924556644299145e-05
2.219552151492831804e-04
1.136883050450954169e-03
2.268338986661344592e-03
1.136883050450954169e-03
2.219552151492831804e-04
2.886924556644299145e-05
3.540949146008109949e-06
2.251518361195969931e-07
1.188514692218589630e-08
2.016456890352458231e-09
5.701524308232563953e-09
0.000000000000000000e+00
9.999999968041678455e-01
9.999999999993360866e-01
9.999999999899920056e-01
1.000000000000000000e+00
9.999999999945003992e-01
9.999517575877874265e-01
6.480284373056033331e-06
1.996814306126637462e-07
2.241935359581503917e-09
2.850641944718290688e-11
4.594236102661852783e-11
8.346856539276359399e-11
9.417777668829785398e-11
1.107447467063593649e-13
2.331468351712828735e-15
0.000000000000000000e+00
1.498801083243961330e-15
2.857158953872840357e-13
1.255662240851052047e-13
2.973043280879439365e-05
9.999976420979750369e-01
9.999976420979750369e-01
2.973043280879439365e-05
1.255662240851052047e-13
2.857158953872840357e-13
1.498801083243961330e-15
0.000000000000000000e+00
2.331468351712828735e-15
1.107447467063593649e-13
9.417777668829785398e-11
8.346856539276359399e-11
4.594236102661852783e-11
2.850641944718290688e-11
2.241935359581503917e-09
1.996814306126637462e-07
6.480284373056033331e-06
2.861588668745529418e-06
9.999999999661270955e-01
9.999999999999998890e-01
9.999983412107955605e-01
1.000000000000000000e+00
9.999999410503306319e-01
9.396034028608113431e-08
3.791860159196858149e-10
2.184522562842516891e-10
1.436684937683452290e-09
3.329491232717529670e-08
6.249552597648033725e-07
4.245608527742028571e-06
1.497232616581856135e-05
3.768580426083412149e-05
5.775031615667947094e-05
3.768580426083412149e-05
1.497232616581856135e-05
4.245608527742028571e-06
6.249552597648033725e-07
3.329491232717529670e-08
1.436684937683452290e-09
2.184522562842516891e-10
3.791860159196858149e-10
9.396034028608113431e-08
9.999999410503306319e-01
1.000000000000000000e+00
9.999983412107955605e-01
9.999999999999998890e-01
9.999999999661270955e-01
2.861588668745529418e-06
8.754458363791073339e-08
3.453434982425562794e-09
2.850641944718290688e-11
1.087618883843788353e-11
1.525779502742352634e-12
0.000000000000000000e+00
2.273020660581437369e-10
2.674015964210241236e-08
1.382494119184229930e-11
3.136380044566067227e-13
2.451294722760621880e-11
3.841371665203041630e-11
2.377183394575155262e-09
9.806200620865195283e-01
9.999996534793336167e-01
9.999996534793336167e-01
9.806200620865195283e-01
2.377183394575155262e-09
3.841371665203041630e-11
2.451294722760621880e-11
3.136380044566067227e-13
1.382494119184229930e-11
2.674015964210241236e-08
2.273020660581437369e-10
0.000000000000000000e+00
1.525779502742352634e-12
1.087618883843788353e-11
2.850641944718290688e-11
3.453434982425562794e-09
8.754458363791073339e-08
1.960313467108676377e-09
9.999999998324429207e-01
9.999999999407082063e-01
9.999999970960311568e-01
9.999999999860318400e-01
9.999930414459592409e-01
3.080530708299278331e-08
1.402104543579696383e-10
5.868500130290499328e-11
3.246499735709562628e-10
8.061416700844148409e-09
1.011484403456996972e-07
3.641790513597698009e-07
5.868800133090879001e-07
9.275217797699575328e-07
1.240746280384286138e-06
9.275217797699575328e-07
5.868800133090879001e-07
3.641790513597698009e-07
1.011484403456996972e-07
8.061416700844148409e-09
3.246499735709562628e-10
5.868500130290499328e-11
1.402104543579696383e-10
3.080530708299278331e-08
9.999930414459592409e-01
9.999999999860318400e-01
9.999999970960311568e-01
9.999999999407082063e-01
9.999999998324429207e-01
1.960313467108676377e-09
1.475952693397175608e-11
2.635824891683569149e-11
4.594236102661852783e-11
1.525779502742352634e-12
7.221834241732949522e-12
9.999933717676601219e-01
9.999998402009526721e-01
9.999926707094578537e-01
6.791378085158061850e-05
3.238005913397401514e-08
1.173834057177636225e-07
1.876062532546463046e-07
7.150525175858568616e-07
9.999944060667563805e-01
9.999999474991829729e-01
9.999999474991829729e-01
9.999944060667563805e-01
7.150525175858568616e-07
1.876062532546463046e-07
1.173834057177636225e-07
3.238005913397401514e-08
6.791378085158061850e-05
9.999926707094578537e-01
9.999998402009526721e-01
9.999933717676601219e-01
7.221834241732949522e-12
1.525779502742352634e-12
4.594236102661852783e-11
2.635824891683569149e-11
1.475952693397175608e-11
2.805394805349692433e-11
9.999999999999906741e-01
9.999999999999993339e-01
1.000000000000000000e+00
9.999999989399410705e-01
9.999945153343239301e-01
6.008311848049174841e-09
1.268575244850467243e-10
1.043841124648281493e-10
1.478422162470849344e-09
1.863204668328677371e-08
3.164135620181696140e-13
7.943085078565559343e-11
9.999899156480560602e-01
6.896935467182174762e-08
9.999979926655999662e-01
6.896935467182174762e-08
9.999899156480560602e-01
7.943085078565559343e-11
3.164135620181696140e-13
1.863204668328677371e-08
1.478422162470849344e-09
1.043841124648281493e-10
1.268575244850467243e-10
6.008311848049174841e-09
9.999945153343239301e-01
9.999999989399410705e-01
1.000000000000000000e+00
9.999999999999993339e-01
9.999999999999906741e-01
2.805394805349692433e-11
2.401467913415444855e-12
1.224487178319577652e-11
8.346856539276359399e-11
0.000000000000000000e+00
9.999933717676601219e-01
9.999993323542699653e-01
9.999981859977139509e-01
9.999938508533285919e-01
7.408802862126611100e-01
4.924533007100162507e-06
2.560658065586807197e-06
2.945771842843836197e-06
3.012503546673261923e-06
1.438321484692473007e-07
2.366179424173608936e-06
2.366179424173608936e-06
1.438321484692473007e-07
3.012503546673261923e-06
2.945771842843836197e-06
2.560658065586807197e-06
4.924533007100162507e-06
7.408802862126583344e-01
9.999938508533285919e-01
9.999981859977139509e-01
9.999993323542699653e-01
9.999933717676601219e-01
0.000000000000000000e+00
8.346856539276359399e-11
1.224487178319577652e-11
2.401467913415444855e-12
3.008704396734174225e-14
2.952252331489546577e-10
1.110223024625156540e-14
2.071920413015959639e-10
1.366853846773707915e-08
7.167732574142604562e-09
1.452958864334163991e-10
2.573870006017386913e-10
3.982244645150956330e-09
5.173169281835754418e-09
9.999882547420770873e-01
9.998376126562029675e-01
9.999761565167106792e-01
9.999995551175523412e-01
9.999999821285479040e-01
9.999999952871541087e-01
9.999999821285479040e-01
9.999995551175523412e-01
9.999761565167106792e-01
9.998376126562029675e-01
9.999882547420770873e-01
5.173169281835754418e-09
3.982244645150956330e-09
2.573870006017386913e-10
1.452958864334163991e-10
7.167732574142604562e-09
1.366853846773707915e-08
2.071920413015959639e-10
1.110223024625156540e-14
2.952252331489546577e-10
3.008704396734174225e-14
6.465938895416911691e-13
2.546152177984595255e-11
9.417777668829785398e-11
2.273020660581437369e-10
9.999998402009526721e-01
9.999981859977139509e-01
9.999962470754657495e-01
9.999728560011358347e-01
9.978509921767106938e-01
7.844420158220621886e-06
1.891315820956585014e-06
1.713907670231051839e-06
8.379174838424319205e-07
2.991238958194308850e-07
3.670855508453030325e-09
3.670855508453030325e-09
2.991238958194308850e-07
8.379174838424319205e-07
1.713907670231051839e-06
1.891315820956585014e-06
7.844420158220621886e-06
9.978509921767106938e-01
9.999728560011358347e-01
9.999962470754657495e-01
9.999981859977139509e-01
9.999998402009526721e-01
2.273020660581437369e-10
9.417777668829785398e-11
2.546152177984595255e-11
6.465938895416911691e-13
2.209343819004061515e-14
1.187938636348917498e-14
9.769962616701377556e-15
5.271255654193396367e-11
3.799971448614769542e-11
5.571654249081348098e-13
4.043630985606228023e-10
0.000000000000000000e+00
1.000000000000000000e+00
4.679098219995125874e-10
1.025689855271849638e-08
9.986557749041617971e-01
9.999325958790351576e-01
9.999992135571915686e-01
9.999999805045851620e-01
9.999999959463319321e-01
9.999999805045851620e-01
9.999992135571915686e-01
9.999325958790351576e-01
9.986557749041617971e-01
1.025689855271849638e-08
4.679098219995125874e-10
1.000000000000000000e+00
0.000000000000000000e+00
4.043630985606228023e-10
5.571654249081348098e-13
3.799971448614769542e-11
5.271255654193396367e-11
9.769962616701377556e-15
1.187938636348917498e-14
2.209343819004061515e-14
3.197442310920450836e-14
2.566838408490923484e-10
1.107447467063593649e-13
2.674015964210241236e-08
9.999926707094578537e-01
9.999938508533285919e-01
9.999728560011358347e-01
9.998518027634688554e-01
9.996336911823766602e-01
8.377126770042764292e-10
4.601467529230518494e-08
2.419614192339381020e-07
1.592711407205626983e-09
9.999999996723640816e-01
5.551115123125782702e-17
5.551115123125782702e-17
9.999999996723640816e-01
1.592711407205626983e-09
2.419614192339381020e-07
4.601467529230518494e-08
8.377126770042764292e-10
9.996336911823766602e-01
9.998518027634688554e-01
9.999728560011358347e-01
9.999938508533285919e-01
9.999926707094578537e-01
2.674015964210241236e-08
1.107447467063593649e-13
2.566838408490923484e-10
3.197442310920450836e-14
2.164934898019055254e-15
2.220446049250313081e-16
0.000000000000000000e+00
0.000000000000000000e+00
0.000000000000000000e+00
5.551115123125782702e-17
1.065287812407333945e-07
2.665214160479933980e-10
5.383168411032812628e-09
8.589906563827298669e-12
2.731282943702062482e-07
1.801412633719964296e-01
9.984926203262938227e-01
9.999901373869426457e-01
9.999998207069409339e-01
9.999999686898068951e-01
9.999998207069409339e-01
9.999901373869426457e-01
9.984926203262938227e-01
1.801412633719922107e-01
2.731282943702062482e-07
8.589906563827298669e-12
5.383168411032812628e-09
2.665214160479933980e-10
1.065287812407333945e-07
5.551115123125782702e-17
0.000000000000000000e+00
0.000000000000000000e+00
0.000000000000000000e+00
2.220446049250313081e-16
2.164934898019055254e-15
5.551115123125782702e-17
0.000000000000000000e+00
2.331468351712828735e-15
1.382494119184229930e-11
6.791378085158061850e-05
7.408802862126611100e-01
9.978509921767106938e-01
9.996336911823766602e-01
3.529757302350722270e-04
2.290867642973370977e-06
1.294520046712932526e-13
0.000000000000000000e+00
4.715672297095352405e-13
0.000000000000000000e+00
0.000000000000000000e+00
0.000000000000000000e+00
0.000000000000000000e+00
4.715672297095352405e-13
0.000000000000000000e+00
1.294520046712932526e-13
2.290867642973370977e-06
3.529757302350722270e-04
9.996336911823766602e-01
9.978509921767106938e-01
7.408802862126611100e-01
6.791378085158061850e-05
1.382494119184229930e-11
2.331468351712828735e-15
0.000000000000000000e+00
5.551115123125782702e-17
5.551115123125782702e-17
0.000000000000000000e+00
0.000000000000000000e+00
0.000000000000000000e+00
0.000000000000000000e+00
0.000000000000000000e+00
9.999999999999986677e-01
6.706602592831956144e-06
8.932113881865433314e-09
1.554478767928912930e-12
4.996138502910696388e-10
3.236943957318771936e-08
6.130570531226453568e-07
3.254597269833348072e-04
9.982910694653002182e-01
9.999533037360137655e-01
9.982910694653001071e-01
3.254597269833348072e-04
6.130570531226453568e-07
3.236943957318771936e-08
4.996138502910696388e-10
1.554478767928912930e-12
8.932113881865433314e-09
6.706602592831956144e-06
9.999999999999986677e-01
0.000000000000000000e+00
0.000000000000000000e+00
0.000000000000000000e+00
0.000000000000000000e+00
0.000000000000000000e+00
5.551115123125782702e-17
0.000000000000000000e+00
4.529880525683260828e-07
0.000000000000000000e+00
3.136380044566067227e-13
3.238005913397401514e-08
4.924533007100162507e-06
7.844420158220621886e-06
8.377126770042764292e-10
2.290867642973370977e-06
5.414182035479164767e-07
9.999999999997727373e-01
1.595358289918635819e-09
0.000000000000000000e+00
0.000000000000000000e+00
0.000000000000000000e+00
0.000000000000000000e+00
0.000000000000000000e+00
0.000000000000000000e+00
1.595358289918635819e-09
9.999999999997727373e-01
5.414182035479164767e-07
2.290867642973370977e-06
8.377126770042764292e-10
7.844420158220621886e-06
4.924533007100162507e-06
3.238005913397401514e-08
3.136380044566067227e-13
0.000000000000000000e+00
4.529880525683260828e-07
0.000000000000000000e+00
0.000000000000000000e+00
0.000000000000000000e+00
0.000000000000000000e+00
0.000000000000000000e+00
0.000000000000000000e+00
0.000000000000000000e+00
7.398137658043424381e-12
1.468285398876739700e-02
9.997332852210462084e-01
9.857005641127210005e-01
3.476377975683009325e-04
3.258250051985100981e-06
1.802053755106669541e-06
5.653755430684581640e-05
9.572953429101740408e-01
9.999136366519882912e-01
9.572953429101734857e-01
5.653755430684581640e-05
1.802053755106669541e-06
3.258250051985100981e-06
3.476377975683009325e-04
9.857005641127212225e-01
9.997332852210462084e-01
1.468285398876750802e-02
7.398137658043424381e-12
0.000000000000000000e+00
0.000000000000000000e+00
0.000000000000000000e+00
0.000000000000000000e+00
0.000000000000000000e+00
0.000000000000000000e+00
0.000000000000000000e+00
1.665334536937734811e-16
1.498801083243961330e-15
2.451294722760621880e-11
1.173834057177636225e-07
2.560658065586807197e-06
1.891315820956585014e-06
4.601467529230518494e-08
1.294520046712932526e-13
9.999999999997727373e-01
5.551115123125782702e-17
5.662137425588298356e-15
0.000000000000000000e+00
0.000000000000000000e+00
0.000000000000000000e+00
0.000000000000000000e+00
0.000000000000000000e+00
0.000000000000000000e+00
5.662137425588298356e-15
5.551115123125782702e-17
9.999999999997727373e-01
1.294520046712932526e-13
4.601467529230518494e-08
1.891315820956585014e-06
2.560658065586807197e-06
1.173834057177636225e-07
2.451294722760621880e-11
1.498801083243961330e-15
1.665334536937734811e-16
0.000000000000000000e+00
0.000000000000000000e+00
0.000000000000000000e+00
0.000000000000000000e+00
0.000000000000000000e+00
0.000000000000000000e+00
0.000000000000000000e+00
9.937439759966082420e-12
9.999999890325054208e-01
9.999990609650486473e-01
9.999484856454227133e-01
1.513398358365447560e-03
1.259516421693307464e-04
3.951258706780258478e-06
3.487477865585786319e-04
9.998222787882831142e-01
9.999926177078697354e-01
9.998222787882831142e-01
3.487477865585786319e-04
3.951258706780258478e-06
1.259516421693307464e-04
1.513398358365447560e-03
9.999484856454227133e-01
9.999990609650486473e-01
9.999999890325054208e-01
9.937439759966082420e-12
0.000000000000000000e+00
0.000000000000000000e+00
0.000000000000000000e+00
0.000000000000000000e+00
0.000000000000000000e+00
0.000000000000000000e+00
0.000000000000000000e+00
7.216449660063517513e-16
2.857158953872840357e-13
3.841371665203041630e-11
1.876062532546463046e-07
2.945771842843836197e-06
1.713907670231051839e-06
2.419614192339381020e-07
0.000000000000000000e+00
1.595358289918635819e-09
5.662137425588298356e-15
0.000000000000000000e+00
0.000000000000000000e+00
0.000000000000000000e+00
0.000000000000000000e+00
0.000000000000000000e+00
0.000000000000000000e+00
0.000000000000000000e+00
0.000000000000000000e+00
5.662137425588298356e-15
1.595358289918635819e-09
0.000000000000000000e+00
2.419614192339381020e-07
1.713907670231051839e-06
2.945771842843836197e-06
1.876062532546463046e-07
3.841371665203041630e-11
2.857158953872840357e-13
7.216449660063517513e-16
0.000000000000000000e+00
0.000000000000000000e+00
2.157718448358991736e-13
0.000000000000000000e+00
0.000000000000000000e+00
0.000000000000000000e+00
0.000000000000000000e+00
4.095890293598358767e-12
9.999999999999991118e-01
9.999999981696600093e-01
9.999981162607711749e-01
9.828848451844556244e-01
1.790370788139483693e-04
7.704840429556547576e-07
9.987250331627155475e-01
9.999996633997245699e-01
9.999999754310291422e-01
9.999996633997245699e-01
9.987250331627155475e-01
7.704840429556547576e-07
1.790370788139483693e-04
9.828848451844558465e-01
9.999981162607711749e-01
9.999999981696600093e-01
9.999999999999991118e-01
4.095890293598358767e-12
0.000000000000000000e+00
0.000000000000000000e+00
0.000000000000000000e+00
0.000000000000000000e+00
2.157718448358991736e-13
0.000000000000000000e+00
0.000000000000000000e+00
8.326672684688674053e-16
1.255662240851052047e-13
2.377183394575155262e-09
7.150525175858568616e-07
3.012503546673261923e-06
8.379174838424319205e-07
1.592711407205626983e-09
4.715672297095352405e-13
0.000000000000000000e+00
0.000000000000000000e+00
0.000000000000000000e+00
0.000000000000000000e+00
1.110223024625156540e-16
3.513855872938620450e-14
3.513855872938620450e-14
1.110223024625156540e-16
0.000000000000000000e+00
0.000000000000000000e+00
0.000000000000000000e+00
0.000000000000000000e+00
4.715672297095352405e-13
1.592711407205626983e-09
8.379174838424319205e-07
3.012503546673261923e-06
7.150525175858568616e-07
2.377183394575155262e-09
1.255662240851052047e-13
8.326672684688674053e-16
0.000000000000000000e+00
0.000000000000000000e+00
1.000000000000000000e+00
0.000000000000000000e+00
0.000000000000000000e+00
0.000000000000000000e+00
1.110223024625156540e-16
3.970324069513253562e-12
1.567908384048077863e-05
9.999999552599936337e-01
1.000000000000000000e+00
1.000000000000000000e+00
1.000000000000000000e+00
9.999999999999998890e-01
9.999999999999988898e-01
1.000000000000000000e+00
1.000000000000000000e+00
1.000000000000000000e+00
9.999999999999988898e-01
9.999999999999998890e-01
1.000000000000000000e+00
1.000000000000000000e+00
1.000000000000000000e+00
9.999999552599936337e-01
1.567908384048077863e-05
3.970324069513253562e-12
1.110223024625156540e-16
0.000000000000000000e+00
0.000000000000000000e+00
0.000000000000000000e+00
1.000000000000000000e+00
0.000000000000000000e+00
0.000000000000000000e+00
1.261784419476219554e-05
2.973043280879439365e-05
9.806200620865195283e-01
9.999944060667563805e-01
1.438321484692473007e-07
2.991238958194308850e-07
9.999999996723640816e-01
0.000000000000000000e+00
0.000000000000000000e+00
0.000000000000000000e+00
0.000000000000000000e+00
1.110223024625156540e-16
3.442626739236231970e-10
3.195672153664119719e-04
3.195672153664119719e-04
3.442626739236231970e-10
1.110223024625156540e-16
0.000000000000000000e+00
0.000000000000000000e+00
0.000000000000000000e+00
0.000000000000000000e+00
9.999999996723640816e-01
2.991238958194308850e-07
1.438321484692473007e-07
9.999944060667563805e-01
9.806200620865195283e-01
2.973043280879439365e-05
1.261784419476219554e-05
0.000000000000000000e+00
0.000000000000000000e+00
9.999997847988574273e-01
1.622896261821438202e-11
0.000000000000000000e+00
0.000000000000000000e+00
4.440892098500626162e-16
1.438460461855584072e-12
1.445544665634734827e-07
9.999988466089155814e-01
2.155147171833959874e-09
9.788836408120005217e-12
3.436861906180865844e-12
4.251143326250428345e-10
1.543765115741280169e-13
9.999996373466286670e-01
9.999999771534472393e-01
9.999996373466286670e-01
1.543765115741280169e-13
4.251143326250428345e-10
3.436861906180865844e-12
9.788836408120005217e-12
2.155147171833959874e-09
9.999988466089155814e-01
1.445544665634734827e-07
1.438460461855584072e-12
4.440892098500626162e-16
0.000000000000000000e+00
0.000000000000000000e+00
1.622896261821438202e-11
9.999997847988574273e-01
0.000000000000000000e+00
5.551115123125782702e-17
9.999344205300519928e-01
9.999976420979750369e-01
9.999996534793336167e-01
9.999999474991829729e-01
2.366179424173608936e-06
3.670855508453030325e-09
5.551115123125782702e-17
0.000000000000000000e+00
0.000000000000000000e+00
0.000000000000000000e+00
0.000000000000000000e+00
3.513855872938620450e-14
3.195672153664674831e-04
9.998777205883140340e-01
9.998777205883140340e-01
3.195672153664674831e-04
3.513855872938620450e-14
0.000000000000000000e+00
0.000000000000000000e+00
0.000000000000000000e+00
0.000000000000000000e+00
5.551115123125782702e-17
3.670855508453030325e-09
2.366179424173608936e-06
9.999999474991829729e-01
9.999996534793336167e-01
9.999976420979750369e-01
9.999344205300519928e-01
5.551115123125782702e-17
0.000000000000000000e+00
3.147522803503832733e-08
1.350564104996010428e-11
0.000000000000000000e+00
0.000000000000000000e+00
9.436895709313830594e-16
6.561973187046987732e-13
1.286474538009230173e-09
1.513427366761632697e-08
5.755884657787646574e-11
5.508371536677714175e-13
2.617905892066119122e-13
3.387340408167460737e-11
6.252324514233187358e-07
9.999904988828480779e-01
9.999994137764605107e-01
9.999904988828480779e-01
6.252324514233187358e-07
3.387340408167460737e-11
2.617905892066119122e-13
5.508371536677714175e-13
5.755884657787646574e-11
1.513427366761632697e-08
1.286474538009230173e-09
6.561973187046987732e-13
9.436895709313830594e-16
0.000000000000000000e+00
0.000000000000000000e+00
1.350564104996010428e-11
3.147522803503832733e-08
0.000000000000000000e+00
5.551115123125782702e-17
9.999344205300519928e-01
9.999976420979750369e-01
9.999996534793336167e-01
9.999999474991829729e-01
2.366179424173608936e-06
3.670855508453030325e-09
5.551115123125782702e-17
0.000000000000000000e+00
0.000000000000000000e+00
0.000000000000000000e+00
0.000000000000000000e+00
3.513855872938620450e-14
3.195672153664119719e-04
9.998777205883140340e-01
9.998777205883140340e-01
3.195672153664119719e-04
3.513855872938620450e-14
0.000000000000000000e+00
0.000000000000000000e+00
0.000000000000000000e+00
0.000000000000000000e+00
5.551115123125782702e-17
3.670855508453030325e-09
2.366179424173608936e-06
9.999999474991829729e-01
9.999996534793336167e-01
9.999976420979750369e-01
9.999344205300519928e-01
5.551115123125782702e-17
0.000000000000000000e+00
3.147522803503832733e-08
1.350564104996010428e-11
0.000000000000000000e+00
0.000000000000000000e+00
9.436895709313830594e-16
6.561973187046987732e-13
1.286474538009230173e-09
1.513427366761632697e-08
5.755884657787646574e-11
5.508371536677714175e-13
2.617905892066119122e-13
3.387340408167460737e-11
6.252324514233187358e-07
9.999904988828480779e-01
9.999994137764605107e-01
9.999904988828480779e-01
6.252324514233187358e-07
3.387340408167460737e-11
2.617905892066119122e-13
5.508371536677714175e-13
5.755884657787646574e-11
1.513427366761632697e-08
1.286474538009230173e-09
6.561973187046987732e-13
9.436895709313830594e-16
0.000000000000000000e+00
0.000000000000000000e+00
1.350564104996010428e-11
3.147522803503832733e-08
0.000000000000000000e+00
0.000000000000000000e+00
1.261784419476219554e-05
2.973043280879439365e-05
9.806200620865197504e-01
9.999944060667563805e-01
1.438321484692473007e-07
2.991238958194308850e-07
9.999999996723640816e-01
0.000000000000000000e+00
0.000000000000000000e+00
0.000000000000000000e+00
0.000000000000000000e+00
1.110223024625156540e-16
3.442626739236231970e-10
3.195672153664119719e-04
3.195672153664119719e-04
3.442626739236231970e-10
1.110223024625156540e-16
0.000000000000000000e+00
0.000000000000000000e+00
0.000000000000000000e+00
0.000000000000000000e+00
9.999999996723640816e-01
2.991238958194308850e-07
1.438321484692473007e-07
9.999944060667563805e-01
9.806200620865197504e-01
2.973043280879439365e-05
1.261784419476219554e-05
0.000000000000000000e+00
0.000000000000000000e+00
9.999997847988574273e-01
1.622896261821438202e-11
0.000000000000000000e+00
0.000000000000000000e+00
4.440892098500626162e-16
1.438460461855584072e-12
1.445544665634734827e-07
9.999988466089155814e-01
2.155147171833959874e-09
9.788836408120005217e-12
3.436861906180865844e-12
4.251143326250428345e-10
1.543765115741280169e-13
9.999996373466286670e-01
9.999999771534472393e-01
9.999996373466286670e-01
1.543765115741280169e-13
4.251143326250428345e-10
3.436861906180865844e-12
9.788836408120005217e-12
2.155147171833959874e-09
9.999988466089155814e-01
1.445544665634734827e-07
1.438460461855584072e-12
4.440892098500626162e-16
0.000000000000000000e+00
0.000000000000000000e+00
1.622896261821438202e-11
9.999997847988574273e-01
0.000000000000000000e+00
0.000000000000000000e+00
8.326672684688674053e-16
1.255662240851052047e-13
2.377183394575155262e-09
7.150525175858568616e-07
3.012503546673261923e-06
8.379174838424319205e-07
1.592711407205626983e-09
4.715672297095352405e-13
0.000000000000000000e+00
0.000000000000000000e+00
0.000000000000000000e+00
0.000000000000000000e+00
1.110223024625156540e-16
3.513855872938620450e-14
3.513855872938620450e-14
1.110223024625156540e-16
0.000000000000000000e+00
0.000000000000000000e+00
0.000000000000000000e+00
0.000000000000000000e+00
4.715672297095352405e-13
1.592711407205626983e-09
8.379174838424319205e-07
3.012503546673261923e-06
7.150525175858568616e-07
2.377183394575155262e-09
1.255662240851052047e-13
8.326672684688674053e-16
0.000000000000000000e+00
0.000000000000000000e+00
1.000000000000000000e+00
0.000000000000000000e+00
0.000000000000000000e+00
0.000000000000000000e+00
1.110223024625156540e-16
3.970324069513253562e-12
1.567908384048077863e-05
9.999999552599936337e-01
1.000000000000000000e+00
1.000000000000000000e+00
1.000000000000000000e+00
9.999999999999998890e-01
9.999999999999988898e-01
1.000000000000000000e+00
1.000000000000000000e+00
1.000000000000000000e+00
9.999999999999988898e-01
9.999999999999998890e-01
1.000000000000000000e+00
1.000000000000000000e+00
1.000000000000000000e+00
9.999999552599936337e-01
1.567908384048077863e-05
3.970324069513253562e-12
1.110223024625156540e-16
0.000000000000000000e+00
0.000000000000000000e+00
0.000000000000000000e+00
1.000000000000000000e+00
0.000000000000000000e+00
0.000000000000000000e+00
7.216449660063517513e-16
2.857158953872840357e-13
3.841371665203041630e-11
1.876062532546463046e-07
2.945771842843836197e-06
1.713907670231051839e-06
2.419614192339381020e-07
0.000000000000000000e+00
1.595358289918635819e-09
5.662137425588298356e-15
0.000000000000000000e+00
0.000000000000000000e+00
0.000000000000000000e+00
0.000000000000000000e+00
0.000000000000000000e+00
0.000000000000000000e+00
0.000000000000000000e+00
0.000000000000000000e+00
5.662137425588298356e-15
1.595358289918635819e-09
0.000000000000000000e+00
2.419614192339381020e-07
1.713907670231051839e-06
2.945771842843836197e-06
1.876062532546463046e-07
3.841371665203041630e-11
2.857158953872840357e-13
7.216449660063517513e-16
0.000000000000000000e+00
0.000000000000000000e+00
2.157718448358991736e-13
0.000000000000000000e+00
0.000000000000000000e+00
0.000000000000000000e+00
0.000000000000000000e+00
4.095890293598358767e-12
9.999999999999991118e-01
9.999999981696600093e-01
9.999981162607711749e-01
9.828848451844551803e-01
1.790370788139483693e-04
7.704840429556547576e-07
9.987250331627155475e-01
9.999996633997245699e-01
9.999999754310291422e-01
9.999996633997245699e-01
9.987250331627155475e-01
7.704840429556547576e-07
1.790370788139483693e-04
9.828848451844558465e-01
9.999981162607711749e-01
9.999999981696600093e-01
9.999999999999991118e-01
4.095890293598358767e-12
0.000000000000000000e+00
0.000000000000000000e+00
0.000000000000000000e+00
0.000000000000000000e+00
2.157718448358991736e-13
0.000000000000000000e+00
0.000000000000000000e+00
1.665334536937734811e-16
1.498801083243961330e-15
2.451294722760621880e-11
1.173834057177636225e-07
2.560658065586807197e-06
1.891315820956585014e-06
4.601467529230518494e-08
1.294520046712932526e-13
9.999999999997727373e-01
5.551115123125782702e-17
5.662137425588298356e-15
0.000000000000000000e+00
0.000000000000000000e+00
0.000000000000000000e+00
0.000000000000000000e+00
0.000000000000000000e+00
0.000000000000000000e+00
5.662137425588298356e-15
5.551115123125782702e-17
9.999999999997727373e-01
1.294520046712932526e-13
4.601467529230518494e-08
1.891315820956585014e-06
2.560658065586807197e-06
1.173834057177636225e-07
2.451294722760621880e-11
1.498801083243961330e-15
1.665334536937734811e-16
0.000000000000000000e+00
0.000000000000000000e+00
0.000000000000000000e+00
0.000000000000000000e+00
0.000000000000000000e+00
0.000000000000000000e+00
0.000000000000000000e+00
9.937439759966082420e-12
9.999999890325054208e-01
9.999990609650486473e-01
9.999484856454227133e-01
1.513398358365447560e-03
1.259516421693307464e-04
3.951258706780258478e-06
3.487477865585786319e-04
9.998222787882831142e-01
9.999926177078697354e-01
9.998222787882831142e-01
3.487477865585786319e-04
3.951258706780258478e-06
1.259516421693307464e-04
1.513398358365447560e-03
9.999484856454227133e-01
9.999990609650486473e-01
9.999999890325054208e-01
9.937439759966082420e-12
0.000000000000000000e+00
0.000000000000000000e+00
0.000000000000000000e+00
0.000000000000000000e+00
0.000000000000000000e+00
0.000000000000000000e+00
0.000000000000000000e+00
4.529880525683260828e-07
0.000000000000000000e+00
3.136380044566067227e-13
3.238005913397401514e-08
4.924533007100162507e-06
7.844420158220621886e-06
8.377126770042764292e-10
2.290867642973370977e-06
5.414182035479164767e-07
9.999999999997727373e-01
1.595358289918635819e-09
0.000000000000000000e+00
0.000000000000000000e+00
0.000000000000000000e+00
0.000000000000000000e+00
0.000000000000000000e+00
0.000000000000000000e+00
1.595358289918635819e-09
9.999999999997727373e-01
5.414182035479164767e-07
2.290867642973370977e-06
8.377126770042764292e-10
7.844420158220621886e-06
4.924533007100162507e-06
3.238005913397401514e-08
3.136380044566067227e-13
0.000000000000000000e+00
4.529880525683260828e-07
0.000000000000000000e+00
0.000000000000000000e+00
0.000000000000000000e+00
0.000000000000000000e+00
0.000000000000000000e+00
0.000000000000000000e+00
0.000000000000000000e+00
7.398137658043424381e-12
1.468285398876734149e-02
9.997332852210462084e-01
9.857005641127207785e-01
3.476377975683009325e-04
3.258250051985100981e-06
1.802053755106669541e-06
5.653755430684581640e-05
9.572953429101740408e-01
9.999136366519882912e-01
9.572953429101734857e-01
5.653755430684581640e-05
1.802053755106669541e-06
3.258250051985100981e-06
3.476377975683009325e-04
9.857005641127207785e-01
9.997332852210462084e-01
1.468285398876750802e-02
7.398137658043424381e-12
0.000000000000000000e+00
0.000000000000000000e+00
0.000000000000000000e+00
0.000000000000000000e+00
0.000000000000000000e+00
0.000000000000000000e+00
5.551115123125782702e-17
0.000000000000000000e+00
2.331468351712828735e-15
1.382494119184229930e-11
6.791378085158061850e-05
7.408802862126583344e-01
9.978509921767106938e-01
9.996336911823766602e-01
3.529757302350722270e-04
2.290867642973370977e-06
1.294520046712932526e-13
0.000000000000000000e+00
4.715672297095352405e-13
0.000000000000000000e+00
0.000000000000000000e+00
0.000000000000000000e+00
0.000000000000000000e+00
4.715672297095352405e-13
0.000000000000000000e+00
1.294520046712932526e-13
2.290867642973370977e-06
3.529757302350167159e-04
9.996336911823766602e-01
9.978509921767106938e-01
7.408802862126637745e-01
6.791378085158061850e-05
1.382494119184229930e-11
2.331468351712828735e-15
0.000000000000000000e+00
5.551115123125782702e-17
5.551115123125782702e-17
0.000000000000000000e+00
0.000000000000000000e+00
0.000000000000000000e+00
0.000000000000000000e+00
0.000000000000000000e+00
9.999999999999986677e-01
6.706602592831956144e-06
8.932113881865433314e-09
1.554478767928912930e-12
4.996138502910696388e-10
3.236943957318771936e-08
6.130570531226453568e-07
3.254597269833348072e-04
9.982910694653001071e-01
9.999533037360137655e-01
9.982910694653001071e-01
3.254597269833348072e-04
6.130570531226453568e-07
3.236943957318771936e-08
4.996138502910696388e-10
1.554478767928912930e-12
8.932113881865433314e-09
6.706602592831956144e-06
9.999999999999986677e-01
0.000000000000000000e+00
0.000000000000000000e+00
0.000000000000000000e+00
0.000000000000000000e+00
0.000000000000000000e+00
5.551115123125782702e-17
3.197442310920450836e-14
2.566838408490923484e-10
1.107447467063593649e-13
2.674015964210241236e-08
9.999926707094578537e-01
9.999938508533285919e-01
9.999728560011358347e-01
9.998518027634688554e-01
9.996336911823766602e-01
8.377126770042764292e-10
4.601467529230518494e-08
2.419614192339381020e-07
1.592711407205626983e-09
9.999999996723640816e-01
5.551115123125782702e-17
5.551115123125782702e-17
9.999999996723640816e-01
1.592711407205626983e-09
2.419614192339381020e-07
4.601467529230518494e-08
8.377126770042764292e-10
9.996336911823766602e-01
9.998518027634688554e-01
9.999728560011358347e-01
9.999938508533285919e-01
9.999926707094578537e-01
2.674015964210241236e-08
1.107447467063593649e-13
2.566838408490923484e-10
3.197442310920450836e-14
2.164934898019055254e-15
2.220446049250313081e-16
0.000000000000000000e+00
0.000000000000000000e+00
0.000000000000000000e+00
5.551115123125782702e-17
1.065287812407333945e-07
2.665214160479933980e-10
5.383168411032812628e-09
8.589906563827298669e-12
2.731282943702062482e-07
1.801412633719943202e-01
9.984926203262938227e-01
9.999901373869426457e-01
9.999998207069409339e-01
9.999999686898068951e-01
9.999998207069409339e-01
9.999901373869426457e-01
9.984926203262938227e-01
1.801412633719922107e-01
2.731282943702062482e-07
8.589906563827298669e-12
5.383168411032812628e-09
2.665214160479933980e-10
1.065287812407333945e-07
5.551115123125782702e-17
0.000000000000000000e+00
0.000000000000000000e+00
0.000000000000000000e+00
2.220446049250313081e-16
2.164934898019055254e-15
6.465938895416911691e-13
2.546152177984595255e-11
9.417777668829785398e-11
2.273020660581437369e-10
9.999998402009526721e-01
9.999981859977139509e-01
9.999962470754657495e-01
9.999728560011358347e-01
9.978509921767106938e-01
7.844420158220621886e-06
1.891315820956585014e-06
1.713907670231051839e-06
8.379174838424319205e-07
2.991238958194308850e-07
3.670855508453030325e-09
3.670855508453030325e-09
2.991238958194308850e-07
8.379174838424319205e-07
1.713907670231051839e-06
1.891315820956585014e-06
7.844420158220621886e-06
9.978509921767106938e-01
9.999728560011358347e-01
9.999962470754657495e-01
9.999981859977139509e-01
9.999998402009526721e-01
2.273020660581437369e-10
9.417777668829785398e-11
2.546152177984595255e-11
6.465938895416911691e-13
2.209343819004061515e-14
1.187938636348917498e-14
9.769962616701377556e-15
5.271255654193396367e-11
3.799971448614769542e-11
5.571654249081348098e-13
4.043630985606228023e-10
0.000000000000000000e+00
1.000000000000000000e+00
4.679098219995125874e-10
1.025689855271849638e-08
9.986557749041617971e-01
9.999325958790351576e-01
9.999992135571915686e-01
9.999999805045851620e-01
9.999999959463319321e-01
9.999999805045851620e-01
9.999992135571915686e-01
9.999325958790351576e-01
9.986557749041617971e-01
1.025689855271849638e-08
4.679098219995125874e-10
1.000000000000000000e+00
0.000000000000000000e+00
4.043630985606228023e-10
5.571654249081348098e-13
3.799971448614769542e-11
5.271255654193396367e-11
9.769962616701377556e-15
1.187938636348917498e-14
2.209343819004061515e-14
2.401467913415444855e-12
1.224487178319577652e-11
8.346856539276359399e-11
0.000000000000000000e+00
9.999933717676601219e-01
9.999993323542699653e-01
9.999981859977139509e-01
9.999938508533285919e-01
7.408802862126611100e-01
4.924533007100162507e-06
2.560658065586807197e-06
2.945771842843836197e-06
3.012503546673261923e-06
1.438321484692473007e-07
2.366179424173608936e-06
2.366179424173608936e-06
1.438321484692473007e-07
3.012503546673261923e-06
2.945771842843836197e-06
2.560658065586807197e-06
4.924533007100162507e-06
7.408802862126583344e-01
9.999938508533285919e-01
9.999981859977139509e-01
9.999993323542699653e-01
9.999933717676601219e-01
0.000000000000000000e+00
8.346856539276359399e-11
1.224487178319577652e-11
2.401467913415444855e-12
3.008704396734174225e-14
2.952252331489546577e-10
1.110223024625156540e-14
2.071920413015959639e-10
1.366853846773707915e-08
7.167732574142604562e-09
1.452958864334163991e-10
2.573870006017386913e-10
3.982244645150956330e-09
5.173169281835754418e-09
9.999882547420770873e-01
9.998376126562029675e-01
9.999761565167106792e-01
9.999995551175523412e-01
9.999999821285479040e-01
9.999999952871541087e-01
9.999999821285479040e-01
9.999995551175523412e-01
9.999761565167106792e-01
9.998376126562029675e-01
9.999882547420770873e-01
5.173169281835754418e-09
3.982244645150956330e-09
2.573870006017386913e-10
1.452958864334163991e-10
7.167732574142604562e-09
1.366853846773707915e-08
2.071920413015959639e-10
1.110223024625156540e-14
2.952252331489546577e-10
3.008704396734174225e-14
1.475952693397175608e-11
2.635824891683569149e-11
4.594236102661852783e-11
1.525779502742352634e-12
7.221834241732949522e-12
9.999933717676601219e-01
9.999998402009526721e-01
9.999926707094578537e-01
6.791378085158061850e-05
3.238005913397401514e-08
1.173834057177636225e-07
1.876062532546463046e-07
7.150525175858568616e-07
9.999944060667563805e-01
9.999999474991829729e-01
9.999999474991829729e-01
9.999944060667563805e-01
7.150525175858568616e-07
1.876062532546463046e-07
1.173834057177636225e-07
3.238005913397401514e-08
6.791378085158061850e-05
9.999926707094578537e-01
9.999998402009526721e-01
9.999933717676601219e-01
7.221834241732949522e-12
1.525779502742352634e-12
4.594236102661852783e-11
2.635824891683569149e-11
1.475952693397175608e-11
2.805394805349692433e-11
9.999999999999906741e-01
9.999999999999993339e-01
1.000000000000000000e+00
9.999999989399410705e-01
9.999945153343239301e-01
6.008311848049174841e-09
1.268575244850467243e-10
1.043841124648281493e-10
1.478422162470849344e-09
1.863204668328677371e-08
3.164135620181696140e-13
7.943085078565559343e-11
9.999899156480560602e-01
6.896935467182174762e-08
9.999979926655999662e-01
6.896935467182174762e-08
9.999899156480560602e-01
7.943085078565559343e-11
3.164135620181696140e-13
1.863204668328677371e-08
1.478422162470849344e-09
1.043841124648281493e-10
1.268575244850467243e-10
6.008311848049174841e-09
9.999945153343239301e-01
9.999999989399410705e-01
1.000000000000000000e+00
9.999999999999993339e-01
9.999999999999906741e-01
2.805394805349692433e-11
8.754458363791073339e-08
3.453434982425562794e-09
2.850641944718290688e-11
1.087618883843788353e-11
1.525779502742352634e-12
0.000000000000000000e+00
2.273020660581437369e-10
2.674015964210241236e-08
1.382494119184229930e-11
3.136380044566067227e-13
2.451294722760621880e-11
3.841371665203041630e-11
2.377183394575155262e-09
9.806200620865195283e-01
9.999996534793336167e-01
9.999996534793336167e-01
9.806200620865197504e-01
2.377183394575155262e-09
3.841371665203041630e-11
2.451294722760621880e-11
3.136380044566067227e-13
1.382494119184229930e-11
2.674015964210241236e-08
2.273020660581437369e-10
0.000000000000000000e+00
1.525779502742352634e-12
1.087618883843788353e-11
2.850641944718290688e-11
3.453434982425562794e-09
8.754458363791073339e-08
1.960313467108676377e-09
9.999999998324429207e-01
9.999999999407082063e-01
9.999999970960311568e-01
9.999999999860318400e-01
9.999930414459592409e-01
3.080530708299278331e-08
1.402104543579696383e-10
5.868500130290499328e-11
3.246499735709562628e-10
8.061416700844148409e-09
1.011484403456996972e-07
3.641790513597698009e-07
5.868800133090879001e-07
9.275217797699575328e-07
1.240746280384286138e-06
9.275217797699575328e-07
5.868800133090879001e-07
3.641790513597698009e-07
1.011484403456996972e-07
8.061416700844148409e-09
3.246499735709562628e-10
5.868500130290499328e-11
1.402104543579696383e-10
3.080530708299278331e-08
9.999930414459592409e-01
9.999999999860318400e-01
9.999999970960311568e-01
9.999999999407082063e-01
9.999999998324429207e-01
1.960313467108676377e-09
6.480284373056033331e-06
1.996814306126637462e-07
2.241935359581503917e-09
2.850641944718290688e-11
4.594236102661852783e-11
8.346856539276359399e-11
9.417777668829785398e-11
1.107447467063593649e-13
2.331468351712828735e-15
0.000000000000000000e+00
1.498801083243961330e-15
2.857158953872840357e-13
1.255662240851052047e-13
2.973043280879439365e-05
9.999976420979750369e-01
9.999976420979750369e-01
2.973043280879439365e-05
1.255662240851052047e-13
2.857158953872840357e-13
1.498801083243961330e-15
0.000000000000000000e+00
2.331468351712828735e-15
1.107447467063593649e-13
9.417777668829785398e-11
8.346856539276359399e-11
4.594236102661852783e-11
2.850641944718290688e-11
2.241935359581503917e-09
1.996814306126637462e-07
6.480284373056033331e-06
2.861588668745529418e-06
9.999999999661270955e-01
9.999999999999998890e-01
9.999983412107955605e-01
1.000000000000000000e+00
9.999999410503306319e-01
9.396034028608113431e-08
3.791860159196858149e-10
2.184522562842516891e-10
1.436684937683452290e-09
3.329491232717529670e-08
6.249552597648033725e-07
4.245608527742028571e-06
1.497232616581856135e-05
3.768580426083412149e-05
5.775031615667947094e-05
3.768580426083412149e-05
1.497232616581856135e-05
4.245608527742028571e-06
6.249552597648033725e-07
3.329491232717529670e-08
1.436684937683452290e-09
2.184522562842516891e-10
3.791860159196858149e-10
9.396034028608113431e-08
9.999999410503306319e-01
1.000000000000000000e+00
9.999983412107955605e-01
9.999999999999998890e-01
9.999999999661270955e-01
2.861588668745529418e-06
2.353933358190612446e-01
3.376808915822593349e-08
1.996814306126637462e-07
3.453434982425562794e-09
2.635824891683569149e-11
1.224487178319577652e-11
2.546152177984595255e-11
2.566838408490923484e-10
0.000000000000000000e+00
4.529880525683260828e-07
1.665334536937734811e-16
7.216449660063517513e-16
8.326672684688674053e-16
1.261784419476219554e-05
9.999344205300519928e-01
9.999344205300519928e-01
1.261784419476219554e-05
8.326672684688674053e-16
7.216449660063517513e-16
1.665334536937734811e-16
4.529880525683260828e-07
0.000000000000000000e+00
2.566838408490923484e-10
2.546152177984595255e-11
1.224487178319577652e-11
2.635824891683569149e-11
3.453434982425562794e-09
1.996814306126637462e-07
3.376808915822593349e-08
2.353933358190586911e-01
9.999517575877874265e-01
9.999999999945003992e-01
1.000000000000000000e+00
9.999999999899920056e-01
9.999999999993360866e-01
9.999999968041678455e-01
0.000000000000000000e+00
5.701524308232563953e-09
2.016456890352458231e-09
1.188514692218589630e-08
2.251518361195969931e-07
3.540949146008109949e-06
2.886924556644299145e-05
2.219552151492831804e-04
1.136883050450954169e-03
2.268338986661344592e-03
1.136883050450954169e-03
2.219552151492831804e-04
2.886924556644299145e-05
3.540949146008109949e-06
2.251518361195969931e-07
1.188514692218589630e-08
2.016456890352458231e-09
5.701524308232563953e-09
0.000000000000000000e+00
9.999999968041678455e-01
9.999999999993360866e-01
9.999999999899920056e-01
1.000000000000000000e+00
9.999999999945003992e-01
9.999517575877874265e-01
9.999999999999997780e-01
2.353933358190586911e-01
6.480284373056033331e-06
8.754458363791073339e-08
1.475952693397175608e-11
2.401467913415444855e-12
6.465938895416911691e-13
3.197442310920450836e-14
5.551115123125782702e-17
0.000000000000000000e+00
0.000000000000000000e+00
0.000000000000000000e+00
0.000000000000000000e+00
0.000000000000000000e+00
5.551115123125782702e-17
5.551115123125782702e-17
0.000000000000000000e+00
0.000000000000000000e+00
0.000000000000000000e+00
0.000000000000000000e+00
0.000000000000000000e+00
5.551115123125782702e-17
3.197442310920450836e-14
6.465938895416911691e-13
2.401467913415444855e-12
1.475952693397175608e-11
8.754458363791073339e-08
6.480284373056033331e-06
2.353933358190586911e-01
9.999999999999997780e-01
1.000000000000000000e+00
9.999999999999980016e-01
9.999999999834712217e-01
9.999999654631082091e-01
9.999999842637106173e-01
9.999999997878065150e-01
9.999999999613455870e-01
0.000000000000000000e+00
2.030910251082929108e-08
1.381936328370692024e-06
3.751473461438559198e-05
9.612495334274662184e-04
4.244717222071908713e-02
9.409139352673072665e-01
9.780029902255128471e-01
9.893731234990257306e-01
9.780029902255131802e-01
9.409139352673080436e-01
4.244717222071969775e-02
9.612495334274662184e-04
3.751473461438559198e-05
1.381936328370692024e-06
2.030910251082929108e-08
0.000000000000000000e+00
9.999999999613455870e-01
9.999999997878065150e-01
9.999999842637106173e-01
9.999999654631082091e-01
9.999999999834712217e-01
9.999999999999980016e-01
1.000000000000000000e+00
1.000000000000000000e+00
9.999517575877874265e-01
2.861588668745529418e-06
1.960313467108676377e-09
2.805394805349692433e-11
3.008704396734174225e-14
2.209343819004061515e-14
2.164934898019055254e-15
5.551115123125782702e-17
0.000000000000000000e+00
0.000000000000000000e+00
0.000000000000000000e+00
0.000000000000000000e+00
0.000000000000000000e+00
0.000000000000000000e+00
0.000000000000000000e+00
0.000000000000000000e+00
0.000000000000000000e+00
0.000000000000000000e+00
0.000000000000000000e+00
0.000000000000000000e+00
5.551115123125782702e-17
2.164934898019055254e-15
2.209343819004061515e-14
3.008704396734174225e-14
2.805394805349692433e-11
1.960313467108676377e-09
2.861588668745529418e-06
9.999517575877874265e-01
1.000000000000000000e+00
9.999999999999944489e-01
9.999999999999997780e-01
9.999999999999247269e-01
9.999999999177834331e-01
9.999999918644452146e-01
9.999999844116422842e-01
9.999999994580770490e-01
1.000000000000000000e+00
9.999773795732470605e-01
9.999836120956625551e-01
9.999999999992285060e-01
9.999999999995504707e-01
9.999999999964106490e-01
9.999999999999737987e-01
9.999999999999998890e-01
1.000000000000000000e+00
9.999999999999998890e-01
9.999999999999737987e-01
9.999999999964106490e-01
9.999999999995504707e-01
9.999999999992285060e-01
9.999836120956625551e-01
9.999773795732470605e-01
1.000000000000000000e+00
9.999999994580770490e-01
9.999999844116422842e-01
9.999999918644452146e-01
9.999999999177834331e-01
9.999999999999247269e-01
9.999999999999997780e-01
9.999999999999944489e-01
9.999999999999980016e-01
9.999999999945003992e-01
9.999999999661270955e-01
9.999999998324429207e-01
9.999999999999906741e-01
2.952252331489546577e-10
1.187938636348917498e-14
2.220446049250313081e-16
0.000000000000000000e+00
0.000000000000000000e+00
0.000000000000000000e+00
2.157718448358991736e-13
1.000000000000000000e+00
9.999997847988574273e-01
3.147522803503832733e-08
3.147522803503832733e-08
9.999997847988574273e-01
1.000000000000000000e+00
2.157718448358991736e-13
0.000000000000000000e+00
0.000000000000000000e+00
0.000000000000000000e+00
2.220446049250313081e-16
1.187938636348917498e-14
2.952252331489546577e-10
9.999999999999906741e-01
9.999999998324429207e-01
9.999999999661270955e-01
9.999999999945003992e-01
9.999999999999980016e-01
9.999999999999997780e-01
1.000000000000000000e+00
1.000000000000000000e+00
1.000000000000000000e+00
9.999999999986096677e-01
9.999985245747398110e-01
9.999999999999987788e-01
0.000000000000000000e+00
2.337626148207760934e-09
3.186388530806993913e-08
1.134839214822491726e-07
1.258259365588543233e-07
3.698892576786683151e-06
2.311007554725019730e-04
1.233272530206885875e-03
2.374973294040350069e-03
1.233272530206830364e-03
2.311007554725019730e-04
3.698892576786683151e-06
1.258259365588543233e-07
1.134839214822491726e-07
3.186388530806993913e-08
2.337626148207760934e-09
0.000000000000000000e+00
9.999999999999987788e-01
9.999985245747398110e-01
9.999999999986096677e-01
1.000000000000000000e+00
1.000000000000000000e+00
1.000000000000000000e+00
9.999999999999997780e-01
9.999999999834712217e-01
1.000000000000000000e+00
9.999999999999998890e-01
9.999999999407082063e-01
9.999999999999993339e-01
1.110223024625156540e-14
9.769962616701377556e-15
0.000000000000000000e+00
0.000000000000000000e+00
0.000000000000000000e+00
0.000000000000000000e+00
0.000000000000000000e+00
0.000000000000000000e+00
1.622896261821438202e-11
1.350564104996010428e-11
1.350564104996010428e-11
1.622896261821438202e-11
0.000000000000000000e+00
0.000000000000000000e+00
0.000000000000000000e+00
0.000000000000000000e+00
0.000000000000000000e+00
0.000000000000000000e+00
9.769962616701377556e-15
1.110223024625156540e-14
9.999999999999993339e-01
9.999999999407082063e-01
9.999999999999998890e-01
1.000000000000000000e+00
9.999999999834712217e-01
9.999999999999247269e-01
1.000000000000000000e+00
1.000000000000000000e+00
1.000000000000000000e+00
9.999999999625693858e-01
9.999822563265994280e-01
9.999999980726794746e-01
0.000000000000000000e+00
5.551115123125782702e-17
6.938893903907228378e-15
6.086382453585059693e-08
4.380140729010051359e-07
8.349656736283406211e-04
3.444400266177102266e-01
3.699177852922730381e-09
1.330045518166400598e-10
3.699177852922730381e-09
3.444400266177150005e-01
8.349656736283406211e-04
4.380140729010051359e-07
6.086382453585059693e-08
6.938893903907228378e-15
5.551115123125782702e-17
0.000000000000000000e+00
9.999999980726794746e-01
9.999822563265994280e-01
9.999999999625693858e-01
1.000000000000000000e+00
1.000000000000000000e+00
1.000000000000000000e+00
9.999999999999247269e-01
9.999999654631082091e-01
9.999999999899920056e-01
9.999983412107955605e-01
9.999999970960311568e-01
1.000000000000000000e+00
2.071920413015959639e-10
5.271255654193396367e-11
0.000000000000000000e+00
0.000000000000000000e+00
0.000000000000000000e+00
0.000000000000000000e+00
0.000000000000000000e+00
0.000000000000000000e+00
0.000000000000000000e+00
0.000000000000000000e+00
0.000000000000000000e+00
0.000000000000000000e+00
0.000000000000000000e+00
0.000000000000000000e+00
0.000000000000000000e+00
0.000000000000000000e+00
0.000000000000000000e+00
0.000000000000000000e+00
5.271255654193396367e-11
2.071920413015959639e-10
1.000000000000000000e+00
9.999999970960311568e-01
9.999983412107955605e-01
9.999999999899920056e-01
9.999999654631082091e-01
9.999999999177834331e-01
1.000000000000000000e+00
1.000000000000000000e+00
1.000000000000000000e+00
9.999999999690938335e-01
9.999997587789433151e-01
9.999911310726836700e-01
0.000000000000000000e+00
6.217248937900876626e-15
1.599920864553405764e-05
9.999999894129945055e-01
9.999999999999940048e-01
9.999999295398190879e-01
9.999999998746397223e-01
9.999999999998738787e-01
9.999999999999914513e-01
9.999999999998738787e-01
9.999999998746397223e-01
9.999999295398190879e-01
9.999999999999940048e-01
9.999999894129945055e-01
1.599920864553405764e-05
6.217248937900876626e-15
0.000000000000000000e+00
9.999911310726836700e-01
9.999997587789433151e-01
9.999999999690938335e-01
1.000000000000000000e+00
1.000000000000000000e+00
1.000000000000000000e+00
9.999999999177834331e-01
9.999999842637106173e-01
9.999999999993360866e-01
1.000000000000000000e+00
9.999999999860318400e-01
9.999999989399410705e-01
1.366853846773707915e-08
3.799971448614769542e-11
0.000000000000000000e+00
0.000000000000000000e+00
0.000000000000000000e+00
0.000000000000000000e+00
0.000000000000000000e+00
0.000000000000000000e+00
0.000000000000000000e+00
0.000000000000000000e+00
0.000000000000000000e+00
0.000000000000000000e+00
0.000000000000000000e+00
0.000000000000000000e+00
0.000000000000000000e+00
0.000000000000000000e+00
0.000000000000000000e+00
0.000000000000000000e+00
3.799971448614769542e-11
1.366853846773707915e-08
9.999999989399410705e-01
9.999999999860318400e-01
1.000000000000000000e+00
9.999999999993360866e-01
9.999999842637106173e-01
9.999999918644452146e-01
9.999999999986096677e-01
9.999999999625693858e-01
9.999999999690938335e-01
9.999999302971358528e-01
0.000000000000000000e+00
2.803313137178520265e-14
1.979527652906654112e-13
3.894858438546755508e-07
9.999935452327043395e-01
9.998226786115751441e-01
9.979956013161774830e-01
9.998491323652752838e-01
9.999999894773804465e-01
9.999999999737594347e-01
9.999999999969813036e-01
9.999999999737594347e-01
9.999999894773804465e-01
9.998491323652752838e-01
9.979956013161774830e-01
9.998226786115751441e-01
9.999935452327043395e-01
3.894858438546755508e-07
1.979527652906654112e-13
2.803313137178520265e-14
0.000000000000000000e+00
9.999999302971358528e-01
9.999999999690938335e-01
9.999999999625693858e-01
9.999999999986096677e-01
9.999999918644452146e-01
9.999999997878065150e-01
9.999999968041678455e-01
9.999999410503306319e-01
9.999930414459592409e-01
9.999945153343239301e-01
7.167732574142604562e-09
5.571654249081348098e-13
5.551115123125782702e-17
0.000000000000000000e+00
0.000000000000000000e+00
0.000000000000000000e+00
0.000000000000000000e+00
1.110223024625156540e-16
4.440892098500626162e-16
9.436895709313830594e-16
9.436895709313830594e-16
4.440892098500626162e-16
1.110223024625156540e-16
0.000000000000000000e+00
0.000000000000000000e+00
0.000000000000000000e+00
0.000000000000000000e+00
5.551115123125782702e-17
5.571654249081348098e-13
7.167732574142604562e-09
9.999945153343239301e-01
9.999930414459592409e-01
9.999999410503306319e-01
9.999999968041678455e-01
9.999999997878065150e-01
9.999999844116422842e-01
9.999985245747398110e-01
9.999822563265994280e-01
9.999997587789433151e-01
0.000000000000000000e+00
2.220446049250313081e-16
6.661338147750939243e-16
3.885780586188047891e-16
8.992383977446394283e-07
9.996061796579998049e-01
9.937376706191882736e-01
5.334410278829414542e-01
9.996707665129676013e-01
9.984316004830580127e-01
9.999954296195726622e-01
9.999991644317509643e-01
9.999954296195726622e-01
9.984316004830580127e-01
9.996707665129676013e-01
5.334410278829343488e-01
9.937376706191882736e-01
9.996061796579998049e-01
8.992383977446394283e-07
3.885780586188047891e-16
6.661338147750939243e-16
2.220446049250313081e-16
0.000000000000000000e+00
9.999997587789433151e-01
9.999822563265994280e-01
9.999985245747398110e-01
9.999999844116422842e-01
9.999999999613455870e-01
0.000000000000000000e+00
9.396034028608113431e-08
3.080530708299278331e-08
6.008311848049174841e-09
1.452958864334163991e-10
4.043630985606228023e-10
1.065287812407333945e-07
9.999999999999986677e-01
7.398137658043424381e-12
9.937439759966082420e-12
4.095890293598358767e-12
3.970324069513253562e-12
1.438460461855584072e-12
6.561973187046987732e-13
6.561973187046987732e-13
1.438460461855584072e-12
3.970324069513253562e-12
4.095890293598358767e-12
9.937439759966082420e-12
7.398137658043424381e-12
9.999999999999986677e-01
1.065287812407333945e-07
4.043630985606228023e-10
1.452958864334163991e-10
6.008311848049174841e-09
3.080530708299278331e-08
9.396034028608113431e-08
0.000000000000000000e+00
9.999999999613455870e-01
9.999999994580770490e-01
9.999999999999987788e-01
9.999999980726794746e-01
9.999911310726836700e-01
2.803313137178520265e-14
6.661338147750939243e-16
6.106226635438360972e-16
2.220446049250313081e-16
7.271960811294775340e-15
7.131630174743244233e-01
1.716120635214118950e-01
2.427901581353991700e-02
1.196183130969163955e-01
9.760975838448326947e-01
9.976454864456489879e-01
9.991702767896526449e-01
9.976454864456489879e-01
9.760975838448331388e-01
1.196183130969156183e-01
2.427901581353975047e-02
1.716120635214108958e-01
7.131630174743244233e-01
7.271960811294775340e-15
2.220446049250313081e-16
6.106226635438360972e-16
6.661338147750939243e-16
2.803313137178520265e-14
9.999911310726836700e-01
9.999999980726794746e-01
9.999999999999987788e-01
9.999999994580770490e-01
0.000000000000000000e+00
5.701524308232563953e-09
3.791860159196858149e-10
1.402104543579696383e-10
1.268575244850467243e-10
2.573870006017386913e-10
0.000000000000000000e+00
2.665214160479933980e-10
6.706602592831956144e-06
1.468285398876750802e-02
9.999999890325054208e-01
9.999999999999991118e-01
1.567908384048077863e-05
1.445544665634734827e-07
1.286474538009230173e-09
1.286474538009230173e-09
1.445544665634734827e-07
1.567908384048077863e-05
9.999999999999991118e-01
9.999999890325054208e-01
1.468285398876750802e-02
6.706602592831956144e-06
2.665214160479933980e-10
0.000000000000000000e+00
2.573870006017386913e-10
1.268575244850467243e-10
1.402104543579696383e-10
3.791860159196858149e-10
5.701524308232563953e-09
0.000000000000000000e+00
1.000000000000000000e+00
0.000000000000000000e+00
0.000000000000000000e+00
0.000000000000000000e+00
1.979527652906654112e-13
3.885780586188047891e-16
2.220446049250313081e-16
0.000000000000000000e+00
0.000000000000000000e+00
5.549258275117097128e-10
1.416559383066728905e-04
4.872420089449064351e-02
9.268083711998176266e-01
9.884384243877079035e-01
9.937622794582804397e-01
9.950385395829032253e-01
9.937622794582803287e-01
9.884384243877079035e-01
9.268083711998186258e-01
4.872420089449064351e-02
1.416559383066728905e-04
5.549258275117097128e-10
0.000000000000000000e+00
0.000000000000000000e+00
2.220446049250313081e-16
3.885780586188047891e-16
1.979527652906654112e-13
0.000000000000000000e+00
0.000000000000000000e+00
0.000000000000000000e+00
1.000000000000000000e+00
2.030910251082929108e-08
2.016456890352458231e-09
2.184522562842516891e-10
5.868500130290499328e-11
1.043841124648281493e-10
3.982244645150956330e-09
1.000000000000000000e+00
5.383168411032812628e-09
8.932113881865433314e-09
9.997332852210462084e-01
9.999990609650486473e-01
9.999999981696600093e-01
9.999999552599936337e-01
9.999988466089155814e-01
1.513427366761632697e-08
1.513427366761632697e-08
9.999988466089155814e-01
9.999999552599936337e-01
9.999999981696600093e-01
9.999990609650486473e-01
9.997332852210462084e-01
8.932113881865433314e-09
5.383168411032812628e-09
1.000000000000000000e+00
3.982244645150956330e-09
1.043841124648281493e-10
5.868500130290499328e-11
2.184522562842516891e-10
2.016456890352458231e-09
2.030910251082929108e-08
9.999773795732470605e-01
2.337626148207760934e-09
5.551115123125782702e-17
6.217248937900876626e-15
3.894858438546755508e-07
8.992383977446394283e-07
7.271960811294775340e-15
0.000000000000000000e+00
1.110223024625156540e-16
2.643815166791796401e-10
9.070683979012228448e-05
6.735025238679692716e-03
7.069543379859472010e-02
1.568113368599847179e-01
5.272398864091272230e-01
9.054045981891294392e-01
5.272398864091236703e-01
1.568113368599847179e-01
7.069543379859472010e-02
6.735025238679748227e-03
9.070683979012228448e-05
2.643815166791796401e-10
1.110223024625156540e-16
0.000000000000000000e+00
7.271960811294775340e-15
8.992383977446394283e-07
3.894858438546755508e-07
6.217248937900876626e-15
5.551115123125782702e-17
2.337626148207760934e-09
9.999773795732470605e-01
1.381936328370692024e-06
1.188514692218589630e-08
1.436684937683452290e-09
3.246499735709562628e-10
1.478422162470849344e-09
5.173169281835754418e-09
4.679098219995125874e-10
8.589906563827298669e-12
1.554478767928912930e-12
9.857005641127212225e-01
9.999484856454227133e-01
9.999981162607711749e-01
1.000000000000000000e+00
2.155147171833959874e-09
5.755884657787646574e-11
5.755884657787646574e-11
2.155147171833959874e-09
1.000000000000000000e+00
9.999981162607711749e-01
9.999484856454227133e-01
9.857005641127212225e-01
1.554478767928912930e-12
8.589906563827298669e-12
4.679098219995125874e-10
5.173169281835754418e-09
1.478422162470849344e-09
3.246499735709562628e-10
1.436684937683452290e-09
1.188514692218589630e-08
1.381936328370692024e-06
9.999836120956625551e-01
3.186388530806993913e-08
6.938893903907228378e-15
1.599920864553405764e-05
9.999935452327043395e-01
9.996061796579998049e-01
7.131630174743215367e-01
5.549258275117097128e-10
2.643815166791796401e-10
5.853541971467812743e-06
1.957250743976346463e-04
5.630898130610240138e-04
9.612837145589470111e-04
9.788695110665712740e-04
1.159539119104935345e-03
1.319900924479811000e-03
1.159539119104879834e-03
9.788695110665712740e-04
9.612837145590025223e-04
5.630898130610240138e-04
1.957250743976346463e-04
5.853541971467812743e-06
2.643815166791796401e-10
5.549258275117097128e-10
7.131630174743186501e-01
9.996061796579998049e-01
9.999935452327043395e-01
1.599920864553405764e-05
6.938893903907228378e-15
3.186388530806993913e-08
9.999836120956625551e-01
3.751473461438559198e-05
2.251518361195969931e-07
3.329491232717529670e-08
8.061416700844148409e-09
1.863204668328677371e-08
9.999882547420770873e-01
1.025689855271849638e-08
2.731282943702062482e-07
4.996138502910696388e-10
3.476377975683009325e-04
1.513398358365447560e-03
9.828848451844556244e-01
1.000000000000000000e+00
9.788836408120005217e-12
5.508371536677714175e-13
5.508371536677714175e-13
9.788836408120005217e-12
1.000000000000000000e+00
9.828848451844558465e-01
1.513398358365447560e-03
3.476377975683009325e-04
4.996138502910696388e-10
2.731282943702062482e-07
1.025689855271849638e-08
9.999882547420770873e-01
1.863204668328677371e-08
8.061416700844148409e-09
3.329491232717529670e-08
2.251518361195969931e-07
3.751473461438559198e-05
9.999999999992285060e-01
1.134839214822491726e-07
6.086382453585059693e-08
9.999999894129945055e-01
9.998226786115751441e-01
9.937376706191883846e-01
1.716120635214108958e-01
1.416559383066728905e-04
9.070683979012228448e-05
1.957250743976346463e-04
6.251853784478011988e-05
4.143756548719013111e-05
1.625368167657015306e-05
5.368387972037869105e-05
1.580285547052695527e-03
1.380773392251899434e-03
1.580285547052640016e-03
5.368387972037869105e-05
1.625368167657015306e-05
4.143756548719013111e-05
6.251853784478011988e-05
1.957250743976346463e-04
9.070683979012228448e-05
1.416559383066728905e-04
1.716120635214098966e-01
9.937376706191882736e-01
9.998226786115751441e-01
9.999999894129945055e-01
6.086382453585059693e-08
1.134839214822491726e-07
9.999999999992285060e-01
9.612495334274662184e-04
3.540949146008109949e-06
6.249552597648033725e-07
1.011484403456996972e-07
3.164135620181696140e-13
9.998376126562029675e-01
9.986557749041617971e-01
1.801412633719943202e-01
3.236943957318771936e-08
3.258250051985100981e-06
1.259516421693307464e-04
1.790370788139483693e-04
1.000000000000000000e+00
3.436861906180865844e-12
2.617905892066119122e-13
2.617905892066119122e-13
3.436861906180865844e-12
1.000000000000000000e+00
1.790370788139483693e-04
1.259516421693307464e-04
3.258250051985100981e-06
3.236943957318771936e-08
1.801412633719922107e-01
9.986557749041617971e-01
9.998376126562029675e-01
3.164135620181696140e-13
1.011484403456996972e-07
6.249552597648033725e-07
3.540949146008109949e-06
9.612495334275217296e-04
9.999999999995504707e-01
1.258259365588543233e-07
4.380140729010051359e-07
9.999999999999940048e-01
9.979956013161774830e-01
5.334410278829414542e-01
2.427901581353991700e-02
4.872420089449031044e-02
6.735025238679692716e-03
5.630898130610240138e-04
4.143756548719013111e-05
1.286111338816287031e-06
3.537961590360794162e-10
3.785860513971783803e-14
1.748601263784621551e-14
1.493249968120835547e-14
1.748601263784621551e-14
3.785860513971783803e-14
3.537961590360794162e-10
1.286111338816287031e-06
4.143756548719013111e-05
5.630898130610240138e-04
6.735025238679692716e-03
4.872420089449031044e-02
2.427901581353958393e-02
5.334410278829343488e-01
9.979956013161774830e-01
9.999999999999940048e-01
4.380140729010051359e-07
1.258259365588543233e-07
9.999999999995504707e-01
4.244717222071969775e-02
2.886924556644299145e-05
4.245608527742028571e-06
3.641790513597698009e-07
7.943085078565559343e-11
9.999761565167106792e-01
9.999325958790351576e-01
9.984926203262938227e-01
6.130570531226453568e-07
1.802053755106669541e-06
3.951258706780258478e-06
7.704840429556547576e-07
9.999999999999998890e-01
4.251143326250428345e-10
3.387340408167460737e-11
3.387340408167460737e-11
4.251143326250428345e-10
9.999999999999998890e-01
7.704840429556547576e-07
3.951258706780258478e-06
1.802053755106669541e-06
6.130570531226453568e-07
9.984926203262938227e-01
9.999325958790351576e-01
9.999761565167106792e-01
7.943085078565559343e-11
3.641790513597698009e-07
4.245608527742028571e-06
2.886924556644299145e-05
4.244717222071908713e-02
9.999999999964106490e-01
3.698892576786683151e-06
8.349656736283406211e-04
9.999999295398190879e-01
9.998491323652752838e-01
9.996707665129676013e-01
1.196183130969156183e-01
9.268083711998176266e-01
7.069543379859427601e-02
9.612837145589470111e-04
1.625368167657015306e-05
3.537961590360794162e-10
6.050715484207103145e-15
1.509903313490212895e-14
2.631228568361621001e-14
3.119726699196689879e-14
2.631228568361621001e-14
1.509903313490212895e-14
6.050715484207103145e-15
3.537961590360794162e-10
1.625368167657015306e-05
9.612837145589470111e-04
7.069543379859427601e-02
9.268083711998176266e-01
1.196183130969156183e-01
9.996707665129676013e-01
9.998491323652752838e-01
9.999999295398190879e-01
8.349656736283406211e-04
3.698892576786683151e-06
9.999999999964106490e-01
9.409139352673080436e-01
2.219552151492831804e-04
1.497232616581856135e-05
5.868800133090879001e-07
9.999899156480560602e-01
9.999995551175523412e-01
9.999992135571915686e-01
9.999901373869426457e-01
3.254597269833348072e-04
5.653755430684581640e-05
3.487477865585786319e-04
9.987250331627154365e-01
9.999999999999988898e-01
1.543765115741280169e-13
6.252324514233187358e-07
6.252324514233187358e-07
1.543765115741280169e-13
9.999999999999988898e-01
9.987250331627155475e-01
3.487477865585786319e-04
5.653755430684581640e-05
3.254597269833348072e-04
9.999901373869426457e-01
9.999992135571915686e-01
9.999995551175523412e-01
9.999899156480560602e-01
5.868800133090879001e-07
1.497232616581856135e-05
2.219552151492831804e-04
9.409139352673080436e-01
9.999999999999737987e-01
2.311007554725019730e-04
3.444400266177102266e-01
9.999999998746397223e-01
9.999999894773804465e-01
9.984316004830580127e-01
9.760975838448333608e-01
9.884384243877079035e-01
1.568113368599809987e-01
9.788695110665712740e-04
5.368387972037869105e-05
3.785860513971783803e-14
1.509903313490212895e-14
8.693046282814975712e-14
2.623457007189244905e-13
3.725353359129712771e-13
2.623457007189244905e-13
8.693046282814975712e-14
1.509903313490212895e-14
3.785860513971783803e-14
5.368387972037869105e-05
9.788695110665712740e-04
1.568113368599819424e-01
9.884384243877077925e-01
9.760975838448331388e-01
9.984316004830580127e-01
9.999999894773804465e-01
9.999999998746397223e-01
3.444400266177054526e-01
2.311007554725019730e-04
9.999999999999737987e-01
9.780029902255134022e-01
1.136883050450954169e-03
3.768580426083412149e-05
9.275217797699575328e-07
6.896935467182174762e-08
9.999999821285479040e-01
9.999999805045851620e-01
9.999998207069409339e-01
9.982910694653002182e-01
9.572953429101740408e-01
9.998222787882831142e-01
9.999996633997245699e-01
1.000000000000000000e+00
9.999996373466286670e-01
9.999904988828480779e-01
9.999904988828480779e-01
9.999996373466286670e-01
1.000000000000000000e+00
9.999996633997245699e-01
9.998222787882831142e-01
9.572953429101747069e-01
9.982910694653002182e-01
9.999998207069409339e-01
9.999999805045851620e-01
9.999999821285479040e-01
6.896935467182174762e-08
9.275217797699575328e-07
3.768580426083412149e-05
1.136883050450954169e-03
9.780029902255128471e-01
9.999999999999998890e-01
1.233272530206830364e-03
3.699177852922730381e-09
9.999999999998738787e-01
9.999999999737594347e-01
9.999954296195726622e-01
9.976454864456489879e-01
9.937622794582804397e-01
5.272398864091236703e-01
1.159539119104879834e-03
1.580285547052695527e-03
1.748601263784621551e-14
2.631228568361621001e-14
2.623457007189244905e-13
1.075695088559314172e-12
1.692312956436126115e-12
1.075695088559314172e-12
2.623457007189244905e-13
2.631228568361621001e-14
1.748601263784621551e-14
1.580285547052640016e-03
1.159539119104879834e-03
5.272398864091236703e-01
9.937622794582803287e-01
9.976454864456489879e-01
9.999954296195726622e-01
9.999999999737594347e-01
9.999999999998738787e-01
3.699177852922730381e-09
1.233272530206830364e-03
9.999999999999998890e-01
9.893731234990259527e-01
2.268338986661400103e-03
5.775031615667947094e-05
1.240746280384286138e-06
9.999979926655999662e-01
9.999999952871541087e-01
9.999999959463319321e-01
9.999999686898068951e-01
9.999533037360137655e-01
9.999136366519882912e-01
9.999926177078697354e-01
9.999999754310291422e-01
1.000000000000000000e+00
9.999999771534472393e-01
9.999994137764605107e-01
9.999994137764605107e-01
9.999999771534472393e-01
1.000000000000000000e+00
9.999999754310291422e-01
9.999926177078697354e-01
9.999136366519882912e-01
9.999533037360137655e-01
9.999999686898068951e-01
9.999999959463319321e-01
9.999999952871541087e-01
9.999979926655999662e-01
1.240746280384286138e-06
5.775031615667947094e-05
2.268338986661344592e-03
9.893731234990259527e-01
1.000000000000000000e+00
2.374973294040350069e-03
1.330045518166400598e-10
9.999999999999914513e-01
9.999999999969813036e-01
9.999991644317509643e-01
9.991702767896526449e-01
9.950385395829032253e-01
9.054045981891282180e-01
1.319900924479811000e-03
1.380773392251899434e-03
1.493249968120835547e-14
3.119726699196689879e-14
3.725353359129712771e-13
1.692312956436126115e-12
2.757460926261501299e-12
1.692312956436126115e-12
3.725353359129712771e-13
3.119726699196689879e-14
1.493249968120835547e-14
1.380773392251899434e-03
1.319900924479811000e-03
9.054045981891269967e-01
9.950385395829032253e-01
9.991702767896526449e-01
9.999991644317509643e-01
9.999999999969813036e-01
9.999999999999914513e-01
1.330045518166400598e-10
2.374973294040350069e-03
1.000000000000000000e+00
9.780029902255131802e-01
1.136883050450954169e-03
3.768580426083412149e-05
9.275217797699575328e-07
6.896935467182174762e-08
9.999999821285479040e-01
9.999999805045851620e-01
9.999998207069409339e-01
9.982910694653001071e-01
9.572953429101740408e-01
9.998222787882831142e-01
9.999996633997245699e-01
1.000000000000000000e+00
9.999996373466286670e-01
9.999904988828480779e-01
9.999904988828480779e-01
9.999996373466286670e-01
1.000000000000000000e+00
9.999996633997245699e-01
9.998222787882831142e-01
9.572953429101740408e-01
9.982910694653001071e-01
9.999998207069409339e-01
9.999999805045851620e-01
9.999999821285479040e-01
6.896935467182174762e-08
9.275217797699575328e-07
3.768580426083412149e-05
1.136883050450954169e-03
9.780029902255131802e-01
9.999999999999998890e-01
1.233272530206830364e-03
3.699177852922730381e-09
9.999999999998738787e-01
9.999999999737594347e-01
9.999954296195726622e-01
9.976454864456489879e-01
9.937622794582804397e-01
5.272398864091236703e-01
1.159539119104879834e-03
1.580285547052640016e-03
1.748601263784621551e-14
2.631228568361621001e-14
2.623457007189244905e-13
1.075695088559314172e-12
1.692312956436126115e-12
1.075695088559314172e-12
2.623457007189244905e-13
2.631228568361621001e-14
1.748601263784621551e-14
1.580285547052695527e-03
1.159539119104879834e-03
5.272398864091201176e-01
9.937622794582803287e-01
9.976454864456489879e-01
9.999954296195726622e-01
9.999999999737594347e-01
9.999999999998738787e-01
3.699177852922730381e-09
1.233272530206830364e-03
9.999999999999998890e-01
9.409139352673080436e-01
2.219552151492831804e-04
1.497232616581856135e-05
5.868800133090879001e-07
9.999899156480560602e-01
9.999995551175523412e-01
9.999992135571915686e-01
9.999901373869426457e-01
3.254597269833348072e-04
5.653755430684581640e-05
3.487477865585786319e-04
9.987250331627155475e-01
9.999999999999988898e-01
1.543765115741280169e-13
6.252324514233187358e-07
6.252324514233187358e-07
1.543765115741280169e-13
9.999999999999988898e-01
9.987250331627155475e-01
3.487477865585786319e-04
5.653755430684581640e-05
3.254597269833348072e-04
9.999901373869426457e-01
9.999992135571915686e-01
9.999995551175523412e-01
9.999899156480560602e-01
5.868800133090879001e-07
1.497232616581856135e-05
2.219552151492831804e-04
9.409139352673080436e-01
9.999999999999737987e-01
2.311007554725019730e-04
3.444400266177150005e-01
9.999999998746397223e-01
9.999999894773804465e-01
9.984316004830580127e-01
9.760975838448331388e-01
9.884384243877079035e-01
1.568113368599847179e-01
9.788695110665712740e-04
5.368387972037869105e-05
3.785860513971783803e-14
1.509903313490212895e-14
8.693046282814975712e-14
2.623457007189244905e-13
3.725353359129712771e-13
2.623457007189244905e-13
8.693046282814975712e-14
1.509903313490212895e-14
3.785860513971783803e-14
5.368387972037869105e-05
9.788695110665712740e-04
1.568113368599819424e-01
9.884384243877077925e-01
9.760975838448331388e-01
9.984316004830580127e-01
9.999999894773804465e-01
9.999999998746397223e-01
3.444400266177118364e-01
2.311007554725019730e-04
9.999999999999737987e-01
4.244717222071880958e-02
2.886924556644299145e-05
4.245608527742028571e-06
3.641790513597698009e-07
7.943085078565559343e-11
9.999761565167106792e-01
9.999325958790351576e-01
9.984926203262938227e-01
6.130570531226453568e-07
1.802053755106669541e-06
3.951258706780258478e-06
7.704840429556547576e-07
9.999999999999998890e-01
4.251143326250428345e-10
3.387340408167460737e-11
3.387340408167460737e-11
4.251143326250428345e-10
9.999999999999998890e-01
7.704840429556547576e-07
3.951258706780258478e-06
1.802053755106669541e-06
6.130570531226453568e-07
9.984926203262938227e-01
9.999325958790351576e-01
9.999761565167106792e-01
7.943085078565559343e-11
3.641790513597698009e-07
4.245608527742028571e-06
2.886924556644299145e-05
4.244717222071997531e-02
9.999999999964106490e-01
3.698892576786683151e-06
8.349656736283406211e-04
9.999999295398190879e-01
9.998491323652752838e-01
9.996707665129676013e-01
1.196183130969156183e-01
9.268083711998176266e-01
7.069543379859427601e-02
9.612837145589470111e-04
1.625368167657015306e-05
3.537961590360794162e-10
6.050715484207103145e-15
1.509903313490212895e-14
2.631228568361621001e-14
3.119726699196689879e-14
2.631228568361621001e-14
1.509903313490212895e-14
6.050715484207103145e-15
3.537961590360794162e-10
1.625368167657015306e-05
9.612837145589470111e-04
7.069543379859427601e-02
9.268083711998176266e-01
1.196183130969156183e-01
9.996707665129676013e-01
9.998491323652752838e-01
9.999999295398190879e-01
8.349656736283406211e-04
3.698892576786683151e-06
9.999999999964106490e-01
9.612495334274662184e-04
3.540949146008109949e-06
6.249552597648033725e-07
1.011484403456996972e-07
3.164135620181696140e-13
9.998376126562029675e-01
9.986557749041617971e-01
1.801412633719953749e-01
3.236943957318771936e-08
3.258250051985100981e-06
1.259516421693307464e-04
1.790370788139483693e-04
1.000000000000000000e+00
3.436861906180865844e-12
2.617905892066119122e-13
2.617905892066119122e-13
3.436861906180865844e-12
1.000000000000000000e+00
1.790370788139483693e-04
1.259516421693307464e-04
3.258250051985100981e-06
3.236943957318771936e-08
1.801412633719922107e-01
9.986557749041617971e-01
9.998376126562029675e-01
3.164135620181696140e-13
1.011484403456996972e-07
6.249552597648033725e-07
3.540949146008109949e-06
9.612495334274662184e-04
9.999999999995504707e-01
1.258259365588543233e-07
4.380140729010051359e-07
9.999999999999940048e-01
9.979956013161774830e-01
5.334410278829379015e-01
2.427901581354025007e-02
4.872420089448964431e-02
6.735025238679581694e-03
5.630898130610240138e-04
4.143756548719013111e-05
1.286111338816287031e-06
3.537961590360794162e-10
3.785860513971783803e-14
1.748601263784621551e-14
1.493249968120835547e-14
1.748601263784621551e-14
3.785860513971783803e-14
3.537961590360794162e-10
1.286111338816287031e-06
4.143756548719013111e-05
5.630898130610240138e-04
6.735025238679581694e-03
4.872420089449031044e-02
2.427901581353991700e-02
5.334410278829379015e-01
9.979956013161774830e-01
9.999999999999940048e-01
4.380140729010051359e-07
1.258259365588543233e-07
9.999999999995504707e-01
3.751473461438559198e-05
2.251518361195969931e-07
3.329491232717529670e-08
8.061416700844148409e-09
1.863204668328677371e-08
9.999882547420770873e-01
1.025689855271849638e-08
2.731282943702062482e-07
4.996138502910696388e-10
3.476377975683009325e-04
1.513398358365447560e-03
9.828848451844558465e-01
1.000000000000000000e+00
9.788836408120005217e-12
5.508371536677714175e-13
5.508371536677714175e-13
9.788836408120005217e-12
1.000000000000000000e+00
9.828848451844558465e-01
1.513398358365447560e-03
3.476377975683009325e-04
4.996138502910696388e-10
2.731282943702062482e-07
1.025689855271849638e-08
9.999882547420770873e-01
1.863204668328677371e-08
8.061416700844148409e-09
3.329491232717529670e-08
2.251518361195969931e-07
3.751473461438559198e-05
9.999999999992285060e-01
1.134839214822491726e-07
6.086382453585059693e-08
9.999999894129945055e-01
9.998226786115751441e-01
9.937376706191883846e-01
1.716120635214108958e-01
1.416559383066728905e-04
9.070683979012228448e-05
1.957250743976346463e-04
6.251853784478011988e-05
4.143756548719013111e-05
1.625368167657015306e-05
5.368387972037869105e-05
1.580285547052695527e-03
1.380773392251899434e-03
1.580285547052695527e-03
5.368387972037869105e-05
1.625368167657015306e-05
4.143756548719013111e-05
6.251853784478011988e-05
1.957250743976346463e-04
9.070683979012228448e-05
1.416559383066728905e-04
1.716120635214118950e-01
9.937376706191883846e-01
9.998226786115751441e-01
9.999999894129945055e-01
6.086382453585059693e-08
1.134839214822491726e-07
9.999999999992285060e-01
1.381936328370692024e-06
1.188514692218589630e-08
1.436684937683452290e-09
3.246499735709562628e-10
1.478422162470849344e-09
5.173169281835754418e-09
4.679098219995125874e-10
8.589906563827298669e-12
1.554478767928912930e-12
9.857005641127210005e-01
9.999484856454227133e-01
9.999981162607711749e-01
1.000000000000000000e+00
2.155147171833959874e-09
5.755884657787646574e-11
5.755884657787646574e-11
2.155147171833959874e-09
1.000000000000000000e+00
9.999981162607711749e-01
9.999484856454227133e-01
9.857005641127210005e-01
1.554478767928912930e-12
8.589906563827298669e-12
4.679098219995125874e-10
5.173169281835754418e-09
1.478422162470849344e-09
3.246499735709562628e-10
1.436684937683452290e-09
1.188514692218589630e-08
1.381936328370692024e-06
9.999836120956625551e-01
3.186388530806993913e-08
6.938893903907228378e-15
1.599920864553405764e-05
9.999935452327043395e-01
9.996061796579998049e-01
7.131630174743244233e-01
5.549258275117097128e-10
2.643815166791796401e-10
5.853541971467812743e-06
1.957250743976346463e-04
5.630898130610240138e-04
9.612837145589470111e-04
9.788695110665712740e-04
1.159539119104879834e-03
1.319900924479811000e-03
1.159539119104879834e-03
9.788695110665712740e-04
9.612837145589470111e-04
5.630898130610240138e-04
1.957250743976346463e-04
5.853541971467812743e-06
2.643815166791796401e-10
5.549258275117097128e-10
7.131630174743215367e-01
9.996061796579998049e-01
9.999935452327043395e-01
1.599920864553405764e-05
6.938893903907228378e-15
3.186388530806993913e-08
9.999836120956625551e-01
2.030910251082929108e-08
2.016456890352458231e-09
2.184522562842516891e-10
5.868500130290499328e-11
1.043841124648281493e-10
3.982244645150956330e-09
1.000000000000000000e+00
5.383168411032812628e-09
8.932113881865433314e-09
9.997332852210462084e-01
9.999990609650486473e-01
9.999999981696600093e-01
9.999999552599936337e-01
9.999988466089155814e-01
1.513427366761632697e-08
1.513427366761632697e-08
9.999988466089155814e-01
9.999999552599936337e-01
9.999999981696600093e-01
9.999990609650486473e-01
9.997332852210462084e-01
8.932113881865433314e-09
5.383168411032812628e-09
1.000000000000000000e+00
3.982244645150956330e-09
1.043841124648281493e-10
5.868500130290499328e-11
2.184522562842516891e-10
2.016456890352458231e-09
2.030910251082929108e-08
9.999773795732470605e-01
2.337626148207760934e-09
5.551115123125782702e-17
6.217248937900876626e-15
3.894858438546755508e-07
8.992383977446394283e-07
7.271960811294775340e-15
0.000000000000000000e+00
1.110223024625156540e-16
2.643815166791796401e-10
9.070683979012228448e-05
6.735025238679692716e-03
7.069543379859427601e-02
1.568113368599847179e-01
5.272398864091272230e-01
9.054045981891269967e-01
5.272398864091201176e-01
1.568113368599847179e-01
7.069543379859521970e-02
6.735025238679692716e-03
9.070683979012228448e-05
2.643815166791796401e-10
1.110223024625156540e-16
0.000000000000000000e+00
7.271960811294775340e-15
8.992383977446394283e-07
3.894858438546755508e-07
6.217248937900876626e-15
5.551115123125782702e-17
2.337626148207760934e-09
9.999773795732470605e-01
0.000000000000000000e+00
5.701524308232563953e-09
3.791860159196858149e-10
1.402104543579696383e-10
1.268575244850467243e-10
2.573870006017386913e-10
0.000000000000000000e+00
2.665214160479933980e-10
6.706602592831956144e-06
1.468285398876739700e-02
9.999999890325054208e-01
9.999999999999991118e-01
1.567908384048077863e-05
1.445544665634734827e-07
1.286474538009230173e-09
1.286474538009230173e-09
1.445544665634734827e-07
1.567908384048077863e-05
9.999999999999991118e-01
9.999999890325054208e-01
1.468285398876739700e-02
6.706602592831956144e-06
2.665214160479933980e-10
0.000000000000000000e+00
2.573870006017386913e-10
1.268575244850467243e-10
1.402104543579696383e-10
3.791860159196858149e-10
5.701524308232563953e-09
0.000000000000000000e+00
1.000000000000000000e+00
0.000000000000000000e+00
0.000000000000000000e+00
0.000000000000000000e+00
1.979527652906654112e-13
3.885780586188047891e-16
2.220446049250313081e-16
0.000000000000000000e+00
0.000000000000000000e+00
5.549258275117097128e-10
1.416559383066728905e-04
4.872420089448964431e-02
9.268083711998167384e-01
9.884384243877079035e-01
9.937622794582803287e-01
9.950385395829031143e-01
9.937622794582803287e-01
9.884384243877079035e-01
9.268083711998167384e-01
4.872420089449031044e-02
1.416559383066728905e-04
5.549258275117097128e-10
0.000000000000000000e+00
0.000000000000000000e+00
2.220446049250313081e-16
3.885780586188047891e-16
1.979527652906654112e-13
0.000000000000000000e+00
0.000000000000000000e+00
0.000000000000000000e+00
1.000000000000000000e+00
9.999999999613455870e-01
0.000000000000000000e+00
9.396034028608113431e-08
3.080530708299278331e-08
6.008311848049174841e-09
1.452958864334163991e-10
4.043630985606228023e-10
1.065287812407333945e-07
9.999999999999986677e-01
7.398137658043424381e-12
9.937439759966082420e-12
4.095890293598358767e-12
3.970324069513253562e-12
1.438460461855584072e-12
6.561973187046987732e-13
6.561973187046987732e-13
1.438460461855584072e-12
3.970324069513253562e-12
4.095890293598358767e-12
9.937439759966082420e-12
7.398137658043424381e-12
9.999999999999986677e-01
1.065287812407333945e-07
4.043630985606228023e-10
1.452958864334163991e-10
6.008311848049174841e-09
3.080530708299278331e-08
9.396034028608113431e-08
0.000000000000000000e+00
9.999999999613455870e-01
9.999999994580770490e-01
9.999999999999987788e-01
9.999999980726794746e-01
9.999911310726836700e-01
2.803313137178520265e-14
6.661338147750939243e-16
6.106226635438360972e-16
2.220446049250313081e-16
7.271960811294775340e-15
7.131630174743215367e-01
1.716120635214078427e-01
2.427901581353991700e-02
1.196183130969163955e-01
9.760975838448333608e-01
9.976454864456489879e-01
9.991702767896526449e-01
9.976454864456489879e-01
9.760975838448333608e-01
1.196183130969163955e-01
2.427901581353975047e-02
1.716120635214078427e-01
7.131630174743244233e-01
7.271960811294775340e-15
2.220446049250313081e-16
6.106226635438360972e-16
6.661338147750939243e-16
2.803313137178520265e-14
9.999911310726836700e-01
9.999999980726794746e-01
9.999999999999987788e-01
9.999999994580770490e-01
9.999999997878065150e-01
9.999999968041678455e-01
9.999999410503306319e-01
9.999930414459592409e-01
9.999945153343239301e-01
7.167732574142604562e-09
5.571654249081348098e-13
5.551115123125782702e-17
0.000000000000000000e+00
0.000000000000000000e+00
0.000000000000000000e+00
0.000000000000000000e+00
1.110223024625156540e-16
4.440892098500626162e-16
9.436895709313830594e-16
9.436895709313830594e-16
4.440892098500626162e-16
1.110223024625156540e-16
0.000000000000000000e+00
0.000000000000000000e+00
0.000000000000000000e+00
0.000000000000000000e+00
5.551115123125782702e-17
5.571654249081348098e-13
7.167732574142604562e-09
9.999945153343239301e-01
9.999930414459592409e-01
9.999999410503306319e-01
9.999999968041678455e-01
9.999999997878065150e-01
9.999999844116422842e-01
9.999985245747398110e-01
9.999822563265994280e-01
9.999997587789433151e-01
0.000000000000000000e+00
2.220446049250313081e-16
6.661338147750939243e-16
3.885780586188047891e-16
8.992383977446394283e-07
9.996061796579998049e-01
9.937376706191882736e-01
5.334410278829414542e-01
9.996707665129676013e-01
9.984316004830580127e-01
9.999954296195726622e-01
9.999991644317509643e-01
9.999954296195726622e-01
9.984316004830580127e-01
9.996707665129676013e-01
5.334410278829379015e-01
9.937376706191882736e-01
9.996061796579998049e-01
8.992383977446394283e-07
3.885780586188047891e-16
6.661338147750939243e-16
2.220446049250313081e-16
0.000000000000000000e+00
9.999997587789433151e-01
9.999822563265994280e-01
9.999985245747398110e-01
9.999999844116422842e-01
9.999999842637106173e-01
9.999999999993360866e-01
1.000000000000000000e+00
9.999999999860318400e-01
9.999999989399410705e-01
1.366853846773707915e-08
3.799971448614769542e-11
0.000000000000000000e+00
0.000000000000000000e+00
0.000000000000000000e+00
0.000000000000000000e+00
0.000000000000000000e+00
0.000000000000000000e+00
0.000000000000000000e+00
0.000000000000000000e+00
0.000000000000000000e+00
0.000000000000000000e+00
0.000000000000000000e+00
0.000000000000000000e+00
0.000000000000000000e+00
0.000000000000000000e+00
0.000000000000000000e+00
0.000000000000000000e+00
3.799971448614769542e-11
1.366853846773707915e-08
9.999999989399410705e-01
9.999999999860318400e-01
1.000000000000000000e+00
9.999999999993360866e-01
9.999999842637106173e-01
9.999999918644452146e-01
9.999999999986096677e-01
9.999999999625693858e-01
9.999999999690938335e-01
9.999999302971358528e-01
0.000000000000000000e+00
2.803313137178520265e-14
1.979527652906654112e-13
3.894858438546755508e-07
9.999935452327043395e-01
9.998226786115751441e-01
9.979956013161774830e-01
9.998491323652752838e-01
9.999999894773804465e-01
9.999999999737594347e-01
9.999999999969813036e-01
9.999999999737594347e-01
9.999999894773804465e-01
9.998491323652752838e-01
9.979956013161774830e-01
9.998226786115751441e-01
9.999935452327043395e-01
3.894858438546755508e-07
1.979527652906654112e-13
2.803313137178520265e-14
0.000000000000000000e+00
9.999999302971358528e-01
9.999999999690938335e-01
9.999999999625693858e-01
9.999999999986096677e-01
9.999999918644452146e-01
9.999999654631082091e-01
9.999999999899920056e-01
9.999983412107955605e-01
9.999999970960311568e-01
1.000000000000000000e+00
2.071920413015959639e-10
5.271255654193396367e-11
0.000000000000000000e+00
0.000000000000000000e+00
0.000000000000000000e+00
0.000000000000000000e+00
0.000000000000000000e+00
0.000000000000000000e+00
0.000000000000000000e+00
0.000000000000000000e+00
0.000000000000000000e+00
0.000000000000000000e+00
0.000000000000000000e+00
0.000000000000000000e+00
0.000000000000000000e+00
0.000000000000000000e+00
0.000000000000000000e+00
0.000000000000000000e+00
5.271255654193396367e-11
2.071920413015959639e-10
1.000000000000000000e+00
9.999999970960311568e-01
9.999983412107955605e-01
9.999999999899920056e-01
9.999999654631082091e-01
9.999999999177834331e-01
1.000000000000000000e+00
1.000000000000000000e+00
1.000000000000000000e+00
9.999999999690938335e-01
9.999997587789433151e-01
9.999911310726836700e-01
0.000000000000000000e+00
6.217248937900876626e-15
1.599920864553405764e-05
9.999999894129945055e-01
9.999999999999940048e-01
9.999999295398190879e-01
9.999999998746397223e-01
9.999999999998738787e-01
9.999999999999914513e-01
9.999999999998738787e-01
9.999999998746397223e-01
9.999999295398190879e-01
9.999999999999940048e-01
9.999999894129945055e-01
1.599920864553405764e-05
6.217248937900876626e-15
0.000000000000000000e+00
9.999911310726836700e-01
9.999997587789433151e-01
9.999999999690938335e-01
1.000000000000000000e+00
1.000000000000000000e+00
1.000000000000000000e+00
9.999999999177834331e-01
9.999999999834712217e-01
1.000000000000000000e+00
9.999999999999998890e-01
9.999999999407082063e-01
9.999999999999993339e-01
1.110223024625156540e-14
9.769962616701377556e-15
0.000000000000000000e+00
0.000000000000000000e+00
0.000000000000000000e+00
0.000000000000000000e+00
0.000000000000000000e+00
0.000000000000000000e+00
1.622896261821438202e-11
1.350564104996010428e-11
1.350564104996010428e-11
1.622896261821438202e-11
0.000000000000000000e+00
0.000000000000000000e+00
0.000000000000000000e+00
0.000000000000000000e+00
0.000000000000000000e+00
0.000000000000000000e+00
9.769962616701377556e-15
1.110223024625156540e-14
9.999999999999993339e-01
9.999999999407082063e-01
9.999999999999998890e-01
1.000000000000000000e+00
9.999999999834712217e-01
9.999999999999247269e-01
1.000000000000000000e+00
1.000000000000000000e+00
1.000000000000000000e+00
9.999999999625693858e-01
9.999822563265994280e-01
9.999999980726794746e-01
0.000000000000000000e+00
5.551115123125782702e-17
6.938893903907228378e-15
6.086382453585059693e-08
4.380140729010051359e-07
8.349656736283406211e-04
3.444400266177102266e-01
3.699177852922730381e-09
1.330045518166400598e-10
3.699177852922730381e-09
3.444400266177118364e-01
8.349656736283406211e-04
4.380140729010051359e-07
6.086382453585059693e-08
6.938893903907228378e-15
5.551115123125782702e-17
0.000000000000000000e+00
9.999999980726794746e-01
9.999822563265994280e-01
9.999999999625693858e-01
1.000000000000000000e+00
1.000000000000000000e+00
1.000000000000000000e+00
9.999999999999247269e-01
9.999999999999980016e-01
9.999999999945003992e-01
9.999999999661270955e-01
9.999999998324429207e-01
9.999999999999906741e-01
2.952252331489546577e-10
1.187938636348917498e-14
2.220446049250313081e-16
0.000000000000000000e+00
0.000000000000000000e+00
0.000000000000000000e+00
2.157718448358991736e-13
1.000000000000000000e+00
9.999997847988574273e-01
3.147522803503832733e-08
3.147522803503832733e-08
9.999997847988574273e-01
1.000000000000000000e+00
2.157718448358991736e-13
0.000000000000000000e+00
0.000000000000000000e+00
0.000000000000000000e+00
2.220446049250313081e-16
1.187938636348917498e-14
2.952252331489546577e-10
9.999999999999906741e-01
9.999999998324429207e-01
9.999999999661270955e-01
9.999999999945003992e-01
9.999999999999980016e-01
9.999999999999997780e-01
1.000000000000000000e+00
1.000000000000000000e+00
1.000000000000000000e+00
9.999999999986096677e-01
9.999985245747398110e-01
9.999999999999987788e-01
0.000000000000000000e+00
2.337626148207760934e-09
3.186388530806993913e-08
1.134839214822491726e-07
1.258259365588543233e-07
3.698892576786683151e-06
2.311007554725019730e-04
1.233272530206830364e-03
2.374973294040350069e-03
1.233272530206830364e-03
2.311007554725019730e-04
3.698892576786683151e-06
1.258259365588543233e-07
1.134839214822491726e-07
3.186388530806993913e-08
2.337626148207760934e-09
0.000000000000000000e+00
9.999999999999987788e-01
9.999985245747398110e-01
9.999999999986096677e-01
1.000000000000000000e+00
1.000000000000000000e+00
1.000000000000000000e+00
9.999999999999997780e-01
1.000000000000000000e+00
9.999517575877874265e-01
2.861588668745529418e-06
1.960313467108676377e-09
2.805394805349692433e-11
3.008704396734174225e-14
2.209343819004061515e-14
2.164934898019055254e-15
5.551115123125782702e-17
0.000000000000000000e+00
0.000000000000000000e+00
0.000000000000000000e+00
0.000000000000000000e+00
0.000000000000000000e+00
0.000000000000000000e+00
0.000000000000000000e+00
0.000000000000000000e+00
0.000000000000000000e+00
0.000000000000000000e+00
0.000000000000000000e+00
0.000000000000000000e+00
5.551115123125782702e-17
2.164934898019055254e-15
2.209343819004061515e-14
3.008704396734174225e-14
2.805394805349692433e-11
1.960313467108676377e-09
2.861588668745529418e-06
9.999517575877874265e-01
1.000000000000000000e+00
9.999999999999944489e-01
9.999999999999997780e-01
9.999999999999247269e-01
9.999999999177834331e-01
9.999999918644452146e-01
9.999999844116422842e-01
9.999999994580770490e-01
1.000000000000000000e+00
9.999773795732470605e-01
9.999836120956625551e-01
9.999999999992285060e-01
9.999999999995504707e-01
9.999999999964106490e-01
9.999999999999737987e-01
9.999999999999998890e-01
1.000000000000000000e+00
9.999999999999998890e-01
9.999999999999737987e-01
9.999999999964106490e-01
9.999999999995504707e-01
9.999999999992285060e-01
9.999836120956625551e-01
9.999773795732470605e-01
1.000000000000000000e+00
9.999999994580770490e-01
9.999999844116422842e-01
9.999999918644452146e-01
9.999999999177834331e-01
9.999999999999247269e-01
9.999999999999997780e-01
9.999999999999944489e-01
