8.450183466074595628e+01
6.380645811832429359e+01
7.541273407217809677e+01
7.796531869900309175e+01
1.206689835524439331e+02
8.657271703151302233e+01
7.781574011517258782e+01
7.659450855079946052e+01
8.479152660165853206e+01
7.448285393691422485e+01
7.967952234043661974e+01
4.701911648540614408e+01
6.940971704624988092e+01
4.802491579295408997e+01
4.372209548010532387e+01
6.354198906743558695e+01
5.577132183134296639e+01
3.385794028621016594e+01
3.354489541177482437e+01
6.032200854936331780e+01
5.093900845907614894e+01
6.230598665256816560e+01
1.185692503527012747e+02
6.688074166757043315e+01
2.514348500608554815e+01
7.512801398459296820e+01
6.277657442534224685e+01
9.353157492097474801e+01
9.606781832788740871e+01
8.787837782889897653e+01
5.104325132128783338e+01
6.054116869577980253e+01
6.301122868993056159e+01
9.274515359259503100e+01
1.795552357998423076e+02
7.133813729271028592e+01
7.008887820124510881e+01
6.387569023731559525e+01
8.300956878767333080e+01
4.057856835324120937e+01
1.088967506752440499e+02
1.379464605763260749e+02
7.219581812595288284e+01
6.940331207581604644e+01
7.297788785079185914e+01
4.559799764508993292e+01
7.774136873386059676e+01
4.693259842333159781e+01
7.161788737340805255e+01
5.589870571437981539e+01
8.686938692859445155e+01
7.231060314727665173e+01
7.015511570771255379e+01
1.531337125648066717e+02
7.012852253878750730e+01
9.878571468109620923e+01
9.568327656409120152e+01
2.856719934316927123e+01
8.228701515330870109e+01
9.430158683634442696e+01
7.506230799642727902e+01
